resolution:1536,864
336074,Pressed,0.568359375,0.5347222222222222
336082.5,Move,0.568359375,0.5347222222222222
336283.30000000075,Move,0.568359375,0.5347222222222222
336315.5,Move,0.568359375,0.5347222222222222
336348,Move,0.5618489583333334,0.5324074074074074
336360.40000000224,Move,0.5579427083333334,0.5324074074074074
336377.1000000015,Move,0.5553385416666666,0.5300925925925926
336391.40000000224,Move,0.5501302083333334,0.5277777777777778
336410.40000000224,Move,0.5462239583333334,0.5254629629629629
336431.700000003,Move,0.5384114583333334,0.5208333333333334
336445.80000000075,Move,0.533203125,0.5162037037037037
336460.5,Move,0.529296875,0.5138888888888888
336481.5,Move,0.521484375,0.5115740740740741
336495.1000000015,Move,0.5188802083333334,0.5115740740740741
336509.5,Move,0.513671875,0.5092592592592593
336530.40000000224,Move,0.5071614583333334,0.5092592592592593
336544.5,Move,0.501953125,0.5069444444444444
336565,Move,0.494140625,0.5069444444444444
336578.90000000224,Move,0.4889322916666667,0.5092592592592593
336593.200000003,Move,0.4837239583333333,0.5092592592592593
336614,Move,0.474609375,0.5115740740740741
336629.700000003,Move,0.4694010416666667,0.5138888888888888
336642.6000000015,Move,0.462890625,0.5138888888888888
336662.90000000224,Move,0.4563802083333333,0.5138888888888888
336676.80000000075,Move,0.451171875,0.5138888888888888
336696.200000003,Move,0.4459635416666667,0.5138888888888888
336711.30000000075,Move,0.4407552083333333,0.5138888888888888
336792.700000003,Move,0.4420572916666667,0.5138888888888888
336859.90000000224,Move,0.4420572916666667,0.5138888888888888
336988.6000000015,Move,0.443359375,0.5138888888888888
337054.1000000015,Move,0.4420572916666667,0.5115740740740741
337067.200000003,Move,0.4420572916666667,0.5115740740740741
337081,Move,0.439453125,0.5092592592592593
337094.90000000224,Move,0.435546875,0.5069444444444444
337112.700000003,Move,0.4342447916666667,0.5046296296296297
337129.80000000075,Move,0.4303385416666667,0.5046296296296297
337145,Move,0.4264322916666667,0.5023148148148148
337151.40000000224,Move,0.4264322916666667,0.5023148148148148
337179.80000000075,Move,0.4212239583333333,0.4976851851851852
337193.1000000015,Move,0.416015625,0.4976851851851852
337214.80000000075,Move,0.4055989583333333,0.49537037037037035
337230.5,Move,0.3977864583333333,0.4930555555555556
337242.30000000075,Move,0.3899739583333333,0.49074074074074076
337262.6000000015,Move,0.3782552083333333,0.48842592592592593
337276.30000000075,Move,0.3704427083333333,0.4861111111111111
337297.1000000015,Move,0.3600260416666667,0.48148148148148145
337312.40000000224,Move,0.349609375,0.4699074074074074
337326.30000000075,Move,0.3391927083333333,0.45601851851851855
337346.200000003,Move,0.3079427083333333,0.41203703703703703
337361.700000003,Move,0.294921875,0.39814814814814814
337376.1000000015,Move,0.2884114583333333,0.3912037037037037
337396,Move,0.2805989583333333,0.38657407407407407
337456.200000003,Move,0.2805989583333333,0.38657407407407407
337478.6000000015,Move,0.2819010416666667,0.3888888888888889
337486.40000000224,Move,0.2819010416666667,0.3888888888888889
337507.80000000075,Move,0.2819010416666667,0.3888888888888889
337516.6000000015,Move,0.283203125,0.3888888888888889
337525.90000000224,Move,0.283203125,0.3912037037037037
337545.700000003,Move,0.283203125,0.39351851851851855
337569.40000000224,Move,0.2845052083333333,0.39351851851851855
337571.5,Move,0.2845052083333333,0.39351851851851855
337588.80000000075,Move,0.2858072916666667,0.3958333333333333
337616.1000000015,Move,0.287109375,0.3958333333333333
337627.200000003,Move,0.287109375,0.3958333333333333
337648.6000000015,Move,0.287109375,0.3958333333333333
337657.30000000075,Move,0.2884114583333333,0.39814814814814814
337676.80000000075,Move,0.2897135416666667,0.39814814814814814
337696.200000003,Move,0.2923177083333333,0.4050925925925926
337709.80000000075,Move,0.2936197916666667,0.4050925925925926
337731,Move,0.3014322916666667,0.4027777777777778
337744.700000003,Move,0.3040364583333333,0.4050925925925926
337759.30000000075,Move,0.3079427083333333,0.4050925925925926
337781.80000000075,Move,0.3131510416666667,0.4050925925925926
337794.80000000075,Move,0.3196614583333333,0.4050925925925926
337809.40000000224,Move,0.3248697916666667,0.4050925925925926
337831.1000000015,Move,0.3326822916666667,0.4050925925925926
337842.5,Move,0.3365885416666667,0.4027777777777778
337864.5,Move,0.341796875,0.4027777777777778
337878,Move,0.3470052083333333,0.4027777777777778
337892.90000000224,Move,0.349609375,0.4027777777777778
337912.40000000224,Move,0.3561197916666667,0.40046296296296297
337926.30000000075,Move,0.3626302083333333,0.39814814814814814
337941.90000000224,Move,0.3665364583333333,0.39814814814814814
337963.80000000075,Move,0.3717447916666667,0.3958333333333333
337976.6000000015,Move,0.3782552083333333,0.3912037037037037
337991,Move,0.3834635416666667,0.3888888888888889
338012,Move,0.3899739583333333,0.38657407407407407
338026.200000003,Move,0.3938802083333333,0.38657407407407407
338045.90000000224,Move,0.3990885416666667,0.38425925925925924
338060.5,Move,0.404296875,0.38425925925925924
338177.1000000015,Move,0.4029947916666667,0.38425925925925924
338211.5,Move,0.4029947916666667,0.38425925925925924
338220.5,Move,0.4016927083333333,0.38425925925925924
338244.1000000015,Move,0.3977864583333333,0.38425925925925924
338254.40000000224,Move,0.396484375,0.38425925925925924
338319.30000000075,Move,0.3951822916666667,0.38425925925925924
338327.1000000015,Move,0.3951822916666667,0.38425925925925924
338355.30000000075,Move,0.3938802083333333,0.38425925925925924
338361.6000000015,Move,0.3938802083333333,0.38425925925925924
338375.5,Move,0.3912760416666667,0.38425925925925924
338397.30000000075,Move,0.3873697916666667,0.3819444444444444
338411.200000003,Move,0.384765625,0.3819444444444444
338425.700000003,Move,0.3821614583333333,0.37962962962962965
338446.30000000075,Move,0.3782552083333333,0.37962962962962965
338461.30000000075,Move,0.3743489583333333,0.3773148148148148
338481.30000000075,Move,0.369140625,0.375
338495.5,Move,0.3665364583333333,0.3726851851851852
338510.5,Move,0.3639322916666667,0.3726851851851852
338530.90000000224,Move,0.3587239583333333,0.37037037037037035
338544.30000000075,Move,0.3548177083333333,0.3680555555555556
338558.5,Move,0.3522135416666667,0.3680555555555556
338579.1000000015,Move,0.3470052083333333,0.36574074074074076
338594.30000000075,Move,0.3444010416666667,0.36574074074074076
338613.90000000224,Move,0.3352864583333333,0.36342592592592593
338628.90000000224,Move,0.3274739583333333,0.36342592592592593
338642.5,Move,0.3196614583333333,0.36342592592592593
338657,Move,0.310546875,0.36342592592592593
338677.30000000075,Move,0.2845052083333333,0.3587962962962963
338692.30000000075,Move,0.2727864583333333,0.35648148148148145
338699.700000003,Move,0.2701822916666667,0.35648148148148145
338763.200000003,Move,0.2701822916666667,0.3541666666666667
338805.90000000224,Move,0.271484375,0.3541666666666667
338821.40000000224,Move,0.271484375,0.3541666666666667
338836.700000003,Move,0.2701822916666667,0.35185185185185186
338863.1000000015,Move,0.2701822916666667,0.34953703703703703
338876.1000000015,Move,0.2701822916666667,0.34953703703703703
338890.1000000015,Move,0.2701822916666667,0.3449074074074074
338904.700000003,Move,0.2701822916666667,0.3425925925925926
338933.1000000015,Move,0.2727864583333333,0.3402777777777778
338947.200000003,Move,0.2740885416666667,0.3402777777777778
338961.700000003,Move,0.279296875,0.33796296296296297
338976.1000000015,Move,0.287109375,0.33564814814814814
338996.90000000224,Move,0.2962239583333333,0.33101851851851855
339010.700000003,Move,0.2975260416666667,0.33101851851851855
339031.6000000015,Move,0.3079427083333333,0.3287037037037037
339046.90000000224,Move,0.3170572916666667,0.32407407407407407
339059.700000003,Move,0.318359375,0.32175925925925924
339081.30000000075,Move,0.3248697916666667,0.32175925925925924
339096.5,Move,0.333984375,0.3194444444444444
339114.5,Move,0.349609375,0.3148148148148148
339129.1000000015,Move,0.3639322916666667,0.3125
339143.1000000015,Move,0.3782552083333333,0.3101851851851852
339163.80000000075,Move,0.400390625,0.30787037037037035
339178.5,Move,0.4147135416666667,0.3055555555555556
339192.5,Move,0.4290364583333333,0.30324074074074076
339213.1000000015,Move,0.4524739583333333,0.2986111111111111
339227.700000003,Move,0.466796875,0.29398148148148145
339248.30000000075,Move,0.5045572916666666,0.2824074074074074
339262.700000003,Move,0.5384114583333334,0.26157407407407407
339277.80000000075,Move,0.583984375,0.23148148148148148
339297.6000000015,Move,0.685546875,0.16666666666666666
339312.30000000075,Move,0.724609375,0.14583333333333334
339327.1000000015,Move,0.7415364583333334,0.13657407407407407
339345.5,Move,0.7688802083333334,0.125
339352.40000000224,Move,0.771484375,0.125
339470.6000000015,Move,0.7701822916666666,0.125
339487.6000000015,Move,0.771484375,0.12731481481481483
339492.1000000015,Move,0.771484375,0.12962962962962962
339499.1000000015,Move,0.7701822916666666,0.12962962962962962
339528.30000000075,Move,0.7688802083333334,0.13194444444444445
339549,Move,0.7688802083333334,0.13194444444444445
339563.1000000015,Move,0.767578125,0.13425925925925927
339576.6000000015,Move,0.767578125,0.13657407407407407
339596.80000000075,Move,0.7649739583333334,0.1412037037037037
339611.1000000015,Move,0.763671875,0.14351851851851852
339630.200000003,Move,0.7623697916666666,0.14814814814814814
339645.80000000075,Move,0.759765625,0.1550925925925926
339658.80000000075,Move,0.7584635416666666,0.16435185185185186
339681.90000000224,Move,0.7545572916666666,0.18055555555555555
339696.30000000075,Move,0.7532552083333334,0.18518518518518517
339701.700000003,Move,0.7532552083333334,0.18518518518518517
339763.1000000015,Move,0.7532552083333334,0.1875
339850.5,Move,0.7532552083333334,0.18981481481481483
340026.200000003,Move,0.751953125,0.18981481481481483
340065.700000003,Move,0.751953125,0.19212962962962962
340084.90000000224,Move,0.751953125,0.19212962962962962
340107,Move,0.7532552083333334,0.19212962962962962
340121.30000000075,Move,0.7506510416666666,0.19212962962962962
340138.30000000075,Move,0.7493489583333334,0.19444444444444445
340161.700000003,Move,0.748046875,0.19675925925925927
340170.40000000224,Move,0.748046875,0.19907407407407407
340192.90000000224,Move,0.744140625,0.20601851851851852
340209.90000000224,Move,0.7428385416666666,0.21064814814814814
340226.700000003,Move,0.7415364583333334,0.20833333333333334
340247.6000000015,Move,0.7415364583333334,0.21064814814814814
340260.200000003,Move,0.740234375,0.20833333333333334
340276.1000000015,Move,0.7376302083333334,0.21064814814814814
340289.30000000075,Move,0.7389322916666666,0.21064814814814814
340310.200000003,Move,0.7376302083333334,0.21064814814814814
340324.700000003,Move,0.736328125,0.21064814814814814
340332.700000003,Move,0.7350260416666666,0.21064814814814814
340352.1000000015,Move,0.7350260416666666,0.21064814814814814
340373.200000003,Move,0.732421875,0.20833333333333334
340394.6000000015,Move,0.7298177083333334,0.20833333333333334
340408,Move,0.728515625,0.20833333333333334
340422.80000000075,Move,0.7259114583333334,0.20833333333333334
340442.80000000075,Move,0.7220052083333334,0.20601851851851852
340457.80000000075,Move,0.720703125,0.20601851851851852
340477.6000000015,Move,0.716796875,0.20601851851851852
340492,Move,0.7141927083333334,0.20601851851851852
340506.90000000224,Move,0.7102864583333334,0.2037037037037037
340527.30000000075,Move,0.7024739583333334,0.2013888888888889
340540.700000003,Move,0.6907552083333334,0.19675925925925927
340562,Move,0.6790364583333334,0.19444444444444445
340575.90000000224,Move,0.673828125,0.19212962962962962
340591.200000003,Move,0.6725260416666666,0.18981481481481483
340596.40000000224,Move,0.669921875,0.18981481481481483
340639.1000000015,Move,0.6686197916666666,0.18981481481481483
340696,Move,0.6686197916666666,0.18981481481481483
340724,Move,0.6673177083333334,0.1875
340752.700000003,Move,0.666015625,0.18518518518518517
340781.90000000224,Move,0.6647135416666666,0.18518518518518517
340893.40000000224,Move,0.6634114583333334,0.1875
340914.200000003,Move,0.6634114583333334,0.1875
340935.40000000224,Move,0.662109375,0.1875
340950.1000000015,Move,0.662109375,0.1875
340955.200000003,Move,0.6608072916666666,0.1875
340975.80000000075,Move,0.6569010416666666,0.1875
340990.80000000075,Move,0.6529947916666666,0.18981481481481483
341011.40000000224,Move,0.6412760416666666,0.19212962962962962
341026.700000003,Move,0.6373697916666666,0.19212962962962962
341039.80000000075,Move,0.6360677083333334,0.19212962962962962
341061.80000000075,Move,0.634765625,0.19212962962962962
341089.80000000075,Move,0.634765625,0.19212962962962962
341096.90000000224,Move,0.6334635416666666,0.19212962962962962
341103,Move,0.6334635416666666,0.19212962962962962
341119,Move,0.6321614583333334,0.19444444444444445
341145.40000000224,Move,0.630859375,0.19444444444444445
341159.1000000015,Move,0.6295572916666666,0.19675925925925927
341173.80000000075,Move,0.626953125,0.2013888888888889
341195.6000000015,Move,0.623046875,0.21064814814814814
341209,Move,0.6204427083333334,0.2152777777777778
341222.200000003,Move,0.6165364583333334,0.22453703703703703
341243.200000003,Move,0.6100260416666666,0.23842592592592593
341257.40000000224,Move,0.6048177083333334,0.25
341277.30000000075,Move,0.5983072916666666,0.2638888888888889
341291.700000003,Move,0.5944010416666666,0.27314814814814814
341306.80000000075,Move,0.5904947916666666,0.2824074074074074
341326.30000000075,Move,0.583984375,0.2962962962962963
341341.700000003,Move,0.5787760416666666,0.3055555555555556
341362.1000000015,Move,0.5735677083333334,0.3194444444444444
341376.700000003,Move,0.568359375,0.3287037037037037
341389.80000000075,Move,0.5631510416666666,0.33796296296296297
341410.40000000224,Move,0.552734375,0.3587962962962963
341426.1000000015,Move,0.544921875,0.3726851851851852
341445.90000000224,Move,0.529296875,0.4027777777777778
341460.700000003,Move,0.5110677083333334,0.4398148148148148
341474.30000000075,Move,0.4954427083333333,0.4699074074074074
341480.80000000075,Move,0.494140625,0.47453703703703703
341590.80000000075,Move,0.494140625,0.4722222222222222
341665.80000000075,Move,0.4954427083333333,0.4722222222222222
341674.90000000224,Move,0.494140625,0.4722222222222222
341694.90000000224,Move,0.4954427083333333,0.4722222222222222
341737.6000000015,Move,0.4967447916666667,0.4722222222222222
341759.700000003,Move,0.4967447916666667,0.4699074074074074
341779.700000003,Move,0.498046875,0.4699074074074074
341807.200000003,Move,0.4993489583333333,0.4699074074074074
341823,Move,0.501953125,0.4699074074074074
341864.90000000224,Move,0.498046875,0.4675925925925926
341872.40000000224,Move,0.494140625,0.4652777777777778
341892.5,Move,0.4889322916666667,0.4652777777777778
341907,Move,0.4850260416666667,0.4652777777777778
341926.1000000015,Move,0.4772135416666667,0.4652777777777778
341941.700000003,Move,0.474609375,0.4652777777777778
341955,Move,0.4694010416666667,0.4652777777777778
341975.200000003,Move,0.4602864583333333,0.4652777777777778
341990.80000000075,Move,0.4576822916666667,0.4652777777777778
342011.1000000015,Move,0.4498697916666667,0.4652777777777778
342024.700000003,Move,0.4446614583333333,0.4652777777777778
342039.80000000075,Move,0.4407552083333333,0.46296296296296297
342060.80000000075,Move,0.4329427083333333,0.46064814814814814
342074.700000003,Move,0.4290364583333333,0.46064814814814814
342094.30000000075,Move,0.4212239583333333,0.45601851851851855
342109.80000000075,Move,0.4147135416666667,0.4513888888888889
342123.5,Move,0.4069010416666667,0.44675925925925924
342143.6000000015,Move,0.3990885416666667,0.44212962962962965
342159.200000003,Move,0.3938802083333333,0.4375
342179.5,Move,0.3821614583333333,0.42824074074074076
342192.30000000075,Move,0.3743489583333333,0.4212962962962963
342207.40000000224,Move,0.3678385416666667,0.4166666666666667
342229,Move,0.361328125,0.41203703703703703
342242,Move,0.3561197916666667,0.4097222222222222
342256.200000003,Move,0.353515625,0.4097222222222222
342270.5,Move,0.3470052083333333,0.4074074074074074
342331,Move,0.345703125,0.4074074074074074
342350.6000000015,Move,0.345703125,0.4097222222222222
342376.6000000015,Move,0.345703125,0.4097222222222222
342386.80000000075,Move,0.345703125,0.4097222222222222
342422.6000000015,Move,0.3444010416666667,0.41203703703703703
342440.40000000224,Move,0.3444010416666667,0.41435185185185186
342457.90000000224,Move,0.3444010416666667,0.4166666666666667
342476.200000003,Move,0.3444010416666667,0.4166666666666667
342494.200000003,Move,0.3444010416666667,0.41898148148148145
342503.1000000015,Move,0.3430989583333333,0.4212962962962963
342521.40000000224,Move,0.341796875,0.42824074074074076
342540.1000000015,Move,0.341796875,0.43287037037037035
342547.80000000075,Move,0.341796875,0.4351851851851852
342575.200000003,Move,0.3444010416666667,0.4305555555555556
342595,Move,0.3470052083333333,0.4305555555555556
342610.5,Move,0.3509114583333333,0.42824074074074076
342624.40000000224,Move,0.3522135416666667,0.42824074074074076
342643.6000000015,Move,0.357421875,0.42592592592592593
342658.40000000224,Move,0.3600260416666667,0.42592592592592593
342679.40000000224,Move,0.373046875,0.4212962962962963
342694.700000003,Move,0.3860677083333333,0.4212962962962963
342706.80000000075,Move,0.4055989583333333,0.41898148148148145
342721.700000003,Move,0.4186197916666667,0.41898148148148145
342741.6000000015,Move,0.4537760416666667,0.41898148148148145
342762.6000000015,Move,0.5084635416666666,0.4050925925925926
342770.40000000224,Move,0.529296875,0.39351851851851855
342791.5,Move,0.5813802083333334,0.3541666666666667
342812.5,Move,0.615234375,0.3287037037037037
342826.5,Move,0.6217447916666666,0.32407407407407407
342840.700000003,Move,0.6243489583333334,0.32175925925925924
342860.90000000224,Move,0.626953125,0.31712962962962965
342875.90000000224,Move,0.6295572916666666,0.31712962962962965
342890.200000003,Move,0.630859375,0.31712962962962965
342910.40000000224,Move,0.6334635416666666,0.3148148148148148
342924.200000003,Move,0.6373697916666666,0.3148148148148148
342941.1000000015,Move,0.6451822916666666,0.3125
342959.700000003,Move,0.650390625,0.3101851851851852
342967.5,Move,0.6516927083333334,0.3101851851851852
343000.6000000015,Move,0.6529947916666666,0.3125
343024.90000000224,Move,0.6529947916666666,0.3125
343031.80000000075,Move,0.6529947916666666,0.3125
343048.80000000075,Move,0.654296875,0.3125
343058.90000000224,Move,0.654296875,0.3148148148148148
343073,Move,0.6555989583333334,0.31712962962962965
343089.80000000075,Move,0.658203125,0.32175925925925924
343112.5,Move,0.6647135416666666,0.3333333333333333
343127.5,Move,0.669921875,0.3425925925925926
343144.5,Move,0.673828125,0.3472222222222222
343161.90000000224,Move,0.6764322916666666,0.34953703703703703
343176.90000000224,Move,0.6764322916666666,0.34953703703703703
343208.90000000224,Move,0.677734375,0.35185185185185186
343227,Move,0.677734375,0.35185185185185186
343233.700000003,Move,0.6790364583333334,0.35185185185185186
343361.30000000075,Move,0.6790364583333334,0.35185185185185186
343408.90000000224,Move,0.6803385416666666,0.35185185185185186
343502.5,Move,0.677734375,0.3541666666666667
343510.30000000075,Move,0.6751302083333334,0.3541666666666667
343524.700000003,Move,0.6673177083333334,0.3541666666666667
343544.80000000075,Move,0.630859375,0.3611111111111111
343558.80000000075,Move,0.6061197916666666,0.36574074074074076
343573,Move,0.5826822916666666,0.3726851851851852
343593.30000000075,Move,0.5462239583333334,0.37962962962962965
343608.5,Move,0.521484375,0.3819444444444444
343622.80000000075,Move,0.4993489583333333,0.38657407407407407
343643.1000000015,Move,0.4446614583333333,0.3912037037037037
343659.1000000015,Move,0.4055989583333333,0.39351851851851855
343678.90000000224,Move,0.3522135416666667,0.39814814814814814
343693.1000000015,Move,0.3274739583333333,0.40046296296296297
343706.1000000015,Move,0.306640625,0.4027777777777778
343727.6000000015,Move,0.294921875,0.4027777777777778
343742,Move,0.2923177083333333,0.4027777777777778
343757.1000000015,Move,0.2897135416666667,0.4027777777777778
343776,Move,0.2845052083333333,0.4050925925925926
343796.1000000015,Move,0.2819010416666667,0.4050925925925926
343803.90000000224,Move,0.2805989583333333,0.4050925925925926
343905.90000000224,Move,0.2805989583333333,0.4050925925925926
343920.5,Move,0.2819010416666667,0.4050925925925926
343934.6000000015,Move,0.2845052083333333,0.4050925925925926
343940.700000003,Move,0.2845052083333333,0.4027777777777778
343960.90000000224,Move,0.291015625,0.40046296296296297
343974.90000000224,Move,0.2975260416666667,0.3958333333333333
343990.5,Move,0.306640625,0.3888888888888889
344011,Move,0.3092447916666667,0.38657407407407407
344025.5,Move,0.310546875,0.38657407407407407
344032.5,Move,0.310546875,0.38657407407407407
344059.700000003,Move,0.3118489583333333,0.38425925925925924
344193.30000000075,Move,0.3118489583333333,0.3819444444444444
344282.200000003,Move,0.3118489583333333,0.3819444444444444
344461.80000000075,Move,0.3118489583333333,0.3819444444444444
344476.5,Move,0.3131510416666667,0.38425925925925924
344482.40000000224,Move,0.314453125,0.38657407407407407
344496.30000000075,Move,0.3157552083333333,0.3888888888888889
344511.30000000075,Move,0.318359375,0.3912037037037037
344531,Move,0.3287760416666667,0.4050925925925926
344546.5,Move,0.3444010416666667,0.4236111111111111
344560.200000003,Move,0.361328125,0.4444444444444444
344580.90000000224,Move,0.3977864583333333,0.5
344596,Move,0.4095052083333333,0.5277777777777778
344609.90000000224,Move,0.416015625,0.5416666666666666
344629.200000003,Move,0.4186197916666667,0.5439814814814815
344644.30000000075,Move,0.419921875,0.5462962962962963
344664.200000003,Move,0.4212239583333333,0.5486111111111112
344678.90000000224,Move,0.4251302083333333,0.5555555555555556
344692.30000000075,Move,0.427734375,0.5601851851851852
344722.200000003,Move,0.427734375,0.5601851851851852
344736.700000003,Move,0.4290364583333333,0.5601851851851852
344776.90000000224,Move,0.4303385416666667,0.5601851851851852
344786.700000003,Move,0.4303385416666667,0.5601851851851852
344813.700000003,Move,0.4342447916666667,0.5601851851851852
344827.200000003,Move,0.435546875,0.5601851851851852
344840.1000000015,Move,0.4368489583333333,0.5601851851851852
344852.6000000015,Move,0.4381510416666667,0.5601851851851852
344932.40000000224,Move,0.4381510416666667,0.5578703703703703
344947.200000003,Move,0.439453125,0.5578703703703703
344962,Move,0.439453125,0.5578703703703703
344976.80000000075,Move,0.4407552083333333,0.5555555555555556
344995.5,Move,0.443359375,0.5532407407407407
345009.6000000015,Move,0.4459635416666667,0.5532407407407407
345023.5,Move,0.447265625,0.5509259259259259
345044.6000000015,Move,0.451171875,0.5462962962962963
345059.1000000015,Move,0.455078125,0.5416666666666666
345079,Move,0.458984375,0.5370370370370371
345093.80000000075,Move,0.4615885416666667,0.5324074074074074
345115.1000000015,Move,0.4641927083333333,0.5277777777777778
345127.5,Move,0.466796875,0.5254629629629629
345143.6000000015,Move,0.4694010416666667,0.5231481481481481
345162.40000000224,Move,0.4733072916666667,0.5185185185185185
345176.40000000224,Move,0.4759114583333333,0.5138888888888888
345198.200000003,Move,0.4837239583333333,0.5069444444444444
345212.5,Move,0.490234375,0.5023148148148148
345226.80000000075,Move,0.498046875,0.49537037037037035
345240.700000003,Move,0.5045572916666666,0.48842592592592593
345261.30000000075,Move,0.5279947916666666,0.4675925925925926
345281.30000000075,Move,0.5423177083333334,0.4537037037037037
345344.5,Move,0.541015625,0.4513888888888889
345400,Move,0.541015625,0.4513888888888889
345418.700000003,Move,0.541015625,0.44907407407407407
345454.200000003,Move,0.541015625,0.44907407407407407
345470.90000000224,Move,0.541015625,0.44675925925925924
345489.1000000015,Move,0.541015625,0.44675925925925924
345508.40000000224,Move,0.541015625,0.4444444444444444
345525.5,Move,0.5397135416666666,0.44212962962962965
345543.30000000075,Move,0.5397135416666666,0.4398148148148148
345580.40000000224,Move,0.5384114583333334,0.4398148148148148
345601.80000000075,Move,0.5384114583333334,0.44212962962962965
345615.700000003,Move,0.5384114583333334,0.4398148148148148
345630,Move,0.5397135416666666,0.44212962962962965
345643.80000000075,Move,0.5397135416666666,0.4444444444444444
345663.80000000075,Move,0.537109375,0.44907407407407407
345677.700000003,Move,0.533203125,0.45601851851851855
345692.80000000075,Move,0.5305989583333334,0.4675925925925926
345713.40000000224,Move,0.5279947916666666,0.48148148148148145
345727,Move,0.5279947916666666,0.4861111111111111
345741.700000003,Move,0.5266927083333334,0.4861111111111111
345763.200000003,Move,0.5266927083333334,0.48842592592592593
345783.200000003,Move,0.525390625,0.48842592592592593
345797.200000003,Move,0.525390625,0.49074074074074076
345921,Move,0.525390625,0.48842592592592593
345963.1000000015,Move,0.525390625,0.48842592592592593
346008.40000000224,Move,0.525390625,0.4861111111111111
346084.90000000224,Move,0.5188802083333334,0.48842592592592593
346093.5,Move,0.513671875,0.49074074074074076
346112.80000000075,Move,0.5045572916666666,0.49074074074074076
346126.80000000075,Move,0.4954427083333333,0.4930555555555556
346147.80000000075,Move,0.486328125,0.4930555555555556
346162.40000000224,Move,0.4772135416666667,0.4930555555555556
346176.6000000015,Move,0.4680989583333333,0.49074074074074076
346196.5,Move,0.4537760416666667,0.49074074074074076
346211.40000000224,Move,0.4459635416666667,0.49074074074074076
346225.40000000224,Move,0.4368489583333333,0.4930555555555556
346244.80000000075,Move,0.4264322916666667,0.49537037037037035
346259.700000003,Move,0.4186197916666667,0.4976851851851852
346281.200000003,Move,0.4055989583333333,0.5023148148148148
346294.5,Move,0.396484375,0.5069444444444444
346309.6000000015,Move,0.3860677083333333,0.5138888888888888
346330.5,Move,0.3743489583333333,0.5208333333333334
346346,Move,0.3626302083333333,0.5277777777777778
346364.200000003,Move,0.345703125,0.5393518518518519
346379,Move,0.337890625,0.5439814814814815
346393.40000000224,Move,0.3313802083333333,0.5486111111111112
346408,Move,0.322265625,0.5509259259259259
346428.30000000075,Move,0.3118489583333333,0.5555555555555556
346435.6000000015,Move,0.306640625,0.5555555555555556
346522.1000000015,Move,0.3053385416666667,0.5532407407407407
346529.80000000075,Move,0.3053385416666667,0.5509259259259259
346544,Move,0.3053385416666667,0.5509259259259259
346564,Move,0.3040364583333333,0.5486111111111112
346578.1000000015,Move,0.3040364583333333,0.5439814814814815
346592.200000003,Move,0.302734375,0.5416666666666666
346614.1000000015,Move,0.3014322916666667,0.5393518518518519
346627.90000000224,Move,0.3001302083333333,0.5393518518518519
346641.700000003,Move,0.3001302083333333,0.5393518518518519
346661.5,Move,0.2975260416666667,0.5370370370370371
346676.80000000075,Move,0.2962239583333333,0.5347222222222222
346696.90000000224,Move,0.294921875,0.5347222222222222
346712.5,Move,0.2936197916666667,0.5324074074074074
346726.1000000015,Move,0.2923177083333333,0.5324074074074074
346739.80000000075,Move,0.2923177083333333,0.5300925925925926
346761.1000000015,Move,0.2923177083333333,0.5300925925925926
346781.5,Move,0.2923177083333333,0.5324074074074074
346795.90000000224,Move,0.298828125,0.5324074074074074
346811,Move,0.302734375,0.5347222222222222
346831.1000000015,Move,0.310546875,0.5370370370370371
346846.40000000224,Move,0.314453125,0.5393518518518519
346860.200000003,Move,0.3196614583333333,0.5416666666666666
346880.40000000224,Move,0.326171875,0.5439814814814815
346894,Move,0.3313802083333333,0.5462962962962963
346908.700000003,Move,0.337890625,0.5486111111111112
346928.90000000224,Move,0.3509114583333333,0.5486111111111112
346943.40000000224,Move,0.3600260416666667,0.5509259259259259
346964.40000000224,Move,0.3678385416666667,0.5509259259259259
346978.80000000075,Move,0.3743489583333333,0.5532407407407407
346992.700000003,Move,0.376953125,0.5532407407407407
347014.30000000075,Move,0.3795572916666667,0.5532407407407407
347028.1000000015,Move,0.3795572916666667,0.5532407407407407
347041.40000000224,Move,0.380859375,0.5532407407407407
347069.90000000224,Move,0.3821614583333333,0.5532407407407407
347083.200000003,Move,0.380859375,0.5532407407407407
347091,Move,0.3821614583333333,0.5532407407407407
347192.200000003,Move,0.3821614583333333,0.5532407407407407
347230.1000000015,Move,0.3821614583333333,0.5532407407407407
347249.700000003,Move,0.3834635416666667,0.5532407407407407
347270.200000003,Move,0.3834635416666667,0.5555555555555556
347287.80000000075,Move,0.3834635416666667,0.5555555555555556
347307.200000003,Move,0.384765625,0.5555555555555556
347326.5,Move,0.3860677083333333,0.5555555555555556
347345.5,Move,0.3873697916666667,0.5578703703703703
347363,Move,0.3860677083333333,0.5555555555555556
347371.30000000075,Move,0.384765625,0.5532407407407407
347377.6000000015,Move,0.3834635416666667,0.5532407407407407
347391.700000003,Move,0.3743489583333333,0.5393518518518519
347413.30000000075,Move,0.361328125,0.5115740740740741
347427.40000000224,Move,0.3522135416666667,0.4861111111111111
347441.200000003,Move,0.345703125,0.4675925925925926
347462.5,Move,0.3287760416666667,0.4351851851851852
347476.700000003,Move,0.3196614583333333,0.4236111111111111
347497.90000000224,Move,0.2975260416666667,0.4050925925925926
347511.6000000015,Move,0.2779947916666667,0.39351851851851855
347531.40000000224,Move,0.2506510416666667,0.3819444444444444
347546.700000003,Move,0.23893229166666666,0.375
347560.1000000015,Move,0.228515625,0.3680555555555556
347581.700000003,Move,0.22200520833333334,0.3611111111111111
347596.200000003,Move,0.220703125,0.3611111111111111
347609.5,Move,0.21940104166666666,0.3587962962962963
347630.90000000224,Move,0.216796875,0.35648148148148145
347651.200000003,Move,0.21549479166666666,0.3541666666666667
347658.90000000224,Move,0.21549479166666666,0.3541666666666667
347786,Move,0.21549479166666666,0.35648148148148145
347823.30000000075,Move,0.216796875,0.35648148148148145
347848.200000003,Move,0.216796875,0.3587962962962963
347858.1000000015,Move,0.21940104166666666,0.36342592592592593
347869.90000000224,Move,0.220703125,0.36342592592592593
347940.30000000075,Move,0.220703125,0.36574074074074076
347947.200000003,Move,0.22200520833333334,0.36574074074074076
347960.30000000075,Move,0.22591145833333334,0.3680555555555556
347976,Move,0.23111979166666666,0.37037037037037035
347996.700000003,Move,0.23763020833333334,0.3726851851851852
348010.80000000075,Move,0.244140625,0.375
348031.40000000224,Move,0.271484375,0.38425925925925924
348044.700000003,Move,0.2884114583333333,0.3888888888888889
348060.1000000015,Move,0.318359375,0.3958333333333333
348081.200000003,Move,0.4108072916666667,0.4444444444444444
348094.700000003,Move,0.4798177083333333,0.49074074074074076
348108.80000000075,Move,0.5227864583333334,0.5208333333333334
348129.80000000075,Move,0.5358072916666666,0.5277777777777778
348143.30000000075,Move,0.5397135416666666,0.5324074074074074
348165.200000003,Move,0.5462239583333334,0.5347222222222222
348178.6000000015,Move,0.548828125,0.5370370370370371
348192.6000000015,Move,0.560546875,0.5439814814814815
348213.5,Move,0.5709635416666666,0.5486111111111112
348276.5,Move,0.5709635416666666,0.5486111111111112
348331.80000000075,Move,0.5709635416666666,0.5462962962962963
348349.1000000015,Move,0.5709635416666666,0.5439814814814815
348367.700000003,Move,0.5696614583333334,0.5416666666666666
348386.90000000224,Move,0.5696614583333334,0.5393518518518519
348404,Move,0.568359375,0.5370370370370371
348422.40000000224,Move,0.568359375,0.5347222222222222
348736.90000000224,Released,0.568359375,0.5347222222222222
348793.40000000224,Released,0.4869791666666667,0.6331018518518519