resolution:1920,1080
539587.2999999989,Pressed,773,624
539614.2999999989,Move,773,624
539631.0999999996,Move,773,624
539814.9000000004,Move,773,624
539839.0999999996,Move,775,626
539855.2999999989,Move,776,626
539870.2999999989,Move,777,627
539884.0999999996,Move,778,627
539899.1999999993,Move,779,628
539913.7999999989,Move,780,628
539930,Move,781,629
539945.2999999989,Move,782,629
539958.9000000004,Move,783,630
539975,Move,784,630
539990.4000000004,Move,786,631
540004.5,Move,787,631
540019.2999999989,Move,788,632
540034.9000000004,Move,789,633
540051,Move,790,633
540078.6999999993,Move,793,634
540094,Move,795,634
540108.5,Move,796,634
540124.6999999993,Move,796,635
540139.1999999993,Move,797,635
540153.9000000004,Move,799,636
540169.4000000004,Move,800,636
540184.6999999993,Move,801,637
540198.5,Move,802,637
540214.5,Move,802,639
540244.9000000004,Move,804,640
540260.1999999993,Move,805,640
540273.2999999989,Move,806,641
540288.9000000004,Move,807,641
540305.0999999996,Move,808,642
540318.4000000004,Move,809,642
540334.0999999996,Move,810,642
540348.5999999996,Move,811,643
540378.2999999989,Move,812,643
540394.7999999989,Move,813,643
540410.1999999993,Move,814,643
540424.9000000004,Move,815,644
540456.4000000004,Move,816,644
540470.9000000004,Move,817,644
540486,Move,817,645
540500.5999999996,Move,818,645
540546.2999999989,Move,820,645
540560.4000000004,Move,820,646
540575.2999999989,Move,821,646
540605.9000000004,Move,822,646
540636,Move,824,647
540650.6999999993,Move,825,647
540680.5999999996,Move,826,648
540709.9000000004,Move,827,648
540725.5,Move,828,648
540740.9000000004,Move,829,649
540756.6999999993,Move,830,649
540865.4000000004,Move,831,649
541028.0999999996,Move,832,649
541189.9000000004,Move,833,649
541353.0999999996,Move,834,648
541390.6999999993,Move,836,649
541410.4000000004,Move,837,650
541452.9000000004,Move,838,650
541498.5,Move,839,650
541508.1999999993,Move,840,650
541530.9000000004,Move,841,650
541541,Move,842,650
541578.4000000004,Move,844,650
541587.1999999993,Move,845,650
541608.0999999996,Move,846,650
541617.5999999996,Move,848,648
541639.7999999989,Move,850,649
541652.1999999993,Move,851,649
541661.7999999989,Move,852,649
541687,Move,854,649
541706.9000000004,Move,856,649
541717.7999999989,Move,857,649
541739.2999999989,Move,859,649
541765,Move,861,649
541772.0999999996,Move,862,649
541783.9000000004,Move,863,649
541794.5999999996,Move,864,649
541816.9000000004,Move,866,649
541827.4000000004,Move,867,649
541849.7999999989,Move,868,649
541874.7999999989,Move,870,649
541885.0999999996,Move,871,649
541893.0999999996,Move,872,649
541915.2999999989,Move,873,649
541937.6999999993,Move,876,649
541948.6999999993,Move,877,649
541970.0999999996,Move,880,649
541981,Move,881,649
542003.4000000004,Move,882,648
542024.2999999989,Move,884,648
542036,Move,885,648
542062.2999999989,Move,890,648
542069,Move,893,647
542093.7999999989,Move,896,647
542102.2999999989,Move,902,647
542124.4000000004,Move,903,647
542271.9000000004,Move,902,647
542391.2999999989,Move,901,647
542509.9000000004,Move,900,647
542627.6999999993,Move,902,646
542651.2999999989,Move,903,644
542662.9000000004,Move,904,643
542672.4000000004,Move,905,643
542696.2999999989,Move,904,641
542704.5,Move,905,641
542716.6999999993,Move,906,640
542727.5,Move,907,640
542742.9000000004,Move,908,639
542773.5999999996,Move,909,638
542781,Move,910,639
542804.4000000004,Move,912,638
542820.5999999996,Move,912,637
542836.9000000004,Move,914,636
542851.2999999989,Move,915,635
542859.4000000004,Move,916,635
542883,Move,917,634
542904,Move,919,634
542913.6999999993,Move,920,634
542935.5,Move,922,633
542948.6999999993,Move,922,632
542969.5,Move,924,632
542991.0999999996,Move,925,631
543001.4000000004,Move,926,632
543038.7999999989,Move,927,631
543056.9000000004,Move,929,631
543068.5,Move,930,630
543084.7999999989,Move,931,630
543102.0999999996,Move,934,629
543112.4000000004,Move,935,629
543134,Move,938,628
543155.9000000004,Move,939,629
543180,Move,941,628
543189.1999999993,Move,942,628
543209.9000000004,Move,944,626
543222.5999999996,Move,945,626
543232.7999999989,Move,946,626
543257.0999999996,Move,948,625
543265.5,Move,951,625
543288.4000000004,Move,953,624
543298.1999999993,Move,955,624
543320.7999999989,Move,957,623
543334.1999999993,Move,958,623
543342.6999999993,Move,959,623
543366,Move,962,622
543376.0999999996,Move,963,621
543396.5,Move,964,621
543419.4000000004,Move,967,620
543478.0999999996,Move,968,619
543725.5999999996,Move,969,618
543803.1999999993,Move,970,617
543884.4000000004,Move,971,616
543926.5999999996,Move,971,615
543941.0999999996,Move,972,613
543961.9000000004,Move,975,611
543975,Move,977,609
543991,Move,979,607
544010.6999999993,Move,981,601
544023.7999999989,Move,983,598
544045.4000000004,Move,986,595
544059.9000000004,Move,988,592
544073.5999999996,Move,990,590
544095.5999999996,Move,993,588
544108.5,Move,997,586
544129.6999999993,Move,1006,582
544143.0999999996,Move,1011,580
544156.9000000004,Move,1022,573
544177.5999999996,Move,1033,565
544192.4000000004,Move,1035,563
544209.0999999996,Move,1036,561
544224.1999999993,Move,1037,560
544232,Move,1038,559
544257,Move,1039,557
544273.1999999993,Move,1038,555
544296.2999999989,Move,1041,552
544303.4000000004,Move,1042,551
544319.9000000004,Move,1043,550
544344.7999999989,Move,1044,548
544360.4000000004,Move,1047,549
544376.4000000004,Move,1048,547
544391.1999999993,Move,1049,546
544407.9000000004,Move,1050,545
544425.0999999996,Move,1051,544
544440.4000000004,Move,1052,543
544449,Move,1053,542
544474.0999999996,Move,1055,541
544488.4000000004,Move,1057,538
544512.6999999993,Move,1059,538
544527.7999999989,Move,1060,536
544544.9000000004,Move,1062,535
544561,Move,1063,534
544576.5,Move,1064,532
544593.0999999996,Move,1066,530
544609.1999999993,Move,1067,528
544625.1999999993,Move,1070,525
544641.1999999993,Move,1071,523
544657.2999999989,Move,1072,521
544672.5999999996,Move,1073,519
544688.0999999996,Move,1074,518
544704.5999999996,Move,1075,516
544728.7999999989,Move,1077,515
544744.9000000004,Move,1079,512
544760.5999999996,Move,1080,510
544775.9000000004,Move,1081,508
544792.5999999996,Move,1082,506
544809.0999999996,Move,1083,503
544824.7999999989,Move,1084,501
544840.4000000004,Move,1085,499
544855.6999999993,Move,1085,497
544873,Move,1086,495
544889.5999999996,Move,1087,493
544896.2999999989,Move,1087,492
544978.2999999989,Move,1086,493
545086.4000000004,Move,1085,494
545300.5,Move,1084,495
545517.4000000004,Move,1085,494
545552.5,Move,1085,492
545566.9000000004,Move,1086,490
545587.7999999989,Move,1087,487
545601.6999999993,Move,1089,485
545615.0999999996,Move,1091,483
545635.9000000004,Move,1094,479
545650.2999999989,Move,1096,477
545665.7999999989,Move,1098,475
545685.9000000004,Move,1101,472
545699.7999999989,Move,1102,469
545719.9000000004,Move,1103,463
545733.5999999996,Move,1104,456
545750.0999999996,Move,1105,449
545770.0999999996,Move,1109,431
545783.5,Move,1114,418
545799,Move,1115,415
545820.5,Move,1115,413
545835.1999999993,Move,1114,412
545849.2999999989,Move,1114,411
545869.6999999993,Move,1115,406
545891.2999999989,Move,1115,405
545897.5999999996,Move,1115,404
545919.5,Move,1114,399
545933.1999999993,Move,1115,394
545953.5,Move,1115,387
545968.4000000004,Move,1115,383
545987.6999999993,Move,1116,378
546002,Move,1117,371
546017.7999999989,Move,1118,362
546036.6999999993,Move,1120,343
546050.2999999989,Move,1121,339
546066,Move,1121,336
546087.5999999996,Move,1119,336
546094,Move,1118,338
546122.0999999996,Move,1118,337
546136.5999999996,Move,1119,335
546151.0999999996,Move,1118,334
546164.6999999993,Move,1118,333
546185.0999999996,Move,1117,332
546191.1999999993,Move,1117,331
546220,Move,1117,328
546235.4000000004,Move,1116,327
546249.5999999996,Move,1116,325
546270,Move,1114,323
546283.9000000004,Move,1113,323
546297.4000000004,Move,1112,321
546318.6999999993,Move,1111,321
546332.0999999996,Move,1110,319
546353.9000000004,Move,1110,317
546366.9000000004,Move,1109,314
546373.4000000004,Move,1108,313
546402.1999999993,Move,1107,310
546416.2999999989,Move,1106,308
546436.6999999993,Move,1105,305
546452,Move,1105,302
546467,Move,1106,298
546486,Move,1106,293
546500.1999999993,Move,1107,287
546514.5999999996,Move,1107,279
546534.9000000004,Move,1105,268
546549.9000000004,Move,1105,266
546556.7999999989,Move,1105,267
546584.9000000004,Move,1104,266
546620.4000000004,Move,1103,265
546635.9000000004,Move,1103,263
546663.2999999989,Move,1102,262
546675.4000000004,Move,1101,262
546688.2999999989,Move,1100,261
546701.7999999989,Move,1098,259
546713.6999999993,Move,1095,257
546729,Move,1092,255
546753.6999999993,Move,1088,252
546766.5999999996,Move,1087,252
546791.9000000004,Move,1087,251
546818.5,Move,1086,251
546844.0999999996,Move,1088,252
546870.5999999996,Move,1087,252
546910.6999999993,Move,1085,253
546936,Move,1084,252
546948.0999999996,Move,1083,252
547000.4000000004,Move,1083,251
547014.4000000004,Move,1082,251
547038.0999999996,Move,1082,250
547052.4000000004,Move,1081,250
547078.1999999993,Move,1081,248
547091,Move,1080,247
547104.9000000004,Move,1079,246
547118.5,Move,1078,245
547130.6999999993,Move,1077,243
547143.2999999989,Move,1075,241
547169.7999999989,Move,1073,237
547182.9000000004,Move,1072,235
547195.9000000004,Move,1071,232
547221.5999999996,Move,1069,226
547234.5,Move,1067,223
547247.1999999993,Move,1066,221
547261.4000000004,Move,1065,219
547273.1999999993,Move,1064,218
547299.6999999993,Move,1064,217
547363.6999999993,Move,1063,216
547390.2999999989,Move,1063,215
547403.1999999993,Move,1062,215
547416.4000000004,Move,1062,214
547561.9000000004,Move,1063,214
547669.1999999993,Move,1065,214
547882.6999999993,Move,1064,213
547918.6999999993,Move,1062,211
547933.5999999996,Move,1060,209
547946.5999999996,Move,1057,207
547967.6999999993,Move,1053,203
547981.7999999989,Move,1051,202
548002.4000000004,Move,1048,199
548016.6999999993,Move,1045,197
548036.5999999996,Move,1042,196
548051.0999999996,Move,1039,195
548064.9000000004,Move,1035,193
548086.1999999993,Move,1028,192
548100.5,Move,1023,191
548115.6999999993,Move,1019,190
548134.7999999989,Move,1015,189
548149.7999999989,Move,1012,188
548163.9000000004,Move,1008,186
548184.5,Move,1010,184
548191.2999999989,Move,1009,184
548218,Move,1012,184
548225.1999999993,Move,1011,185
548241.1999999993,Move,1010,185
548253.5999999996,Move,1009,186
548281.4000000004,Move,1008,187
548295.6999999993,Move,1007,188
548317.2999999989,Move,1006,188
548410.2999999989,Move,1005,188
548425.1999999993,Move,1006,188
548450.5,Move,1007,188
548462.6999999993,Move,1006,188
548475.0999999996,Move,1004,186
548498.5,Move,1002,186
548534.4000000004,Move,1000,186
548546.5,Move,1000,185
548558,Move,999,185
548570.5,Move,998,185
548594.2999999989,Move,997,185
548620,Move,996,185
548630.2999999989,Move,995,185
548642.1999999993,Move,995,184
548667.5,Move,993,184
548693.1999999993,Move,992,183
548703.7999999989,Move,991,183
548722.4000000004,Move,990,183
548738.9000000004,Move,989,183
548750.5,Move,988,182
548784.2999999989,Move,987,182
548786,Move,986,182
548814.0999999996,Move,985,181
548822.5999999996,Move,984,181
548834.5999999996,Move,983,181
548858.5999999996,Move,982,181
548870.6999999993,Move,981,181
548895.5999999996,Move,980,181
548907.4000000004,Move,978,180
548922.6999999993,Move,977,180
548931,Move,975,181
548953.6999999993,Move,973,182
548969.5,Move,970,183
548980.0999999996,Move,968,184
549002.5999999996,Move,965,185
549016.6999999993,Move,962,186
549025.4000000004,Move,958,186
549039.5999999996,Move,954,187
549062.5999999996,Move,946,188
549086.6999999993,Move,941,188
549235.2999999989,Move,939,188
549388.0999999996,Move,938,188
549689.9000000004,Move,937,190
549723.9000000004,Move,936,190
549745.5999999996,Move,936,192
549757.2999999989,Move,935,192
549767.2999999989,Move,934,193
549793.0999999996,Move,931,194
549799.7999999989,Move,930,195
549825.2999999989,Move,928,196
549834.1999999993,Move,926,197
549855.6999999993,Move,924,198
549865.5,Move,922,199
549888.9000000004,Move,921,200
549910.5999999996,Move,920,202
549921.0999999996,Move,919,202
549943.4000000004,Move,916,204
549965.5999999996,Move,913,206
549979.1999999993,Move,911,206
549987.6999999993,Move,909,206
549997.6999999993,Move,909,207
550021.4000000004,Move,906,208
550042.0999999996,Move,904,209
550059.1999999993,Move,902,210
550075.4000000004,Move,897,211
550090.2999999989,Move,895,212
550096.9000000004,Move,894,212
550121.5,Move,891,213
550130.0999999996,Move,889,213
550153.5,Move,885,215
550174.0999999996,Move,882,216
550198.9000000004,Move,880,216
550208.2999999989,Move,878,217
550218.2999999989,Move,877,217
550240.5,Move,874,218
550250.4000000004,Move,873,219
550260.6999999993,Move,872,219
550291.5,Move,871,219
550316.7999999989,Move,870,219
550338.5999999996,Move,869,219
550349.5,Move,869,220
550370.6999999993,Move,871,220
550393.7999999989,Move,870,220
550427.2999999989,Move,869,220
550447.0999999996,Move,868,220
550463,Move,867,221
550481.5999999996,Move,866,220
550495.0999999996,Move,866,219
550505.2999999989,Move,865,219
550525.9000000004,Move,864,219
550606,Move,865,219
550763.2999999989,Move,866,219
550919.5999999996,Move,867,219
551076.0999999996,Move,864,221
551083.2999999989,Move,863,222
551097.4000000004,Move,861,223
551117.9000000004,Move,854,226
551131.7999999989,Move,850,228
551153.2999999989,Move,845,231
551167.5,Move,841,232
551181.6999999993,Move,837,235
551202,Move,832,238
551215.6999999993,Move,830,240
551236.7999999989,Move,826,244
551251.4000000004,Move,822,248
551264.5999999996,Move,821,252
551286.9000000004,Move,817,258
551300.9000000004,Move,814,263
551313.9000000004,Move,811,267
551335.5999999996,Move,807,270
551349.9000000004,Move,805,272
551364.5,Move,802,274
551381.5,Move,800,277
551398.0999999996,Move,799,279
551413.6999999993,Move,798,280
551428.7999999989,Move,797,281
551453.5,Move,796,284
551461.2999999989,Move,795,285
551484.5999999996,Move,794,287
551501.1999999993,Move,792,289
551517.2999999989,Move,790,291
551533.5,Move,789,293
551549.4000000004,Move,787,296
551566.0999999996,Move,785,298
551581.6999999993,Move,784,300
551597.9000000004,Move,782,302
551613.5,Move,780,304
551629,Move,779,305
551653.6999999993,Move,779,306
551669.1999999993,Move,777,308
551684.5999999996,Move,776,310
551694.9000000004,Move,776,309
551719.2999999989,Move,775,311
551725,Move,774,312
551749.5999999996,Move,772,314
551757.5,Move,772,315
551781.5999999996,Move,770,318
551797.0999999996,Move,770,320
551814.2999999989,Move,769,320
551837.2999999989,Move,768,322
551845.6999999993,Move,768,323
551869.6999999993,Move,767,326
551885.7999999989,Move,766,328
551892.2999999989,Move,764,330
551915.9000000004,Move,762,332
551933,Move,762,334
551940.9000000004,Move,761,335
551965.7999999989,Move,760,336
551980.9000000004,Move,759,338
551997.0999999996,Move,758,340
552012.5999999996,Move,757,341
552029,Move,756,342
552038.0999999996,Move,755,344
552157,Move,754,344
552272.5,Move,752,344
552501.1999999993,Move,750,348
552509.5999999996,Move,750,349
552517.5,Move,749,351
552533.9000000004,Move,747,354
552549.5,Move,745,358
552566.4000000004,Move,744,362
552582.0999999996,Move,741,366
552605,Move,738,372
552621.6999999993,Move,734,376
552636.6999999993,Move,732,381
552653.9000000004,Move,730,384
552669,Move,729,388
552686.1999999993,Move,727,393
552701.0999999996,Move,726,397
552717.2999999989,Move,726,401
552733.7999999989,Move,725,406
552750,Move,723,411
552765,Move,723,415
552781.9000000004,Move,721,419
552797.2999999989,Move,721,422
552814.1999999993,Move,719,425
552840.5,Move,719,426
552851.0999999996,Move,719,427
552870.5999999996,Move,720,429
552875.2999999989,Move,720,430
552909.7999999989,Move,719,431
552922.0999999996,Move,719,432
552935.4000000004,Move,719,433
552947.7999999989,Move,719,434
552969.9000000004,Move,719,439
552982.5999999996,Move,719,442
552994.5,Move,719,445
553006.6999999993,Move,719,448
553024.7999999989,Move,719,450
553066,Move,720,452
553102.9000000004,Move,720,454
553137.7999999989,Move,720,455
553151,Move,721,456
553222,Move,721,457
553258.1999999993,Move,719,458
553282.0999999996,Move,718,458
553305.5999999996,Move,718,459
553330.1999999993,Move,718,460
553343.5999999996,Move,718,461
553368.0999999996,Move,717,462
553378.7999999989,Move,717,464
553398.6999999993,Move,717,465
553402.4000000004,Move,718,468
553414.9000000004,Move,717,471
553438.2999999989,Move,716,475
553450.6999999993,Move,715,478
553462,Move,715,481
553486.9000000004,Move,713,488
553505.9000000004,Move,712,492
553521.9000000004,Move,711,496
553535,Move,710,499
553825.9000000004,Move,711,501
553887.7999999989,Move,711,502
553947.7999999989,Move,712,503
554017,Move,713,505
554252.9000000004,Move,714,506
554298.4000000004,Move,714,507
554320.0999999996,Move,715,508
554352.6999999993,Move,715,510
554376.4000000004,Move,717,513
554386.5999999996,Move,718,515
554396.5,Move,719,518
554423.0999999996,Move,722,524
554430.4000000004,Move,723,526
554453.6999999993,Move,723,527
554485.5999999996,Move,724,528
554517.7999999989,Move,725,530
554540.5,Move,725,531
554550.9000000004,Move,725,532
554562.5999999996,Move,726,532
554585.4000000004,Move,726,533
554606.9000000004,Move,726,537
554617.2999999989,Move,727,539
554640.6999999993,Move,728,542
554650,Move,728,544
554672,Move,729,549
554683.5999999996,Move,729,551
554706.5999999996,Move,730,554
554717.0999999996,Move,729,556
554740,Move,729,556
554764.1999999993,Move,729,557
554770.2999999989,Move,728,558
554782.6999999993,Move,728,560
554805,Move,728,562
554814.2999999989,Move,728,564
554827,Move,728,565
554848.5999999996,Move,728,570
554874.9000000004,Move,728,573
554881.9000000004,Move,728,574
554906.4000000004,Move,728,576
554925.2999999989,Move,729,576
554948.0999999996,Move,728,576
554958.1999999993,Move,728,575
554970.5999999996,Move,729,576
554980.5,Move,728,576
555096.2999999989,Move,730,576
555196.5,Move,731,576
555396.0999999996,Move,730,575
555431.2999999989,Move,731,576
555445.5999999996,Move,732,577
555465.5,Move,733,579
555480.5999999996,Move,735,581
555494,Move,736,583
555514.6999999993,Move,737,586
555529.0999999996,Move,738,588
555544,Move,739,589
555564.6999999993,Move,741,592
555570.7999999989,Move,741,593
555600.2999999989,Move,744,596
555613.5,Move,747,599
555628,Move,751,603
555648.2999999989,Move,758,608
555662.0999999996,Move,766,616
555676.1999999993,Move,773,624
555683.6999999993,Move,774,625
555926.4000000004,Released,774,625
555977.2999999989,Released,940,673
