resolution:1920,1080
223841.69999999925,Pressed,1016,367
223883.69999999925,Move,1016,367
224083.59999999963,Move,1016,367
224092.59999999963,Move,1015,366
224108.69999999925,Move,1015,365
224122.40000000037,Move,1015,364
224137.59999999963,Move,1015,363
224152.90000000037,Move,1015,362
224182.29999999888,Move,1015,360
224197.69999999925,Move,1015,359
224213.19999999925,Move,1015,358
224227.40000000037,Move,1015,357
224242.09999999963,Move,1015,356
224257.40000000037,Move,1015,355
224287.90000000037,Move,1014,354
224325.59999999963,Move,1015,354
224346.09999999963,Move,1014,354
224365.5,Move,1014,353
224401.79999999888,Move,1014,352
224422.69999999925,Move,1014,351
224440.5,Move,1014,350
224460.69999999925,Move,1013,348
224480.59999999963,Move,1012,345
224499.40000000037,Move,1012,343
224537.09999999963,Move,1011,342
224564.19999999925,Move,1012,341
224589,Move,1011,341
224601.79999999888,Move,1011,340
224615.09999999963,Move,1010,339
224628.79999999888,Move,1010,338
224654.79999999888,Move,1010,337
224666.69999999925,Move,1009,335
224680.09999999963,Move,1008,333
224693.19999999925,Move,1008,331
224705.90000000037,Move,1007,330
224729.29999999888,Move,1006,329
224752.90000000037,Move,1006,327
224775.5,Move,1005,326
224799.69999999925,Move,1004,325
224822.29999999888,Move,1003,323
224846.69999999925,Move,1002,322
224960.69999999925,Move,1001,321
224973.5,Move,1001,322
224997.40000000037,Move,1001,321
225009.79999999888,Move,1000,320
225021.59999999963,Move,998,318
225033.79999999888,Move,996,315
225046.79999999888,Move,995,314
225069,Move,995,313
225131.5,Move,994,312
225155.19999999925,Move,993,312
225178,Move,992,311
225201.59999999963,Move,991,311
225224.79999999888,Move,990,310
225246.19999999925,Move,989,309
225270.69999999925,Move,988,309
225293.29999999888,Move,987,308
225315.90000000037,Move,986,308
225362.19999999925,Move,985,307
225386.69999999925,Move,984,307
225411.29999999888,Move,983,306
225437.19999999925,Move,982,305
225459.79999999888,Move,980,304
225484.09999999963,Move,978,303
225506.90000000037,Move,977,303
225628,Move,976,302
225700.90000000037,Move,975,302
225725.29999999888,Move,973,301
225748.59999999963,Move,970,300
225774,Move,968,300
225820.19999999925,Move,967,300
225892.59999999963,Move,966,299
225943.79999999888,Move,965,299
225960.69999999925,Move,964,299
225994.29999999888,Move,963,299
226012.29999999888,Move,962,299
226045.59999999963,Move,960,299
226062.90000000037,Move,958,299
226079.69999999925,Move,956,299
226097.19999999925,Move,955,300
226115,Move,954,300
226165,Move,952,300
226183.40000000037,Move,950,300
226199.59999999963,Move,947,300
226216.90000000037,Move,945,300
226233.69999999925,Move,944,300
226318.69999999925,Move,943,301
226369.79999999888,Move,942,301
226403.79999999888,Move,941,301
226420.09999999963,Move,940,302
226454.79999999888,Move,939,302
226472,Move,938,302
226489.5,Move,937,303
226506.40000000037,Move,936,303
226522.79999999888,Move,933,304
226540.29999999888,Move,931,304
226557.40000000037,Move,930,305
226595.19999999925,Move,929,305
226618.69999999925,Move,928,305
226640.79999999888,Move,927,305
226654.59999999963,Move,926,306
226678.19999999925,Move,922,307
226690.90000000037,Move,919,308
226714.40000000037,Move,918,309
226725.79999999888,Move,917,309
226747.40000000037,Move,915,310
226772.5,Move,913,311
226803.40000000037,Move,910,313
226833,Move,909,313
226846.90000000037,Move,907,314
226864.19999999925,Move,906,314
226880.5,Move,905,315
226898.90000000037,Move,904,316
226929.19999999925,Move,905,317
226960.29999999888,Move,904,317
226977.69999999925,Move,903,317
227010,Move,902,317
227024,Move,901,317
227040.79999999888,Move,900,318
227057.69999999925,Move,899,319
227073.09999999963,Move,896,321
227089,Move,894,322
227121.90000000037,Move,893,323
227171.09999999963,Move,892,323
227201.90000000037,Move,892,324
227219.90000000037,Move,891,324
227234.09999999963,Move,890,325
227252.69999999925,Move,890,326
227266.59999999963,Move,889,326
227282.90000000037,Move,888,327
227300,Move,887,328
227315.19999999925,Move,884,330
227331.5,Move,882,331
227363.90000000037,Move,881,332
227424.79999999888,Move,880,333
227454.59999999963,Move,881,332
227470.59999999963,Move,880,333
227500.69999999925,Move,879,334
227515,Move,878,335
227529.09999999963,Move,877,335
227544.5,Move,876,337
227560.19999999925,Move,874,338
227575.29999999888,Move,872,341
227589.90000000037,Move,870,342
227621.09999999963,Move,869,343
227672,Move,869,344
227682.40000000037,Move,867,344
227691.29999999888,Move,867,345
227711.90000000037,Move,866,346
227732.09999999963,Move,865,347
227742.29999999888,Move,865,348
227751,Move,864,349
227782.19999999925,Move,860,354
227793.59999999963,Move,859,355
227807.69999999925,Move,857,354
227830,Move,857,357
227844.19999999925,Move,856,357
227864.90000000037,Move,855,359
227879,Move,854,360
227894.09999999963,Move,853,362
227914.09999999963,Move,849,369
227928.59999999963,Move,848,370
227976.29999999888,Move,847,370
227992.90000000037,Move,847,371
228041.29999999888,Move,846,372
228073.19999999925,Move,845,373
228089.5,Move,845,374
228104.79999999888,Move,844,374
228120.29999999888,Move,844,376
228135.90000000037,Move,842,378
228153.09999999963,Move,841,381
228169.40000000037,Move,840,383
228200.90000000037,Move,839,384
228251.40000000037,Move,839,385
228287.09999999963,Move,838,386
228310.79999999888,Move,838,387
228323.29999999888,Move,837,388
228343.69999999925,Move,837,389
228347.09999999963,Move,836,390
228358.79999999888,Move,836,392
228372.09999999963,Move,834,395
228394.29999999888,Move,832,399
228420.59999999963,Move,831,401
228447.90000000037,Move,831,402
228460.40000000037,Move,830,403
228475.79999999888,Move,830,405
228499.69999999925,Move,829,407
228525.69999999925,Move,829,408
228538.09999999963,Move,828,409
228550.79999999888,Move,827,410
228577.19999999925,Move,826,411
228590.19999999925,Move,826,412
228603.90000000037,Move,825,413
228616.79999999888,Move,825,414
228643.79999999888,Move,824,416
228660.59999999963,Move,824,417
228668.59999999963,Move,824,418
228676.5,Move,824,419
228693.09999999963,Move,823,421
228708.19999999925,Move,823,423
228724.69999999925,Move,822,425
228748.40000000037,Move,821,428
228764.5,Move,821,430
228781.19999999925,Move,820,432
228803.09999999963,Move,820,434
228828.19999999925,Move,819,436
228847,Move,819,438
228858.19999999925,Move,819,439
228880.69999999925,Move,818,440
228905.19999999925,Move,818,442
228915.40000000037,Move,818,443
228925,Move,818,444
228934.69999999925,Move,818,445
228950.19999999925,Move,818,446
228981.59999999963,Move,817,447
229035.40000000037,Move,818,446
229049.79999999888,Move,818,447
229084,Move,818,448
229102,Move,818,449
229118.69999999925,Move,818,450
229138.19999999925,Move,817,451
229151.5,Move,817,452
229170.59999999963,Move,817,454
229187.5,Move,816,456
229203.19999999925,Move,816,459
229221.59999999963,Move,816,461
229255.90000000037,Move,815,460
229270.19999999925,Move,815,462
229285.5,Move,815,463
229299.90000000037,Move,815,465
229312.19999999925,Move,815,467
229326.40000000037,Move,815,468
229340,Move,815,470
229354.19999999925,Move,815,472
229382.69999999925,Move,815,475
229411.40000000037,Move,815,476
229481.09999999963,Move,816,477
229521.09999999963,Move,816,478
229533.40000000037,Move,816,479
229546.59999999963,Move,816,480
229562.09999999963,Move,816,483
229572.29999999888,Move,816,486
229597.90000000037,Move,816,489
229623.79999999888,Move,816,490
229677.09999999963,Move,817,491
229731.90000000037,Move,817,492
229768.5,Move,816,493
229784.29999999888,Move,817,494
229804.29999999888,Move,817,495
229822.5,Move,818,495
229839.5,Move,818,496
229857.79999999888,Move,818,498
229876.5,Move,819,501
229893.69999999925,Move,819,503
229930,Move,820,504
229972.79999999888,Move,820,505
229986.59999999963,Move,819,506
230015.5,Move,820,507
230028.90000000037,Move,821,508
230056.69999999925,Move,822,510
230069.69999999925,Move,823,512
230084.5,Move,824,514
230113.79999999888,Move,825,515
230131.79999999888,Move,825,516
230165.29999999888,Move,825,515
230183.09999999963,Move,826,517
230200.59999999963,Move,826,518
230216.79999999888,Move,828,522
230233.59999999963,Move,830,524
230284,Move,830,525
230338.59999999963,Move,831,526
230407.90000000037,Move,832,526
230442.29999999888,Move,833,527
230459,Move,833,528
230475.19999999925,Move,834,529
230492.90000000037,Move,835,530
230509.19999999925,Move,837,532
230526.90000000037,Move,838,534
230561.09999999963,Move,838,535
230578.59999999963,Move,839,536
230597.79999999888,Move,841,537
230615.69999999925,Move,842,537
230636.09999999963,Move,844,538
230652.19999999925,Move,845,539
230669.19999999925,Move,846,539
230687.69999999925,Move,847,539
230760.19999999925,Move,848,540
230829.90000000037,Move,849,540
230847.79999999888,Move,850,540
230871.29999999888,Move,850,541
230892,Move,851,541
230913.59999999963,Move,852,541
230969.69999999925,Move,854,542
230979.40000000037,Move,856,542
231001.09999999963,Move,858,543
231024.5,Move,859,544
231040.69999999925,Move,858,544
231073.40000000037,Move,859,544
231088,Move,861,545
231104.09999999963,Move,864,546
231119.90000000037,Move,867,546
231136.09999999963,Move,868,546
231167.59999999963,Move,869,546
231216.19999999925,Move,870,546
231264.5,Move,873,546
231276.69999999925,Move,876,546
231289.40000000037,Move,879,546
231311.09999999963,Move,880,546
231325.5,Move,881,546
231374.40000000037,Move,882,545
231404,Move,883,545
231417.59999999963,Move,885,545
231460.09999999963,Move,887,545
231480.69999999925,Move,889,545
231511.40000000037,Move,891,545
231526.90000000037,Move,892,545
231545.5,Move,893,545
231648.79999999888,Move,894,544
231666.90000000037,Move,895,544
231684.79999999888,Move,897,545
231720.5,Move,898,545
231739.29999999888,Move,899,544
231757.5,Move,900,544
231775.59999999963,Move,901,543
231793.90000000037,Move,902,542
231810.90000000037,Move,903,542
231829.09999999963,Move,904,542
231847.59999999963,Move,905,541
231866,Move,906,541
231902.09999999963,Move,907,540
231919.5,Move,908,540
231938.29999999888,Move,909,540
231958.40000000037,Move,910,540
231975.29999999888,Move,911,540
231992.69999999925,Move,912,539
232010.19999999925,Move,913,539
232028.5,Move,914,539
232046.40000000037,Move,915,538
232064.90000000037,Move,916,538
232081.5,Move,917,537
232100.19999999925,Move,918,537
232120.79999999888,Move,919,537
232156,Move,920,536
232182.5,Move,922,535
232189.09999999963,Move,923,535
232213.69999999925,Move,925,534
232222.5,Move,926,534
232245.40000000037,Move,927,533
232266,Move,929,532
232292,Move,931,531
232299.69999999925,Move,932,531
232323.5,Move,933,530
232333.40000000037,Move,935,530
232343.09999999963,Move,935,529
232360.29999999888,Move,937,529
232378.5,Move,938,527
232397,Move,939,526
232415.09999999963,Move,941,525
232423.59999999963,Move,942,524
232441.19999999925,Move,944,523
232449.69999999925,Move,945,523
232480.09999999963,Move,947,522
232499.19999999925,Move,948,519
232509.29999999888,Move,950,518
232529.79999999888,Move,952,516
232540.5,Move,954,515
232559.79999999888,Move,957,513
232569.40000000037,Move,958,513
232640.19999999925,Move,959,512
232654.59999999963,Move,960,511
232669.40000000037,Move,961,510
232682.79999999888,Move,962,509
232697.09999999963,Move,963,507
232711.19999999925,Move,964,506
232725,Move,965,505
232739.5,Move,966,504
232752.29999999888,Move,968,503
232780.09999999963,Move,970,501
232879.19999999925,Move,971,500
232896.5,Move,970,499
232926.59999999963,Move,973,497
232944.19999999925,Move,976,494
232960.19999999925,Move,979,489
232967.09999999963,Move,980,488
233000,Move,981,487
233023.90000000037,Move,982,486
233042.69999999925,Move,982,487
233050.5,Move,982,486
233059.5,Move,982,485
233078.19999999925,Move,983,485
233086.29999999888,Move,983,484
233113.59999999963,Move,985,483
233131.09999999963,Move,986,481
233140.59999999963,Move,987,480
233157.69999999925,Move,989,476
233176,Move,991,472
233194.19999999925,Move,993,470
233211,Move,994,470
233254.59999999963,Move,994,469
233284.5,Move,994,468
233314.09999999963,Move,995,467
233330.09999999963,Move,995,466
233345.5,Move,995,465
233360.09999999963,Move,996,465
233374.5,Move,997,464
233391.5,Move,998,462
233405.09999999963,Move,1000,459
233421,Move,1000,458
233466,Move,1003,455
233480.09999999963,Move,1005,452
233493.69999999925,Move,1006,449
233514.40000000037,Move,1007,444
233529.09999999963,Move,1007,442
233578.40000000037,Move,1008,441
233629.59999999963,Move,1008,439
233638.09999999963,Move,1009,438
233658.29999999888,Move,1011,434
233678.79999999888,Move,1013,428
233688.90000000037,Move,1014,427
233739.79999999888,Move,1014,426
233763.69999999925,Move,1015,425
233776.29999999888,Move,1015,424
233790.40000000037,Move,1016,423
233802.29999999888,Move,1016,421
233829.5,Move,1017,418
233842.5,Move,1018,417
233854.59999999963,Move,1018,415
233881.19999999925,Move,1019,412
233894.79999999888,Move,1019,411
233907.09999999963,Move,1019,410
233983.79999999888,Move,1020,409
234021.5,Move,1020,408
234033.19999999925,Move,1020,407
234059.19999999925,Move,1020,406
234089.69999999925,Move,1020,405
234093.19999999925,Move,1020,404
234106.19999999925,Move,1020,403
234128.5,Move,1021,401
234141.90000000037,Move,1021,399
234167.90000000037,Move,1022,394
234190.79999999888,Move,1023,393
234214.69999999925,Move,1024,389
234224.09999999963,Move,1024,387
234245.29999999888,Move,1024,384
234257.69999999925,Move,1024,383
234268.40000000037,Move,1024,381
234280.09999999963,Move,1024,380
234288.79999999888,Move,1024,379
234370.40000000037,Move,1023,378
234425.40000000037,Move,1023,377
234443.90000000037,Move,1022,377
234462.19999999925,Move,1022,376
234480.40000000037,Move,1021,376
234498.69999999925,Move,1021,375
234515.29999999888,Move,1020,375
234533.69999999925,Move,1020,374
234551.69999999925,Move,1019,373
234571,Move,1018,372
234587,Move,1017,370
234605.09999999963,Move,1016,368
234843.5,Released,1016,368
234892.40000000037,Released,940,673
