resolution:1536,864
193630.6000000015,Pressed,0.5852864583333334,0.2222222222222222
193663.30000000075,Move,0.5852864583333334,0.2222222222222222
193676.6000000015,Move,0.5852864583333334,0.2222222222222222
193927.70000000298,Move,0.580078125,0.22916666666666666
193940.5,Move,0.572265625,0.24074074074074073
193955.90000000224,Move,0.5670572916666666,0.24768518518518517
193975.6000000015,Move,0.5540364583333334,0.2638888888888889
193991.6000000015,Move,0.5475260416666666,0.27314814814814814
194004.6000000015,Move,0.537109375,0.2847222222222222
194025.6000000015,Move,0.5201822916666666,0.30324074074074076
194040.5,Move,0.5123697916666666,0.3148148148148148
194054.5,Move,0.5032552083333334,0.3263888888888889
194068.20000000298,Move,0.4954427083333333,0.33564814814814814
194088.80000000075,Move,0.4850260416666667,0.34953703703703703
194103.40000000224,Move,0.478515625,0.3611111111111111
194124.6000000015,Move,0.4680989583333333,0.375
194138.40000000224,Move,0.4615885416666667,0.38657407407407407
194151.70000000298,Move,0.455078125,0.39814814814814814
194171.70000000298,Move,0.4485677083333333,0.41203703703703703
194187.80000000075,Move,0.4420572916666667,0.42592592592592593
194208.1000000015,Move,0.4329427083333333,0.4444444444444444
194222.70000000298,Move,0.427734375,0.45601851851851855
194236.1000000015,Move,0.423828125,0.46296296296296297
194257.40000000224,Move,0.4134114583333333,0.4791666666666667
194271.1000000015,Move,0.408203125,0.4861111111111111
194279.40000000224,Move,0.404296875,0.4930555555555556
194327.70000000298,Move,0.404296875,0.49074074074074076
194342.30000000075,Move,0.404296875,0.49074074074074076
194367.5,Move,0.4055989583333333,0.48842592592592593
194391.1000000015,Move,0.408203125,0.4791666666666667
194407.5,Move,0.4095052083333333,0.47453703703703703
194439.5,Move,0.4095052083333333,0.47453703703703703
194472.40000000224,Move,0.412109375,0.4791666666666667
194491.40000000224,Move,0.4147135416666667,0.4837962962962963
194507.20000000298,Move,0.416015625,0.4861111111111111
194522.20000000298,Move,0.4173177083333333,0.49074074074074076
194540.70000000298,Move,0.4186197916666667,0.4930555555555556
194553.80000000075,Move,0.419921875,0.4976851851851852
194575.30000000075,Move,0.4225260416666667,0.5046296296296297
194589.90000000224,Move,0.423828125,0.5069444444444444
194602.90000000224,Move,0.4251302083333333,0.5115740740740741
194617.90000000224,Move,0.427734375,0.5162037037037037
194639.6000000015,Move,0.4290364583333333,0.5185185185185185
194653.90000000224,Move,0.4303385416666667,0.5231481481481481
194673.80000000075,Move,0.4329427083333333,0.5277777777777778
194688,Move,0.435546875,0.5324074074074074
194702.90000000224,Move,0.4381510416666667,0.5347222222222222
194723.30000000075,Move,0.443359375,0.5416666666666666
194736.6000000015,Move,0.4459635416666667,0.5462962962962963
194756.90000000224,Move,0.4485677083333333,0.5509259259259259
194773.70000000298,Move,0.4537760416666667,0.5532407407407407
194792.30000000075,Move,0.4602864583333333,0.5601851851851852
194807.1000000015,Move,0.462890625,0.5648148148148148
194821.20000000298,Move,0.4641927083333333,0.5671296296296297
194841,Move,0.4680989583333333,0.5717592592592593
194856.6000000015,Move,0.4694010416666667,0.5740740740740741
194870.5,Move,0.4720052083333333,0.5787037037037037
194992,Move,0.4720052083333333,0.5763888888888888
195050.1000000015,Move,0.4720052083333333,0.5740740740740741
195107.40000000224,Move,0.4720052083333333,0.5740740740740741
195220.90000000224,Move,0.4641927083333333,0.5671296296296297
195227.5,Move,0.458984375,0.5625
195241.30000000075,Move,0.451171875,0.5578703703703703
195254.5,Move,0.4420572916666667,0.5532407407407407
195271.20000000298,Move,0.431640625,0.5462962962962963
195291.30000000075,Move,0.4147135416666667,0.5370370370370371
195306.80000000075,Move,0.4029947916666667,0.5300925925925926
195319.20000000298,Move,0.3873697916666667,0.5231481481481481
195339.90000000224,Move,0.3717447916666667,0.5138888888888888
195354.6000000015,Move,0.3587239583333333,0.5069444444444444
195374.90000000224,Move,0.3444010416666667,0.4976851851851852
195388.90000000224,Move,0.3365885416666667,0.49074074074074076
195403.6000000015,Move,0.330078125,0.4861111111111111
195424.30000000075,Move,0.3170572916666667,0.47453703703703703
195437,Move,0.3053385416666667,0.46064814814814814
195458.6000000015,Move,0.294921875,0.4513888888888889
195472.80000000075,Move,0.2897135416666667,0.44212962962962965
195487.20000000298,Move,0.2805989583333333,0.4305555555555556
195507.70000000298,Move,0.267578125,0.4166666666666667
195521.6000000015,Move,0.2584635416666667,0.4074074074074074
195541.90000000224,Move,0.248046875,0.3958333333333333
195557,Move,0.24153645833333334,0.3912037037037037
195571.40000000224,Move,0.23111979166666666,0.38425925925925924
195599.30000000075,Move,0.22981770833333334,0.3819444444444444
195634.80000000075,Move,0.228515625,0.3819444444444444
195655.30000000075,Move,0.22721354166666666,0.37962962962962965
195670.20000000298,Move,0.22591145833333334,0.3773148148148148
195689.90000000224,Move,0.22330729166666666,0.3726851851851852
195704.20000000298,Move,0.22200520833333334,0.3726851851851852
195724.5,Move,0.220703125,0.37037037037037035
195739.5,Move,0.21940104166666666,0.36574074074074076
195752.5,Move,0.216796875,0.36342592592592593
195774.80000000075,Move,0.208984375,0.35185185185185186
195789.40000000224,Move,0.20768229166666666,0.3541666666666667
195804.40000000224,Move,0.208984375,0.3541666666666667
195825,Move,0.212890625,0.3587962962962963
195831.80000000075,Move,0.21419270833333334,0.3587962962962963
195853.80000000075,Move,0.216796875,0.3611111111111111
195875.20000000298,Move,0.21940104166666666,0.36342592592592593
195889.5,Move,0.220703125,0.36342592592592593
195904.20000000298,Move,0.22330729166666666,0.36574074074074076
195922.70000000298,Move,0.22981770833333334,0.37037037037037035
195937.80000000075,Move,0.23372395833333334,0.3726851851851852
195957.1000000015,Move,0.24153645833333334,0.375
195970.1000000015,Move,0.24674479166666666,0.37962962962962965
195991.70000000298,Move,0.2545572916666667,0.38657407407407407
196006.20000000298,Move,0.263671875,0.39351851851851855
196021.30000000075,Move,0.2766927083333333,0.4050925925925926
196041.40000000224,Move,0.314453125,0.44212962962962965
196054.6000000015,Move,0.3287760416666667,0.45601851851851855
196075.40000000224,Move,0.337890625,0.46296296296296297
196083.5,Move,0.3391927083333333,0.4652777777777778
196155.80000000075,Move,0.3404947916666667,0.46296296296296297
196207.40000000224,Move,0.3404947916666667,0.46296296296296297
196223.20000000298,Move,0.341796875,0.46296296296296297
196257.30000000075,Move,0.341796875,0.46296296296296297
196274.80000000075,Move,0.3430989583333333,0.46296296296296297
196291.80000000075,Move,0.3430989583333333,0.46296296296296297
196325,Move,0.3444010416666667,0.46064814814814814
196343,Move,0.345703125,0.46064814814814814
196359.6000000015,Move,0.3470052083333333,0.46064814814814814
196378.1000000015,Move,0.3483072916666667,0.46064814814814814
196386.20000000298,Move,0.349609375,0.46064814814814814
196406.20000000298,Move,0.353515625,0.4652777777777778
196421.30000000075,Move,0.3600260416666667,0.4699074074074074
196441.6000000015,Move,0.3704427083333333,0.48148148148148145
196454.90000000224,Move,0.3782552083333333,0.48842592592592593
196470.6000000015,Move,0.3860677083333333,0.49537037037037035
196491.40000000224,Move,0.396484375,0.5023148148148148
196504.70000000298,Move,0.4055989583333333,0.5092592592592593
196519,Move,0.419921875,0.5208333333333334
196539.90000000224,Move,0.4602864583333333,0.5509259259259259
196554.30000000075,Move,0.4680989583333333,0.5555555555555556
196571.5,Move,0.4694010416666667,0.5555555555555556
196578,Move,0.4694010416666667,0.5555555555555556
196602.5,Move,0.470703125,0.5578703703703703
196617.90000000224,Move,0.4720052083333333,0.5578703703703703
196634.30000000075,Move,0.478515625,0.5578703703703703
196657.6000000015,Move,0.490234375,0.5578703703703703
196674.1000000015,Move,0.5032552083333334,0.5578703703703703
196691,Move,0.5110677083333334,0.5555555555555556
196705.70000000298,Move,0.5162760416666666,0.5532407407407407
196722.70000000298,Move,0.517578125,0.5532407407407407
196737.20000000298,Move,0.517578125,0.5532407407407407
196753.5,Move,0.5188802083333334,0.5532407407407407
196769.90000000224,Move,0.5188802083333334,0.5532407407407407
196786.1000000015,Move,0.521484375,0.5532407407407407
196802.80000000075,Move,0.5201822916666666,0.5509259259259259
196824.20000000298,Move,0.5201822916666666,0.5532407407407407
196838.6000000015,Move,0.5188802083333334,0.5509259259259259
196859.1000000015,Move,0.513671875,0.5462962962962963
196871.90000000224,Move,0.509765625,0.5416666666666666
196887.40000000224,Move,0.505859375,0.5370370370370371
196908.1000000015,Move,0.498046875,0.5277777777777778
196923.70000000298,Move,0.4928385416666667,0.5208333333333334
196937.5,Move,0.486328125,0.5162037037037037
196957.1000000015,Move,0.478515625,0.5069444444444444
196971.1000000015,Move,0.4733072916666667,0.5
196992.5,Move,0.4654947916666667,0.4930555555555556
197005.6000000015,Move,0.4602864583333333,0.4861111111111111
197026.1000000015,Move,0.451171875,0.47685185185185186
197041.5,Move,0.443359375,0.4652777777777778
197055.20000000298,Move,0.431640625,0.4513888888888889
197075.20000000298,Move,0.4147135416666667,0.42824074074074076
197091.40000000224,Move,0.3951822916666667,0.4027777777777778
197104.30000000075,Move,0.3678385416666667,0.3680555555555556
197118.90000000224,Move,0.3548177083333333,0.3541666666666667
197241.90000000224,Move,0.353515625,0.35185185185185186
197251.90000000224,Move,0.353515625,0.35185185185185186
197272.6000000015,Move,0.353515625,0.34953703703703703
197292.90000000224,Move,0.353515625,0.3472222222222222
197304.20000000298,Move,0.3522135416666667,0.3449074074074074
197323,Move,0.3522135416666667,0.33796296296296297
197342,Move,0.3522135416666667,0.33564814814814814
197355.6000000015,Move,0.3522135416666667,0.33564814814814814
197413.5,Move,0.3522135416666667,0.3333333333333333
197420.6000000015,Move,0.353515625,0.3333333333333333
197441.80000000075,Move,0.3600260416666667,0.3263888888888889
197454.70000000298,Move,0.365234375,0.32407407407407407
197469.5,Move,0.3717447916666667,0.3194444444444444
197491.20000000298,Move,0.376953125,0.3125
197506.6000000015,Move,0.380859375,0.30324074074074076
197525.20000000298,Move,0.384765625,0.29398148148148145
197539.30000000075,Move,0.3873697916666667,0.28935185185185186
197555.80000000075,Move,0.3873697916666667,0.28935185185185186
197567.80000000075,Move,0.388671875,0.28935185185185186
197624.1000000015,Move,0.4134114583333333,0.30092592592592593
197640.20000000298,Move,0.419921875,0.3055555555555556
197652.80000000075,Move,0.435546875,0.31712962962962965
197674.80000000075,Move,0.455078125,0.33564814814814814
197689.6000000015,Move,0.4680989583333333,0.3472222222222222
197709.1000000015,Move,0.490234375,0.3680555555555556
197723.90000000224,Move,0.5045572916666666,0.37962962962962965
197737.6000000015,Move,0.5188802083333334,0.3888888888888889
197758.20000000298,Move,0.5384114583333334,0.39814814814814814
197771.80000000075,Move,0.548828125,0.4027777777777778
197792.70000000298,Move,0.568359375,0.4050925925925926
197806.20000000298,Move,0.5904947916666666,0.4074074074074074
197821.6000000015,Move,0.6022135416666666,0.4050925925925926
197840.90000000224,Move,0.626953125,0.39814814814814814
197855.80000000075,Move,0.6412760416666666,0.3958333333333333
197870.90000000224,Move,0.658203125,0.3958333333333333
197891.30000000075,Move,0.6790364583333334,0.39814814814814814
197904.80000000075,Move,0.6920572916666666,0.40046296296296297
197925.30000000075,Move,0.7102864583333334,0.4074074074074074
198014.20000000298,Move,0.7115885416666666,0.4050925925925926
198028.70000000298,Move,0.7115885416666666,0.4050925925925926
198035.90000000224,Move,0.7115885416666666,0.4050925925925926
198050.6000000015,Move,0.7141927083333334,0.40046296296296297
198070.90000000224,Move,0.716796875,0.39814814814814814
198091,Move,0.7194010416666666,0.3958333333333333
198105.70000000298,Move,0.720703125,0.39351851851851855
198121.5,Move,0.7233072916666666,0.3912037037037037
198139.90000000224,Move,0.724609375,0.38425925925925924
198154,Move,0.7272135416666666,0.3773148148148148
198169.80000000075,Move,0.7298177083333334,0.37037037037037035
198190.70000000298,Move,0.7389322916666666,0.35185185185185186
198235.90000000224,Move,0.7389322916666666,0.3541666666666667
198319.80000000075,Move,0.7389322916666666,0.35648148148148145
198485,Move,0.7376302083333334,0.35648148148148145
198494.40000000224,Move,0.736328125,0.3587962962962963
198499.5,Move,0.7337239583333334,0.3611111111111111
198521,Move,0.724609375,0.36574074074074076
198534.70000000298,Move,0.7194010416666666,0.37037037037037035
198554.40000000224,Move,0.7102864583333334,0.3773148148148148
198571.30000000075,Move,0.7037760416666666,0.3819444444444444
198585,Move,0.6920572916666666,0.3888888888888889
198604.5,Move,0.6686197916666666,0.4074074074074074
198618.6000000015,Move,0.6516927083333334,0.41898148148148145
198636.80000000075,Move,0.6360677083333334,0.42824074074074076
198652.90000000224,Move,0.607421875,0.44907407407407407
198668.6000000015,Move,0.576171875,0.4722222222222222
198687.70000000298,Move,0.4967447916666667,0.5277777777777778
198702.20000000298,Move,0.4694010416666667,0.5486111111111112
198715.70000000298,Move,0.4537760416666667,0.5578703703703703
198799,Move,0.4537760416666667,0.5601851851851852
198828.20000000298,Move,0.4524739583333333,0.5601851851851852
198849.6000000015,Move,0.4524739583333333,0.5601851851851852
198870.6000000015,Move,0.4524739583333333,0.5625
198885.1000000015,Move,0.451171875,0.5625
198905,Move,0.451171875,0.5671296296296297
198920.1000000015,Move,0.4498697916666667,0.5694444444444444
198932.20000000298,Move,0.4498697916666667,0.5717592592592593
198953.90000000224,Move,0.4498697916666667,0.5787037037037037
198967.6000000015,Move,0.4498697916666667,0.5833333333333334
198988.20000000298,Move,0.4485677083333333,0.6018518518518519
199005.20000000298,Move,0.4485677083333333,0.6041666666666666
199016.90000000224,Move,0.447265625,0.6041666666666666
199037.90000000224,Move,0.4459635416666667,0.6041666666666666
199052.6000000015,Move,0.4407552083333333,0.5995370370370371
199066.80000000075,Move,0.4381510416666667,0.5972222222222222
199088.1000000015,Move,0.4368489583333333,0.5972222222222222
199102.1000000015,Move,0.4329427083333333,0.5949074074074074
199115.20000000298,Move,0.4290364583333333,0.5925925925925926
199137.20000000298,Move,0.427734375,0.5925925925925926
199151.80000000075,Move,0.423828125,0.5902777777777778
199172,Move,0.4173177083333333,0.5833333333333334
199184.5,Move,0.4095052083333333,0.5787037037037037
199200.1000000015,Move,0.4016927083333333,0.5717592592592593
199221.30000000075,Move,0.3899739583333333,0.5625
199235.20000000298,Move,0.3821614583333333,0.5555555555555556
199249.5,Move,0.3743489583333333,0.5486111111111112
199269.90000000224,Move,0.3626302083333333,0.5416666666666666
199283.5,Move,0.3548177083333333,0.5347222222222222
199304.80000000075,Move,0.337890625,0.5324074074074074
199317.80000000075,Move,0.3248697916666667,0.5300925925925926
199333,Move,0.2975260416666667,0.5277777777777778
199354.5,Move,0.275390625,0.5231481481481481
199370,Move,0.2701822916666667,0.5208333333333334
199388.1000000015,Move,0.2610677083333333,0.5162037037037037
199502,Move,0.2610677083333333,0.5185185185185185
199517.1000000015,Move,0.2623697916666667,0.5185185185185185
199525.30000000075,Move,0.263671875,0.5185185185185185
199533.6000000015,Move,0.263671875,0.5208333333333334
199551.5,Move,0.263671875,0.5254629629629629
199566.20000000298,Move,0.2649739583333333,0.5277777777777778
199589.20000000298,Move,0.267578125,0.5324074074074074
199604.1000000015,Move,0.267578125,0.5370370370370371
199614.80000000075,Move,0.2688802083333333,0.5370370370370371
199630.40000000224,Move,0.2688802083333333,0.5393518518518519
199662,Move,0.2688802083333333,0.5393518518518519
199693.1000000015,Move,0.2688802083333333,0.5393518518518519
199717,Move,0.2701822916666667,0.5370370370370371
199735.5,Move,0.2727864583333333,0.5347222222222222
199743.5,Move,0.2727864583333333,0.5324074074074074
199771.30000000075,Move,0.2740885416666667,0.5324074074074074
199787.70000000298,Move,0.275390625,0.5300925925925926
199792,Move,0.275390625,0.5277777777777778
199820.70000000298,Move,0.2779947916666667,0.5277777777777778
199834.80000000075,Move,0.279296875,0.5254629629629629
199854.80000000075,Move,0.283203125,0.5208333333333334
199868.90000000224,Move,0.2858072916666667,0.5185185185185185
199883.1000000015,Move,0.287109375,0.5138888888888888
199904.5,Move,0.291015625,0.5115740740740741
199917.40000000224,Move,0.2936197916666667,0.5069444444444444
199934.70000000298,Move,0.2975260416666667,0.5
199954.5,Move,0.3079427083333333,0.48148148148148145
199967.6000000015,Move,0.3196614583333333,0.4583333333333333
199988.1000000015,Move,0.3352864583333333,0.4305555555555556
200002.5,Move,0.3391927083333333,0.4236111111111111
200017,Move,0.3430989583333333,0.4166666666666667
200023.80000000075,Move,0.3430989583333333,0.4166666666666667
200117.30000000075,Move,0.3444010416666667,0.4166666666666667
200163.70000000298,Move,0.345703125,0.4166666666666667
200209.6000000015,Move,0.345703125,0.4166666666666667
200302.70000000298,Move,0.3470052083333333,0.41435185185185186
200318.20000000298,Move,0.3470052083333333,0.41435185185185186
200323.6000000015,Move,0.3483072916666667,0.41435185185185186
200337.20000000298,Move,0.3522135416666667,0.41435185185185186
200350.5,Move,0.3548177083333333,0.41435185185185186
200367.5,Move,0.357421875,0.4166666666666667
200386.40000000224,Move,0.3639322916666667,0.41435185185185186
200401.30000000075,Move,0.3678385416666667,0.4166666666666667
200421.70000000298,Move,0.3860677083333333,0.4166666666666667
200435.90000000224,Move,0.404296875,0.41898148148148145
200451,Move,0.427734375,0.4236111111111111
200471.20000000298,Move,0.4602864583333333,0.42824074074074076
200485,Move,0.4967447916666667,0.4305555555555556
200504.90000000224,Move,0.5553385416666666,0.4236111111111111
200520,Move,0.5865885416666666,0.41203703703703703
200534,Move,0.607421875,0.40046296296296297
200555.1000000015,Move,0.6282552083333334,0.39351851851851855
200567.70000000298,Move,0.6321614583333334,0.3912037037037037
200583.6000000015,Move,0.6334635416666666,0.3888888888888889
200603.20000000298,Move,0.634765625,0.3888888888888889
200616.80000000075,Move,0.6373697916666666,0.3888888888888889
200633.30000000075,Move,0.638671875,0.38657407407407407
200651.90000000224,Move,0.6412760416666666,0.38657407407407407
200672.20000000298,Move,0.6516927083333334,0.38425925925925924
200682.6000000015,Move,0.654296875,0.38425925925925924
200710.30000000075,Move,0.6569010416666666,0.38425925925925924
200723.20000000298,Move,0.6595052083333334,0.38425925925925924
200765.90000000224,Move,0.6595052083333334,0.38425925925925924
200779.1000000015,Move,0.6595052083333334,0.38425925925925924
200800.90000000224,Move,0.6608072916666666,0.3819444444444444
200821,Move,0.6647135416666666,0.375
200835.40000000224,Move,0.6673177083333334,0.3680555555555556
200849.40000000224,Move,0.669921875,0.36342592592592593
200870.40000000224,Move,0.6790364583333334,0.3425925925925926
200885.40000000224,Move,0.685546875,0.3333333333333333
200904.30000000075,Move,0.689453125,0.3287037037037037
200911.80000000075,Move,0.689453125,0.3287037037037037
200948.30000000075,Move,0.689453125,0.3263888888888889
200961.80000000075,Move,0.689453125,0.3263888888888889
200967.6000000015,Move,0.6907552083333334,0.32407407407407407
201015.80000000075,Move,0.6907552083333334,0.3263888888888889
201075.1000000015,Move,0.6907552083333334,0.3287037037037037
201194,Move,0.689453125,0.3263888888888889
201215.5,Move,0.689453125,0.3263888888888889
201237.70000000298,Move,0.6881510416666666,0.3263888888888889
201251.30000000075,Move,0.6868489583333334,0.32407407407407407
201271.20000000298,Move,0.6842447916666666,0.32407407407407407
201285.90000000224,Move,0.6829427083333334,0.32407407407407407
201300.5,Move,0.6803385416666666,0.32175925925925924
201320.6000000015,Move,0.6764322916666666,0.3194444444444444
201336.90000000224,Move,0.673828125,0.31712962962962965
201354.1000000015,Move,0.669921875,0.3125
201369.70000000298,Move,0.6673177083333334,0.3101851851851852
201384.6000000015,Move,0.6647135416666666,0.30787037037037035
201400.5,Move,0.662109375,0.3055555555555556
201419.5,Move,0.658203125,0.30324074074074076
201433.20000000298,Move,0.6555989583333334,0.30092592592592593
201454.5,Move,0.6516927083333334,0.2962962962962963
201468.30000000075,Move,0.6490885416666666,0.29398148148148145
201488.80000000075,Move,0.6451822916666666,0.2916666666666667
201502.80000000075,Move,0.642578125,0.28935185185185186
201517.5,Move,0.638671875,0.2847222222222222
201531.40000000224,Move,0.6334635416666666,0.2777777777777778
201552.1000000015,Move,0.626953125,0.26851851851851855
201572.20000000298,Move,0.6165364583333334,0.2569444444444444
201585.90000000224,Move,0.603515625,0.24305555555555555
201601.30000000075,Move,0.5930989583333334,0.23148148148148148
201615.6000000015,Move,0.587890625,0.22685185185185186
201661.20000000298,Move,0.587890625,0.22453703703703703
201683.6000000015,Move,0.5865885416666666,0.22453703703703703
201729.70000000298,Move,0.5865885416666666,0.2222222222222222
201752.6000000015,Move,0.5852864583333334,0.2222222222222222
202001.1000000015,Released,0.5852864583333334,0.2222222222222222
202053.40000000224,Released,0.4869791666666667,0.6331018518518519