resolution:1536,864
65306.70000000298,Pressed,0.564453125,0.42592592592592593
65331.20000000298,Move,0.564453125,0.42592592592592593
65339.20000000298,Move,0.564453125,0.42592592592592593
65598.70000000298,Move,0.5657552083333334,0.4236111111111111
65612.80000000075,Move,0.5670572916666666,0.4236111111111111
65619.5,Move,0.568359375,0.41898148148148145
65633.60000000149,Move,0.5709635416666666,0.4166666666666667
65654.20000000298,Move,0.576171875,0.41203703703703703
65668.80000000075,Move,0.583984375,0.4027777777777778
65683.5,Move,0.599609375,0.38657407407407407
65702.90000000224,Move,0.6295572916666666,0.3587962962962963
65718.80000000075,Move,0.6647135416666666,0.32407407407407407
65732.60000000149,Move,0.7024739583333334,0.2662037037037037
65753.70000000298,Move,0.7389322916666666,0.19212962962962962
65767,Move,0.7467447916666666,0.17592592592592593
65786.60000000149,Move,0.7493489583333334,0.16898148148148148
65802.20000000298,Move,0.751953125,0.16666666666666666
65816.60000000149,Move,0.7532552083333334,0.16203703703703703
65836.40000000224,Move,0.7610677083333334,0.1527777777777778
65851.10000000149,Move,0.7649739583333334,0.14583333333333334
65858.80000000075,Move,0.7662760416666666,0.14351851851851852
65912.80000000075,Move,0.7662760416666666,0.14583333333333334
65935.90000000224,Move,0.7623697916666666,0.14814814814814814
65950.40000000224,Move,0.7610677083333334,0.15046296296296297
65970.60000000149,Move,0.7571614583333334,0.1550925925925926
65985,Move,0.755859375,0.1550925925925926
65998,Move,0.7545572916666666,0.1550925925925926
66019.20000000298,Move,0.751953125,0.1574074074074074
66026.40000000224,Move,0.751953125,0.1574074074074074
66039.80000000075,Move,0.7506510416666666,0.1574074074074074
66105.10000000149,Move,0.7506510416666666,0.1597222222222222
66120,Move,0.7493489583333334,0.16203703703703703
66133.70000000298,Move,0.7506510416666666,0.16203703703703703
66153.70000000298,Move,0.7493489583333334,0.16898148148148148
66169.20000000298,Move,0.748046875,0.1736111111111111
66181.70000000298,Move,0.7467447916666666,0.18055555555555555
66196.70000000298,Move,0.744140625,0.1875
66216.40000000224,Move,0.7415364583333334,0.19907407407407407
66232.30000000075,Move,0.740234375,0.20833333333333334
66253.10000000149,Move,0.736328125,0.2222222222222222
66268.90000000224,Move,0.7350260416666666,0.2337962962962963
66280.60000000149,Move,0.732421875,0.24305555555555555
66301.60000000149,Move,0.7298177083333334,0.2569444444444444
66317.60000000149,Move,0.728515625,0.26851851851851855
66336.60000000149,Move,0.7259114583333334,0.2824074074074074
66351.40000000224,Move,0.7233072916666666,0.2916666666666667
66364.70000000298,Move,0.7220052083333334,0.30092592592592593
66385.20000000298,Move,0.7194010416666666,0.31712962962962965
66399.5,Move,0.716796875,0.3263888888888889
66414.10000000149,Move,0.7141927083333334,0.33796296296296297
66435.70000000298,Move,0.708984375,0.3611111111111111
66449.5,Move,0.7024739583333334,0.3819444444444444
66469.20000000298,Move,0.689453125,0.4166666666666667
66482.90000000224,Move,0.681640625,0.4398148148148148
66497.5,Move,0.6686197916666666,0.4791666666666667
66518.20000000298,Move,0.6451822916666666,0.5601851851851852
66533.80000000075,Move,0.6360677083333334,0.5949074074074074
66539.30000000075,Move,0.634765625,0.5995370370370371
66622.40000000224,Move,0.6360677083333334,0.5972222222222222
66630,Move,0.6360677083333334,0.5972222222222222
66652,Move,0.6373697916666666,0.5925925925925926
66666.20000000298,Move,0.638671875,0.5925925925925926
66687,Move,0.642578125,0.5879629629629629
66700.70000000298,Move,0.6438802083333334,0.5856481481481481
66715.60000000149,Move,0.6451822916666666,0.5810185185185185
66736.70000000298,Move,0.646484375,0.5810185185185185
66749.70000000298,Move,0.6477864583333334,0.5787037037037037
66764,Move,0.650390625,0.5763888888888888
66783.5,Move,0.6516927083333334,0.5763888888888888
66798.70000000298,Move,0.6529947916666666,0.5740740740740741
66820,Move,0.6555989583333334,0.5717592592592593
66835.20000000298,Move,0.6569010416666666,0.5694444444444444
66848.60000000149,Move,0.658203125,0.5671296296296297
66870.20000000298,Move,0.658203125,0.5648148148148148
66883.20000000298,Move,0.6595052083333334,0.5625
66897.80000000075,Move,0.6595052083333334,0.5601851851851852
66919.40000000224,Move,0.662109375,0.5532407407407407
66933.10000000149,Move,0.662109375,0.5509259259259259
66947.90000000224,Move,0.666015625,0.5393518518518519
66968.20000000298,Move,0.6712239583333334,0.5138888888888888
66981.90000000224,Move,0.673828125,0.5
67003.5,Move,0.6842447916666666,0.4537037037037037
67016,Move,0.701171875,0.4097222222222222
67031.20000000298,Move,0.7194010416666666,0.3726851851851852
67051.90000000224,Move,0.736328125,0.33796296296296297
67066.20000000298,Move,0.7389322916666666,0.3333333333333333
67087.60000000149,Move,0.740234375,0.33101851851851855
67100.60000000149,Move,0.7415364583333334,0.3287037037037037
67121.10000000149,Move,0.7428385416666666,0.32407407407407407
67136.10000000149,Move,0.744140625,0.32175925925925924
67149,Move,0.748046875,0.3148148148148148
67171.30000000075,Move,0.7493489583333334,0.30787037037037035
67277.90000000224,Move,0.7506510416666666,0.30787037037037035
67325.40000000224,Move,0.7506510416666666,0.30787037037037035
67347.60000000149,Move,0.7532552083333334,0.30787037037037035
67370.20000000298,Move,0.7545572916666666,0.30787037037037035
67395.40000000224,Move,0.7545572916666666,0.30787037037037035
67463.40000000224,Move,0.7532552083333334,0.3101851851851852
67470.60000000149,Move,0.751953125,0.3125
67485.5,Move,0.7428385416666666,0.3287037037037037
67502.10000000149,Move,0.732421875,0.3472222222222222
67520.40000000224,Move,0.716796875,0.37962962962962965
67537.60000000149,Move,0.705078125,0.4027777777777778
67549.40000000224,Move,0.6946614583333334,0.4236111111111111
67570.40000000224,Move,0.6686197916666666,0.4652777777777778
67582.80000000075,Move,0.6451822916666666,0.5
67604.30000000075,Move,0.6165364583333334,0.5439814814814815
67618.5,Move,0.603515625,0.5648148148148148
67632,Move,0.5970052083333334,0.5763888888888888
67653.20000000298,Move,0.5944010416666666,0.5810185185185185
67667.30000000075,Move,0.5930989583333334,0.5833333333333334
67681.60000000149,Move,0.591796875,0.5856481481481481
67695.70000000298,Move,0.5904947916666666,0.5879629629629629
67830,Move,0.591796875,0.5856481481481481
67850.30000000075,Move,0.591796875,0.5856481481481481
67871.10000000149,Move,0.5944010416666666,0.5856481481481481
67890.20000000298,Move,0.595703125,0.5856481481481481
67910.60000000149,Move,0.595703125,0.5856481481481481
67938.80000000075,Move,0.5970052083333334,0.5856481481481481
67954.80000000075,Move,0.5983072916666666,0.5833333333333334
67971.10000000149,Move,0.5983072916666666,0.5833333333333334
67993,Move,0.5983072916666666,0.5833333333333334
68093.30000000075,Move,0.5983072916666666,0.5810185185185185
68101.10000000149,Move,0.5970052083333334,0.5810185185185185
68113.70000000298,Move,0.5944010416666666,0.5787037037037037
68135.70000000298,Move,0.587890625,0.5717592592592593
68150.20000000298,Move,0.5826822916666666,0.5671296296296297
68163.20000000298,Move,0.5787760416666666,0.5625
68185,Move,0.560546875,0.5439814814814815
68201,Move,0.537109375,0.5231481481481481
68220.90000000224,Move,0.505859375,0.49537037037037035
68232.90000000224,Move,0.4641927083333333,0.4583333333333333
68248.40000000224,Move,0.408203125,0.39814814814814814
68268.30000000075,Move,0.3287760416666667,0.2962962962962963
68282.70000000298,Move,0.294921875,0.25462962962962965
68302.70000000298,Move,0.2845052083333333,0.24074074074074073
68318.30000000075,Move,0.2805989583333333,0.2361111111111111
68337.30000000075,Move,0.275390625,0.22916666666666666
68352.30000000075,Move,0.2740885416666667,0.22685185185185186
68366.30000000075,Move,0.2701822916666667,0.2222222222222222
68387.20000000298,Move,0.2545572916666667,0.20601851851851852
68401.10000000149,Move,0.2506510416666667,0.2013888888888889
68489.30000000075,Move,0.2506510416666667,0.2037037037037037
68504.30000000075,Move,0.2506510416666667,0.2037037037037037
68519.30000000075,Move,0.2506510416666667,0.20601851851851852
68533.90000000224,Move,0.2506510416666667,0.20833333333333334
68548.80000000075,Move,0.2506510416666667,0.21296296296296297
68567.30000000075,Move,0.251953125,0.22916666666666666
68581.10000000149,Move,0.2506510416666667,0.24768518518518517
68596.70000000298,Move,0.2506510416666667,0.2569444444444444
68608.30000000075,Move,0.2506510416666667,0.25925925925925924
68622.70000000298,Move,0.2506510416666667,0.25925925925925924
68652.30000000075,Move,0.2506510416666667,0.2638888888888889
68770.90000000224,Move,0.2506510416666667,0.2638888888888889
68846.90000000224,Move,0.2506510416666667,0.2662037037037037
68924.30000000075,Move,0.2506510416666667,0.2662037037037037
69001.20000000298,Move,0.271484375,0.2777777777777778
69008.40000000224,Move,0.2805989583333333,0.2800925925925926
69015.5,Move,0.291015625,0.2847222222222222
69036.40000000224,Move,0.3313802083333333,0.2962962962962963
69049.70000000298,Move,0.3600260416666667,0.3055555555555556
69067,Move,0.3938802083333333,0.3125
69085.80000000075,Move,0.447265625,0.3263888888888889
69101.30000000075,Move,0.4811197916666667,0.33796296296296297
69114.70000000298,Move,0.5045572916666666,0.3472222222222222
69134,Move,0.5358072916666666,0.3611111111111111
69149.80000000075,Move,0.560546875,0.375
69164.10000000149,Move,0.5904947916666666,0.39814814814814814
69185,Move,0.6139322916666666,0.4212962962962963
69198.90000000224,Move,0.6399739583333334,0.44212962962962965
69218.80000000075,Move,0.677734375,0.4675925925925926
69234.80000000075,Move,0.6985677083333334,0.48148148148148145
69253,Move,0.7272135416666666,0.49537037037037035
69261.5,Move,0.7454427083333334,0.5023148148148148
69345.90000000224,Move,0.744140625,0.5046296296296297
69368,Move,0.744140625,0.5046296296296297
69381.80000000075,Move,0.7428385416666666,0.5046296296296297
69389.20000000298,Move,0.7428385416666666,0.5046296296296297
69404.60000000149,Move,0.7415364583333334,0.5069444444444444
69410.20000000298,Move,0.740234375,0.5069444444444444
69437.90000000224,Move,0.7389322916666666,0.5092592592592593
69451.20000000298,Move,0.7376302083333334,0.5115740740740741
69467,Move,0.736328125,0.5162037037037037
69486.20000000298,Move,0.7350260416666666,0.5185185185185185
69501.10000000149,Move,0.7337239583333334,0.5208333333333334
69514.5,Move,0.7311197916666666,0.5254629629629629
69535.20000000298,Move,0.7272135416666666,0.5393518518518519
69548.90000000224,Move,0.724609375,0.5416666666666666
69571.20000000298,Move,0.7233072916666666,0.5439814814814815
69584.60000000149,Move,0.7220052083333334,0.5416666666666666
69598.90000000224,Move,0.7180989583333334,0.5393518518518519
69620.40000000224,Move,0.7063802083333334,0.5324074074074074
69634.40000000224,Move,0.6985677083333334,0.5277777777777778
69654.60000000149,Move,0.6868489583333334,0.5231481481481481
69668.90000000224,Move,0.6790364583333334,0.5185185185185185
69683.70000000298,Move,0.669921875,0.5138888888888888
69704.60000000149,Move,0.6595052083333334,0.5046296296296297
69718.60000000149,Move,0.6516927083333334,0.5
69732.10000000149,Move,0.638671875,0.4861111111111111
69753.30000000075,Move,0.619140625,0.4675925925925926
69767.80000000075,Move,0.607421875,0.45601851851851855
69782.30000000075,Move,0.5983072916666666,0.44675925925925924
69802.10000000149,Move,0.5865885416666666,0.4351851851851852
69815.90000000224,Move,0.5813802083333334,0.4305555555555556
69836.80000000075,Move,0.5787760416666666,0.42824074074074076
69852.60000000149,Move,0.5774739583333334,0.42824074074074076
69870.90000000224,Move,0.576171875,0.42592592592592593
69886.60000000149,Move,0.5748697916666666,0.4236111111111111
69894.60000000149,Move,0.5735677083333334,0.4236111111111111
69914.5,Move,0.5735677083333334,0.4236111111111111
69921.60000000149,Move,0.572265625,0.4236111111111111
70053.80000000075,Move,0.5735677083333334,0.42592592592592593
70063.5,Move,0.572265625,0.42592592592592593
70079.90000000224,Move,0.572265625,0.42824074074074076
70102.5,Move,0.572265625,0.4305555555555556
70118.40000000224,Move,0.572265625,0.43287037037037035
70135.90000000224,Move,0.5735677083333334,0.44212962962962965
70151.70000000298,Move,0.5748697916666666,0.44675925925925924
70198.70000000298,Move,0.5748697916666666,0.44675925925925924
70224.5,Move,0.576171875,0.44675925925925924
70232.20000000298,Move,0.576171875,0.4444444444444444
70253.90000000224,Move,0.576171875,0.4398148148148148
70266.30000000075,Move,0.5774739583333334,0.43287037037037035
70287.80000000075,Move,0.5774739583333334,0.4305555555555556
70302.30000000075,Move,0.5774739583333334,0.42592592592592593
70316.70000000298,Move,0.5787760416666666,0.4212962962962963
70337.60000000149,Move,0.5787760416666666,0.4166666666666667
70351.40000000224,Move,0.5787760416666666,0.4097222222222222
70365.5,Move,0.5787760416666666,0.40046296296296297
70385.60000000149,Move,0.5787760416666666,0.38425925925925924
70401.10000000149,Move,0.5787760416666666,0.37037037037037035
70417.60000000149,Move,0.5787760416666666,0.3587962962962963
70436.20000000298,Move,0.5787760416666666,0.3402777777777778
70449.80000000075,Move,0.5787760416666666,0.3263888888888889
70470.80000000075,Move,0.583984375,0.30787037037037035
70484.20000000298,Move,0.5904947916666666,0.28935185185185186
70498.30000000075,Move,0.6009114583333334,0.2569444444444444
70521,Move,0.6139322916666666,0.2152777777777778
70533.30000000075,Move,0.6165364583333334,0.2013888888888889
70553.40000000224,Move,0.619140625,0.1875
70596.90000000224,Move,0.619140625,0.18981481481481483
70612.20000000298,Move,0.6178385416666666,0.18981481481481483
70636.5,Move,0.615234375,0.19212962962962962
70652.80000000075,Move,0.6126302083333334,0.19444444444444445
70669.30000000075,Move,0.6100260416666666,0.19444444444444445
70685.10000000149,Move,0.6087239583333334,0.19675925925925927
70692.70000000298,Move,0.6087239583333334,0.19675925925925927
70750,Move,0.603515625,0.19444444444444445
70771,Move,0.599609375,0.19444444444444445
70784.40000000224,Move,0.5970052083333334,0.19212962962962962
70798.90000000224,Move,0.5930989583333334,0.18981481481481483
70820,Move,0.5891927083333334,0.1875
70832.40000000224,Move,0.5852864583333334,0.18518518518518517
70853.80000000075,Move,0.5787760416666666,0.18287037037037038
70868.20000000298,Move,0.576171875,0.18055555555555555
70882.60000000149,Move,0.572265625,0.17824074074074073
70903.90000000224,Move,0.5657552083333334,0.17592592592592593
70916.5,Move,0.5631510416666666,0.17592592592592593
70930.20000000298,Move,0.5592447916666666,0.17592592592592593
70951.5,Move,0.5553385416666666,0.1736111111111111
70968.90000000224,Move,0.552734375,0.1736111111111111
70986.40000000224,Move,0.5475260416666666,0.1736111111111111
71001.80000000075,Move,0.5423177083333334,0.17592592592592593
71016,Move,0.5397135416666666,0.17592592592592593
71035.40000000224,Move,0.5345052083333334,0.17824074074074073
71052,Move,0.5305989583333334,0.17824074074074073
71064.70000000298,Move,0.5279947916666666,0.17824074074074073
71085.20000000298,Move,0.521484375,0.18055555555555555
71100.20000000298,Move,0.517578125,0.18055555555555555
71119.80000000075,Move,0.513671875,0.18287037037037038
71134.20000000298,Move,0.509765625,0.18055555555555555
71140.60000000149,Move,0.5084635416666666,0.18055555555555555
71162.90000000224,Move,0.5045572916666666,0.18055555555555555
71205.90000000224,Move,0.5032552083333334,0.18055555555555555
71237.60000000149,Move,0.501953125,0.18055555555555555
71252.20000000298,Move,0.5006510416666666,0.18055555555555555
71268.30000000075,Move,0.4993489583333333,0.18055555555555555
71281.5,Move,0.498046875,0.18055555555555555
71297.90000000224,Move,0.4967447916666667,0.18055555555555555
71311.60000000149,Move,0.4967447916666667,0.18055555555555555
71387.40000000224,Move,0.4967447916666667,0.18287037037037038
71400.60000000149,Move,0.4967447916666667,0.18981481481481483
71416.80000000075,Move,0.498046875,0.20833333333333334
71437,Move,0.5006510416666666,0.2523148148148148
71452.30000000075,Move,0.5045572916666666,0.29398148148148145
71465.70000000298,Move,0.5071614583333334,0.3287037037037037
71485.5,Move,0.5123697916666666,0.38425925925925924
71498.90000000224,Move,0.513671875,0.41435185185185186
71519.40000000224,Move,0.513671875,0.44675925925925924
71536.30000000075,Move,0.5123697916666666,0.47685185185185186
71550.40000000224,Move,0.509765625,0.5
71570.10000000149,Move,0.5045572916666666,0.5324074074074074
71583.60000000149,Move,0.5032552083333334,0.5486111111111112
71599.5,Move,0.501953125,0.5648148148148148
71617.80000000075,Move,0.501953125,0.5787037037037037
71633.40000000224,Move,0.501953125,0.5833333333333334
71653.5,Move,0.5006510416666666,0.5879629629629629
71667.40000000224,Move,0.501953125,0.5902777777777778
71673.60000000149,Move,0.501953125,0.5925925925925926
71703.10000000149,Move,0.501953125,0.5949074074074074
71709.90000000224,Move,0.501953125,0.5972222222222222
71806.60000000149,Move,0.5006510416666666,0.5949074074074074
71813.60000000149,Move,0.5006510416666666,0.5925925925925926
71835.10000000149,Move,0.498046875,0.5902777777777778
71848.70000000298,Move,0.4967447916666667,0.5879629629629629
71868.80000000075,Move,0.4954427083333333,0.5833333333333334
71884.20000000298,Move,0.494140625,0.5787037037037037
71898.20000000298,Move,0.4928385416666667,0.5763888888888888
71919.30000000075,Move,0.4915364583333333,0.5740740740740741
71933.40000000224,Move,0.4915364583333333,0.5717592592592593
71953.70000000298,Move,0.4915364583333333,0.5717592592592593
71967.20000000298,Move,0.490234375,0.5694444444444444
71981.5,Move,0.4889322916666667,0.5671296296296297
72002.80000000075,Move,0.4876302083333333,0.5648148148148148
72017.30000000075,Move,0.486328125,0.5625
72037,Move,0.482421875,0.5486111111111112
72052.5,Move,0.4772135416666667,0.5347222222222222
72065.80000000075,Move,0.474609375,0.5254629629629629
72086.5,Move,0.4654947916666667,0.5069444444444444
72101.80000000075,Move,0.4615885416666667,0.49537037037037035
72115.90000000224,Move,0.4563802083333333,0.48148148148148145
72135.60000000149,Move,0.4459635416666667,0.4583333333333333
72150.80000000075,Move,0.4407552083333333,0.44675925925925924
72170.40000000224,Move,0.431640625,0.4236111111111111
72185.40000000224,Move,0.427734375,0.41203703703703703
72199.40000000224,Move,0.4225260416666667,0.39814814814814814
72220,Move,0.4173177083333333,0.3819444444444444
72233.5,Move,0.4134114583333333,0.37037037037037035
72253.5,Move,0.408203125,0.3472222222222222
72268.70000000298,Move,0.404296875,0.3287037037037037
72283.90000000224,Move,0.4016927083333333,0.31712962962962965
72303.5,Move,0.396484375,0.2962962962962963
72317.30000000075,Move,0.3951822916666667,0.2824074074074074
72332.20000000298,Move,0.3899739583333333,0.26157407407407407
72352.10000000149,Move,0.3860677083333333,0.24305555555555555
72367.60000000149,Move,0.3834635416666667,0.23148148148148148
72386.60000000149,Move,0.3782552083333333,0.2152777777777778
72403.10000000149,Move,0.3743489583333333,0.2013888888888889
72492.40000000224,Move,0.373046875,0.2013888888888889
72518.60000000149,Move,0.373046875,0.2037037037037037
72550.30000000075,Move,0.373046875,0.2037037037037037
72566.5,Move,0.3743489583333333,0.20601851851851852
72589,Move,0.3743489583333333,0.20833333333333334
72596.90000000224,Move,0.3743489583333333,0.20833333333333334
72614,Move,0.373046875,0.21064814814814814
72638,Move,0.373046875,0.21296296296296297
72653.80000000075,Move,0.3717447916666667,0.2152777777777778
72670.10000000149,Move,0.3717447916666667,0.2175925925925926
72685.20000000298,Move,0.3704427083333333,0.22453703703703703
72701.40000000224,Move,0.369140625,0.23148148148148148
72717.5,Move,0.369140625,0.2337962962962963
72734.20000000298,Move,0.3678385416666667,0.23148148148148148
72761.90000000224,Move,0.3678385416666667,0.23148148148148148
72769,Move,0.3665364583333333,0.23148148148148148
72783.20000000298,Move,0.3639322916666667,0.23148148148148148
72789.20000000298,Move,0.3639322916666667,0.23148148148148148
72824.30000000075,Move,0.3626302083333333,0.23148148148148148
72831.90000000224,Move,0.361328125,0.23148148148148148
72846.30000000075,Move,0.3600260416666667,0.22916666666666666
72867.20000000298,Move,0.3587239583333333,0.22916666666666666
72887.80000000075,Move,0.357421875,0.22916666666666666
72902.5,Move,0.3548177083333333,0.22916666666666666
72915.60000000149,Move,0.3522135416666667,0.22916666666666666
72937.5,Move,0.3470052083333333,0.22916666666666666
72952.60000000149,Move,0.3444010416666667,0.22916666666666666
72966,Move,0.3404947916666667,0.22916666666666666
72986.5,Move,0.3352864583333333,0.22916666666666666
73000.70000000298,Move,0.3326822916666667,0.22916666666666666
73014.5,Move,0.3287760416666667,0.22916666666666666
73036.40000000224,Move,0.322265625,0.22685185185185186
73049.5,Move,0.3131510416666667,0.22685185185185186
73069.80000000075,Move,0.2962239583333333,0.2199074074074074
73084.5,Move,0.2740885416666667,0.21296296296296297
73098.60000000149,Move,0.263671875,0.21064814814814814
73119.60000000149,Move,0.251953125,0.20601851851851852
73135.60000000149,Move,0.248046875,0.20601851851851852
73148.60000000149,Move,0.244140625,0.20601851851851852
73206,Move,0.244140625,0.20833333333333334
73232.20000000298,Move,0.244140625,0.21064814814814814
73242.60000000149,Move,0.24544270833333334,0.21064814814814814
73255.30000000075,Move,0.24544270833333334,0.21296296296296297
73267.40000000224,Move,0.24544270833333334,0.21296296296296297
73280,Move,0.24544270833333334,0.2152777777777778
73303.40000000224,Move,0.24544270833333334,0.2175925925925926
73327.40000000224,Move,0.24544270833333334,0.2199074074074074
73338.70000000298,Move,0.24544270833333334,0.2199074074074074
73351.30000000075,Move,0.24674479166666666,0.2222222222222222
73369.90000000224,Move,0.24674479166666666,0.2222222222222222
73401.90000000224,Move,0.24674479166666666,0.22453703703703703
73419.80000000075,Move,0.248046875,0.22685185185185186
73427.10000000149,Move,0.24934895833333334,0.22685185185185186
73451.40000000224,Move,0.2506510416666667,0.22916666666666666
73469.60000000149,Move,0.2545572916666667,0.23148148148148148
73485,Move,0.259765625,0.2361111111111111
73500.20000000298,Move,0.2649739583333333,0.24074074074074073
73516,Move,0.2727864583333333,0.24537037037037038
73532.30000000075,Move,0.2805989583333333,0.25
73546.90000000224,Move,0.2897135416666667,0.2569444444444444
73563.20000000298,Move,0.298828125,0.2662037037037037
73581.30000000075,Move,0.3092447916666667,0.27314814814814814
73603.20000000298,Move,0.3235677083333333,0.2847222222222222
73618.5,Move,0.333984375,0.29398148148148145
73636.40000000224,Move,0.3430989583333333,0.30092592592592593
73652.60000000149,Move,0.353515625,0.30787037037037035
73666.80000000075,Move,0.3626302083333333,0.31712962962962965
73683.5,Move,0.3717447916666667,0.32407407407407407
73699.10000000149,Move,0.380859375,0.33101851851851855
73715.5,Move,0.3899739583333333,0.33796296296296297
73731.30000000075,Move,0.400390625,0.3449074074074074
73748.20000000298,Move,0.4147135416666667,0.35185185185185186
73771.10000000149,Move,0.4381510416666667,0.36342592592592593
73786.40000000224,Move,0.4537760416666667,0.37037037037037035
73802.70000000298,Move,0.482421875,0.38657407407407407
73818.80000000075,Move,0.5240885416666666,0.41203703703703703
73835,Move,0.5540364583333334,0.4305555555555556
73842.40000000224,Move,0.5592447916666666,0.4351851851851852
73945.60000000149,Move,0.560546875,0.43287037037037035
73988.20000000298,Move,0.560546875,0.43287037037037035
74001.5,Move,0.5618489583333334,0.43287037037037035
74017,Move,0.5631510416666666,0.4305555555555556
74030.10000000149,Move,0.564453125,0.42592592592592593
74043,Move,0.564453125,0.42592592592592593
74058.60000000149,Move,0.564453125,0.42592592592592593
74339.10000000149,Released,0.564453125,0.42592592592592593
74400.40000000224,Released,0.4869791666666667,0.6331018518518519