resolution:1536,864
816705,Pressed,0.6321614583333334,0.3587962962962963
817222,Move,0.630859375,0.3587962962962963
817228,Move,0.62890625,0.35648148148148145
817243,Move,0.6184895833333334,0.34837962962962965
817256,Move,0.6022135416666666,0.33449074074074076
817270,Move,0.5852864583333334,0.3194444444444444
817292,Move,0.5768229166666666,0.3101851851851852
817306,Move,0.576171875,0.3113425925925926
817320,Move,0.5755208333333334,0.3113425925925926
817339,Move,0.5755208333333334,0.3113425925925926
817361,Move,0.5755208333333334,0.3113425925925926
817376,Move,0.5755208333333334,0.3113425925925926
817390,Move,0.5755208333333334,0.3113425925925926
817411,Move,0.5755208333333334,0.3113425925925926
817424,Move,0.5755208333333334,0.3113425925925926
817438,Move,0.5755208333333334,0.3113425925925926
817460,Move,0.57421875,0.3101851851851852
817474,Move,0.5735677083333334,0.30787037037037035
817492,Move,0.5735677083333334,0.30787037037037035
817508,Move,0.5735677083333334,0.30787037037037035
817523,Move,0.5735677083333334,0.30787037037037035
817537,Move,0.5735677083333334,0.30787037037037035
817558,Move,0.5735677083333334,0.30787037037037035
817578,Move,0.5735677083333334,0.30787037037037035
817592,Move,0.5735677083333334,0.30787037037037035
817607,Move,0.5735677083333334,0.30787037037037035
817622,Move,0.5735677083333334,0.30787037037037035
817642,Move,0.5735677083333334,0.30787037037037035
817656,Move,0.5735677083333334,0.30787037037037035
817676,Move,0.5735677083333334,0.30787037037037035
817690,Move,0.5735677083333334,0.30787037037037035
817698,Move,0.5735677083333334,0.30787037037037035
817726,Move,0.5735677083333334,0.30787037037037035
817740,Move,0.5735677083333334,0.30787037037037035
817760,Move,0.5735677083333334,0.30787037037037035
817768,Move,0.5735677083333334,0.30787037037037035
817788,Move,0.5735677083333334,0.30787037037037035
817810,Move,0.5735677083333334,0.30787037037037035
817824,Move,0.5716145833333334,0.30671296296296297
817845,Move,0.5670572916666666,0.30324074074074076
817859,Move,0.5592447916666666,0.2951388888888889
817879,Move,0.5247395833333334,0.26851851851851855
817893,Move,0.4986979166666667,0.2511574074074074
817908,Move,0.4752604166666667,0.2349537037037037
817924,Move,0.45703125,0.22337962962962962
817935,Move,0.4420572916666667,0.21180555555555555
817957,Move,0.4205729166666667,0.19675925925925927
817971,Move,0.4147135416666667,0.19212962962962962
818005,Move,0.4153645833333333,0.19212962962962962
818030,Move,0.4153645833333333,0.19212962962962962
818055,Move,0.4153645833333333,0.19328703703703703
818080,Move,0.416015625,0.19328703703703703
818105,Move,0.416015625,0.19328703703703703
818130,Move,0.416015625,0.19444444444444445
818155,Move,0.416015625,0.19444444444444445
818180,Move,0.416015625,0.19560185185185186
818205,Move,0.4166666666666667,0.19675925925925927
818230,Move,0.4166666666666667,0.19675925925925927
818255,Move,0.4166666666666667,0.19675925925925927
818280,Move,0.4166666666666667,0.19675925925925927
818305,Move,0.4166666666666667,0.19791666666666666
818330,Move,0.4173177083333333,0.19907407407407407
818355,Move,0.4173177083333333,0.20023148148148148
818382,Move,0.41796875,0.20023148148148148
818406,Move,0.41796875,0.2013888888888889
818428,Move,0.41796875,0.2025462962962963
818454,Move,0.41796875,0.2048611111111111
818481,Move,0.4192708333333333,0.20717592592592593
818504,Move,0.4192708333333333,0.20833333333333334
818532,Move,0.419921875,0.21064814814814814
818540,Move,0.419921875,0.21064814814814814
818561,Move,0.419921875,0.21875
818575,Move,0.419921875,0.2222222222222222
818588,Move,0.4205729166666667,0.22453703703703703
818606,Move,0.4205729166666667,0.22916666666666666
818624,Move,0.4231770833333333,0.24189814814814814
818640,Move,0.42578125,0.2534722222222222
818659,Move,0.4322916666666667,0.27546296296296297
818673,Move,0.4329427083333333,0.2789351851851852
818688,Move,0.43359375,0.2789351851851852
818707,Move,0.43359375,0.2800925925925926
818721,Move,0.43359375,0.28125
818735,Move,0.4342447916666667,0.2835648148148148
818758,Move,0.4348958333333333,0.2847222222222222
818770,Move,0.4348958333333333,0.28587962962962965
818792,Move,0.4348958333333333,0.28703703703703703
818799,Move,0.4348958333333333,0.2881944444444444
818828,Move,0.4342447916666667,0.28935185185185186
818840,Move,0.4348958333333333,0.29282407407407407
818855,Move,0.4348958333333333,0.29398148148148145
818877,Move,0.4361979166666667,0.30092592592592593
818906,Move,0.4368489583333333,0.31712962962962965
818927,Move,0.4368489583333333,0.3402777777777778
818940,Move,0.4361979166666667,0.3587962962962963
818959,Move,0.43359375,0.3958333333333333
818974,Move,0.431640625,0.4224537037037037
818989,Move,0.4309895833333333,0.4386574074074074
819009,Move,0.4309895833333333,0.4525462962962963
819022,Move,0.4309895833333333,0.4548611111111111
819044,Move,0.4309895833333333,0.4548611111111111
819058,Move,0.4309895833333333,0.45601851851851855
819071,Move,0.431640625,0.45717592592592593
819094,Move,0.4322916666666667,0.46064814814814814
819106,Move,0.4322916666666667,0.4652777777777778
819190,Move,0.4329427083333333,0.46412037037037035
819214,Move,0.4329427083333333,0.46412037037037035
819240,Move,0.4329427083333333,0.46296296296296297
819263,Move,0.43359375,0.46064814814814814
819285,Move,0.43359375,0.46064814814814814
819312,Move,0.43359375,0.45949074074074076
819334,Move,0.43359375,0.45949074074074076
819359,Move,0.43359375,0.4583333333333333
819381,Move,0.43359375,0.45717592592592593
819406,Move,0.43359375,0.45601851851851855
819430,Move,0.43359375,0.45601851851851855
819454,Move,0.43359375,0.4548611111111111
819479,Move,0.43359375,0.4537037037037037
819502,Move,0.43359375,0.4525462962962963
819525,Move,0.43359375,0.4513888888888889
819551,Move,0.43359375,0.4513888888888889
819576,Move,0.4322916666666667,0.4525462962962963
819583,Move,0.4309895833333333,0.4537037037037037
819590,Move,0.4283854166666667,0.4537037037037037
819611,Move,0.4264322916666667,0.4525462962962963
819625,Move,0.4231770833333333,0.4537037037037037
819639,Move,0.4225260416666667,0.4548611111111111
819654,Move,0.4205729166666667,0.4548611111111111
819674,Move,0.4186197916666667,0.45601851851851855
819687,Move,0.416015625,0.45601851851851855
819708,Move,0.4134114583333333,0.45601851851851855
819723,Move,0.4127604166666667,0.45717592592592593
819735,Move,0.4114583333333333,0.45717592592592593
819758,Move,0.4075520833333333,0.4583333333333333
819780,Move,0.4049479166666667,0.4583333333333333
819792,Move,0.404296875,0.45949074074074076
819808,Move,0.4016927083333333,0.45949074074074076
819827,Move,0.3997395833333333,0.46064814814814814
819842,Move,0.3971354166666667,0.46064814814814814
819856,Move,0.3951822916666667,0.46064814814814814
819877,Move,0.392578125,0.46064814814814814
819893,Move,0.3893229166666667,0.46064814814814814
819904,Move,0.3873697916666667,0.46064814814814814
819926,Move,0.3860677083333333,0.4618055555555556
819940,Move,0.3841145833333333,0.46064814814814814
819961,Move,0.3815104166666667,0.4618055555555556
819976,Move,0.37890625,0.46296296296296297
819996,Move,0.3763020833333333,0.4652777777777778
820010,Move,0.3743489583333333,0.4652777777777778
820024,Move,0.3723958333333333,0.4652777777777778
820045,Move,0.3678385416666667,0.4675925925925926
820058,Move,0.3658854166666667,0.46875
820073,Move,0.3619791666666667,0.4699074074074074
820094,Move,0.3567708333333333,0.4722222222222222
820107,Move,0.353515625,0.47337962962962965
820122,Move,0.3522135416666667,0.47453703703703703
820142,Move,0.34765625,0.4756944444444444
820158,Move,0.3463541666666667,0.47453703703703703
820178,Move,0.3424479166666667,0.47685185185185186
820192,Move,0.3372395833333333,0.4791666666666667
820207,Move,0.333984375,0.48032407407407407
820227,Move,0.330078125,0.4826388888888889
820242,Move,0.3248697916666667,0.4837962962962963
820255,Move,0.3216145833333333,0.4837962962962963
820276,Move,0.318359375,0.48726851851851855
820290,Move,0.3151041666666667,0.4861111111111111
820305,Move,0.3138020833333333,0.48726851851851855
820326,Move,0.3098958333333333,0.4895833333333333
820339,Move,0.306640625,0.49074074074074076
820360,Move,0.3033854166666667,0.4930555555555556
820374,Move,0.302734375,0.49421296296296297
820388,Move,0.30078125,0.4965277777777778
820409,Move,0.2962239583333333,0.4976851851851852
820473,Move,0.2955729166666667,0.4976851851851852
820511,Move,0.294921875,0.4976851851851852
820550,Move,0.2942708333333333,0.4976851851851852
820589,Move,0.2936197916666667,0.4976851851851852
820627,Move,0.29296875,0.4976851851851852
820665,Move,0.29296875,0.4976851851851852
820701,Move,0.29296875,0.4976851851851852
820740,Move,0.2923177083333333,0.4976851851851852
820777,Move,0.2916666666666667,0.4976851851851852
820818,Move,0.2923177083333333,0.4976851851851852
820825,Move,0.2923177083333333,0.4976851851851852
820839,Move,0.29296875,0.4976851851851852
820860,Move,0.2936197916666667,0.4976851851851852
820867,Move,0.2942708333333333,0.4976851851851852
820894,Move,0.2994791666666667,0.4965277777777778
820909,Move,0.30078125,0.49537037037037035
820922,Move,0.3020833333333333,0.49537037037037035
820938,Move,0.3033854166666667,0.49537037037037035
820958,Move,0.3079427083333333,0.49421296296296297
820971,Move,0.310546875,0.4930555555555556
820992,Move,0.3131510416666667,0.4930555555555556
821008,Move,0.3170572916666667,0.49189814814814814
821027,Move,0.3268229166666667,0.48842592592592593
821042,Move,0.3352864583333333,0.4861111111111111
821056,Move,0.345703125,0.4826388888888889
821078,Move,0.3684895833333333,0.47453703703703703
821091,Move,0.3815104166666667,0.4699074074074074
821112,Move,0.3958333333333333,0.4652777777777778
821125,Move,0.4134114583333333,0.45949074074074076
821140,Move,0.435546875,0.4513888888888889
821154,Move,0.458984375,0.4444444444444444
821174,Move,0.494140625,0.4351851851851852
821188,Move,0.5169270833333334,0.43171296296296297
821202,Move,0.5358072916666666,0.42939814814814814
821224,Move,0.5572916666666666,0.4305555555555556
821241,Move,0.5690104166666666,0.4305555555555556
821259,Move,0.5833333333333334,0.4305555555555556
821272,Move,0.58984375,0.4305555555555556
821289,Move,0.59375,0.42939814814814814
821308,Move,0.595703125,0.42939814814814814
821323,Move,0.59765625,0.42824074074074076
821343,Move,0.599609375,0.42824074074074076
821357,Move,0.6002604166666666,0.42824074074074076
821377,Move,0.6009114583333334,0.42824074074074076
821392,Move,0.6022135416666666,0.42824074074074076
821407,Move,0.603515625,0.42824074074074076
821421,Move,0.6041666666666666,0.42824074074074076
821440,Move,0.60546875,0.42824074074074076
821455,Move,0.6061197916666666,0.42824074074074076
821477,Move,0.6106770833333334,0.4270833333333333
821491,Move,0.6158854166666666,0.42592592592592593
821504,Move,0.619140625,0.42592592592592593
821525,Move,0.6223958333333334,0.42476851851851855
821539,Move,0.6243489583333334,0.42476851851851855
821546,Move,0.625,0.42476851851851855
821677,Move,0.6243489583333334,0.4236111111111111
821697,Move,0.6236979166666666,0.4236111111111111
821717,Move,0.6236979166666666,0.4236111111111111
821737,Move,0.623046875,0.4224537037037037
821756,Move,0.6223958333333334,0.4224537037037037
821777,Move,0.6223958333333334,0.4212962962962963
821798,Move,0.6217447916666666,0.4212962962962963
821817,Move,0.62109375,0.4201388888888889
821836,Move,0.62109375,0.4201388888888889
821858,Move,0.6204427083333334,0.41898148148148145
821876,Move,0.6197916666666666,0.41898148148148145
821897,Move,0.6197916666666666,0.41898148148148145
821917,Move,0.619140625,0.41898148148148145
821939,Move,0.6184895833333334,0.41782407407407407
821956,Move,0.6184895833333334,0.41782407407407407
821976,Move,0.6178385416666666,0.4166666666666667
821996,Move,0.6171875,0.4166666666666667
822018,Move,0.6171875,0.4166666666666667
822042,Move,0.6158854166666666,0.41550925925925924
822048,Move,0.6145833333333334,0.41550925925925924
822057,Move,0.61328125,0.41435185185185186
822077,Move,0.6080729166666666,0.4131944444444444
822091,Move,0.5930989583333334,0.40625
822104,Move,0.580078125,0.3993055555555556
822126,Move,0.5618489583333334,0.38773148148148145
822143,Move,0.5462239583333334,0.3773148148148148
822161,Move,0.52734375,0.36342592592592593
822175,Move,0.5162760416666666,0.35648148148148145
822189,Move,0.5,0.3460648148148148
822210,Move,0.4772135416666667,0.33564814814814814
822224,Move,0.4674479166666667,0.33101851851851855
822245,Move,0.4498697916666667,0.3263888888888889
822255,Move,0.4407552083333333,0.32407407407407407
822273,Move,0.41015625,0.3194444444444444
822294,Move,0.3815104166666667,0.31828703703703703
822307,Move,0.3619791666666667,0.31712962962962965
822322,Move,0.345703125,0.31712962962962965
822344,Move,0.3287760416666667,0.3159722222222222
822356,Move,0.31640625,0.3136574074074074
822379,Move,0.3033854166666667,0.3113425925925926
822392,Move,0.2981770833333333,0.3101851851851852
822408,Move,0.2955729166666667,0.3090277777777778
822427,Move,0.2936197916666667,0.3090277777777778
822440,Move,0.2923177083333333,0.30787037037037035
822454,Move,0.2903645833333333,0.30787037037037035
822476,Move,0.287109375,0.30671296296296297
822492,Move,0.2858072916666667,0.30671296296296297
822511,Move,0.28515625,0.30671296296296297
822524,Move,0.2838541666666667,0.30671296296296297
822546,Move,0.283203125,0.30671296296296297
822554,Move,0.283203125,0.30671296296296297
822588,Move,0.2825520833333333,0.30671296296296297
822606,Move,0.2825520833333333,0.30671296296296297
822623,Move,0.2825520833333333,0.30671296296296297
822640,Move,0.28125,0.30671296296296297
822656,Move,0.2805989583333333,0.30671296296296297
822675,Move,0.2805989583333333,0.30671296296296297
822691,Move,0.2799479166666667,0.30671296296296297
822708,Move,0.2799479166666667,0.30671296296296297
822724,Move,0.279296875,0.30671296296296297
822742,Move,0.2779947916666667,0.30671296296296297
822759,Move,0.27734375,0.30671296296296297
822776,Move,0.27734375,0.30671296296296297
822793,Move,0.2760416666666667,0.30671296296296297
822809,Move,0.2747395833333333,0.30671296296296297
822827,Move,0.2740885416666667,0.30671296296296297
822844,Move,0.2740885416666667,0.30671296296296297
822861,Move,0.2740885416666667,0.30671296296296297
822879,Move,0.2740885416666667,0.30671296296296297
822898,Move,0.2747395833333333,0.3055555555555556
822906,Move,0.2747395833333333,0.3055555555555556
822926,Move,0.2740885416666667,0.30439814814814814
822942,Move,0.2740885416666667,0.30439814814814814
822957,Move,0.2747395833333333,0.30324074074074076
822975,Move,0.2747395833333333,0.3020833333333333
822991,Move,0.2747395833333333,0.30324074074074076
823010,Move,0.275390625,0.3020833333333333
823026,Move,0.275390625,0.3020833333333333
823045,Move,0.2766927083333333,0.30092592592592593
823059,Move,0.2766927083333333,0.29976851851851855
823074,Move,0.27734375,0.2986111111111111
823094,Move,0.2779947916666667,0.2974537037037037
823110,Move,0.2786458333333333,0.29398148148148145
823124,Move,0.2799479166666667,0.2916666666666667
823142,Move,0.28125,0.28587962962962965
823157,Move,0.2825520833333333,0.28125
823179,Move,0.283203125,0.2777777777777778
823192,Move,0.2845052083333333,0.2743055555555556
823206,Move,0.2858072916666667,0.26851851851851855
823227,Move,0.2890625,0.2569444444444444
823241,Move,0.2923177083333333,0.25
823255,Move,0.2962239583333333,0.24074074074074073
823276,Move,0.3033854166666667,0.22569444444444445
823290,Move,0.3072916666666667,0.2175925925925926
823311,Move,0.3125,0.20833333333333334
823326,Move,0.3151041666666667,0.2025462962962963
823339,Move,0.3170572916666667,0.19907407407407407
823354,Move,0.3177083333333333,0.19560185185185186
823375,Move,0.3190104166666667,0.19560185185185186
823395,Move,0.3190104166666667,0.19444444444444445
823408,Move,0.3190104166666667,0.19328703703703703
823422,Move,0.3190104166666667,0.19328703703703703
823443,Move,0.3190104166666667,0.19212962962962962
823458,Move,0.3190104166666667,0.19212962962962962
823473,Move,0.3196614583333333,0.1909722222222222
823495,Move,0.3203125,0.1909722222222222
823509,Move,0.3203125,0.1909722222222222
823527,Move,0.3216145833333333,0.18981481481481483
823542,Move,0.322265625,0.1875
823557,Move,0.3229166666666667,0.1863425925925926
823570,Move,0.3235677083333333,0.18518518518518517
823592,Move,0.32421875,0.18287037037037038
823607,Move,0.32421875,0.18287037037037038
823705,Move,0.32421875,0.18287037037037038
823784,Move,0.32421875,0.18055555555555555
823852,Move,0.32421875,0.18055555555555555
823927,Move,0.32421875,0.17939814814814814
824002,Move,0.32421875,0.17824074074074073
824077,Move,0.32421875,0.17824074074074073
824149,Move,0.3248697916666667,0.18287037037037038
824157,Move,0.3274739583333333,0.19212962962962962
824171,Move,0.3359375,0.23148148148148148
824192,Move,0.3463541666666667,0.2847222222222222
824206,Move,0.34765625,0.2881944444444444
824227,Move,0.34765625,0.28935185185185186
824241,Move,0.34765625,0.28935185185185186
824255,Move,0.34765625,0.28935185185185186
824277,Move,0.34765625,0.28935185185185186
824290,Move,0.34765625,0.28935185185185186
824311,Move,0.3489583333333333,0.28935185185185186
824325,Move,0.3489583333333333,0.28935185185185186
824341,Move,0.3489583333333333,0.28935185185185186
824360,Move,0.3489583333333333,0.28935185185185186
824374,Move,0.3489583333333333,0.28935185185185186
824396,Move,0.3489583333333333,0.28935185185185186
824409,Move,0.3489583333333333,0.28935185185185186
824424,Move,0.3489583333333333,0.28935185185185186
824444,Move,0.3489583333333333,0.28935185185185186
824457,Move,0.3489583333333333,0.28935185185185186
824473,Move,0.3489583333333333,0.28935185185185186
824493,Move,0.3489583333333333,0.28935185185185186
824510,Move,0.3489583333333333,0.28935185185185186
824528,Move,0.3489583333333333,0.28935185185185186
824541,Move,0.3489583333333333,0.2881944444444444
824558,Move,0.3502604166666667,0.29282407407407407
824570,Move,0.3522135416666667,0.3020833333333333
824591,Move,0.3684895833333333,0.3680555555555556
824603,Move,0.3854166666666667,0.4270833333333333
824626,Move,0.4029947916666667,0.48842592592592593
824640,Move,0.4127604166666667,0.5254629629629629
824657,Move,0.41796875,0.5474537037037037
824712,Move,0.41796875,0.5462962962962963
824729,Move,0.41796875,0.5462962962962963
824749,Move,0.41796875,0.5462962962962963
824768,Move,0.41796875,0.5451388888888888
824787,Move,0.41796875,0.5451388888888888
824805,Move,0.41796875,0.5439814814814815
824824,Move,0.41796875,0.5439814814814815
824846,Move,0.41796875,0.5428240740740741
824863,Move,0.41796875,0.5428240740740741
824882,Move,0.41796875,0.5416666666666666
824902,Move,0.41796875,0.5405092592592593
824922,Move,0.41796875,0.5393518518518519
824940,Move,0.41796875,0.5381944444444444
824961,Move,0.41796875,0.5347222222222222
824980,Move,0.41796875,0.5335648148148148
825001,Move,0.4186197916666667,0.5347222222222222
825012,Move,0.4192708333333333,0.5347222222222222
825024,Move,0.4205729166666667,0.5347222222222222
825043,Move,0.423828125,0.5347222222222222
825057,Move,0.4264322916666667,0.5347222222222222
825078,Move,0.4283854166666667,0.5347222222222222
825091,Move,0.4303385416666667,0.5358796296296297
825106,Move,0.4329427083333333,0.5358796296296297
825127,Move,0.4388020833333333,0.5381944444444444
825140,Move,0.4453125,0.5393518518518519
825156,Move,0.4544270833333333,0.5439814814814815
825175,Move,0.4680989583333333,0.5497685185185185
825190,Move,0.4720052083333333,0.5509259259259259
825210,Move,0.47265625,0.5520833333333334
825225,Move,0.4733072916666667,0.5532407407407407
825240,Move,0.4752604166666667,0.5543981481481481
825260,Move,0.4778645833333333,0.5555555555555556
825274,Move,0.48046875,0.5578703703703703
825295,Move,0.4830729166666667,0.5578703703703703
825310,Move,0.484375,0.5590277777777778
825324,Move,0.486328125,0.5601851851851852
825344,Move,0.4895833333333333,0.5613425925925926
825358,Move,0.4934895833333333,0.5625
825371,Move,0.4993489583333333,0.5636574074074074
825393,Move,0.5084635416666666,0.5671296296296297
825406,Move,0.5162760416666666,0.5694444444444444
825420,Move,0.5240885416666666,0.5717592592592593
825442,Move,0.5384114583333334,0.5729166666666666
825457,Move,0.5455729166666666,0.5729166666666666
825477,Move,0.5559895833333334,0.5729166666666666
825491,Move,0.5611979166666666,0.5717592592592593
825503,Move,0.5631510416666666,0.5717592592592593
825525,Move,0.5690104166666666,0.5717592592592593
825540,Move,0.576171875,0.5717592592592593
825560,Move,0.5872395833333334,0.5694444444444444
825575,Move,0.5950520833333334,0.5682870370370371
825589,Move,0.6041666666666666,0.5671296296296297
825610,Move,0.6204427083333334,0.5648148148148148
825625,Move,0.630859375,0.5636574074074074
825645,Move,0.640625,0.5636574074074074
825660,Move,0.6471354166666666,0.5636574074074074
825673,Move,0.6490885416666666,0.5636574074074074
825693,Move,0.650390625,0.5636574074074074
825710,Move,0.650390625,0.5636574074074074
825722,Move,0.650390625,0.5636574074074074
825744,Move,0.6516927083333334,0.5636574074074074
825757,Move,0.65234375,0.5636574074074074
825771,Move,0.6536458333333334,0.5636574074074074
825794,Move,0.6549479166666666,0.5636574074074074
825809,Move,0.6575520833333334,0.5636574074074074
825813,Move,0.658203125,0.5636574074074074
825870,Move,0.6575520833333334,0.5625
825881,Move,0.6575520833333334,0.5625
825893,Move,0.6575520833333334,0.5613425925925926
825906,Move,0.6575520833333334,0.5601851851851852
825918,Move,0.6575520833333334,0.5590277777777778
825930,Move,0.6575520833333334,0.5578703703703703
825954,Move,0.6575520833333334,0.5567129629629629
825977,Move,0.6569010416666666,0.5555555555555556
825991,Move,0.6569010416666666,0.5543981481481481
826002,Move,0.6569010416666666,0.5532407407407407
826026,Move,0.6569010416666666,0.5520833333333334
826037,Move,0.6569010416666666,0.5509259259259259
826051,Move,0.6569010416666666,0.5486111111111112
826075,Move,0.6569010416666666,0.5474537037037037
826086,Move,0.6569010416666666,0.5462962962962963
826111,Move,0.6569010416666666,0.5439814814814815
826122,Move,0.6569010416666666,0.5439814814814815
826133,Move,0.6569010416666666,0.5428240740740741
826159,Move,0.6569010416666666,0.5416666666666666
826174,Move,0.65234375,0.5428240740740741
826194,Move,0.638671875,0.5428240740740741
826209,Move,0.6295572916666666,0.5428240740740741
826223,Move,0.62109375,0.5416666666666666
826244,Move,0.607421875,0.5393518518518519
826259,Move,0.5983072916666666,0.5393518518518519
826274,Move,0.58984375,0.5370370370370371
826293,Move,0.576171875,0.5347222222222222
826307,Move,0.5670572916666666,0.5324074074074074
826320,Move,0.55859375,0.53125
826341,Move,0.544921875,0.5300925925925926
826356,Move,0.5358072916666666,0.5289351851851852
826376,Move,0.5221354166666666,0.5277777777777778
826390,Move,0.513671875,0.5277777777777778
826404,Move,0.5045572916666666,0.5277777777777778
826425,Move,0.4908854166666667,0.5300925925925926
826442,Move,0.482421875,0.53125
826461,Move,0.46875,0.5347222222222222
826476,Move,0.4596354166666667,0.5370370370370371
826492,Move,0.4505208333333333,0.5393518518518519
826510,Move,0.4368489583333333,0.5439814814814815
826524,Move,0.4283854166666667,0.5474537037037037
826538,Move,0.4192708333333333,0.5497685185185185
826560,Move,0.4055989583333333,0.5567129629629629
826573,Move,0.3971354166666667,0.5590277777777778
826594,Move,0.3834635416666667,0.5625
826608,Move,0.3743489583333333,0.5636574074074074
826622,Move,0.365234375,0.5648148148148148
826643,Move,0.3522135416666667,0.5659722222222222
826749,Move,0.3528645833333333,0.5671296296296297
826758,Move,0.3528645833333333,0.5671296296296297
826772,Move,0.3528645833333333,0.5671296296296297
826787,Move,0.353515625,0.5682870370370371
826811,Move,0.35546875,0.5740740740740741
826831,Move,0.35546875,0.5740740740740741
826843,Move,0.35546875,0.5763888888888888
826860,Move,0.35546875,0.5763888888888888
826876,Move,0.3561197916666667,0.5798611111111112
826892,Move,0.357421875,0.5821759259259259
826907,Move,0.3580729166666667,0.5856481481481481
826923,Move,0.359375,0.5879629629629629
826940,Move,0.3600260416666667,0.5879629629629629
826957,Move,0.3606770833333333,0.5891203703703703
826972,Move,0.36328125,0.5902777777777778
826990,Move,0.3645833333333333,0.5925925925925926
827003,Move,0.3645833333333333,0.59375
827027,Move,0.3645833333333333,0.59375
827035,Move,0.3645833333333333,0.59375
827052,Move,0.3645833333333333,0.59375
827075,Move,0.3658854166666667,0.5902777777777778
827089,Move,0.3678385416666667,0.5891203703703703
827104,Move,0.369140625,0.5856481481481481
827125,Move,0.3697916666666667,0.5833333333333334
827138,Move,0.37109375,0.5810185185185185
827160,Move,0.3743489583333333,0.5729166666666666
827173,Move,0.3782552083333333,0.5648148148148148
827190,Move,0.3828125,0.5543981481481481
827208,Move,0.38671875,0.5462962962962963
827223,Move,0.3873697916666667,0.5439814814814815
827243,Move,0.3893229166666667,0.5439814814814815
827258,Move,0.3893229166666667,0.5428240740740741
827272,Move,0.390625,0.5393518518518519
827294,Move,0.3919270833333333,0.5370370370370371
827307,Move,0.3932291666666667,0.5347222222222222
827330,Move,0.39453125,0.5300925925925926
827342,Move,0.3971354166666667,0.5266203703703703
827356,Move,0.3997395833333333,0.5196759259259259
827378,Move,0.4049479166666667,0.5069444444444444
827392,Move,0.4095052083333333,0.4976851851851852
827405,Move,0.4153645833333333,0.4837962962962963
827426,Move,0.4212239583333333,0.4675925925925926
827439,Move,0.42578125,0.45601851851851855
827455,Move,0.427734375,0.4525462962962963
827477,Move,0.4296875,0.44675925925925924
827489,Move,0.4361979166666667,0.4305555555555556
827510,Move,0.443359375,0.41203703703703703
827525,Move,0.44921875,0.3958333333333333
827544,Move,0.4596354166666667,0.36921296296296297
827552,Move,0.4622395833333333,0.36226851851851855
827573,Move,0.46875,0.3460648148148148
827595,Move,0.4713541666666667,0.33912037037037035
827608,Move,0.4720052083333333,0.33796296296296297
827622,Move,0.4713541666666667,0.33796296296296297
827643,Move,0.4713541666666667,0.3368055555555556
827660,Move,0.4720052083333333,0.33564814814814814
827671,Move,0.4720052083333333,0.33449074074074076
827692,Move,0.47265625,0.33101851851851855
827698,Move,0.4733072916666667,0.3298611111111111
827840,Move,0.4739583333333333,0.33101851851851855
827859,Move,0.4739583333333333,0.33101851851851855
827878,Move,0.474609375,0.33217592592592593
827898,Move,0.474609375,0.3333333333333333
827918,Move,0.4752604166666667,0.33564814814814814
827936,Move,0.4752604166666667,0.33564814814814814
827958,Move,0.4759114583333333,0.33796296296296297
827980,Move,0.4765625,0.3402777777777778
827999,Move,0.4765625,0.3402777777777778
828017,Move,0.4765625,0.3402777777777778
828038,Move,0.4765625,0.3402777777777778
828058,Move,0.4765625,0.3402777777777778
828079,Move,0.4765625,0.3402777777777778
828099,Move,0.4765625,0.3402777777777778
828122,Move,0.4765625,0.3402777777777778
828126,Move,0.4765625,0.3402777777777778
828140,Move,0.4759114583333333,0.3402777777777778
828159,Move,0.4752604166666667,0.3402777777777778
828176,Move,0.4752604166666667,0.3402777777777778
828190,Move,0.4752604166666667,0.3414351851851852
828210,Move,0.4739583333333333,0.3425925925925926
828224,Move,0.47265625,0.3425925925925926
828238,Move,0.4720052083333333,0.3449074074074074
828260,Move,0.4720052083333333,0.34375
828274,Move,0.47265625,0.3449074074074074
828294,Move,0.4720052083333333,0.3460648148148148
828307,Move,0.4713541666666667,0.3472222222222222
828325,Move,0.4700520833333333,0.3460648148148148
828343,Move,0.4694010416666667,0.34837962962962965
828358,Move,0.46875,0.34953703703703703
828378,Move,0.4674479166666667,0.3506944444444444
828392,Move,0.4674479166666667,0.35185185185185186
828406,Move,0.4661458333333333,0.35300925925925924
828428,Move,0.462890625,0.3576388888888889
828442,Move,0.4615885416666667,0.3587962962962963
828457,Move,0.4596354166666667,0.36226851851851855
828476,Move,0.455078125,0.36574074074074076
828490,Move,0.4518229166666667,0.37037037037037035
828512,Move,0.4466145833333333,0.3761574074074074
828526,Move,0.4446614583333333,0.37962962962962965
828540,Move,0.443359375,0.3819444444444444
828559,Move,0.4388020833333333,0.38657407407407407
828575,Move,0.43359375,0.3923611111111111
828588,Move,0.4283854166666667,0.39814814814814814
828609,Move,0.419921875,0.4074074074074074
828624,Move,0.4140625,0.41435185185185186
828644,Move,0.40625,0.4236111111111111
828659,Move,0.4010416666666667,0.42939814814814814
828673,Move,0.3958333333333333,0.4363425925925926
828693,Move,0.3899739583333333,0.4444444444444444
828708,Move,0.38671875,0.44907407407407407
828728,Move,0.3834635416666667,0.45601851851851855
828742,Move,0.380859375,0.45949074074074076
828757,Move,0.37890625,0.4618055555555556
828778,Move,0.3763020833333333,0.4675925925925926
828791,Move,0.3743489583333333,0.4699074074074074
828806,Move,0.3736979166666667,0.4699074074074074
828826,Move,0.373046875,0.4710648148148148
828840,Move,0.373046875,0.4710648148148148
828862,Move,0.3717447916666667,0.47337962962962965
828875,Move,0.3717447916666667,0.47337962962962965
828890,Move,0.37109375,0.47453703703703703
828909,Move,0.37109375,0.47453703703703703
828923,Move,0.37109375,0.47453703703703703
828938,Move,0.37109375,0.47453703703703703
828958,Move,0.3704427083333333,0.4722222222222222
828966,Move,0.3697916666666667,0.4722222222222222
828994,Move,0.3704427083333333,0.4722222222222222
829008,Move,0.3697916666666667,0.4722222222222222
829029,Move,0.3697916666666667,0.47337962962962965
829042,Move,0.369140625,0.47337962962962965
829056,Move,0.3684895833333333,0.4722222222222222
829071,Move,0.3684895833333333,0.4722222222222222
829092,Move,0.3671875,0.47453703703703703
829107,Move,0.3658854166666667,0.47453703703703703
829126,Move,0.365234375,0.47685185185185186
829140,Move,0.365234375,0.47800925925925924
829162,Move,0.3645833333333333,0.4791666666666667
829177,Move,0.3639322916666667,0.4791666666666667
829189,Move,0.3639322916666667,0.4791666666666667
829295,Move,0.36328125,0.4791666666666667
829317,Move,0.36328125,0.4791666666666667
829340,Move,0.36328125,0.48032407407407407
829362,Move,0.3626302083333333,0.48148148148148145
829384,Move,0.3626302083333333,0.4826388888888889
829405,Move,0.3619791666666667,0.4837962962962963
829428,Move,0.3619791666666667,0.4837962962962963
829453,Move,0.361328125,0.4837962962962963
829474,Move,0.3606770833333333,0.4861111111111111
829494,Move,0.3600260416666667,0.48726851851851855
829516,Move,0.3600260416666667,0.48726851851851855
829537,Move,0.3587239583333333,0.48842592592592593
829559,Move,0.3580729166666667,0.4895833333333333
829582,Move,0.3580729166666667,0.4895833333333333
829603,Move,0.3580729166666667,0.4895833333333333
829625,Move,0.3580729166666667,0.4895833333333333
829647,Move,0.3580729166666667,0.4895833333333333
829675,Move,0.3580729166666667,0.48842592592592593
829684,Move,0.3580729166666667,0.4861111111111111
829712,Move,0.3561197916666667,0.47800925925925924
829726,Move,0.353515625,0.4618055555555556
829741,Move,0.3528645833333333,0.4548611111111111
829760,Move,0.3522135416666667,0.45023148148148145
829774,Move,0.3515625,0.44675925925925924
829789,Move,0.3502604166666667,0.4409722222222222
829808,Move,0.3470052083333333,0.4212962962962963
829822,Move,0.3444010416666667,0.4050925925925926
829844,Move,0.341796875,0.3912037037037037
829858,Move,0.3385416666666667,0.3761574074074074
829874,Move,0.3352864583333333,0.35648148148148145
829893,Move,0.3326822916666667,0.3414351851851852
829907,Move,0.3326822916666667,0.3414351851851852
829928,Move,0.33203125,0.33912037037037035
829935,Move,0.33203125,0.3368055555555556
829960,Move,0.3333333333333333,0.3402777777777778
829979,Move,0.3333333333333333,0.3402777777777778
829994,Move,0.333984375,0.3402777777777778
830008,Move,0.3352864583333333,0.3425925925925926
830024,Move,0.3359375,0.3460648148148148
830041,Move,0.3365885416666667,0.34837962962962965
830056,Move,0.3372395833333333,0.3506944444444444
830074,Move,0.337890625,0.35185185185185186
830088,Move,0.337890625,0.35185185185185186
830112,Move,0.337890625,0.35300925925925924
830120,Move,0.337890625,0.35300925925925924
830138,Move,0.3385416666666667,0.3541666666666667
830153,Move,0.3391927083333333,0.3576388888888889
830178,Move,0.33984375,0.36226851851851855
830193,Move,0.33984375,0.36342592592592593
830210,Move,0.33984375,0.36342592592592593
830225,Move,0.3404947916666667,0.3645833333333333
830240,Move,0.3411458333333333,0.36689814814814814
830258,Move,0.341796875,0.3680555555555556
830273,Move,0.341796875,0.3726851851851852
830290,Move,0.3424479166666667,0.375
830305,Move,0.3424479166666667,0.3784722222222222
830322,Move,0.3430989583333333,0.3819444444444444
830337,Move,0.3444010416666667,0.38657407407407407
830355,Move,0.3444010416666667,0.3900462962962963
830369,Move,0.3450520833333333,0.39467592592592593
830392,Move,0.3463541666666667,0.40162037037037035
830410,Move,0.3470052083333333,0.40625
830424,Move,0.3470052083333333,0.41087962962962965
830442,Move,0.34765625,0.4166666666666667
830456,Move,0.3483072916666667,0.4212962962962963
830473,Move,0.349609375,0.42592592592592593
830491,Move,0.3502604166666667,0.4305555555555556
830507,Move,0.3502604166666667,0.4340277777777778
830520,Move,0.3515625,0.4386574074074074
830537,Move,0.3528645833333333,0.4444444444444444
830552,Move,0.353515625,0.44907407407407407
830577,Move,0.35546875,0.4583333333333333
830592,Move,0.3580729166666667,0.4664351851851852
830610,Move,0.361328125,0.47453703703703703
830627,Move,0.365234375,0.4837962962962963
830640,Move,0.3684895833333333,0.4930555555555556
830658,Move,0.3763020833333333,0.5057870370370371
830673,Move,0.3880208333333333,0.5254629629629629
830689,Move,0.3990885416666667,0.5416666666666666
830705,Move,0.4049479166666667,0.5509259259259259
830723,Move,0.41015625,0.5578703703703703
830737,Move,0.4166666666666667,0.5706018518518519
830753,Move,0.4186197916666667,0.5729166666666666
830776,Move,0.4212239583333333,0.5775462962962963
830792,Move,0.423828125,0.5844907407407407
830809,Move,0.42578125,0.5879629629629629
830817,Move,0.42578125,0.5879629629629629
830861,Move,0.4264322916666667,0.5868055555555556
830883,Move,0.4270833333333333,0.5856481481481481
830906,Move,0.427734375,0.5856481481481481
830927,Move,0.4283854166666667,0.5856481481481481
830949,Move,0.4283854166666667,0.5856481481481481
830973,Move,0.4290364583333333,0.5856481481481481
830995,Move,0.4290364583333333,0.5856481481481481
831015,Move,0.4290364583333333,0.5833333333333334
831037,Move,0.4290364583333333,0.5833333333333334
831060,Move,0.4296875,0.5821759259259259
831081,Move,0.4303385416666667,0.5821759259259259
831103,Move,0.4309895833333333,0.5810185185185185
831125,Move,0.4309895833333333,0.5810185185185185
831147,Move,0.4309895833333333,0.5810185185185185
831168,Move,0.431640625,0.5798611111111112
831191,Move,0.431640625,0.5798611111111112
831214,Move,0.4322916666666667,0.5787037037037037
831233,Move,0.4329427083333333,0.5775462962962963
831257,Move,0.43359375,0.5763888888888888
831281,Move,0.43359375,0.5763888888888888
831301,Move,0.4342447916666667,0.5763888888888888
831323,Move,0.4348958333333333,0.5752314814814815
831348,Move,0.435546875,0.5740740740740741
831368,Move,0.435546875,0.5740740740740741
831392,Move,0.4361979166666667,0.5729166666666666
831409,Move,0.4361979166666667,0.5729166666666666
831426,Move,0.4361979166666667,0.5729166666666666
831445,Move,0.4361979166666667,0.5729166666666666
831461,Move,0.4361979166666667,0.5729166666666666
831478,Move,0.4368489583333333,0.5729166666666666
831494,Move,0.4368489583333333,0.5729166666666666
831512,Move,0.4375,0.5729166666666666
831529,Move,0.4381510416666667,0.5717592592592593
831546,Move,0.4388020833333333,0.5717592592592593
831562,Move,0.4401041666666667,0.5717592592592593
831578,Move,0.44140625,0.5717592592592593
831597,Move,0.44140625,0.5717592592592593
831612,Move,0.44140625,0.5717592592592593
831632,Move,0.44140625,0.5717592592592593
831647,Move,0.44140625,0.5717592592592593
831665,Move,0.4420572916666667,0.5706018518518519
831682,Move,0.4420572916666667,0.5706018518518519
831698,Move,0.4427083333333333,0.5706018518518519
831715,Move,0.4427083333333333,0.5706018518518519
831731,Move,0.443359375,0.5706018518518519
831750,Move,0.443359375,0.5706018518518519
831767,Move,0.443359375,0.5706018518518519
831783,Move,0.4440104166666667,0.5717592592592593
831800,Move,0.4446614583333333,0.5717592592592593
831818,Move,0.4453125,0.5706018518518519
831834,Move,0.4466145833333333,0.5706018518518519
831850,Move,0.4466145833333333,0.5694444444444444
831867,Move,0.4485677083333333,0.5694444444444444
831884,Move,0.44921875,0.5682870370370371
831902,Move,0.44921875,0.5682870370370371
831920,Move,0.4505208333333333,0.5682870370370371
831938,Move,0.4505208333333333,0.5694444444444444
831953,Move,0.4505208333333333,0.5694444444444444
831970,Move,0.451171875,0.5694444444444444
831986,Move,0.4518229166666667,0.5694444444444444
832005,Move,0.453125,0.5682870370370371
832020,Move,0.4537760416666667,0.5682870370370371
832038,Move,0.455078125,0.5671296296296297
832054,Move,0.4563802083333333,0.5671296296296297
832072,Move,0.4576822916666667,0.5659722222222222
832088,Move,0.4596354166666667,0.5648148148148148
832105,Move,0.4596354166666667,0.5636574074074074
832122,Move,0.4609375,0.5636574074074074
832141,Move,0.4609375,0.5625
832157,Move,0.4609375,0.5625
832173,Move,0.4609375,0.5625
832192,Move,0.4609375,0.5625
832208,Move,0.4615885416666667,0.5625
832224,Move,0.4615885416666667,0.5625
832242,Move,0.4622395833333333,0.5625
832258,Move,0.4622395833333333,0.5613425925925926
832277,Move,0.4622395833333333,0.5613425925925926
832292,Move,0.4622395833333333,0.5613425925925926
832420,Move,0.4615885416666667,0.5613425925925926
832557,Move,0.4609375,0.5613425925925926
832691,Move,0.4609375,0.5613425925925926
832825,Move,0.462890625,0.5590277777777778
832832,Move,0.4674479166666667,0.5567129629629629
832840,Move,0.4720052083333333,0.5532407407407407
832856,Move,0.4739583333333333,0.5520833333333334
832871,Move,0.4798177083333333,0.5474537037037037
832889,Move,0.4811197916666667,0.5462962962962963
832904,Move,0.4850260416666667,0.5439814814814815
832921,Move,0.48828125,0.5405092592592593
832938,Move,0.494140625,0.5370370370370371
832960,Move,0.4993489583333333,0.5324074074074074
832977,Move,0.50390625,0.5300925925925926
832993,Move,0.5065104166666666,0.5289351851851852
833009,Move,0.513671875,0.5231481481481481
833025,Move,0.517578125,0.5208333333333334
833041,Move,0.5234375,0.5173611111111112
833056,Move,0.52734375,0.5150462962962963
833073,Move,0.53515625,0.5092592592592593
833092,Move,0.5377604166666666,0.5069444444444444
833106,Move,0.54296875,0.5034722222222222
833129,Move,0.5501302083333334,0.4988425925925926
833145,Move,0.5559895833333334,0.49537037037037035
833153,Move,0.5592447916666666,0.4930555555555556
833180,Move,0.5651041666666666,0.4895833333333333
833193,Move,0.568359375,0.48842592592592593
833208,Move,0.5735677083333334,0.4837962962962963
833228,Move,0.5774739583333334,0.48032407407407407
833240,Move,0.58203125,0.47685185185185186
833258,Move,0.5846354166666666,0.4756944444444444
833272,Move,0.587890625,0.4722222222222222
833289,Move,0.591796875,0.4699074074074074
833305,Move,0.5970052083333334,0.4664351851851852
833320,Move,0.6009114583333334,0.46296296296296297
833336,Move,0.6041666666666666,0.46064814814814814
833362,Move,0.61328125,0.4525462962962963
833378,Move,0.6197916666666666,0.4479166666666667
833393,Move,0.6223958333333334,0.44675925925925924
833410,Move,0.626953125,0.44212962962962965
833417,Move,0.62890625,0.44212962962962965
833441,Move,0.6341145833333334,0.4375
833457,Move,0.6380208333333334,0.4351851851851852
833475,Move,0.64453125,0.42939814814814814
833489,Move,0.6497395833333334,0.42592592592592593
833506,Move,0.6529947916666666,0.4236111111111111
833521,Move,0.66015625,0.41782407407407407
833546,Move,0.6653645833333334,0.41435185185185186
833561,Move,0.6705729166666666,0.4097222222222222
833569,Move,0.6731770833333334,0.4085648148148148
833593,Move,0.67578125,0.4050925925925926
833609,Move,0.6809895833333334,0.40046296296296297
833641,Move,0.6888020833333334,0.39467592592592593
833657,Move,0.69140625,0.3923611111111111
833675,Move,0.6940104166666666,0.3912037037037037
833690,Move,0.7018229166666666,0.3854166666666667
833697,Move,0.7024739583333334,0.3854166666666667
833784,Move,0.703125,0.38657407407407407
833800,Move,0.703125,0.38657407407407407
833817,Move,0.703125,0.3888888888888889
833830,Move,0.703125,0.3900462962962963
833846,Move,0.7037760416666666,0.3912037037037037
833860,Move,0.7037760416666666,0.3912037037037037
833875,Move,0.7037760416666666,0.3923611111111111
833889,Move,0.7037760416666666,0.39351851851851855
833906,Move,0.7044270833333334,0.39467592592592593
833920,Move,0.7044270833333334,0.3958333333333333
833936,Move,0.7044270833333334,0.3958333333333333
833951,Move,0.7044270833333334,0.39699074074074076
833964,Move,0.7044270833333334,0.39814814814814814
833981,Move,0.7044270833333334,0.3993055555555556
834010,Move,0.7044270833333334,0.40046296296296297
834025,Move,0.7044270833333334,0.40046296296296297
834039,Move,0.7044270833333334,0.40046296296296297
834055,Move,0.7044270833333334,0.4027777777777778
834069,Move,0.7044270833333334,0.4039351851851852
834084,Move,0.7044270833333334,0.4050925925925926
834100,Move,0.7044270833333334,0.4050925925925926
834115,Move,0.7044270833333334,0.40625
834146,Move,0.7044270833333334,0.4074074074074074
834165,Move,0.7037760416666666,0.40625
834176,Move,0.7037760416666666,0.4050925925925926
834190,Move,0.703125,0.4039351851851852
834211,Move,0.7024739583333334,0.40162037037037035
834225,Move,0.7024739583333334,0.40046296296296297
834246,Move,0.7018229166666666,0.3958333333333333
834261,Move,0.7018229166666666,0.3912037037037037
834273,Move,0.701171875,0.3819444444444444
834290,Move,0.7005208333333334,0.3726851851851852
834308,Move,0.7005208333333334,0.3680555555555556
834323,Move,0.7005208333333334,0.3680555555555556
834337,Move,0.7005208333333334,0.36574074074074076
834357,Move,0.6998697916666666,0.36342592592592593
834371,Move,0.6998697916666666,0.3611111111111111
834393,Move,0.6998697916666666,0.3587962962962963
834408,Move,0.69921875,0.35648148148148145
834421,Move,0.69921875,0.35300925925925924
834442,Move,0.6979166666666666,0.3449074074074074
834463,Move,0.6966145833333334,0.33564814814814814
834470,Move,0.6959635416666666,0.33101851851851855
834491,Move,0.693359375,0.32175925925925924
834508,Move,0.69140625,0.31712962962962965
834519,Move,0.6901041666666666,0.3136574074074074
834539,Move,0.689453125,0.3125
834553,Move,0.6881510416666666,0.3090277777777778
834576,Move,0.6848958333333334,0.30324074074074076
834592,Move,0.6822916666666666,0.2986111111111111
834603,Move,0.6796875,0.29282407407407407
834617,Move,0.6764322916666666,0.28587962962962965
834645,Move,0.6731770833333334,0.2777777777777778
834659,Move,0.6731770833333334,0.27662037037037035
834673,Move,0.6731770833333334,0.27546296296296297
834687,Move,0.6731770833333334,0.27546296296296297
834708,Move,0.6731770833333334,0.27546296296296297
834722,Move,0.6725260416666666,0.27546296296296297
834744,Move,0.671875,0.27314814814814814
834756,Move,0.6712239583333334,0.27199074074074076
834883,Move,0.6725260416666666,0.27199074074074076
834965,Move,0.6731770833333334,0.27199074074074076
835049,Move,0.6731770833333334,0.27199074074074076
835131,Move,0.673828125,0.27199074074074076
835215,Move,0.6744791666666666,0.27199074074074076
835297,Move,0.6744791666666666,0.27199074074074076
835383,Move,0.673828125,0.27314814814814814
835391,Move,0.673828125,0.27314814814814814
835408,Move,0.673828125,0.2743055555555556
835422,Move,0.6731770833333334,0.27662037037037035
835439,Move,0.6725260416666666,0.2800925925925926
835463,Move,0.671875,0.28125
835469,Move,0.671875,0.2824074074074074
835495,Move,0.669921875,0.2881944444444444
835511,Move,0.6686197916666666,0.29050925925925924
835528,Move,0.666015625,0.2986111111111111
835544,Move,0.6627604166666666,0.3090277777777778
835559,Move,0.6575520833333334,0.3263888888888889
835576,Move,0.65234375,0.3402777777777778
835590,Move,0.6471354166666666,0.3541666666666667
835608,Move,0.638671875,0.3784722222222222
835623,Move,0.6295572916666666,0.40625
835642,Move,0.6223958333333334,0.4340277777777778
835656,Move,0.6184895833333334,0.4583333333333333
835671,Move,0.6158854166666666,0.47453703703703703
835687,Move,0.615234375,0.48842592592592593
835711,Move,0.61328125,0.5
835727,Move,0.61328125,0.5023148148148148
835744,Move,0.6126302083333334,0.5023148148148148
835759,Move,0.6126302083333334,0.5046296296296297
835776,Move,0.61328125,0.5057870370370371
835795,Move,0.6126302083333334,0.5069444444444444
835808,Move,0.6126302083333334,0.5069444444444444
835822,Move,0.6126302083333334,0.5081018518518519
835841,Move,0.6119791666666666,0.5104166666666666
835855,Move,0.6106770833333334,0.5162037037037037
835872,Move,0.609375,0.5196759259259259
835894,Move,0.6087239583333334,0.5219907407407407
835980,Move,0.609375,0.5231481481481481
836001,Move,0.6100260416666666,0.5243055555555556
836023,Move,0.6106770833333334,0.5243055555555556
836043,Move,0.6106770833333334,0.5254629629629629
836064,Move,0.6106770833333334,0.5254629629629629
836086,Move,0.611328125,0.5254629629629629
836106,Move,0.6119791666666666,0.5254629629629629
836127,Move,0.6126302083333334,0.5266203703703703
836148,Move,0.61328125,0.5266203703703703
836169,Move,0.61328125,0.5277777777777778
836190,Move,0.61328125,0.5277777777777778
836211,Move,0.6139322916666666,0.5277777777777778
836233,Move,0.6145833333333334,0.5289351851851852
836251,Move,0.615234375,0.5300925925925926
836274,Move,0.6158854166666666,0.5300925925925926
836294,Move,0.6158854166666666,0.5300925925925926
836315,Move,0.6158854166666666,0.5300925925925926
836337,Move,0.6165364583333334,0.5324074074074074
836358,Move,0.6171875,0.5324074074074074
836379,Move,0.6178385416666666,0.5335648148148148
836400,Move,0.6184895833333334,0.5335648148148148
836426,Move,0.6184895833333334,0.5335648148148148
836443,Move,0.6184895833333334,0.5324074074074074
836451,Move,0.6184895833333334,0.5324074074074074
836458,Move,0.6184895833333334,0.53125
836474,Move,0.6184895833333334,0.53125
836494,Move,0.6184895833333334,0.53125
836510,Move,0.6184895833333334,0.5300925925925926
836528,Move,0.6184895833333334,0.5300925925925926
836542,Move,0.6184895833333334,0.5289351851851852
836556,Move,0.6184895833333334,0.5277777777777778
836575,Move,0.6184895833333334,0.5254629629629629
836592,Move,0.619140625,0.5243055555555556
836611,Move,0.619140625,0.5208333333333334
836628,Move,0.619140625,0.5196759259259259
836640,Move,0.619140625,0.5185185185185185
836661,Move,0.6184895833333334,0.5162037037037037
836674,Move,0.6184895833333334,0.5138888888888888
836695,Move,0.6184895833333334,0.5127314814814815
836709,Move,0.6184895833333334,0.5104166666666666
836724,Move,0.6184895833333334,0.5069444444444444
836736,Move,0.6184895833333334,0.5057870370370371
836758,Move,0.6184895833333334,0.5023148148148148
836775,Move,0.6184895833333334,0.5023148148148148
836789,Move,0.6184895833333334,0.5
836808,Move,0.6184895833333334,0.4965277777777778
836824,Move,0.6178385416666666,0.49421296296296297
836843,Move,0.6171875,0.4930555555555556
836857,Move,0.6165364583333334,0.4895833333333333
836869,Move,0.6165364583333334,0.48842592592592593
836892,Move,0.6184895833333334,0.48726851851851855
836906,Move,0.6184895833333334,0.4849537037037037
836927,Move,0.6184895833333334,0.48032407407407407
836940,Move,0.6184895833333334,0.4791666666666667
836954,Move,0.6184895833333334,0.47685185185185186
836975,Move,0.6184895833333334,0.47337962962962965
836990,Move,0.619140625,0.4699074074074074
837011,Move,0.619140625,0.4618055555555556
837024,Move,0.6197916666666666,0.45601851851851855
837039,Move,0.62109375,0.4513888888888889
837060,Move,0.6217447916666666,0.44212962962962965
837075,Move,0.6223958333333334,0.4363425925925926
837088,Move,0.6236979166666666,0.42592592592592593
837109,Move,0.626953125,0.4039351851851852
837123,Move,0.62890625,0.38773148148148145
837144,Move,0.6315104166666666,0.3680555555555556
837159,Move,0.6321614583333334,0.3587962962962963
837172,Move,0.6321614583333334,0.35648148148148145
837317,Move,0.6321614583333334,0.3587962962962963
837482,Move,0.6321614583333334,0.3587962962962963
837645,Move,0.6321614583333334,0.3587962962962963
837876,Move,0.6321614583333334,0.3587962962962963
837877,Move,0.6321614583333334,0.3587962962962963
837878,Released,0.6321614583333334,0.3587962962962963
837900,Released,0.486328125,0.6331018518518519