resolution:1536,864
735299,Pressed,0.7259114583333334,0.14814814814814814
735840,Move,0.7220052083333334,0.14699074074074073
735847,Move,0.7135416666666666,0.14583333333333334
735861,Move,0.705078125,0.1423611111111111
735875,Move,0.6966145833333334,0.1400462962962963
735896,Move,0.6842447916666666,0.13425925925925927
735903,Move,0.6803385416666666,0.13194444444444445
735930,Move,0.6627604166666666,0.12268518518518519
735944,Move,0.654296875,0.11805555555555555
735966,Move,0.6412760416666666,0.1099537037037037
736631,Move,0.3580729166666667,0.10532407407407407
736643,Move,0.3580729166666667,0.10532407407407407
736658,Move,0.3580729166666667,0.10532407407407407
736672,Move,0.3580729166666667,0.10532407407407407
736699,Move,0.3580729166666667,0.10532407407407407
736712,Move,0.3580729166666667,0.10532407407407407
736727,Move,0.3580729166666667,0.10532407407407407
736741,Move,0.3580729166666667,0.10532407407407407
736758,Move,0.3580729166666667,0.10532407407407407
737231,Move,0.357421875,0.10648148148148148
737246,Move,0.3561197916666667,0.1111111111111111
737263,Move,0.3548177083333333,0.11689814814814815
737273,Move,0.3528645833333333,0.12268518518518519
737288,Move,0.3515625,0.12731481481481483
737315,Move,0.349609375,0.13657407407407407
737330,Move,0.3483072916666667,0.1388888888888889
737344,Move,0.34765625,0.1423611111111111
737358,Move,0.34765625,0.14351851851851852
737380,Move,0.3489583333333333,0.1423611111111111
737395,Move,0.3522135416666667,0.1423611111111111
737415,Move,0.3600260416666667,0.1412037037037037
737429,Move,0.3645833333333333,0.1412037037037037
737448,Move,0.3684895833333333,0.1412037037037037
737466,Move,0.3743489583333333,0.1388888888888889
737478,Move,0.3815104166666667,0.13657407407407407
737499,Move,0.4055989583333333,0.12962962962962962
737515,Move,0.4303385416666667,0.11921296296296297
737533,Move,0.45703125,0.1087962962962963
737541,Move,0.4576822916666667,0.1087962962962963
737567,Move,0.4622395833333333,0.1076388888888889
737584,Move,0.4641927083333333,0.10648148148148148
737596,Move,0.4654947916666667,0.10648148148148148
737609,Move,0.4674479166666667,0.10532407407407407
737877,Move,0.587890625,0.1111111111111111
737898,Move,0.6236979166666666,0.12384259259259259
737912,Move,0.6393229166666666,0.1284722222222222
737932,Move,0.6588541666666666,0.13194444444444445
737947,Move,0.662109375,0.13194444444444445
737962,Move,0.6634114583333334,0.13194444444444445
737983,Move,0.6640625,0.13194444444444445
737996,Move,0.6653645833333334,0.13194444444444445
738004,Move,0.6653645833333334,0.13194444444444445
738030,Move,0.6705729166666666,0.13194444444444445
738044,Move,0.673828125,0.13194444444444445
738060,Move,0.6783854166666666,0.13194444444444445
738103,Move,0.6783854166666666,0.13194444444444445
738124,Move,0.6783854166666666,0.13194444444444445
738144,Move,0.677734375,0.13194444444444445
738164,Move,0.6764322916666666,0.13194444444444445
738184,Move,0.67578125,0.13194444444444445
738208,Move,0.67578125,0.13194444444444445
738227,Move,0.6751302083333334,0.13194444444444445
738243,Move,0.6751302083333334,0.13194444444444445
738263,Move,0.6744791666666666,0.13194444444444445
738284,Move,0.673828125,0.13194444444444445
738303,Move,0.6731770833333334,0.13194444444444445
738324,Move,0.671875,0.13194444444444445
738344,Move,0.6712239583333334,0.13194444444444445
738364,Move,0.6705729166666666,0.13194444444444445
738383,Move,0.669921875,0.13194444444444445
738403,Move,0.6686197916666666,0.13194444444444445
738423,Move,0.66796875,0.13194444444444445
738447,Move,0.66796875,0.13194444444444445
738464,Move,0.66796875,0.13194444444444445
738484,Move,0.66796875,0.13194444444444445
738505,Move,0.66796875,0.13194444444444445
738526,Move,0.666015625,0.13310185185185186
738533,Move,0.6653645833333334,0.13310185185185186
738547,Move,0.6647135416666666,0.13310185185185186
738561,Move,0.6647135416666666,0.13310185185185186
738580,Move,0.6634114583333334,0.13310185185185186
738597,Move,0.662109375,0.13310185185185186
738610,Move,0.66015625,0.13310185185185186
738631,Move,0.6555989583333334,0.13425925925925927
738644,Move,0.65234375,0.13541666666666666
738666,Move,0.646484375,0.13657407407407407
738680,Move,0.6419270833333334,0.13657407407407407
738695,Move,0.63671875,0.13657407407407407
738702,Move,0.634765625,0.13657407407407407
738730,Move,0.6243489583333334,0.1388888888888889
738749,Move,0.615234375,0.1400462962962963
738764,Move,0.6080729166666666,0.1412037037037037
738779,Move,0.6009114583333334,0.1412037037037037
738799,Move,0.5904947916666666,0.14351851851851852
738812,Move,0.5872395833333334,0.14467592592592593
738834,Move,0.572265625,0.14583333333333334
738848,Move,0.56640625,0.14699074074074073
738854,Move,0.5618489583333334,0.14814814814814814
738869,Move,0.5553385416666666,0.14930555555555555
738897,Move,0.541015625,0.15162037037037038
738911,Move,0.5345052083333334,0.1527777777777778
738933,Move,0.5234375,0.1550925925925926
738945,Move,0.5169270833333334,0.1550925925925926
738953,Move,0.5130208333333334,0.15625
738981,Move,0.4993489583333333,0.15856481481481483
738995,Move,0.4921875,0.1597222222222222
739007,Move,0.4856770833333333,0.16087962962962962
739029,Move,0.4752604166666667,0.16319444444444445
739044,Move,0.46875,0.16435185185185186
739066,Move,0.4596354166666667,0.16550925925925927
739079,Move,0.4524739583333333,0.16666666666666666
739088,Move,0.44921875,0.16666666666666666
739114,Move,0.4251302083333333,0.16898148148148148
739121,Move,0.41796875,0.1701388888888889
739148,Move,0.3919270833333333,0.1736111111111111
739164,Move,0.3795572916666667,0.17476851851851852
739177,Move,0.3684895833333333,0.17592592592592593
739199,Move,0.3502604166666667,0.17708333333333334
739206,Move,0.341796875,0.17824074074074073
739232,Move,0.2858072916666667,0.18171296296296297
739247,Move,0.2545572916666667,0.18518518518518517
739261,Move,0.22786458333333334,0.1875
739275,Move,0.21744791666666666,0.1886574074074074
739510,Move,0.20377604166666666,0.1909722222222222
739523,Move,0.20377604166666666,0.1909722222222222
739539,Move,0.20442708333333334,0.19212962962962962
739568,Move,0.20442708333333334,0.19212962962962962
739583,Move,0.205078125,0.19212962962962962
739598,Move,0.20572916666666666,0.19212962962962962
739614,Move,0.20638020833333334,0.19212962962962962
739629,Move,0.20703125,0.19212962962962962
739644,Move,0.20638020833333334,0.1909722222222222
739658,Move,0.20703125,0.1909722222222222
739673,Move,0.20703125,0.1909722222222222
739689,Move,0.20768229166666666,0.1909722222222222
739703,Move,0.20833333333333334,0.19212962962962962
739733,Move,0.20963541666666666,0.19212962962962962
739747,Move,0.2109375,0.19212962962962962
739764,Move,0.21223958333333334,0.19212962962962962
739778,Move,0.21223958333333334,0.19328703703703703
739793,Move,0.21354166666666666,0.19212962962962962
739808,Move,0.21419270833333334,0.19212962962962962
739824,Move,0.21484375,0.19212962962962962
739838,Move,0.21549479166666666,0.19328703703703703
739853,Move,0.216796875,0.19328703703703703
739883,Move,0.21744791666666666,0.19328703703703703
739898,Move,0.21809895833333334,0.19328703703703703
739912,Move,0.21875,0.19328703703703703
739930,Move,0.22005208333333334,0.19444444444444445
739950,Move,0.22135416666666666,0.19560185185185186
739958,Move,0.22135416666666666,0.19560185185185186
739979,Move,0.22265625,0.19675925925925927
740000,Move,0.22721354166666666,0.20023148148148148
740014,Move,0.23046875,0.2037037037037037
740028,Move,0.23502604166666666,0.20717592592592593
740049,Move,0.24088541666666666,0.21296296296296297
740062,Move,0.24609375,0.21875
740084,Move,0.25390625,0.22800925925925927
740097,Move,0.2604166666666667,0.2361111111111111
740112,Move,0.2669270833333333,0.24305555555555555
740132,Move,0.2760416666666667,0.25578703703703703
740146,Move,0.2825520833333333,0.2638888888888889
740160,Move,0.2884114583333333,0.27199074074074076
740181,Move,0.2981770833333333,0.2847222222222222
740197,Move,0.3040364583333333,0.29398148148148145
740216,Move,0.3138020833333333,0.3055555555555556
740231,Move,0.3196614583333333,0.3136574074074074
740243,Move,0.326171875,0.32175925925925924
740266,Move,0.3346354166666667,0.3333333333333333
740280,Move,0.3411458333333333,0.3402777777777778
740288,Move,0.3444010416666667,0.3449074074074074
740314,Move,0.3561197916666667,0.3576388888888889
740329,Move,0.3678385416666667,0.36921296296296297
740342,Move,0.3795572916666667,0.37962962962962965
740364,Move,0.3977864583333333,0.38773148148148145
740373,Move,0.4036458333333333,0.3888888888888889
740398,Move,0.4309895833333333,0.39699074074074076
740413,Move,0.4596354166666667,0.4131944444444444
740429,Move,0.490234375,0.4340277777777778
740447,Move,0.51953125,0.45949074074074076
740455,Move,0.5221354166666666,0.4618055555555556
740521,Move,0.5227864583333334,0.46296296296296297
740527,Move,0.5227864583333334,0.46296296296296297
740549,Move,0.5234375,0.46412037037037035
740564,Move,0.5247395833333334,0.4664351851851852
740578,Move,0.52734375,0.4699074074074074
740598,Move,0.5279947916666666,0.4722222222222222
740613,Move,0.5286458333333334,0.47337962962962965
740633,Move,0.529296875,0.47453703703703703
740647,Move,0.5305989583333334,0.47685185185185186
740662,Move,0.5325520833333334,0.4791666666666667
740682,Move,0.53515625,0.4849537037037037
740697,Move,0.53515625,0.48726851851851855
740714,Move,0.5358072916666666,0.48842592592592593
740732,Move,0.5377604166666666,0.4930555555555556
740746,Move,0.5390625,0.4965277777777778
740766,Move,0.5390625,0.4976851851851852
740779,Move,0.5397135416666666,0.4976851851851852
740801,Move,0.5397135416666666,0.4976851851851852
740818,Move,0.5377604166666666,0.49421296296296297
740834,Move,0.537109375,0.4930555555555556
740847,Move,0.53515625,0.49074074074074076
740868,Move,0.5299479166666666,0.4837962962962963
740874,Move,0.52734375,0.48032407407407407
740896,Move,0.525390625,0.47685185185185186
740916,Move,0.5234375,0.47453703703703703
740932,Move,0.51953125,0.46875
740944,Move,0.515625,0.46296296296296297
740965,Move,0.5130208333333334,0.45949074074074076
740980,Move,0.51171875,0.45717592592592593
741000,Move,0.5071614583333334,0.4513888888888889
741014,Move,0.5032552083333334,0.44560185185185186
741028,Move,0.4973958333333333,0.4375
741048,Move,0.4876302083333333,0.4236111111111111
741062,Move,0.4791666666666667,0.41203703703703703
741070,Move,0.4752604166666667,0.40625
741090,Move,0.4622395833333333,0.3888888888888889
741097,Move,0.4576822916666667,0.3819444444444444
741128,Move,0.44140625,0.3599537037037037
741147,Move,0.4290364583333333,0.3425925925925926
741154,Move,0.42578125,0.3368055555555556
741179,Move,0.4134114583333333,0.32175925925925924
741196,Move,0.3977864583333333,0.2986111111111111
741210,Move,0.3854166666666667,0.2800925925925926
741230,Move,0.3678385416666667,0.25578703703703703
741244,Move,0.3528645833333333,0.23148148148148148
741266,Move,0.330078125,0.19675925925925927
741280,Move,0.3196614583333333,0.18171296296296297
741294,Move,0.310546875,0.16782407407407407
741309,Move,0.3059895833333333,0.16203703703703703
741329,Move,0.2942708333333333,0.14583333333333334
741336,Move,0.2936197916666667,0.14467592592592593
741369,Move,0.2942708333333333,0.14583333333333334
741384,Move,0.2942708333333333,0.14583333333333334
741399,Move,0.2955729166666667,0.14814814814814814
741411,Move,0.2955729166666667,0.14814814814814814
741432,Move,0.2981770833333333,0.15162037037037038
741447,Move,0.298828125,0.15393518518518517
741468,Move,0.30078125,0.15625
741474,Move,0.30078125,0.15856481481481483
741495,Move,0.3033854166666667,0.16319444444444445
741509,Move,0.3046875,0.16898148148148148
741531,Move,0.3059895833333333,0.1736111111111111
741545,Move,0.306640625,0.17824074074074073
741565,Move,0.3079427083333333,0.17939814814814814
741578,Move,0.30859375,0.17939814814814814
741593,Move,0.30859375,0.17939814814814814
741615,Move,0.30859375,0.17939814814814814
741629,Move,0.30859375,0.17939814814814814
741650,Move,0.30859375,0.17939814814814814
741657,Move,0.30859375,0.17939814814814814
741746,Move,0.30859375,0.17824074074074073
742024,Move,0.30859375,0.17824074074074073
742303,Move,0.3079427083333333,0.17824074074074073
742581,Move,0.30859375,0.17939814814814814
742589,Move,0.30859375,0.17939814814814814
742610,Move,0.30859375,0.18055555555555555
742631,Move,0.3092447916666667,0.18287037037037038
742645,Move,0.3098958333333333,0.1840277777777778
742658,Move,0.3111979166666667,0.1875
742679,Move,0.3125,0.19212962962962962
742694,Move,0.3138020833333333,0.19675925925925927
742703,Move,0.3138020833333333,0.19907407407407407
742729,Move,0.3170572916666667,0.20949074074074073
742742,Move,0.3190104166666667,0.2152777777777778
742759,Move,0.3203125,0.22106481481481483
742777,Move,0.3235677083333333,0.23148148148148148
742791,Move,0.3255208333333333,0.23842592592592593
742806,Move,0.3268229166666667,0.2465277777777778
742827,Move,0.330078125,0.2569444444444444
742847,Move,0.3326822916666667,0.2673611111111111
742855,Move,0.333984375,0.2708333333333333
742876,Move,0.3365885416666667,0.28125
742891,Move,0.3385416666666667,0.28935185185185186
742912,Move,0.341796875,0.29976851851851855
742932,Move,0.3444010416666667,0.3101851851851852
742946,Move,0.3463541666666667,0.31712962962962965
742961,Move,0.34765625,0.32407407407407407
742981,Move,0.3502604166666667,0.33217592592592593
742995,Move,0.3528645833333333,0.3402777777777778
743013,Move,0.3561197916666667,0.35185185185185186
743030,Move,0.361328125,0.3715277777777778
743045,Move,0.3658854166666667,0.3819444444444444
743058,Move,0.3684895833333333,0.3923611111111111
743080,Move,0.375,0.4097222222222222
743086,Move,0.37890625,0.4224537037037037
743114,Move,0.3971354166666667,0.4791666666666667
743127,Move,0.404296875,0.5023148148148148
743142,Move,0.4069010416666667,0.5115740740740741
743258,Move,0.4075520833333333,0.5115740740740741
743270,Move,0.4069010416666667,0.5115740740740741
743285,Move,0.4069010416666667,0.5104166666666666
743299,Move,0.4075520833333333,0.5104166666666666
743312,Move,0.4069010416666667,0.5092592592592593
743327,Move,0.40625,0.5081018518518519
743341,Move,0.4055989583333333,0.5081018518518519
743355,Move,0.40625,0.5069444444444444
743370,Move,0.40625,0.5069444444444444
743397,Move,0.40625,0.5057870370370371
743411,Move,0.4049479166666667,0.5046296296296297
743425,Move,0.404296875,0.5034722222222222
743439,Move,0.4029947916666667,0.5023148148148148
743452,Move,0.40234375,0.5023148148148148
743481,Move,0.400390625,0.5011574074074074
743494,Move,0.3997395833333333,0.5
743512,Move,0.3984375,0.4976851851851852
743523,Move,0.3977864583333333,0.4976851851851852
743537,Move,0.3977864583333333,0.4976851851851852
743555,Move,0.3977864583333333,0.4976851851851852
743579,Move,0.3971354166666667,0.4976851851851852
743596,Move,0.3984375,0.4976851851851852
743613,Move,0.3990885416666667,0.4976851851851852
743631,Move,0.3990885416666667,0.4976851851851852
743646,Move,0.3997395833333333,0.4976851851851852
743660,Move,0.3997395833333333,0.4965277777777778
743680,Move,0.40234375,0.4965277777777778
743694,Move,0.4036458333333333,0.49537037037037035
743714,Move,0.4069010416666667,0.49421296296296297
743730,Move,0.4088541666666667,0.49421296296296297
743742,Move,0.4108072916666667,0.4930555555555556
743764,Move,0.4147135416666667,0.4930555555555556
743778,Move,0.4173177083333333,0.4930555555555556
743798,Move,0.421875,0.4930555555555556
743812,Move,0.4251302083333333,0.4930555555555556
743820,Move,0.4264322916666667,0.4930555555555556
743847,Move,0.4329427083333333,0.4930555555555556
743862,Move,0.4361979166666667,0.4930555555555556
743869,Move,0.4375,0.4930555555555556
743897,Move,0.443359375,0.4930555555555556
743904,Move,0.4446614583333333,0.49421296296296297
743932,Move,0.451171875,0.49537037037037035
743946,Move,0.4544270833333333,0.49537037037037035
743960,Move,0.45703125,0.49537037037037035
743976,Move,0.4596354166666667,0.4965277777777778
743994,Move,0.46484375,0.4965277777777778
744009,Move,0.4674479166666667,0.4965277777777778
744031,Move,0.47265625,0.4965277777777778
744044,Move,0.4759114583333333,0.4965277777777778
744058,Move,0.478515625,0.49537037037037035
744079,Move,0.4830729166666667,0.49537037037037035
744093,Move,0.48828125,0.4930555555555556
744114,Move,0.4986979166666667,0.4895833333333333
744128,Move,0.5052083333333334,0.48726851851851855
744142,Move,0.5123697916666666,0.4837962962962963
744164,Move,0.5227864583333334,0.47453703703703703
744178,Move,0.5305989583333334,0.4652777777777778
744199,Move,0.55078125,0.44675925925925924
744213,Move,0.568359375,0.4340277777777778
744226,Move,0.5852864583333334,0.4236111111111111
744247,Move,0.603515625,0.41550925925925924
744262,Move,0.6080729166666666,0.41435185185185186
744368,Move,0.6080729166666666,0.41435185185185186
744381,Move,0.6080729166666666,0.41435185185185186
744393,Move,0.6080729166666666,0.41435185185185186
744405,Move,0.6080729166666666,0.4131944444444444
744429,Move,0.6080729166666666,0.4131944444444444
744441,Move,0.6080729166666666,0.41203703703703703
744457,Move,0.6080729166666666,0.41203703703703703
744480,Move,0.6080729166666666,0.41087962962962965
744489,Move,0.6080729166666666,0.4097222222222222
744505,Move,0.6080729166666666,0.4085648148148148
744529,Move,0.6080729166666666,0.40625
744550,Move,0.6080729166666666,0.4050925925925926
744563,Move,0.6080729166666666,0.4039351851851852
744571,Move,0.6080729166666666,0.4027777777777778
744596,Move,0.6080729166666666,0.39814814814814814
744609,Move,0.6080729166666666,0.3958333333333333
744631,Move,0.6080729166666666,0.39351851851851855
744645,Move,0.6080729166666666,0.3923611111111111
744664,Move,0.6080729166666666,0.3923611111111111
744678,Move,0.607421875,0.3923611111111111
744692,Move,0.6067708333333334,0.3912037037037037
744706,Move,0.6061197916666666,0.3912037037037037
744712,Move,0.6061197916666666,0.3912037037037037
744749,Move,0.6048177083333334,0.3912037037037037
744755,Move,0.6041666666666666,0.3912037037037037
744775,Move,0.6022135416666666,0.3912037037037037
744789,Move,0.6002604166666666,0.3888888888888889
744811,Move,0.59765625,0.38773148148148145
744825,Move,0.5963541666666666,0.38657407407407407
744845,Move,0.59375,0.3854166666666667
744860,Move,0.591796875,0.38425925925925924
744881,Move,0.5885416666666666,0.3819444444444444
744895,Move,0.5865885416666666,0.3819444444444444
744908,Move,0.583984375,0.37962962962962965
744931,Move,0.580078125,0.3773148148148148
744936,Move,0.5794270833333334,0.3761574074074074
744958,Move,0.5748697916666666,0.3726851851851852
744979,Move,0.5716145833333334,0.3715277777777778
744993,Move,0.5690104166666666,0.36921296296296297
745012,Move,0.5657552083333334,0.36689814814814814
745022,Move,0.564453125,0.36574074074074076
745049,Move,0.560546875,0.36226851851851855
745064,Move,0.5579427083333334,0.3599537037037037
745077,Move,0.5553385416666666,0.3587962962962963
745097,Move,0.5520833333333334,0.35532407407407407
745115,Move,0.5494791666666666,0.3541666666666667
745125,Move,0.546875,0.35300925925925924
745148,Move,0.5436197916666666,0.34953703703703703
745162,Move,0.541015625,0.34837962962962965
745183,Move,0.5377604166666666,0.3460648148148148
745197,Move,0.53515625,0.3449074074074074
745211,Move,0.5325520833333334,0.34375
745231,Move,0.52734375,0.3402777777777778
745245,Move,0.5221354166666666,0.33912037037037035
745255,Move,0.5201822916666666,0.33796296296296297
745281,Move,0.5110677083333334,0.33564814814814814
745295,Move,0.5065104166666666,0.33449074074074076
745308,Move,0.501953125,0.3333333333333333
745329,Move,0.494140625,0.3368055555555556
745347,Move,0.4850260416666667,0.33796296296296297
745363,Move,0.4680989583333333,0.3368055555555556
745379,Move,0.45703125,0.33449074074074076
745393,Move,0.44921875,0.33217592592592593
745412,Move,0.443359375,0.33101851851851855
745462,Move,0.4440104166666667,0.33101851851851855
745489,Move,0.4440104166666667,0.33101851851851855
745517,Move,0.4453125,0.33101851851851855
745544,Move,0.4466145833333333,0.33101851851851855
745570,Move,0.447265625,0.33101851851851855
745597,Move,0.4479166666666667,0.33101851851851855
745625,Move,0.44921875,0.33101851851851855
745651,Move,0.44921875,0.33101851851851855
745679,Move,0.4505208333333333,0.33101851851851855
745704,Move,0.451171875,0.33101851851851855
745732,Move,0.451171875,0.33101851851851855
745762,Move,0.451171875,0.33101851851851855
745786,Move,0.451171875,0.33101851851851855
745813,Move,0.451171875,0.33101851851851855
745839,Move,0.451171875,0.33101851851851855
745869,Move,0.4544270833333333,0.33101851851851855
745876,Move,0.4596354166666667,0.3333333333333333
745896,Move,0.4674479166666667,0.33564814814814814
745910,Move,0.4720052083333333,0.33796296296296297
745923,Move,0.4772135416666667,0.3402777777777778
745946,Move,0.48828125,0.34375
745960,Move,0.4921875,0.3449074074074074
745974,Move,0.4986979166666667,0.34837962962962965
745994,Move,0.5091145833333334,0.35300925925925924
746008,Move,0.5162760416666666,0.35532407407407407
746030,Move,0.52734375,0.3611111111111111
746044,Move,0.5377604166666666,0.36574074074074076
746058,Move,0.54296875,0.3680555555555556
746079,Move,0.5533854166666666,0.3726851851851852
746085,Move,0.5572916666666666,0.3738425925925926
746110,Move,0.5690104166666666,0.3784722222222222
746130,Move,0.57421875,0.38078703703703703
746143,Move,0.58203125,0.3819444444444444
746163,Move,0.5885416666666666,0.38425925925925924
746172,Move,0.58984375,0.38425925925925924
746190,Move,0.595703125,0.38657407407407407
746212,Move,0.6048177083333334,0.38657407407407407
746226,Move,0.6080729166666666,0.38657407407407407
746240,Move,0.615234375,0.38657407407407407
746254,Move,0.62109375,0.38657407407407407
746274,Move,0.6256510416666666,0.38657407407407407
746296,Move,0.630859375,0.38657407407407407
746310,Move,0.634765625,0.38657407407407407
746331,Move,0.642578125,0.38657407407407407
746348,Move,0.646484375,0.3854166666666667
746359,Move,0.6529947916666666,0.3854166666666667
746380,Move,0.658203125,0.38425925925925924
746394,Move,0.662109375,0.38425925925925924
746411,Move,0.6653645833333334,0.38310185185185186
746430,Move,0.6705729166666666,0.38425925925925924
746444,Move,0.6751302083333334,0.38425925925925924
746464,Move,0.6796875,0.38657407407407407
746478,Move,0.6861979166666666,0.38657407407407407
746590,Move,0.6861979166666666,0.38773148148148145
746602,Move,0.6861979166666666,0.38773148148148145
746615,Move,0.6868489583333334,0.38773148148148145
746626,Move,0.6875,0.3900462962962963
746638,Move,0.6881510416666666,0.3900462962962963
746661,Move,0.6901041666666666,0.3912037037037037
746674,Move,0.69140625,0.3912037037037037
746697,Move,0.6927083333333334,0.39351851851851855
746713,Move,0.693359375,0.39351851851851855
746727,Move,0.6940104166666666,0.39467592592592593
746744,Move,0.6959635416666666,0.3958333333333333
746760,Move,0.6966145833333334,0.39699074074074076
746768,Move,0.6966145833333334,0.39814814814814814
746794,Move,0.697265625,0.39814814814814814
746805,Move,0.697265625,0.39814814814814814
746831,Move,0.6979166666666666,0.39814814814814814
746844,Move,0.6985677083333334,0.39814814814814814
746854,Move,0.6985677083333334,0.39814814814814814
746878,Move,0.69921875,0.39814814814814814
746890,Move,0.69921875,0.39814814814814814
746902,Move,0.69921875,0.39814814814814814
746932,Move,0.6985677083333334,0.40046296296296297
746945,Move,0.6979166666666666,0.40046296296296297
746966,Move,0.697265625,0.40162037037037035
746981,Move,0.6966145833333334,0.4039351851851852
746988,Move,0.6966145833333334,0.4050925925925926
747014,Move,0.6946614583333334,0.41087962962962965
747029,Move,0.6940104166666666,0.41435185185185186
747043,Move,0.6920572916666666,0.41898148148148145
747065,Move,0.6888020833333334,0.42592592592592593
747081,Move,0.6868489583333334,0.4305555555555556
747093,Move,0.6848958333333334,0.4351851851851852
747112,Move,0.6809895833333334,0.44328703703703703
747127,Move,0.6783854166666666,0.4479166666666667
747142,Move,0.6764322916666666,0.4537037037037037
747166,Move,0.6731770833333334,0.46064814814814814
747177,Move,0.6705729166666666,0.4652777777777778
747198,Move,0.66796875,0.47337962962962965
747212,Move,0.6653645833333334,0.47800925925925924
747227,Move,0.6640625,0.4826388888888889
747247,Move,0.6608072916666666,0.48842592592592593
747259,Move,0.6575520833333334,0.4965277777777778
747280,Move,0.6555989583333334,0.5046296296296297
747294,Move,0.654296875,0.5104166666666666
747316,Move,0.6516927083333334,0.5196759259259259
747331,Move,0.646484375,0.5347222222222222
747344,Move,0.6399739583333334,0.5532407407407407
747365,Move,0.634765625,0.5659722222222222
747406,Move,0.6354166666666666,0.5671296296296297
747421,Move,0.6360677083333334,0.5671296296296297
747436,Move,0.6354166666666666,0.5694444444444444
747450,Move,0.6354166666666666,0.5706018518518519
747466,Move,0.6360677083333334,0.5717592592592593
747482,Move,0.6360677083333334,0.5717592592592593
747498,Move,0.6360677083333334,0.5717592592592593
747515,Move,0.63671875,0.5717592592592593
747527,Move,0.63671875,0.5717592592592593
747541,Move,0.63671875,0.5729166666666666
747562,Move,0.6373697916666666,0.5740740740740741
747572,Move,0.6380208333333334,0.5752314814814815
747586,Move,0.638671875,0.5752314814814815
747602,Move,0.638671875,0.5763888888888888
747630,Move,0.6393229166666666,0.5775462962962963
747648,Move,0.6399739583333334,0.5787037037037037
747662,Move,0.640625,0.5787037037037037
747678,Move,0.6412760416666666,0.5798611111111112
747695,Move,0.6412760416666666,0.5798611111111112
747710,Move,0.6399739583333334,0.5810185185185185
747726,Move,0.638671875,0.5810185185185185
747747,Move,0.63671875,0.5810185185185185
747760,Move,0.630859375,0.5810185185185185
747782,Move,0.6178385416666666,0.5844907407407407
747798,Move,0.6106770833333334,0.5856481481481481
747815,Move,0.6002604166666666,0.5868055555555556
747822,Move,0.595703125,0.5879629629629629
747846,Move,0.5846354166666666,0.5902777777777778
747863,Move,0.5768229166666666,0.5902777777777778
747878,Move,0.5657552083333334,0.5925925925925926
747893,Move,0.5559895833333334,0.5949074074074074
747903,Move,0.5533854166666666,0.5949074074074074
747927,Move,0.54296875,0.5960648148148148
747943,Move,0.5345052083333334,0.5983796296296297
747959,Move,0.521484375,0.5995370370370371
747974,Move,0.509765625,0.6030092592592593
747994,Move,0.498046875,0.6041666666666666
748005,Move,0.4856770833333333,0.6064814814814815
748030,Move,0.47265625,0.6087962962962963
748046,Move,0.4661458333333333,0.6099537037037037
748058,Move,0.4622395833333333,0.6111111111111112
748078,Move,0.453125,0.6134259259259259
748094,Move,0.4498697916666667,0.6134259259259259
748109,Move,0.4479166666666667,0.6134259259259259
748128,Move,0.4466145833333333,0.6134259259259259
748149,Move,0.4453125,0.6134259259259259
748158,Move,0.4440104166666667,0.6134259259259259
748173,Move,0.4427083333333333,0.6134259259259259
748190,Move,0.4420572916666667,0.6134259259259259
748215,Move,0.44140625,0.6145833333333334
748222,Move,0.44140625,0.6145833333333334
748244,Move,0.4401041666666667,0.6145833333333334
748262,Move,0.4401041666666667,0.6145833333333334
748278,Move,0.4401041666666667,0.6145833333333334
748413,Move,0.4388020833333333,0.6134259259259259
748438,Move,0.4375,0.6111111111111112
748463,Move,0.4361979166666667,0.6099537037037037
748488,Move,0.4361979166666667,0.6099537037037037
748513,Move,0.4361979166666667,0.6099537037037037
748539,Move,0.4361979166666667,0.6099537037037037
748563,Move,0.4361979166666667,0.6099537037037037
748586,Move,0.4361979166666667,0.6099537037037037
748611,Move,0.4361979166666667,0.6099537037037037
748637,Move,0.4361979166666667,0.6099537037037037
748664,Move,0.4361979166666667,0.6099537037037037
748686,Move,0.4361979166666667,0.6099537037037037
748713,Move,0.4361979166666667,0.6099537037037037
748737,Move,0.4361979166666667,0.6099537037037037
748761,Move,0.4361979166666667,0.6099537037037037
748787,Move,0.4361979166666667,0.6099537037037037
748813,Move,0.4361979166666667,0.6099537037037037
748837,Move,0.4361979166666667,0.6099537037037037
748862,Move,0.4361979166666667,0.6099537037037037
748888,Move,0.4361979166666667,0.6099537037037037
748912,Move,0.4361979166666667,0.6099537037037037
748937,Move,0.4361979166666667,0.6087962962962963
748964,Move,0.4361979166666667,0.6087962962962963
748986,Move,0.4361979166666667,0.6087962962962963
749012,Move,0.4361979166666667,0.6087962962962963
749037,Move,0.4361979166666667,0.6087962962962963
749062,Move,0.435546875,0.6087962962962963
749087,Move,0.43359375,0.6053240740740741
749112,Move,0.4309895833333333,0.6018518518518519
749137,Move,0.4296875,0.5983796296296297
749162,Move,0.4283854166666667,0.5960648148148148
749187,Move,0.427734375,0.5949074074074074
749217,Move,0.4283854166666667,0.59375
749224,Move,0.4303385416666667,0.5902777777777778
749242,Move,0.4375,0.5798611111111112
749265,Move,0.4537760416666667,0.5543981481481481
749280,Move,0.4654947916666667,0.5381944444444444
749289,Move,0.4694010416666667,0.5324074074074074
749313,Move,0.47265625,0.5289351851851852
749330,Move,0.4739583333333333,0.5266203703703703
749345,Move,0.4752604166666667,0.5266203703703703
749362,Move,0.4752604166666667,0.5266203703703703
749378,Move,0.4752604166666667,0.5266203703703703
749385,Move,0.4752604166666667,0.5266203703703703
749411,Move,0.4752604166666667,0.5266203703703703
749433,Move,0.4752604166666667,0.5266203703703703
749443,Move,0.4752604166666667,0.5266203703703703
749466,Move,0.4752604166666667,0.5266203703703703
749472,Move,0.4752604166666667,0.5266203703703703
749495,Move,0.4752604166666667,0.5266203703703703
749513,Move,0.4752604166666667,0.5266203703703703
749528,Move,0.4752604166666667,0.5254629629629629
749545,Move,0.4752604166666667,0.5254629629629629
749553,Move,0.4752604166666667,0.5254629629629629
749580,Move,0.4752604166666667,0.5254629629629629
749593,Move,0.4752604166666667,0.5254629629629629
749608,Move,0.4752604166666667,0.5254629629629629
749632,Move,0.4752604166666667,0.5254629629629629
749640,Move,0.4752604166666667,0.5254629629629629
749665,Move,0.4752604166666667,0.5254629629629629
749681,Move,0.4752604166666667,0.5254629629629629
749696,Move,0.4752604166666667,0.5254629629629629
749713,Move,0.4752604166666667,0.5254629629629629
749732,Move,0.4752604166666667,0.5254629629629629
749744,Move,0.4752604166666667,0.5254629629629629
749761,Move,0.4752604166666667,0.5254629629629629
749776,Move,0.4752604166666667,0.5254629629629629
749794,Move,0.4752604166666667,0.5254629629629629
749813,Move,0.4752604166666667,0.5254629629629629
749826,Move,0.4752604166666667,0.5254629629629629
749839,Move,0.4752604166666667,0.5254629629629629
749865,Move,0.4752604166666667,0.5254629629629629
749881,Move,0.4752604166666667,0.5254629629629629
749898,Move,0.4752604166666667,0.5254629629629629
749914,Move,0.4752604166666667,0.5254629629629629
749928,Move,0.4752604166666667,0.5254629629629629
749946,Move,0.4752604166666667,0.5254629629629629
749961,Move,0.4752604166666667,0.5254629629629629
749976,Move,0.4759114583333333,0.5243055555555556
749993,Move,0.4772135416666667,0.5231481481481481
750010,Move,0.4791666666666667,0.5208333333333334
750030,Move,0.4817708333333333,0.5173611111111112
750049,Move,0.4934895833333333,0.5011574074074074
750064,Move,0.5123697916666666,0.4699074074074074
750074,Move,0.5234375,0.45023148148148145
750097,Move,0.5546875,0.3912037037037037
750114,Move,0.5716145833333334,0.3587962962962963
750129,Move,0.5846354166666666,0.33564814814814814
750146,Move,0.5963541666666666,0.3148148148148148
750161,Move,0.6080729166666666,0.2951388888888889
750177,Move,0.615234375,0.2824074074074074
750185,Move,0.6158854166666666,0.2800925925925926
750233,Move,0.6158854166666666,0.2800925925925926
750245,Move,0.6158854166666666,0.28125
750255,Move,0.6158854166666666,0.28125
750277,Move,0.6158854166666666,0.28125
750289,Move,0.6158854166666666,0.2824074074074074
750310,Move,0.6158854166666666,0.2824074074074074
750321,Move,0.6158854166666666,0.2847222222222222
750348,Move,0.6158854166666666,0.28703703703703703
750364,Move,0.6165364583333334,0.29398148148148145
750376,Move,0.6178385416666666,0.2962962962962963
750387,Move,0.6184895833333334,0.2986111111111111
750411,Move,0.619140625,0.29976851851851855
750430,Move,0.619140625,0.30092592592592593
750442,Move,0.6197916666666666,0.30092592592592593
750464,Move,0.6204427083333334,0.3020833333333333
750475,Move,0.6204427083333334,0.3020833333333333
750500,Move,0.62109375,0.30324074074074076
750512,Move,0.62109375,0.30324074074074076
750528,Move,0.62109375,0.30324074074074076
750549,Move,0.62109375,0.30324074074074076
750559,Move,0.62109375,0.30324074074074076
750578,Move,0.62109375,0.30324074074074076
750598,Move,0.6217447916666666,0.30671296296296297
750612,Move,0.6223958333333334,0.30787037037037035
750632,Move,0.623046875,0.30787037037037035
750646,Move,0.6236979166666666,0.3090277777777778
750662,Move,0.6236979166666666,0.3101851851851852
750675,Move,0.6236979166666666,0.3125
750696,Move,0.6243489583333334,0.3148148148148148
750705,Move,0.625,0.3148148148148148
750730,Move,0.6263020833333334,0.31712962962962965
750748,Move,0.626953125,0.32060185185185186
750760,Move,0.62890625,0.32407407407407407
750780,Move,0.6315104166666666,0.3298611111111111
750791,Move,0.6321614583333334,0.33101851851851855
750814,Move,0.638671875,0.34375
750829,Move,0.640625,0.34837962962962965
750843,Move,0.6419270833333334,0.34953703703703703
750856,Move,0.6451822916666666,0.35532407407407407
750878,Move,0.6516927083333334,0.36689814814814814
750893,Move,0.65625,0.3761574074074074
750912,Move,0.6634114583333334,0.39467592592592593
750928,Move,0.66796875,0.4097222222222222
750937,Move,0.6705729166666666,0.41898148148148145
750961,Move,0.677734375,0.45601851851851855
750976,Move,0.6803385416666666,0.47337962962962965
750992,Move,0.6822916666666666,0.48842592592592593
751011,Move,0.6848958333333334,0.5057870370370371
751032,Move,0.6868489583333334,0.5173611111111112
751045,Move,0.6881510416666666,0.5219907407407407
751060,Move,0.6881510416666666,0.5231481481481481
751081,Move,0.6888020833333334,0.5254629629629629
751094,Move,0.6888020833333334,0.5254629629629629
751102,Move,0.6901041666666666,0.5266203703703703
751130,Move,0.6888020833333334,0.5277777777777778
751147,Move,0.689453125,0.5300925925925926
751158,Move,0.689453125,0.5300925925925926
751178,Move,0.6901041666666666,0.5335648148148148
751186,Move,0.6901041666666666,0.5335648148148148
751214,Move,0.6901041666666666,0.5347222222222222
751228,Move,0.6907552083333334,0.5347222222222222
751248,Move,0.69140625,0.5381944444444444
751263,Move,0.6920572916666666,0.5428240740740741
751281,Move,0.693359375,0.5451388888888888
751292,Move,0.6940104166666666,0.5486111111111112
751311,Move,0.6946614583333334,0.5509259259259259
751332,Move,0.6953125,0.5532407407407407
751341,Move,0.6953125,0.5532407407407407
751368,Move,0.6959635416666666,0.5532407407407407
751394,Move,0.6959635416666666,0.5532407407407407
751420,Move,0.6966145833333334,0.5532407407407407
751447,Move,0.6966145833333334,0.5543981481481481
751472,Move,0.697265625,0.5543981481481481
751498,Move,0.697265625,0.5543981481481481
751523,Move,0.697265625,0.5555555555555556
751549,Move,0.6979166666666666,0.5555555555555556
751578,Move,0.6985677083333334,0.5567129629629629
751601,Move,0.69921875,0.5578703703703703
751629,Move,0.6998697916666666,0.5578703703703703
751654,Move,0.7005208333333334,0.5578703703703703
751681,Move,0.7018229166666666,0.5601851851851852
751706,Move,0.7024739583333334,0.5613425925925926
751732,Move,0.703125,0.5613425925925926
751761,Move,0.703125,0.5613425925925926
751784,Move,0.703125,0.5613425925925926
751810,Move,0.703125,0.5613425925925926
751836,Move,0.7018229166666666,0.5601851851851852
751846,Move,0.69921875,0.5590277777777778
751862,Move,0.6861979166666666,0.5555555555555556
751878,Move,0.66796875,0.5520833333333334
751895,Move,0.650390625,0.5497685185185185
751905,Move,0.6477864583333334,0.5486111111111112
751926,Move,0.646484375,0.5486111111111112
751942,Move,0.646484375,0.5497685185185185
751959,Move,0.646484375,0.5497685185185185
751964,Move,0.646484375,0.5497685185185185
751999,Move,0.646484375,0.5497685185185185
752014,Move,0.646484375,0.5497685185185185
752029,Move,0.646484375,0.5497685185185185
752047,Move,0.646484375,0.5497685185185185
752052,Move,0.646484375,0.5497685185185185
752078,Move,0.6451822916666666,0.5486111111111112
752093,Move,0.6451822916666666,0.5486111111111112
752113,Move,0.6451822916666666,0.5486111111111112
752128,Move,0.6451822916666666,0.5486111111111112
752133,Move,0.6451822916666666,0.5486111111111112
752159,Move,0.6451822916666666,0.5486111111111112
752174,Move,0.6451822916666666,0.5486111111111112
752189,Move,0.6451822916666666,0.5486111111111112
752198,Move,0.6451822916666666,0.5486111111111112
752221,Move,0.6451822916666666,0.5486111111111112
752245,Move,0.6451822916666666,0.5486111111111112
752262,Move,0.6451822916666666,0.5486111111111112
752277,Move,0.6451822916666666,0.5486111111111112
752295,Move,0.6451822916666666,0.5486111111111112
752310,Move,0.6451822916666666,0.5486111111111112
752327,Move,0.6451822916666666,0.5486111111111112
752341,Move,0.6451822916666666,0.5486111111111112
752358,Move,0.6451822916666666,0.5486111111111112
752376,Move,0.6451822916666666,0.5486111111111112
752398,Move,0.6451822916666666,0.5486111111111112
752414,Move,0.6451822916666666,0.5486111111111112
752431,Move,0.6451822916666666,0.5486111111111112
752445,Move,0.64453125,0.5486111111111112
752464,Move,0.6419270833333334,0.5486111111111112
752479,Move,0.6380208333333334,0.5486111111111112
752494,Move,0.6276041666666666,0.5451388888888888
752510,Move,0.6015625,0.5358796296296297
752519,Move,0.587890625,0.5289351851851852
752534,Move,0.5638020833333334,0.5162037037037037
752558,Move,0.5358072916666666,0.5011574074074074
752574,Move,0.5201822916666666,0.4930555555555556
752597,Move,0.5,0.4849537037037037
752606,Move,0.498046875,0.4849537037037037
752707,Move,0.498046875,0.4837962962962963
752814,Move,0.498046875,0.4826388888888889
752918,Move,0.498046875,0.4826388888888889
753025,Move,0.5013020833333334,0.4791666666666667
753032,Move,0.5065104166666666,0.4722222222222222
753045,Move,0.5104166666666666,0.46875
753061,Move,0.5162760416666666,0.46064814814814814
753081,Move,0.5208333333333334,0.45601851851851855
753094,Move,0.5266927083333334,0.44675925925925924
753115,Move,0.5345052083333334,0.4375
753130,Move,0.5377604166666666,0.43171296296296297
753139,Move,0.5390625,0.4305555555555556
753163,Move,0.5514322916666666,0.41203703703703703
753179,Move,0.5553385416666666,0.4050925925925926
753193,Move,0.5618489583333334,0.3958333333333333
753213,Move,0.5703125,0.38657407407407407
753230,Move,0.5748697916666666,0.3784722222222222
753244,Move,0.58203125,0.36921296296296297
753263,Move,0.587890625,0.36226851851851855
753277,Move,0.5924479166666666,0.35648148148148145
753298,Move,0.6009114583333334,0.3472222222222222
753311,Move,0.6048177083333334,0.34375
753327,Move,0.6100260416666666,0.33796296296296297
753346,Move,0.6197916666666666,0.3287037037037037
753361,Move,0.6236979166666666,0.32523148148148145
753376,Move,0.6334635416666666,0.31712962962962965
753395,Move,0.64453125,0.30787037037037035
753410,Move,0.6497395833333334,0.30324074074074076
753431,Move,0.658203125,0.2974537037037037
753444,Move,0.6647135416666666,0.29282407407407407
753459,Move,0.673828125,0.28587962962962965
753465,Move,0.6783854166666666,0.2835648148148148
753497,Move,0.6946614583333334,0.2708333333333333
753515,Move,0.7044270833333334,0.26273148148148145
753529,Move,0.7096354166666666,0.25925925925925924
753543,Move,0.71484375,0.25462962962962965
753565,Move,0.7233072916666666,0.2465277777777778
753581,Move,0.7272135416666666,0.24305555555555555
753599,Move,0.736328125,0.2337962962962963
753604,Move,0.73828125,0.23148148148148148
753706,Move,0.7376302083333334,0.23032407407407407
753734,Move,0.7376302083333334,0.23032407407407407
753761,Move,0.7376302083333334,0.22916666666666666
753790,Move,0.7369791666666666,0.22800925925925927
753814,Move,0.736328125,0.22685185185185186
753840,Move,0.7356770833333334,0.22685185185185186
753868,Move,0.7356770833333334,0.22569444444444445
753895,Move,0.7350260416666666,0.22569444444444445
753921,Move,0.7350260416666666,0.22453703703703703
753949,Move,0.734375,0.22453703703703703
753976,Move,0.7337239583333334,0.2222222222222222
754002,Move,0.7330729166666666,0.22106481481481483
754030,Move,0.7330729166666666,0.22106481481481483
754058,Move,0.7330729166666666,0.2199074074074074
754085,Move,0.732421875,0.2199074074074074
754110,Move,0.7317708333333334,0.2175925925925926
754138,Move,0.7317708333333334,0.2175925925925926
754164,Move,0.7317708333333334,0.2175925925925926
754192,Move,0.7317708333333334,0.2175925925925926
754217,Move,0.7317708333333334,0.2175925925925926
754248,Move,0.7311197916666666,0.21643518518518517
754256,Move,0.73046875,0.21643518518518517
754273,Move,0.7291666666666666,0.21643518518518517
754297,Move,0.7265625,0.2152777777777778
754313,Move,0.724609375,0.2152777777777778
754328,Move,0.7220052083333334,0.2152777777777778
754345,Move,0.7174479166666666,0.21296296296296297
754361,Move,0.7096354166666666,0.21064814814814814
754378,Move,0.69921875,0.20601851851851852
754393,Move,0.693359375,0.2025462962962963
754409,Move,0.6920572916666666,0.2025462962962963
754425,Move,0.6907552083333334,0.2013888888888889
754441,Move,0.6888020833333334,0.2013888888888889
754456,Move,0.6861979166666666,0.20023148148148148
754480,Move,0.68359375,0.19791666666666666
754489,Move,0.6809895833333334,0.19675925925925927
754512,Move,0.6783854166666666,0.19675925925925927
754530,Move,0.6731770833333334,0.19560185185185186
754545,Move,0.666015625,0.19212962962962962
754560,Move,0.6588541666666666,0.18981481481481483
754581,Move,0.6516927083333334,0.1886574074074074
754593,Move,0.6438802083333334,0.1875
754609,Move,0.6393229166666666,0.1875
754624,Move,0.6354166666666666,0.1875
754643,Move,0.6341145833333334,0.1875
754657,Move,0.630859375,0.1875
754681,Move,0.6236979166666666,0.1886574074074074
754697,Move,0.6184895833333334,0.18981481481481483
754709,Move,0.6158854166666666,0.18981481481481483
754729,Move,0.60546875,0.1909722222222222
754739,Move,0.603515625,0.1909722222222222
754761,Move,0.59765625,0.18981481481481483
754778,Move,0.5970052083333334,0.18981481481481483
754794,Move,0.5970052083333334,0.18981481481481483
754811,Move,0.5970052083333334,0.18981481481481483
754831,Move,0.5963541666666666,0.18981481481481483
754841,Move,0.5950520833333334,0.18981481481481483
754857,Move,0.5944010416666666,0.18981481481481483
754874,Move,0.5924479166666666,0.18981481481481483
755013,Move,0.5930989583333334,0.1886574074074074
755043,Move,0.59375,0.1886574074074074
755070,Move,0.5944010416666666,0.1875
755100,Move,0.5944010416666666,0.1875
755129,Move,0.5950520833333334,0.1875
755159,Move,0.5950520833333334,0.1875
755186,Move,0.595703125,0.1875
755215,Move,0.5963541666666666,0.1875
755245,Move,0.5970052083333334,0.1875
755275,Move,0.59765625,0.1863425925925926
755304,Move,0.59765625,0.1863425925925926
755332,Move,0.5983072916666666,0.1863425925925926
755361,Move,0.5989583333333334,0.18518518518518517
755390,Move,0.599609375,0.18518518518518517
755420,Move,0.6002604166666666,0.1840277777777778
755448,Move,0.6002604166666666,0.1840277777777778
755477,Move,0.6002604166666666,0.1840277777777778
755508,Move,0.599609375,0.18518518518518517
755516,Move,0.5989583333333334,0.1863425925925926
755530,Move,0.5963541666666666,0.1875
755537,Move,0.5950520833333334,0.18981481481481483
755565,Move,0.591796875,0.19328703703703703
755578,Move,0.5891927083333334,0.19560185185185186
755593,Move,0.5859375,0.19907407407407407
755614,Move,0.5748697916666666,0.20949074074074073
755631,Move,0.5631510416666666,0.2199074074074074
755649,Move,0.55078125,0.23148148148148148
755663,Move,0.55078125,0.23148148148148148
755679,Move,0.5494791666666666,0.2326388888888889
755691,Move,0.5481770833333334,0.2337962962962963
755713,Move,0.5475260416666666,0.2349537037037037
755726,Move,0.5455729166666666,0.23726851851851852
755735,Move,0.544921875,0.23842592592592593
755762,Move,0.5436197916666666,0.23842592592592593
755774,Move,0.54296875,0.23958333333333334
755796,Move,0.5403645833333334,0.24305555555555555
755811,Move,0.5397135416666666,0.24421296296296297
755830,Move,0.5377604166666666,0.2465277777777778
755844,Move,0.5364583333333334,0.24768518518518517
755858,Move,0.5345052083333334,0.2488425925925926
755880,Move,0.5299479166666666,0.2523148148148148
755888,Move,0.52734375,0.25462962962962965
755912,Move,0.51953125,0.26273148148148145
755928,Move,0.5071614583333334,0.27546296296296297
755943,Move,0.498046875,0.2847222222222222
755956,Move,0.48828125,0.2951388888888889
755978,Move,0.4700520833333333,0.3148148148148148
755984,Move,0.466796875,0.31828703703703703
756012,Move,0.4563802083333333,0.3298611111111111
756026,Move,0.455078125,0.33101851851851855
756041,Move,0.455078125,0.3298611111111111
756063,Move,0.455078125,0.3298611111111111
756080,Move,0.4544270833333333,0.33101851851851855
756095,Move,0.453125,0.33101851851851855
756110,Move,0.451171875,0.3333333333333333
756118,Move,0.4498697916666667,0.33449074074074076
756242,Move,0.4498697916666667,0.33564814814814814
756277,Move,0.4498697916666667,0.33564814814814814
756312,Move,0.4498697916666667,0.33564814814814814
756348,Move,0.4498697916666667,0.33564814814814814
756382,Move,0.4498697916666667,0.33564814814814814
756417,Move,0.4498697916666667,0.33564814814814814
756452,Move,0.4498697916666667,0.3368055555555556
756487,Move,0.4498697916666667,0.33796296296296297
756522,Move,0.4498697916666667,0.33912037037037035
756559,Move,0.4498697916666667,0.3402777777777778
756593,Move,0.4498697916666667,0.3402777777777778
756628,Move,0.4498697916666667,0.3425925925925926
756662,Move,0.4498697916666667,0.3460648148148148
756697,Move,0.4498697916666667,0.34837962962962965
756739,Move,0.4498697916666667,0.34837962962962965
756769,Move,0.44921875,0.34837962962962965
756776,Move,0.44921875,0.34837962962962965
756790,Move,0.44921875,0.34837962962962965
756812,Move,0.447265625,0.34953703703703703
756830,Move,0.4466145833333333,0.34953703703703703
756846,Move,0.4453125,0.34837962962962965
756860,Move,0.4440104166666667,0.3472222222222222
756881,Move,0.4427083333333333,0.3449074074074074
756887,Move,0.4427083333333333,0.3449074074074074
756915,Move,0.443359375,0.3449074074074074
756930,Move,0.44140625,0.3460648148148148
756944,Move,0.44140625,0.3460648148148148
756966,Move,0.4401041666666667,0.3460648148148148
756980,Move,0.4388020833333333,0.3449074074074074
756992,Move,0.4375,0.3460648148148148
757015,Move,0.4361979166666667,0.3460648148148148
757028,Move,0.4361979166666667,0.3460648148148148
757048,Move,0.435546875,0.3460648148148148
757062,Move,0.4348958333333333,0.3460648148148148
757080,Move,0.43359375,0.3449074074074074
757098,Move,0.431640625,0.3449074074074074
757112,Move,0.4309895833333333,0.34375
757125,Move,0.4290364583333333,0.3425925925925926
757146,Move,0.4264322916666667,0.3414351851851852
757166,Move,0.4244791666666667,0.3402777777777778
757177,Move,0.4225260416666667,0.3402777777777778
757197,Move,0.4192708333333333,0.3402777777777778
757209,Move,0.4173177083333333,0.33912037037037035
757225,Move,0.4153645833333333,0.33912037037037035
757245,Move,0.412109375,0.33796296296296297
757258,Move,0.41015625,0.33796296296296297
757280,Move,0.4069010416666667,0.3368055555555556
757292,Move,0.4049479166666667,0.33564814814814814
757308,Move,0.40234375,0.33564814814814814
757330,Move,0.3990885416666667,0.33449074074074076
757343,Move,0.3971354166666667,0.3333333333333333
757365,Move,0.3938802083333333,0.3333333333333333
757378,Move,0.390625,0.33101851851851855
757387,Move,0.388671875,0.33101851851851855
757413,Move,0.37890625,0.32523148148148145
757428,Move,0.3736979166666667,0.32175925925925924
757448,Move,0.3658854166666667,0.31712962962962965
757462,Move,0.3541666666666667,0.30671296296296297
757472,Move,0.34765625,0.3020833333333333
757497,Move,0.328125,0.2847222222222222
757511,Move,0.32421875,0.2800925925925926
757524,Move,0.3157552083333333,0.27314814814814814
757539,Move,0.3118489583333333,0.26967592592592593
757560,Move,0.3092447916666667,0.2662037037037037
757581,Move,0.3053385416666667,0.26157407407407407
757594,Move,0.3014322916666667,0.25925925925925924
757608,Move,0.30078125,0.25810185185185186
757725,Move,0.3014322916666667,0.25810185185185186
757745,Move,0.3014322916666667,0.25810185185185186
757767,Move,0.3014322916666667,0.25810185185185186
757787,Move,0.302734375,0.25810185185185186
757808,Move,0.3033854166666667,0.25810185185185186
757830,Move,0.3033854166666667,0.25810185185185186
757856,Move,0.3033854166666667,0.25810185185185186
757872,Move,0.3033854166666667,0.25810185185185186
757896,Move,0.3040364583333333,0.25810185185185186
757915,Move,0.3040364583333333,0.25810185185185186
757936,Move,0.3046875,0.25810185185185186
757957,Move,0.3059895833333333,0.25810185185185186
757976,Move,0.3059895833333333,0.25810185185185186
757998,Move,0.3079427083333333,0.25810185185185186
758018,Move,0.30859375,0.25810185185185186
758039,Move,0.3092447916666667,0.25925925925925924
758048,Move,0.310546875,0.25925925925925924
758062,Move,0.3138020833333333,0.2604166666666667
758076,Move,0.3203125,0.26157407407407407
758089,Move,0.3268229166666667,0.26157407407407407
758113,Move,0.3346354166666667,0.26157407407407407
758125,Move,0.3346354166666667,0.26157407407407407
758147,Move,0.3346354166666667,0.26157407407407407
758160,Move,0.3346354166666667,0.26157407407407407
758176,Move,0.3346354166666667,0.26157407407407407
758188,Move,0.3346354166666667,0.26157407407407407
758208,Move,0.3346354166666667,0.26157407407407407
758231,Move,0.3346354166666667,0.26157407407407407
758243,Move,0.3346354166666667,0.26157407407407407
758264,Move,0.3346354166666667,0.26157407407407407
758272,Move,0.3346354166666667,0.26157407407407407
758294,Move,0.3346354166666667,0.26157407407407407
758314,Move,0.3365885416666667,0.26157407407407407
758328,Move,0.3365885416666667,0.26157407407407407
758348,Move,0.3365885416666667,0.26157407407407407
758364,Move,0.3365885416666667,0.26157407407407407
758376,Move,0.3365885416666667,0.26157407407407407
758398,Move,0.3365885416666667,0.26157407407407407
758412,Move,0.3365885416666667,0.26157407407407407
758433,Move,0.3365885416666667,0.26157407407407407
758448,Move,0.3365885416666667,0.26157407407407407
758461,Move,0.3365885416666667,0.26157407407407407
758476,Move,0.3365885416666667,0.26157407407407407
758496,Move,0.3365885416666667,0.26157407407407407
758511,Move,0.3365885416666667,0.26157407407407407
758516,Move,0.3365885416666667,0.26157407407407407
758544,Move,0.3365885416666667,0.26157407407407407
758558,Move,0.3365885416666667,0.26157407407407407
758580,Move,0.3365885416666667,0.26157407407407407
758595,Move,0.3365885416666667,0.26157407407407407
758614,Move,0.3365885416666667,0.26157407407407407
758629,Move,0.3365885416666667,0.26157407407407407
758642,Move,0.3365885416666667,0.26157407407407407
758679,Move,0.3365885416666667,0.26157407407407407
758692,Move,0.3365885416666667,0.26157407407407407
758713,Move,0.3365885416666667,0.26157407407407407
758727,Move,0.337890625,0.26273148148148145
758741,Move,0.3391927083333333,0.26273148148148145
758761,Move,0.34375,0.26273148148148145
758783,Move,0.357421875,0.2662037037037037
758797,Move,0.3678385416666667,0.27199074074074076
758811,Move,0.3776041666666667,0.2800925925925926
758832,Move,0.3893229166666667,0.28703703703703703
758839,Move,0.3919270833333333,0.28935185185185186
758860,Move,0.4010416666666667,0.29398148148148145
758881,Move,0.4075520833333333,0.2951388888888889
758888,Move,0.408203125,0.2951388888888889
759015,Move,0.4088541666666667,0.2962962962962963
759056,Move,0.4095052083333333,0.2974537037037037
759098,Move,0.41015625,0.2986111111111111
759140,Move,0.41015625,0.2986111111111111
759183,Move,0.41015625,0.2986111111111111
759226,Move,0.41015625,0.2986111111111111
759269,Move,0.41015625,0.29976851851851855
759309,Move,0.4108072916666667,0.3020833333333333
759351,Move,0.4114583333333333,0.30324074074074076
759395,Move,0.4114583333333333,0.30324074074074076
759435,Move,0.4114583333333333,0.30324074074074076
759477,Move,0.4127604166666667,0.30324074074074076
759485,Move,0.4147135416666667,0.3020833333333333
759492,Move,0.4153645833333333,0.3020833333333333
759506,Move,0.4212239583333333,0.29976851851851855
759520,Move,0.4264322916666667,0.2986111111111111
759548,Move,0.4309895833333333,0.2974537037037037
759562,Move,0.4368489583333333,0.2962962962962963
759576,Move,0.4427083333333333,0.2951388888888889
759597,Move,0.4622395833333333,0.29398148148148145
759613,Move,0.48046875,0.29398148148148145
759624,Move,0.4967447916666667,0.2951388888888889
759646,Move,0.5032552083333334,0.2951388888888889
759660,Move,0.5045572916666666,0.2951388888888889
759681,Move,0.5071614583333334,0.2951388888888889
759695,Move,0.5091145833333334,0.2951388888888889
759716,Move,0.5110677083333334,0.2951388888888889
759737,Move,0.5143229166666666,0.29398148148148145
759746,Move,0.5143229166666666,0.29398148148148145
759751,Move,0.5143229166666666,0.2962962962962963
759779,Move,0.5169270833333334,0.2962962962962963
759793,Move,0.51953125,0.2951388888888889
759813,Move,0.5201822916666666,0.2951388888888889
759828,Move,0.5221354166666666,0.2951388888888889
759848,Move,0.5247395833333334,0.2951388888888889
759863,Move,0.529296875,0.2951388888888889
759878,Move,0.533203125,0.29398148148148145
759897,Move,0.5403645833333334,0.29282407407407407
759914,Move,0.5514322916666666,0.28935185185185186
759928,Move,0.5625,0.2847222222222222
759948,Move,0.5891927083333334,0.2708333333333333
759961,Move,0.6080729166666666,0.2604166666666667
759976,Move,0.6321614583333334,0.24537037037037038
759982,Move,0.6438802083333334,0.23842592592592593
760010,Move,0.69921875,0.2048611111111111
760031,Move,0.7239583333333334,0.1909722222222222
760046,Move,0.7298177083333334,0.1875
760066,Move,0.7330729166666666,0.1875
760081,Move,0.7330729166666666,0.1875
760094,Move,0.7330729166666666,0.1863425925925926
760115,Move,0.7356770833333334,0.18518518518518517
760130,Move,0.73828125,0.18287037037037038
760143,Move,0.7408854166666666,0.18287037037037038
760165,Move,0.748046875,0.17824074074074073
760245,Move,0.7473958333333334,0.17824074074074073
760252,Move,0.7473958333333334,0.17824074074074073
760260,Move,0.7473958333333334,0.17824074074074073
760280,Move,0.7467447916666666,0.17708333333333334
760294,Move,0.7454427083333334,0.17708333333333334
760310,Move,0.7447916666666666,0.17592592592592593
760328,Move,0.744140625,0.17592592592592593
760344,Move,0.7434895833333334,0.17476851851851852
760357,Move,0.7428385416666666,0.1736111111111111
760375,Move,0.7421875,0.1736111111111111
760391,Move,0.7408854166666666,0.1712962962962963
760414,Move,0.7395833333333334,0.16898148148148148
760426,Move,0.73828125,0.16666666666666666
760449,Move,0.7350260416666666,0.16087962962962962
760456,Move,0.7317708333333334,0.1574074074074074
760475,Move,0.7272135416666666,0.15046296296296297
760497,Move,0.7259114583333334,0.14814814814814814
760533,Move,0.7259114583333334,0.14814814814814814
760533,Move,0.7259114583333334,0.14814814814814814
760533,Released,0.7259114583333334,0.14814814814814814
760566,Released,0.486328125,0.6331018518518519