resolution:1536,864
531526,Pressed,0.58203125,0.26157407407407407
532010,Move,0.5716145833333334,0.2662037037037037
532012,Move,0.5618489583333334,0.27199074074074076
532026,Move,0.55078125,0.2789351851851852
532043,Move,0.5423177083333334,0.2847222222222222
532056,Move,0.5240885416666666,0.29398148148148145
532074,Move,0.5091145833333334,0.30324074074074076
532095,Move,0.48046875,0.32060185185185186
532109,Move,0.4602864583333333,0.33217592592592593
532123,Move,0.447265625,0.3402777777777778
532140,Move,0.431640625,0.34953703703703703
532168,Move,0.4049479166666667,0.3645833333333333
532180,Move,0.3951822916666667,0.37037037037037035
532194,Move,0.37890625,0.37962962962962965
532210,Move,0.3678385416666667,0.38657407407407407
532215,Move,0.359375,0.3912037037037037
532243,Move,0.328125,0.4074074074074074
532258,Move,0.318359375,0.4131944444444444
532272,Move,0.3079427083333333,0.41898148148148145
532290,Move,0.2923177083333333,0.42592592592592593
532309,Move,0.26953125,0.4375
532326,Move,0.24934895833333334,0.4479166666666667
532340,Move,0.23893229166666666,0.4537037037037037
532362,Move,0.22200520833333334,0.46296296296296297
532377,Move,0.2109375,0.4699074074074074
532480,Move,0.20442708333333334,0.47453703703703703
532487,Move,0.20442708333333334,0.47337962962962965
532509,Move,0.20442708333333334,0.4710648148148148
532522,Move,0.205078125,0.4699074074074074
532537,Move,0.20638020833333334,0.4664351851851852
532558,Move,0.20768229166666666,0.46064814814814814
532572,Move,0.208984375,0.4583333333333333
532593,Move,0.2109375,0.4525462962962963
532609,Move,0.21223958333333334,0.45023148148148145
532628,Move,0.21419270833333334,0.44675925925925924
532643,Move,0.21614583333333334,0.44328703703703703
532657,Move,0.21875,0.4375
532670,Move,0.22265625,0.43171296296296297
532693,Move,0.23046875,0.4166666666666667
532725,Move,0.23046875,0.41435185185185186
532808,Move,0.23046875,0.41435185185185186
532890,Move,0.23046875,0.41435185185185186
532976,Move,0.23046875,0.41435185185185186
532983,Move,0.23046875,0.41435185185185186
532990,Move,0.23046875,0.41435185185185186
533010,Move,0.23307291666666666,0.4166666666666667
533026,Move,0.23567708333333334,0.4166666666666667
533043,Move,0.23567708333333334,0.41782407407407407
533060,Move,0.240234375,0.41898148148148145
533074,Move,0.24153645833333334,0.41898148148148145
533088,Move,0.24609375,0.4224537037037037
533108,Move,0.2571614583333333,0.42939814814814814
533122,Move,0.2688802083333333,0.4375
533144,Move,0.2819010416666667,0.4479166666666667
533158,Move,0.2981770833333333,0.46064814814814814
533171,Move,0.3177083333333333,0.47337962962962965
533192,Move,0.3522135416666667,0.48148148148148145
533206,Move,0.3704427083333333,0.48148148148148145
533221,Move,0.3841145833333333,0.4826388888888889
533241,Move,0.39453125,0.4837962962962963
533257,Move,0.3958333333333333,0.4837962962962963
533277,Move,0.3977864583333333,0.4837962962962963
533290,Move,0.3990885416666667,0.4837962962962963
533312,Move,0.400390625,0.4826388888888889
533326,Move,0.4016927083333333,0.4837962962962963
533340,Move,0.40234375,0.4837962962962963
533355,Move,0.4069010416666667,0.4849537037037037
533376,Move,0.4114583333333333,0.48726851851851855
533391,Move,0.4127604166666667,0.48842592592592593
533454,Move,0.4140625,0.48842592592592593
533492,Move,0.4140625,0.4895833333333333
533531,Move,0.4147135416666667,0.49074074074074076
533565,Move,0.4147135416666667,0.49074074074074076
533602,Move,0.4153645833333333,0.49189814814814814
533639,Move,0.4153645833333333,0.49189814814814814
533678,Move,0.4140625,0.4895833333333333
533687,Move,0.4140625,0.48842592592592593
533706,Move,0.4088541666666667,0.47453703703703703
533728,Move,0.4075520833333333,0.4699074074074074
533742,Move,0.4049479166666667,0.46064814814814814
533759,Move,0.4036458333333333,0.4583333333333333
533775,Move,0.3997395833333333,0.44328703703703703
533790,Move,0.396484375,0.42824074074074076
533803,Move,0.392578125,0.41087962962962965
533825,Move,0.3860677083333333,0.3854166666666667
533839,Move,0.37890625,0.3680555555555556
533861,Move,0.36328125,0.33101851851851855
533875,Move,0.3450520833333333,0.29398148148148145
533889,Move,0.30859375,0.2152777777777778
533909,Move,0.2890625,0.1712962962962963
533923,Move,0.2819010416666667,0.1527777777777778
534048,Move,0.28125,0.15162037037037038
534056,Move,0.2805989583333333,0.15162037037037038
534076,Move,0.2805989583333333,0.15162037037037038
534089,Move,0.2799479166666667,0.15162037037037038
534107,Move,0.2779947916666667,0.15046296296296297
534126,Move,0.275390625,0.14930555555555555
534139,Move,0.2734375,0.14930555555555555
534161,Move,0.2649739583333333,0.14583333333333334
534173,Move,0.26171875,0.14583333333333334
534182,Move,0.2604166666666667,0.14583333333333334
534241,Move,0.259765625,0.14583333333333334
534311,Move,0.2591145833333333,0.14583333333333334
534379,Move,0.2591145833333333,0.14583333333333334
534454,Move,0.2610677083333333,0.14699074074074073
534463,Move,0.26171875,0.14930555555555555
534476,Move,0.2643229166666667,0.15162037037037038
534492,Move,0.2721354166666667,0.1597222222222222
534515,Move,0.2760416666666667,0.16435185185185186
534521,Move,0.2799479166666667,0.16782407407407407
534539,Move,0.2877604166666667,0.17592592592592593
534560,Move,0.2942708333333333,0.1840277777777778
534574,Move,0.2955729166666667,0.1875
534595,Move,0.3046875,0.19791666666666666
534610,Move,0.3125,0.20949074074074073
534624,Move,0.3216145833333333,0.2222222222222222
534644,Move,0.3372395833333333,0.24421296296296297
534658,Move,0.3470052083333333,0.2604166666666667
534672,Move,0.3567708333333333,0.2743055555555556
534694,Move,0.3723958333333333,0.2962962962962963
534707,Move,0.3841145833333333,0.3113425925925926
534727,Move,0.4192708333333333,0.3425925925925926
534743,Move,0.455078125,0.36921296296296297
534756,Move,0.5188802083333334,0.41435185185185186
534769,Move,0.5852864583333334,0.4652777777777778
534791,Move,0.6315104166666666,0.5023148148148148
534805,Move,0.6438802083333334,0.5138888888888888
534812,Move,0.65625,0.5254629629629629
534860,Move,0.6595052083333334,0.5266203703703703
534873,Move,0.66015625,0.5254629629629629
534882,Move,0.66015625,0.5254629629629629
534907,Move,0.6614583333333334,0.5219907407407407
534922,Move,0.6647135416666666,0.5162037037037037
534943,Move,0.6712239583333334,0.5023148148148148
534961,Move,0.6796875,0.4861111111111111
534971,Move,0.6868489583333334,0.4710648148148148
534992,Move,0.69140625,0.4618055555555556
535006,Move,0.69140625,0.46064814814814814
535027,Move,0.6920572916666666,0.46064814814814814
535043,Move,0.6927083333333334,0.4583333333333333
535056,Move,0.6940104166666666,0.45601851851851855
535062,Move,0.6940104166666666,0.45601851851851855
535155,Move,0.6940104166666666,0.45601851851851855
535187,Move,0.6940104166666666,0.45601851851851855
535219,Move,0.6940104166666666,0.45717592592592593
535249,Move,0.6940104166666666,0.4583333333333333
535283,Move,0.6940104166666666,0.46064814814814814
535314,Move,0.6940104166666666,0.46064814814814814
535348,Move,0.6927083333333334,0.4618055555555556
535353,Move,0.6927083333333334,0.4618055555555556
535375,Move,0.6888020833333334,0.4618055555555556
535391,Move,0.68359375,0.46412037037037035
535412,Move,0.6790364583333334,0.4652777777777778
535417,Move,0.6783854166666666,0.4652777777777778
535439,Move,0.6725260416666666,0.4675925925925926
535460,Move,0.6666666666666666,0.46875
535472,Move,0.6653645833333334,0.4675925925925926
535488,Move,0.6608072916666666,0.46875
535496,Move,0.6588541666666666,0.4699074074074074
535507,Move,0.6555989583333334,0.4699074074074074
535545,Move,0.630859375,0.47337962962962965
535557,Move,0.62109375,0.47453703703703703
535574,Move,0.6126302083333334,0.4756944444444444
535594,Move,0.5983072916666666,0.47800925925925924
535610,Move,0.5891927083333334,0.4791666666666667
535628,Move,0.5748697916666666,0.4826388888888889
535642,Move,0.5572916666666666,0.48842592592592593
535656,Move,0.5377604166666666,0.4976851851851852
535678,Move,0.4856770833333333,0.5254629629629629
535693,Move,0.458984375,0.5381944444444444
535712,Move,0.431640625,0.5486111111111112
535728,Move,0.4231770833333333,0.5532407407407407
535740,Move,0.4147135416666667,0.5555555555555556
535860,Move,0.4140625,0.5578703703703703
535866,Move,0.4140625,0.5578703703703703
535874,Move,0.4134114583333333,0.5578703703703703
535894,Move,0.4127604166666667,0.5578703703703703
535908,Move,0.4127604166666667,0.5578703703703703
535921,Move,0.412109375,0.5590277777777778
535942,Move,0.4108072916666667,0.5601851851851852
535959,Move,0.41015625,0.5601851851851852
535970,Move,0.408203125,0.5613425925925926
535993,Move,0.40625,0.5613425925925926
536006,Move,0.4049479166666667,0.5613425925925926
536017,Move,0.404296875,0.5625
536043,Move,0.3958333333333333,0.5671296296296297
536062,Move,0.390625,0.5694444444444444
536077,Move,0.3893229166666667,0.5694444444444444
536161,Move,0.3893229166666667,0.5682870370370371
536231,Move,0.3893229166666667,0.5671296296296297
536300,Move,0.3893229166666667,0.5671296296296297
536373,Move,0.390625,0.5659722222222222
536380,Move,0.3919270833333333,0.5659722222222222
536394,Move,0.3971354166666667,0.5648148148148148
536408,Move,0.4036458333333333,0.5625
536421,Move,0.4127604166666667,0.5578703703703703
536443,Move,0.423828125,0.5532407407407407
536459,Move,0.4329427083333333,0.5497685185185185
536472,Move,0.439453125,0.5486111111111112
536484,Move,0.4518229166666667,0.5509259259259259
536510,Move,0.4700520833333333,0.5567129629629629
536528,Move,0.4830729166666667,0.5601851851851852
536541,Move,0.4895833333333333,0.5613425925925926
536558,Move,0.4921875,0.5613425925925926
536562,Move,0.4921875,0.5613425925925926
536589,Move,0.4947916666666667,0.5613425925925926
536611,Move,0.4954427083333333,0.5613425925925926
536624,Move,0.49609375,0.5613425925925926
536632,Move,0.49609375,0.5613425925925926
536726,Move,0.49609375,0.5625
536734,Move,0.49609375,0.5625
536741,Move,0.4973958333333333,0.5625
536757,Move,0.4973958333333333,0.5625
536774,Move,0.4973958333333333,0.5636574074074074
536789,Move,0.4986979166666667,0.5648148148148148
536806,Move,0.4986979166666667,0.5659722222222222
536821,Move,0.4986979166666667,0.5671296296296297
536829,Move,0.4986979166666667,0.5671296296296297
536862,Move,0.5,0.5706018518518519
536877,Move,0.5006510416666666,0.5717592592592593
536893,Move,0.5026041666666666,0.5763888888888888
536909,Move,0.50390625,0.5787037037037037
536928,Move,0.50390625,0.5798611111111112
536942,Move,0.5026041666666666,0.5763888888888888
536959,Move,0.5013020833333334,0.5729166666666666
536975,Move,0.4986979166666667,0.5659722222222222
536991,Move,0.4934895833333333,0.5555555555555556
537007,Move,0.48828125,0.5439814814814815
537023,Move,0.4817708333333333,0.5289351851851852
537038,Move,0.4752604166666667,0.5115740740740741
537055,Move,0.46875,0.4930555555555556
537071,Move,0.4622395833333333,0.4756944444444444
537094,Move,0.453125,0.44907407407407407
537111,Move,0.4466145833333333,0.43287037037037035
537126,Move,0.439453125,0.41550925925925924
537142,Move,0.4309895833333333,0.40046296296296297
537161,Move,0.4205729166666667,0.38425925925925924
537175,Move,0.40234375,0.35300925925925924
537192,Move,0.3821614583333333,0.32175925925925924
537207,Move,0.3580729166666667,0.28125
537223,Move,0.3138020833333333,0.2025462962962963
537231,Move,0.2981770833333333,0.1712962962962963
537239,Move,0.2923177083333333,0.1597222222222222
537314,Move,0.2916666666666667,0.1597222222222222
537320,Move,0.2916666666666667,0.1597222222222222
537343,Move,0.291015625,0.16087962962962962
537350,Move,0.291015625,0.16203703703703703
537377,Move,0.2903645833333333,0.16319444444444445
537392,Move,0.2897135416666667,0.16550925925925927
537405,Move,0.2884114583333333,0.16782407407407407
537426,Move,0.287109375,0.1701388888888889
537440,Move,0.28515625,0.17476851851851852
537454,Move,0.2825520833333333,0.18055555555555555
537475,Move,0.2838541666666667,0.1909722222222222
537491,Move,0.28515625,0.19791666666666666
537507,Move,0.2877604166666667,0.20717592592592593
537526,Move,0.291015625,0.2222222222222222
537542,Move,0.29296875,0.23148148148148148
537561,Move,0.2975260416666667,0.2488425925925926
537575,Move,0.30078125,0.26157407407407407
537589,Move,0.3020833333333333,0.2708333333333333
537610,Move,0.3046875,0.2835648148148148
537624,Move,0.3059895833333333,0.2951388888888889
537639,Move,0.3079427083333333,0.3090277777777778
537660,Move,0.3098958333333333,0.3263888888888889
537675,Move,0.3111979166666667,0.33912037037037035
537694,Move,0.3138020833333333,0.3576388888888889
537710,Move,0.3157552083333333,0.36689814814814814
537729,Move,0.318359375,0.38078703703703703
537849,Move,0.3190104166666667,0.37962962962962965
537866,Move,0.3190104166666667,0.3784722222222222
537880,Move,0.3190104166666667,0.3784722222222222
537894,Move,0.3196614583333333,0.3784722222222222
537911,Move,0.3190104166666667,0.3773148148148148
537925,Move,0.3196614583333333,0.3773148148148148
537939,Move,0.3196614583333333,0.3773148148148148
537955,Move,0.3203125,0.3773148148148148
537969,Move,0.3203125,0.3773148148148148
537984,Move,0.3209635416666667,0.3773148148148148
538000,Move,0.3216145833333333,0.3761574074074074
538016,Move,0.322265625,0.375
538044,Move,0.32421875,0.3726851851851852
538061,Move,0.32421875,0.3726851851851852
538076,Move,0.3255208333333333,0.3738425925925926
538091,Move,0.3255208333333333,0.3738425925925926
538105,Move,0.3268229166666667,0.3738425925925926
538126,Move,0.3294270833333333,0.3738425925925926
538141,Move,0.33203125,0.375
538153,Move,0.3352864583333333,0.3773148148148148
538171,Move,0.3391927083333333,0.3773148148148148
538188,Move,0.345703125,0.38078703703703703
538209,Move,0.353515625,0.38310185185185186
538226,Move,0.359375,0.38425925925925924
538236,Move,0.3645833333333333,0.38657407407407407
538259,Move,0.3723958333333333,0.38773148148148145
538272,Move,0.3776041666666667,0.3900462962962963
538295,Move,0.3854166666666667,0.3912037037037037
538308,Move,0.3899739583333333,0.39351851851851855
538323,Move,0.39453125,0.3958333333333333
538343,Move,0.40234375,0.40046296296296297
538356,Move,0.41015625,0.4050925925925926
538376,Move,0.4205729166666667,0.41435185185185186
538385,Move,0.423828125,0.41898148148148145
538407,Move,0.4466145833333333,0.43287037037037035
538427,Move,0.4733072916666667,0.44907407407407407
538434,Move,0.4759114583333333,0.45023148148148145
538493,Move,0.4752604166666667,0.45023148148148145
538504,Move,0.4752604166666667,0.4513888888888889
538516,Move,0.4739583333333333,0.4513888888888889
538539,Move,0.4720052083333333,0.4513888888888889
538552,Move,0.470703125,0.4513888888888889
538575,Move,0.46875,0.4513888888888889
538588,Move,0.4680989583333333,0.4513888888888889
538601,Move,0.4674479166666667,0.4513888888888889
538623,Move,0.4654947916666667,0.4513888888888889
538637,Move,0.4654947916666667,0.4513888888888889
538659,Move,0.4654947916666667,0.4513888888888889
538672,Move,0.4654947916666667,0.45023148148148145
538684,Move,0.4654947916666667,0.45023148148148145
538708,Move,0.4654947916666667,0.45023148148148145
538720,Move,0.4654947916666667,0.45023148148148145
538742,Move,0.4661458333333333,0.4513888888888889
538762,Move,0.4654947916666667,0.4525462962962963
538776,Move,0.4661458333333333,0.4537037037037037
538790,Move,0.4674479166666667,0.45601851851851855
538804,Move,0.4694010416666667,0.45949074074074076
538811,Move,0.4700520833333333,0.46064814814814814
538842,Move,0.47265625,0.4652777777777778
538853,Move,0.4752604166666667,0.4675925925925926
538874,Move,0.4778645833333333,0.47337962962962965
538896,Move,0.4817708333333333,0.4791666666666667
538909,Move,0.484375,0.4826388888888889
538923,Move,0.486328125,0.4861111111111111
538936,Move,0.4889322916666667,0.4895833333333333
538958,Move,0.4921875,0.49537037037037035
538971,Move,0.4947916666666667,0.5
538993,Move,0.4986979166666667,0.5057870370370371
539007,Move,0.5006510416666666,0.5081018518518519
539023,Move,0.5026041666666666,0.5115740740740741
539042,Move,0.5065104166666666,0.5173611111111112
539055,Move,0.5091145833333334,0.5219907407407407
539077,Move,0.513671875,0.5277777777777778
539092,Move,0.5162760416666666,0.53125
539106,Move,0.5221354166666666,0.5416666666666666
539126,Move,0.53515625,0.5613425925925926
539142,Move,0.5377604166666666,0.5659722222222222
539259,Move,0.5377604166666666,0.5648148148148148
539281,Move,0.5377604166666666,0.5625
539302,Move,0.5377604166666666,0.5625
539325,Move,0.5377604166666666,0.5613425925925926
539344,Move,0.5377604166666666,0.5613425925925926
539366,Move,0.5377604166666666,0.5601851851851852
539388,Move,0.5377604166666666,0.5578703703703703
539408,Move,0.5377604166666666,0.5578703703703703
539431,Move,0.5384114583333334,0.5555555555555556
539436,Move,0.5390625,0.5520833333333334
539461,Move,0.54296875,0.5127314814814815
539474,Move,0.5455729166666666,0.48032407407407407
539495,Move,0.5501302083333334,0.42824074074074076
539512,Move,0.5540364583333334,0.38657407407407407
539529,Move,0.55859375,0.3449074074074074
539542,Move,0.5618489583333334,0.30671296296296297
539558,Move,0.56640625,0.26851851851851855
539577,Move,0.5709635416666666,0.2199074074074074
539612,Move,0.5755208333333334,0.17824074074074073
539627,Move,0.5755208333333334,0.17476851851851852
539639,Move,0.576171875,0.1724537037037037
539660,Move,0.5768229166666666,0.16666666666666666
539676,Move,0.5768229166666666,0.16435185185185186
539693,Move,0.5768229166666666,0.16435185185185186
539807,Move,0.5755208333333334,0.16435185185185186
539815,Move,0.5748697916666666,0.16435185185185186
539825,Move,0.5748697916666666,0.16550925925925927
539839,Move,0.57421875,0.16782407407407407
539855,Move,0.57421875,0.16898148148148148
539871,Move,0.57421875,0.1701388888888889
539887,Move,0.5729166666666666,0.1724537037037037
539911,Move,0.572265625,0.17476851851851852
539927,Move,0.572265625,0.17708333333333334
539944,Move,0.572265625,0.17824074074074073
539960,Move,0.5729166666666666,0.17939814814814814
539974,Move,0.572265625,0.18171296296296297
539988,Move,0.5729166666666666,0.1840277777777778
540009,Move,0.5735677083333334,0.1875
540023,Move,0.57421875,0.1875
540038,Move,0.57421875,0.19212962962962962
540057,Move,0.5755208333333334,0.19675925925925927
540079,Move,0.5794270833333334,0.20601851851851852
540095,Move,0.5846354166666666,0.2152777777777778
540107,Move,0.58984375,0.22453703703703703
540128,Move,0.59765625,0.23842592592592593
540143,Move,0.6061197916666666,0.2569444444444444
540156,Move,0.6139322916666666,0.28125
540177,Move,0.62109375,0.3298611111111111
540191,Move,0.623046875,0.3541666666666667
540205,Move,0.6243489583333334,0.3726851851851852
540219,Move,0.625,0.38078703703703703
540260,Move,0.6263020833333334,0.3854166666666667
540275,Move,0.6263020833333334,0.38657407407407407
540287,Move,0.626953125,0.3888888888888889
540310,Move,0.6276041666666666,0.3900462962962963
540325,Move,0.62890625,0.39351851851851855
540338,Move,0.6302083333333334,0.39814814814814814
540358,Move,0.6315104166666666,0.40162037037037035
540366,Move,0.6315104166666666,0.4027777777777778
540463,Move,0.6321614583333334,0.4039351851851852
540475,Move,0.6321614583333334,0.4039351851851852
540496,Move,0.6321614583333334,0.4039351851851852
540510,Move,0.6321614583333334,0.4050925925925926
540529,Move,0.6321614583333334,0.4050925925925926
540539,Move,0.6321614583333334,0.40625
540562,Move,0.6328125,0.4074074074074074
540573,Move,0.6328125,0.4085648148148148
540595,Move,0.6328125,0.4097222222222222
540607,Move,0.6328125,0.4097222222222222
540628,Move,0.6328125,0.41203703703703703
540639,Move,0.6334635416666666,0.4131944444444444
540649,Move,0.6334635416666666,0.41435185185185186
540671,Move,0.6341145833333334,0.4201388888888889
540684,Move,0.6341145833333334,0.4212962962962963
540711,Move,0.6328125,0.4166666666666667
540726,Move,0.6315104166666666,0.4085648148148148
540739,Move,0.62890625,0.3958333333333333
540759,Move,0.6243489583333334,0.3715277777777778
540772,Move,0.62109375,0.3541666666666667
540795,Move,0.6165364583333334,0.3287037037037037
540812,Move,0.6145833333333334,0.3136574074074074
540824,Move,0.6119791666666666,0.29976851851851855
540846,Move,0.60546875,0.2569444444444444
540858,Move,0.59765625,0.20833333333333334
540872,Move,0.5885416666666666,0.1550925925925926
540889,Move,0.5891927083333334,0.1574074074074074
540910,Move,0.5891927083333334,0.1597222222222222
540927,Move,0.5891927083333334,0.1597222222222222
540945,Move,0.5891927083333334,0.16203703703703703
540959,Move,0.5891927083333334,0.16319444444444445
540973,Move,0.5885416666666666,0.16550925925925927
540987,Move,0.5885416666666666,0.1712962962962963
541010,Move,0.5891927083333334,0.18055555555555555
541023,Move,0.58984375,0.18981481481481483
541043,Move,0.5885416666666666,0.21412037037037038
541057,Move,0.5859375,0.23032407407407407
541078,Move,0.5833333333333334,0.24537037037037038
541092,Move,0.583984375,0.2465277777777778
541112,Move,0.5833333333333334,0.24768518518518517
541120,Move,0.5833333333333334,0.24768518518518517
541141,Move,0.58203125,0.2511574074074074
541154,Move,0.58203125,0.2511574074074074
541176,Move,0.58203125,0.25578703703703703
541191,Move,0.58203125,0.2569444444444444
541196,Move,0.58203125,0.2569444444444444
541248,Move,0.58203125,0.25810185185185186
541291,Move,0.58203125,0.2604166666666667
541337,Move,0.58203125,0.26157407407407407
541383,Move,0.58203125,0.26157407407407407
541476,Move,0.58203125,0.26157407407407407
541477,Move,0.58203125,0.26157407407407407
541477,Released,0.58203125,0.26157407407407407
541509,Released,0.486328125,0.6331018518518519