resolution:1920,1080
317332,Pressed,966,495
317366.2999999989,Move,966,495
317378.5999999996,Move,966,495
317586.4000000004,Move,967,494
317632.0999999996,Move,967,495
317677.7999999989,Move,968,495
317722.19999999925,Move,969,494
317768,Move,971,492
317814.5,Move,973,491
317857.5999999996,Move,974,490
318038.5999999996,Move,975,489
318198,Move,977,488
318251.9000000004,Move,980,486
318303.7999999989,Move,981,485
318516.19999999925,Move,982,484
318560.69999999925,Move,983,483
318605.69999999925,Move,984,482
318737,Move,985,482
318780.5999999996,Move,988,480
318913.4000000004,Move,988,479
318960.19999999925,Move,990,478
319005.19999999925,Move,991,477
319139,Move,992,476
319183.9000000004,Move,994,474
319321,Move,995,473
319367.0999999996,Move,996,472
319409.5999999996,Move,997,471
319496.9000000004,Move,998,470
319541,Move,999,469
319629.5,Move,1000,468
319718.19999999925,Move,1001,467
319769.69999999925,Move,1002,466
319873.7999999989,Move,1003,465
319926,Move,1004,464
319978,Move,1005,463
320030.5999999996,Move,1006,462
320187.2999999989,Move,1007,461
320244,Move,1007,460
320301.2999999989,Move,1008,459
320358,Move,1008,458
320415.19999999925,Move,1009,458
320472.4000000004,Move,1009,457
320529.2999999989,Move,1009,456
320586.5999999996,Move,1010,455
320701.2999999989,Move,1011,454
320795.5999999996,Move,1011,453
320842.9000000004,Move,1012,452
320889.0999999996,Move,1013,449
320936.4000000004,Move,1014,448
321124.69999999925,Move,1015,447
321177,Move,1016,445
321228.7999999989,Move,1015,444
321280.5,Move,1016,444
321385.19999999925,Move,1017,442
321437.2999999989,Move,1017,441
321542,Move,1018,440
321591.4000000004,Move,1019,440
321642.7999999989,Move,1019,439
321692.19999999925,Move,1019,437
321742.5,Move,1020,434
321942.5999999996,Move,1021,433
321992.69999999925,Move,1020,432
322093.9000000004,Move,1021,431
322144.5999999996,Move,1021,429
322193.0999999996,Move,1021,428
322244.19999999925,Move,1021,427
322344.9000000004,Move,1022,425
322412.19999999925,Move,1022,424
322481.9000000004,Move,1023,424
322549.7999999989,Move,1023,423
322617.5,Move,1023,422
322685.4000000004,Move,1024,421
322753.4000000004,Move,1024,420
322890.69999999925,Move,1025,419
322960,Move,1025,418
323027.9000000004,Move,1025,417
323097.5,Move,1026,416
323166.7999999989,Move,1026,415
323235,Move,1026,414
323303.5,Move,1026,413
323442.19999999925,Move,1027,411
323544.7999999989,Move,1027,410
323607.5999999996,Move,1027,409
323647.9000000004,Move,1027,408
323698.5,Move,1027,407
323761.9000000004,Move,1027,406
323852.0999999996,Move,1027,404
324383.5,Move,1027,403
324489.69999999925,Move,1027,399
324595.9000000004,Move,1026,397
324646.2999999989,Move,1026,396
324747.5,Move,1026,395
324796.5,Move,1026,394
324846.5,Move,1026,393
324897.0999999996,Move,1026,392
324997.7999999989,Move,1025,390
325077.5,Move,1024,389
325157.7999999989,Move,1024,388
325312.5999999996,Move,1023,387
325393.7999999989,Move,1023,386
325551.4000000004,Move,1022,384
325665.9000000004,Move,1021,383
325723.69999999925,Move,1021,382
325780.69999999925,Move,1021,381
325838.5,Move,1020,380
325951.5999999996,Move,1019,379
326020.5,Move,1019,377
326090.7999999989,Move,1018,377
326159.0999999996,Move,1019,377
326228.5,Move,1018,375
326297.0999999996,Move,1017,374
326435.9000000004,Move,1016,373
326503.19999999925,Move,1015,372
326638.0999999996,Move,1015,371
326704.19999999925,Move,1014,370
326771.9000000004,Move,1013,368
326972.19999999925,Move,1012,367
327043.69999999925,Move,1012,366
327105.5999999996,Move,1011,365
327156.0999999996,Move,1011,364
327216,Move,1010,363
327276.5,Move,1010,362
327404.2999999989,Move,1009,361
327462.0999999996,Move,1008,360
327575.7999999989,Move,1007,360
327633.4000000004,Move,1006,359
327691.4000000004,Move,1005,358
327803.5,Move,1003,356
328357.69999999925,Move,1001,353
328449.9000000004,Move,1000,352
328500.5,Move,998,351
328649.2999999989,Move,998,350
328708,Move,996,349
328750.4000000004,Move,995,348
328851.5,Move,994,347
328908.2999999989,Move,993,346
328966.19999999925,Move,992,346
329023.7999999989,Move,992,345
329079.2999999989,Move,991,345
329137.4000000004,Move,990,344
329252.0999999996,Move,989,343
329300.2999999989,Move,988,342
329349.5,Move,987,342
329443.7999999989,Move,986,342
329493.19999999925,Move,985,341
329540.19999999925,Move,983,340
329685.4000000004,Move,981,339
330231.9000000004,Move,980,338
330341.69999999925,Move,977,337
330449.0999999996,Move,976,336
330494,Move,975,336
330537.4000000004,Move,974,336
330583,Move,973,336
330625.5,Move,972,336
330669.9000000004,Move,971,335
330713.69999999925,Move,970,335
330758.19999999925,Move,969,335
330846.69999999925,Move,968,334
330905.0999999996,Move,966,334
330963.5999999996,Move,967,333
331021.2999999989,Move,966,333
331137.4000000004,Move,963,332
331195.5999999996,Move,962,332
331310.5999999996,Move,961,331
331372.5999999996,Move,960,331
331430.69999999925,Move,959,331
331490.0999999996,Move,958,331
331548.4000000004,Move,957,331
331607.5999999996,Move,956,331
331666.9000000004,Move,955,331
331724.69999999925,Move,954,331
331844.0999999996,Move,951,330
332236.5999999996,Move,949,330
332293.7999999989,Move,946,330
332400.19999999925,Move,944,330
332461.69999999925,Move,943,330
332502.19999999925,Move,942,330
332551.0999999996,Move,941,330
332601.19999999925,Move,939,330
332651.2999999989,Move,938,330
332751.5999999996,Move,936,330
332808.7999999989,Move,935,330
332863.5,Move,934,330
332920.5,Move,933,330
332976.69999999925,Move,932,330
333032.5999999996,Move,931,330
333088.7999999989,Move,930,330
333200.7999999989,Move,927,331
333849.19999999925,Move,924,331
333943.2999999989,Move,921,331
334012.5999999996,Move,918,333
334126.5999999996,Move,917,333
334185.2999999989,Move,916,333
334242.69999999925,Move,915,333
334298.5999999996,Move,914,333
334412.4000000004,Move,913,333
334634.0999999996,Move,912,334
334687.4000000004,Move,911,334
334740.19999999925,Move,907,335
334792.7999999989,Move,906,335
334848.2999999989,Move,905,335
335005.5,Move,903,336
335062.7999999989,Move,902,336
335120.19999999925,Move,901,337
335177.69999999925,Move,900,337
335233.69999999925,Move,899,337
335292.19999999925,Move,899,338
335347.9000000004,Move,898,338
335405.4000000004,Move,897,338
335520.5999999996,Move,896,339
335614.0999999996,Move,895,339
335662.69999999925,Move,894,339
335710,Move,891,341
335756.4000000004,Move,889,341
335945.5999999996,Move,886,342
336394.2999999989,Move,883,343
336450.5999999996,Move,880,344
336506.5999999996,Move,877,345
336947.7999999989,Move,876,346
337012,Move,873,347
337088.5999999996,Move,872,348
337142.4000000004,Move,871,349
337251.5999999996,Move,870,349
337305.0999999996,Move,868,350
337359.5999999996,Move,867,351
337413.9000000004,Move,866,352
337575.4000000004,Move,865,353
337619.4000000004,Move,864,354
337665.5,Move,863,354
337709.2999999989,Move,862,355
337752.5999999996,Move,861,355
337797.0999999996,Move,860,356
337840.2999999989,Move,859,356
337884.0999999996,Move,858,356
337972.9000000004,Move,857,357
338025.4000000004,Move,855,358
338077.7999999989,Move,855,359
338180.19999999925,Move,854,359
338233.2999999989,Move,853,359
338285.19999999925,Move,851,361
338443.5,Move,850,362
338488.0999999996,Move,849,362
338532.5,Move,848,363
338620.0999999996,Move,846,364
338663.69999999925,Move,846,365
338709.4000000004,Move,844,366
338841,Move,843,367
338898.5,Move,842,368
338957.19999999925,Move,841,369
339015.0999999996,Move,840,369
339072.5999999996,Move,840,370
339132.0999999996,Move,839,371
339247.0999999996,Move,838,372
339363.5999999996,Move,837,373
339420.7999999989,Move,836,373
339481.2999999989,Move,835,374
339596.19999999925,Move,834,375
339654.0999999996,Move,833,376
339712.5,Move,832,378
339887.0999999996,Move,831,379
339975.19999999925,Move,831,380
340019.5999999996,Move,830,381
340064.5999999996,Move,828,384
340108.5,Move,828,385
340284.4000000004,Move,827,386
340341.7999999989,Move,827,387
340399.5,Move,826,388
340457,Move,826,389
340513.4000000004,Move,825,389
340570.5,Move,825,390
340627.7999999989,Move,824,391
340683.5999999996,Move,824,392
340798.9000000004,Move,823,393
340849.0999999996,Move,822,395
341000,Move,821,395
341049.19999999925,Move,820,397
341098.9000000004,Move,820,398
341198.9000000004,Move,819,399
341244.5,Move,818,401
341419.5,Move,817,402
341463,Move,816,405
341595,Move,815,406
341640.7999999989,Move,815,407
341686.9000000004,Move,815,408
341733.7999999989,Move,815,409
341779.5999999996,Move,814,410
341825.2999999989,Move,814,411
341872.69999999925,Move,814,412
341917.9000000004,Move,814,413
342010,Move,814,414
342133.5999999996,Move,814,415
342195.2999999989,Move,813,417
342257.69999999925,Move,812,420
342506.7999999989,Move,811,423
342562.4000000004,Move,812,423
342674.4000000004,Move,811,423
342844.0999999996,Move,811,424
342898.9000000004,Move,811,427
342956.19999999925,Move,810,428
343005.69999999925,Move,810,430
343156.0999999996,Move,810,431
343206.2999999989,Move,809,433
343256.5,Move,809,434
343356.7999999989,Move,808,433
343422.0999999996,Move,808,434
343459.7999999989,Move,808,435
343515.9000000004,Move,808,436
343560.5,Move,808,440
343612.9000000004,Move,808,441
343663.7999999989,Move,808,442
343817,Move,809,443
343917.4000000004,Move,809,444
343981.19999999925,Move,809,446
344019.19999999925,Move,809,449
344218.0999999996,Move,810,450
344281.69999999925,Move,810,451
344407.5,Move,811,453
344471,Move,811,454
344533.5,Move,811,455
344714.9000000004,Move,811,457
344769.19999999925,Move,812,458
344877.5,Move,813,459
344931.7999999989,Move,813,460
344985.19999999925,Move,814,461
345038.7999999989,Move,814,462
345094.4000000004,Move,815,464
345160.69999999925,Move,816,464
345228.5999999996,Move,816,466
345362.5999999996,Move,817,467
345430.5,Move,817,468
345620.69999999925,Move,818,470
345732.0999999996,Move,818,471
345788.19999999925,Move,819,471
345844.5,Move,820,473
345900.69999999925,Move,821,474
346011.9000000004,Move,822,475
346077.69999999925,Move,823,476
346143.19999999925,Move,824,477
346275,Move,825,478
346408,Move,826,479
346604.0999999996,Move,827,479
346667,Move,827,481
346729.19999999925,Move,829,483
346797.4000000004,Move,830,484
346977.2999999989,Move,831,485
347027.7999999989,Move,832,486
347077.19999999925,Move,833,486
347128.5999999996,Move,833,487
347176.9000000004,Move,834,488
347227.5999999996,Move,835,488
347278,Move,836,489
347389.69999999925,Move,837,490
347445.5999999996,Move,838,491
347501.69999999925,Move,839,491
347558.69999999925,Move,840,492
347614.19999999925,Move,841,492
347670.5999999996,Move,841,493
347727,Move,842,493
347838.4000000004,Move,843,494
347953.69999999925,Move,844,494
348010.7999999989,Move,847,496
348067.2999999989,Move,848,496
348238.5999999996,Move,851,497
348659.5,Move,852,498
348730.4000000004,Move,855,499
348799.9000000004,Move,858,501
349280.7999999989,Move,859,501
349360.5999999996,Move,862,502
349441.2999999989,Move,863,502
349508.2999999989,Move,863,503
349574.0999999996,Move,864,503
349640.2999999989,Move,866,503
349706.5999999996,Move,869,504
349971,Move,870,505
350021.69999999925,Move,872,505
350121.2999999989,Move,873,505
350221.2999999989,Move,874,506
350271.19999999925,Move,876,506
350320.9000000004,Move,877,506
350422.0999999996,Move,878,506
350523.4000000004,Move,879,506
350573,Move,882,506
350622.4000000004,Move,885,506
350823,Move,887,507
351273.5999999996,Move,888,507
351363.4000000004,Move,889,507
351454.69999999925,Move,892,508
351544,Move,893,507
351593.9000000004,Move,895,508
351693.5,Move,896,508
351744.0999999996,Move,898,508
351795.9000000004,Move,900,508
351943.7999999989,Move,901,508
352100.9000000004,Move,903,508
352161.0999999996,Move,907,508
352205.2999999989,Move,908,508
352308.2999999989,Move,909,508
352426.2999999989,Move,910,507
352471.7999999989,Move,909,508
352517.0999999996,Move,910,508
352563,Move,912,508
352606.7999999989,Move,915,507
352652.7999999989,Move,916,507
352699.0999999996,Move,917,507
352833.2999999989,Move,919,506
352943.5,Move,920,506
352996,Move,921,506
353051.0999999996,Move,922,506
353104.7999999989,Move,923,506
353159.19999999925,Move,924,506
353212.5,Move,925,506
353321.2999999989,Move,927,505
353439.7999999989,Move,928,505
353499.0999999996,Move,929,505
353558.19999999925,Move,931,505
353616,Move,932,505
353734.7999999989,Move,933,505
353854.0999999996,Move,936,504
354255.5,Move,939,503
354305.5999999996,Move,942,503
354355.4000000004,Move,943,502
354408.2999999989,Move,944,502
354462.19999999925,Move,945,502
354515.19999999925,Move,947,501
354621.7999999989,Move,948,501
354674.2999999989,Move,949,501
354728.0999999996,Move,950,501
354834.0999999996,Move,953,500
354894,Move,952,499
355248.2999999989,Move,955,499
355307.2999999989,Move,958,498
355367.0999999996,Move,960,497
355407.19999999925,Move,961,497
355448.19999999925,Move,962,496
355487.5999999996,Move,963,496
355528,Move,964,496
355567.4000000004,Move,965,496
355647.19999999925,Move,966,495
355687.69999999925,Move,967,495
355988.2999999989,Released,967,495
356047.9000000004,Released,940,673
