resolution:1536,864
124268.10000000149,Pressed,0.6569010416666666,0.5324074074074074
124271.10000000149,Move,0.6569010416666666,0.5324074074074074
124287.30000000075,Move,0.6569010416666666,0.5324074074074074
124503.10000000149,Move,0.6569010416666666,0.5324074074074074
124531.80000000075,Move,0.6569010416666666,0.5324074074074074
124549.30000000075,Move,0.6569010416666666,0.5347222222222222
124568.30000000075,Move,0.6569010416666666,0.5370370370370371
124576.90000000224,Move,0.6569010416666666,0.5370370370370371
124585.80000000075,Move,0.6569010416666666,0.5393518518518519
124596.10000000149,Move,0.6569010416666666,0.5416666666666666
124613.90000000224,Move,0.6569010416666666,0.5462962962962963
124631,Move,0.6569010416666666,0.5486111111111112
124649.80000000075,Move,0.6569010416666666,0.5509259259259259
124667.40000000224,Move,0.6569010416666666,0.5532407407407407
124684.5,Move,0.6569010416666666,0.5578703703703703
124695.20000000298,Move,0.6569010416666666,0.5601851851851852
124715,Move,0.6569010416666666,0.5648148148148148
124731.60000000149,Move,0.6555989583333334,0.5671296296296297
124752.5,Move,0.6555989583333334,0.5717592592592593
124767.30000000075,Move,0.6555989583333334,0.5740740740740741
124783.60000000149,Move,0.6555989583333334,0.5787037037037037
124794.20000000298,Move,0.654296875,0.5763888888888888
124811.70000000298,Move,0.654296875,0.5787037037037037
124831,Move,0.6555989583333334,0.5787037037037037
124837.5,Move,0.6555989583333334,0.5810185185185185
124864.20000000298,Move,0.6569010416666666,0.5810185185185185
124892.20000000298,Move,0.6569010416666666,0.5833333333333334
124962,Move,0.6569010416666666,0.5856481481481481
125023.10000000149,Move,0.6569010416666666,0.5856481481481481
125080.70000000298,Move,0.6569010416666666,0.5879629629629629
125201.10000000149,Move,0.6555989583333334,0.5856481481481481
125222.20000000298,Move,0.650390625,0.5787037037037037
125235.80000000075,Move,0.6438802083333334,0.5671296296296297
125249.60000000149,Move,0.642578125,0.5671296296296297
125263.90000000224,Move,0.6373697916666666,0.5578703703703703
125284.40000000224,Move,0.630859375,0.5486111111111112
125298.80000000075,Move,0.626953125,0.5439814814814815
125313.90000000224,Move,0.6204427083333334,0.5347222222222222
125335.20000000298,Move,0.6061197916666666,0.5138888888888888
125348.80000000075,Move,0.5944010416666666,0.4976851851851852
125368.20000000298,Move,0.5774739583333334,0.47453703703703703
125383.30000000075,Move,0.5657552083333334,0.4583333333333333
125397.30000000075,Move,0.552734375,0.4398148148148148
125417.70000000298,Move,0.521484375,0.3958333333333333
125431,Move,0.490234375,0.3541666666666667
125446,Move,0.427734375,0.2662037037037037
125466.20000000298,Move,0.3873697916666667,0.20833333333333334
125481.60000000149,Move,0.373046875,0.1875
125490.5,Move,0.369140625,0.18287037037037038
125591.30000000075,Move,0.3704427083333333,0.18518518518518517
125598.90000000224,Move,0.3704427083333333,0.1875
125613.10000000149,Move,0.373046875,0.19212962962962962
125634.30000000075,Move,0.376953125,0.19907407407407407
125648.90000000224,Move,0.380859375,0.20601851851851852
125668.30000000075,Move,0.384765625,0.21296296296296297
125683.40000000224,Move,0.3860677083333333,0.2175925925925926
125698.80000000075,Move,0.388671875,0.2222222222222222
125718.20000000298,Move,0.3912760416666667,0.22685185185185186
125731.30000000075,Move,0.392578125,0.22916666666666666
125802.80000000075,Move,0.3977864583333333,0.24074074074074073
125818,Move,0.4016927083333333,0.25
125831,Move,0.4055989583333333,0.25925925925925924
125852.5,Move,0.4108072916666667,0.27546296296296297
125864.40000000224,Move,0.416015625,0.28703703703703703
125881.60000000149,Move,0.419921875,0.2986111111111111
125901.5,Move,0.4264322916666667,0.3148148148148148
125915.20000000298,Move,0.431640625,0.32407407407407407
125934.70000000298,Move,0.4420572916666667,0.3425925925925926
125949.5,Move,0.4537760416666667,0.3611111111111111
125964,Move,0.462890625,0.375
125984.30000000075,Move,0.478515625,0.39814814814814814
126000.60000000149,Move,0.4876302083333333,0.41435185185185186
126019,Move,0.4954427083333333,0.42824074074074076
126033.5,Move,0.5006510416666666,0.4398148148148148
126071.90000000224,Move,0.5006510416666666,0.4375
126100.60000000149,Move,0.5006510416666666,0.4375
126126.90000000224,Move,0.4993489583333333,0.4351851851851852
126144.30000000075,Move,0.4993489583333333,0.4351851851851852
126153.5,Move,0.498046875,0.4351851851851852
126162.60000000149,Move,0.498046875,0.43287037037037035
126181.80000000075,Move,0.4967447916666667,0.4305555555555556
126201.5,Move,0.494140625,0.42592592592592593
126208.20000000298,Move,0.4928385416666667,0.42592592592592593
126234.60000000149,Move,0.4915364583333333,0.4236111111111111
126246.90000000224,Move,0.4889322916666667,0.4236111111111111
126262.80000000075,Move,0.4837239583333333,0.4212962962962963
126282.90000000224,Move,0.4720052083333333,0.41898148148148145
126297.70000000298,Move,0.462890625,0.41898148148148145
126318.10000000149,Move,0.4459635416666667,0.41898148148148145
126332,Move,0.4342447916666667,0.4212962962962963
126352.20000000298,Move,0.4186197916666667,0.4212962962962963
126368.80000000075,Move,0.408203125,0.4166666666666667
126381.10000000149,Move,0.400390625,0.41203703703703703
126401.60000000149,Move,0.3795572916666667,0.3958333333333333
126415.30000000075,Move,0.361328125,0.3819444444444444
126429.20000000298,Move,0.333984375,0.3611111111111111
126451.5,Move,0.2819010416666667,0.33564814814814814
126550.20000000298,Move,0.2805989583333333,0.3333333333333333
126578.20000000298,Move,0.2779947916666667,0.33101851851851855
126586,Move,0.2779947916666667,0.33101851851851855
126598.70000000298,Move,0.2766927083333333,0.3287037037037037
126614,Move,0.275390625,0.3287037037037037
126632.90000000224,Move,0.2740885416666667,0.3287037037037037
126648.80000000075,Move,0.2727864583333333,0.3263888888888889
126664.10000000149,Move,0.271484375,0.3263888888888889
126684.60000000149,Move,0.2727864583333333,0.3263888888888889
126697.20000000298,Move,0.275390625,0.3287037037037037
126713.5,Move,0.2805989583333333,0.33101851851851855
126734.70000000298,Move,0.287109375,0.3333333333333333
126749,Move,0.2923177083333333,0.33796296296296297
126768.40000000224,Move,0.3131510416666667,0.35185185185185186
126782.60000000149,Move,0.337890625,0.375
126797,Move,0.3548177083333333,0.39351851851851855
126819.30000000075,Move,0.4147135416666667,0.4444444444444444
126832.20000000298,Move,0.4772135416666667,0.46064814814814814
126852.80000000075,Move,0.5579427083333334,0.45601851851851855
126866.10000000149,Move,0.5865885416666666,0.45601851851851855
126881.5,Move,0.5930989583333334,0.45601851851851855
126902,Move,0.5983072916666666,0.45601851851851855
126915.80000000075,Move,0.6022135416666666,0.45601851851851855
126930.5,Move,0.6048177083333334,0.45601851851851855
126951.40000000224,Move,0.6139322916666666,0.4583333333333333
126964.10000000149,Move,0.623046875,0.46064814814814814
126978.90000000224,Move,0.6282552083333334,0.46296296296296297
127099.90000000224,Move,0.6282552083333334,0.46064814814814814
127146.20000000298,Move,0.6295572916666666,0.46064814814814814
127164.60000000149,Move,0.6295572916666666,0.4583333333333333
127182.40000000224,Move,0.630859375,0.4583333333333333
127201.20000000298,Move,0.6321614583333334,0.45601851851851855
127218.20000000298,Move,0.6321614583333334,0.45601851851851855
127235.60000000149,Move,0.6334635416666666,0.4537037037037037
127245,Move,0.6334635416666666,0.4537037037037037
127263.60000000149,Move,0.634765625,0.4537037037037037
127280.70000000298,Move,0.6360677083333334,0.4513888888888889
127298,Move,0.6373697916666666,0.44907407407407407
127318,Move,0.6399739583333334,0.4444444444444444
127324.60000000149,Move,0.6412760416666666,0.4444444444444444
127352.5,Move,0.642578125,0.44212962962962965
127366.40000000224,Move,0.6438802083333334,0.4444444444444444
127379.70000000298,Move,0.6477864583333334,0.4444444444444444
127400.60000000149,Move,0.6477864583333334,0.4444444444444444
127416,Move,0.650390625,0.4444444444444444
127435,Move,0.654296875,0.4444444444444444
127451.10000000149,Move,0.654296875,0.4444444444444444
127464.10000000149,Move,0.6569010416666666,0.4444444444444444
127484.40000000224,Move,0.662109375,0.4444444444444444
127498.60000000149,Move,0.6673177083333334,0.4444444444444444
127513.20000000298,Move,0.6725260416666666,0.4444444444444444
127532.80000000075,Move,0.6803385416666666,0.4444444444444444
127548.10000000149,Move,0.685546875,0.4444444444444444
127569,Move,0.693359375,0.44212962962962965
127583.10000000149,Move,0.6985677083333334,0.4444444444444444
127597.90000000224,Move,0.7063802083333334,0.4513888888888889
127617.30000000075,Move,0.720703125,0.4652777777777778
127632,Move,0.7389322916666666,0.48148148148148145
127648.60000000149,Move,0.7493489583333334,0.48842592592592593
127666.60000000149,Move,0.755859375,0.4930555555555556
127680.80000000075,Move,0.7610677083333334,0.49537037037037035
127785.60000000149,Move,0.759765625,0.49537037037037035
127802.30000000075,Move,0.759765625,0.4976851851851852
127820,Move,0.759765625,0.49537037037037035
127836.60000000149,Move,0.759765625,0.4976851851851852
127850.70000000298,Move,0.759765625,0.4976851851851852
127866.40000000224,Move,0.759765625,0.5
127883.80000000075,Move,0.7584635416666666,0.5023148148148148
127898,Move,0.7571614583333334,0.5046296296296297
127914.10000000149,Move,0.755859375,0.5069444444444444
127930.40000000224,Move,0.755859375,0.5092592592592593
128028.20000000298,Move,0.7545572916666666,0.5069444444444444
128043.60000000149,Move,0.755859375,0.5092592592592593
128057,Move,0.7545572916666666,0.5069444444444444
128069.5,Move,0.7545572916666666,0.5046296296296297
128083.60000000149,Move,0.751953125,0.5
128098.80000000075,Move,0.7493489583333334,0.49537037037037035
128117.30000000075,Move,0.7467447916666666,0.48842592592592593
128132.5,Move,0.7428385416666666,0.48148148148148145
128146.5,Move,0.740234375,0.47453703703703703
128168,Move,0.7350260416666666,0.4652777777777778
128181.90000000224,Move,0.732421875,0.46064814814814814
128201.80000000075,Move,0.7272135416666666,0.4513888888888889
128215.90000000224,Move,0.724609375,0.4444444444444444
128231.30000000075,Move,0.7233072916666666,0.4398148148148148
128251,Move,0.7180989583333334,0.42824074074074076
128265.90000000224,Move,0.7141927083333334,0.4166666666666667
128280.10000000149,Move,0.7115885416666666,0.4074074074074074
128300.90000000224,Move,0.697265625,0.37037037037037035
128315.30000000075,Move,0.6920572916666666,0.35648148148148145
128358.80000000075,Move,0.6920572916666666,0.3541666666666667
128396.5,Move,0.693359375,0.3541666666666667
128408.20000000298,Move,0.693359375,0.3541666666666667
128429.20000000298,Move,0.6946614583333334,0.35185185185185186
128431.40000000224,Move,0.6959635416666666,0.3472222222222222
128444.40000000224,Move,0.697265625,0.3472222222222222
128507.60000000149,Move,0.6959635416666666,0.3449074074074074
128514.10000000149,Move,0.6946614583333334,0.3449074074074074
128535.60000000149,Move,0.685546875,0.3449074074074074
128549.70000000298,Move,0.681640625,0.3449074074074074
128564.20000000298,Move,0.673828125,0.3449074074074074
128583.70000000298,Move,0.654296875,0.3425925925925926
128599,Move,0.626953125,0.3449074074074074
128612.90000000224,Move,0.6022135416666666,0.3449074074074074
128632.5,Move,0.529296875,0.34953703703703703
128647.5,Move,0.4407552083333333,0.33564814814814814
128667.40000000224,Move,0.326171875,0.30787037037037035
128681.5,Move,0.2962239583333333,0.30092592592592593
128697.80000000075,Move,0.2897135416666667,0.2986111111111111
128716.80000000075,Move,0.2819010416666667,0.2986111111111111
128731.5,Move,0.2766927083333333,0.2962962962962963
128745.20000000298,Move,0.2727864583333333,0.2962962962962963
128767.20000000298,Move,0.251953125,0.29398148148148145
128781.80000000075,Move,0.24544270833333334,0.29398148148148145
128892.10000000149,Move,0.24544270833333334,0.29398148148148145
128914.5,Move,0.24674479166666666,0.2962962962962963
128930.90000000224,Move,0.248046875,0.2986111111111111
128933.90000000224,Move,0.248046875,0.2986111111111111
128949.70000000298,Move,0.24934895833333334,0.30092592592592593
128969,Move,0.2506510416666667,0.30324074074074076
128983.20000000298,Move,0.251953125,0.3055555555555556
128997.90000000224,Move,0.2545572916666667,0.3101851851851852
129017.80000000075,Move,0.2571614583333333,0.3148148148148148
129032.5,Move,0.259765625,0.3194444444444444
129047.60000000149,Move,0.259765625,0.3194444444444444
129076.5,Move,0.2610677083333333,0.32175925925925924
129124.30000000075,Move,0.2610677083333333,0.32175925925925924
129139.40000000224,Move,0.2623697916666667,0.32175925925925924
129152.10000000149,Move,0.2649739583333333,0.32175925925925924
129166.80000000075,Move,0.267578125,0.32175925925925924
129182.5,Move,0.2701822916666667,0.32175925925925924
129200.70000000298,Move,0.287109375,0.3194444444444444
129215.90000000224,Move,0.3001302083333333,0.31712962962962965
129230.70000000298,Move,0.3248697916666667,0.3148148148148148
129251.10000000149,Move,0.365234375,0.3287037037037037
129264,Move,0.380859375,0.3402777777777778
129286.10000000149,Move,0.3860677083333333,0.3449074074074074
129301.40000000224,Move,0.3873697916666667,0.3449074074074074
129315,Move,0.388671875,0.3449074074074074
129334.70000000298,Move,0.392578125,0.3472222222222222
129348.80000000075,Move,0.396484375,0.3472222222222222
129354.10000000149,Move,0.3977864583333333,0.3472222222222222
129478.60000000149,Move,0.3977864583333333,0.3472222222222222
129528.90000000224,Move,0.3990885416666667,0.3472222222222222
129551.80000000075,Move,0.400390625,0.3472222222222222
129574.20000000298,Move,0.4016927083333333,0.3472222222222222
129599.60000000149,Move,0.4029947916666667,0.3472222222222222
129671.80000000075,Move,0.4069010416666667,0.3541666666666667
129678.80000000075,Move,0.4095052083333333,0.3611111111111111
129702.20000000298,Move,0.4147135416666667,0.3726851851851852
129715.20000000298,Move,0.4186197916666667,0.3819444444444444
129735.90000000224,Move,0.4264322916666667,0.40046296296296297
129750.5,Move,0.4303385416666667,0.41203703703703703
129769.40000000224,Move,0.4368489583333333,0.43287037037037035
129783.30000000075,Move,0.4420572916666667,0.44907407407407407
129797.20000000298,Move,0.447265625,0.46064814814814814
129818.5,Move,0.4537760416666667,0.48148148148148145
129831.90000000224,Move,0.4576822916666667,0.49074074074074076
129847.60000000149,Move,0.462890625,0.5
129867.40000000224,Move,0.4694010416666667,0.5115740740740741
129880.10000000149,Move,0.4733072916666667,0.5185185185185185
129902.90000000224,Move,0.4811197916666667,0.5324074074074074
129916.40000000224,Move,0.490234375,0.5416666666666666
129931.70000000298,Move,0.494140625,0.5462962962962963
129951.5,Move,0.5006510416666666,0.5532407407407407
129965.40000000224,Move,0.509765625,0.5625
129985.70000000298,Move,0.5201822916666666,0.5717592592592593
130000.70000000298,Move,0.525390625,0.5787037037037037
130014.90000000224,Move,0.529296875,0.5833333333333334
130028.60000000149,Move,0.5345052083333334,0.5925925925925926
130049.60000000149,Move,0.5397135416666666,0.6018518518518519
130064,Move,0.5462239583333334,0.6134259259259259
130152.20000000298,Move,0.544921875,0.6111111111111112
130165.5,Move,0.544921875,0.6111111111111112
130175.90000000224,Move,0.5462239583333334,0.6111111111111112
130209.10000000149,Move,0.544921875,0.6111111111111112
130245.30000000075,Move,0.544921875,0.6111111111111112
130263.20000000298,Move,0.5436197916666666,0.6087962962962963
130290.90000000224,Move,0.5436197916666666,0.6087962962962963
130295.70000000298,Move,0.5423177083333334,0.6087962962962963
130318.20000000298,Move,0.541015625,0.6064814814814815
130328.70000000298,Move,0.541015625,0.6064814814814815
130352,Move,0.5397135416666666,0.6064814814814815
130364,Move,0.537109375,0.6018518518518519
130385,Move,0.533203125,0.5995370370370371
130394.20000000298,Move,0.533203125,0.5995370370370371
130417.70000000298,Move,0.5345052083333334,0.5995370370370371
130432.80000000075,Move,0.5358072916666666,0.6018518518518519
130445.10000000149,Move,0.5397135416666666,0.6018518518518519
130460.10000000149,Move,0.5436197916666666,0.5995370370370371
130481.60000000149,Move,0.5462239583333334,0.6018518518518519
130501.20000000298,Move,0.5514322916666666,0.6018518518518519
130516.10000000149,Move,0.552734375,0.5995370370370371
130530.80000000075,Move,0.556640625,0.5995370370370371
130551.30000000075,Move,0.5631510416666666,0.5972222222222222
130564.80000000075,Move,0.5696614583333334,0.5925925925925926
130585.80000000075,Move,0.5787760416666666,0.5879629629629629
130599.70000000298,Move,0.5852864583333334,0.5856481481481481
130614,Move,0.5930989583333334,0.5856481481481481
130633.30000000075,Move,0.611328125,0.5879629629629629
130649.30000000075,Move,0.630859375,0.5902777777777778
130663.20000000298,Move,0.6673177083333334,0.5995370370370371
130676.90000000224,Move,0.6959635416666666,0.6064814814814815
130697.60000000149,Move,0.7154947916666666,0.6064814814814815
130711.80000000075,Move,0.724609375,0.6064814814814815
130834,Move,0.724609375,0.6064814814814815
130862.30000000075,Move,0.7220052083333334,0.6018518518518519
130883.10000000149,Move,0.7194010416666666,0.5972222222222222
130898.70000000298,Move,0.7194010416666666,0.5972222222222222
130919,Move,0.7180989583333334,0.5972222222222222
130933,Move,0.7180989583333334,0.5949074074074074
130948.80000000075,Move,0.7154947916666666,0.5925925925925926
130968.20000000298,Move,0.7141927083333334,0.5902777777777778
130982.70000000298,Move,0.712890625,0.5856481481481481
131002.80000000075,Move,0.7115885416666666,0.5833333333333334
131018.20000000298,Move,0.7076822916666666,0.5763888888888888
131032.20000000298,Move,0.7037760416666666,0.5694444444444444
131046.80000000075,Move,0.6985677083333334,0.5601851851851852
131066.30000000075,Move,0.6907552083333334,0.5462962962962963
131080.80000000075,Move,0.685546875,0.5370370370370371
131101.30000000075,Move,0.6790364583333334,0.5231481481481481
131115.90000000224,Move,0.673828125,0.5162037037037037
131129.5,Move,0.6673177083333334,0.5023148148148148
131151.1000000015,Move,0.654296875,0.48148148148148145
131165.30000000075,Move,0.6412760416666666,0.45601851851851855
131183.90000000224,Move,0.6139322916666666,0.4074074074074074
131199.40000000224,Move,0.583984375,0.35648148148148145
131215.1000000015,Move,0.5475260416666666,0.2916666666666667
131221.40000000224,Move,0.5423177083333334,0.2824074074074074
131343.70000000298,Move,0.5423177083333334,0.2800925925925926
131365.30000000075,Move,0.5423177083333334,0.2800925925925926
131380.1000000015,Move,0.5423177083333334,0.2777777777777778
131389.1000000015,Move,0.5423177083333334,0.2777777777777778
131401.70000000298,Move,0.5423177083333334,0.27314814814814814
131415.90000000224,Move,0.5436197916666666,0.26851851851851855
131435.90000000224,Move,0.5423177083333334,0.25
131450.1000000015,Move,0.5423177083333334,0.24537037037037038
131465.20000000298,Move,0.5423177083333334,0.24305555555555555
131477.40000000224,Move,0.5423177083333334,0.24305555555555555
131499.20000000298,Move,0.5423177083333334,0.24074074074074073
131514.1000000015,Move,0.541015625,0.24074074074074073
131521.6000000015,Move,0.541015625,0.24074074074074073
131550,Move,0.537109375,0.23842592592592593
131557.20000000298,Move,0.537109375,0.24074074074074073
131584.80000000075,Move,0.5358072916666666,0.24074074074074073
131598.6000000015,Move,0.533203125,0.24074074074074073
131606.40000000224,Move,0.533203125,0.24074074074074073
131632.6000000015,Move,0.529296875,0.24074074074074073
131648,Move,0.5266927083333334,0.24074074074074073
131667.90000000224,Move,0.521484375,0.23842592592592593
131684.20000000298,Move,0.5162760416666666,0.23842592592592593
131697.20000000298,Move,0.5123697916666666,0.23842592592592593
131717.70000000298,Move,0.5071614583333334,0.23842592592592593
131732.5,Move,0.5032552083333334,0.24074074074074073
131753,Move,0.494140625,0.24305555555555555
131766.80000000075,Move,0.4850260416666667,0.24768518518518517
131786.5,Move,0.4615885416666667,0.2569444444444444
131801.30000000075,Move,0.4524739583333333,0.25925925925925924
131816.1000000015,Move,0.4498697916666667,0.26157407407407407
131830,Move,0.4459635416666667,0.26157407407407407
131902.1000000015,Move,0.4459635416666667,0.25925925925925924
131930,Move,0.4459635416666667,0.25925925925925924
131944.80000000075,Move,0.447265625,0.2569444444444444
131975.40000000224,Move,0.447265625,0.2569444444444444
132008.70000000298,Move,0.4485677083333333,0.25462962962962965
132028.70000000298,Move,0.4498697916666667,0.2523148148148148
132052.30000000075,Move,0.4498697916666667,0.2523148148148148
132071.70000000298,Move,0.451171875,0.2523148148148148
132162.40000000224,Move,0.451171875,0.2523148148148148
132177.90000000224,Move,0.4524739583333333,0.25462962962962965
132183.70000000298,Move,0.4537760416666667,0.2569444444444444
132199,Move,0.455078125,0.25925925925925924
132218.30000000075,Move,0.4576822916666667,0.2638888888888889
132233.20000000298,Move,0.4615885416666667,0.2708333333333333
132246.30000000075,Move,0.4694010416666667,0.2824074074074074
132267.70000000298,Move,0.4798177083333333,0.30092592592592593
132282.70000000298,Move,0.494140625,0.3263888888888889
132295.6000000015,Move,0.5162760416666666,0.3680555555555556
132316.90000000224,Move,0.5397135416666666,0.41435185185185186
132331.20000000298,Move,0.544921875,0.4236111111111111
132352.40000000224,Move,0.5462239583333334,0.42592592592592593
132365.80000000075,Move,0.5475260416666666,0.42824074074074076
132385.90000000224,Move,0.548828125,0.43287037037037035
132401.20000000298,Move,0.552734375,0.4375
132414.1000000015,Move,0.5540364583333334,0.44212962962962965
132421.6000000015,Move,0.5553385416666666,0.4444444444444444
132547,Move,0.5553385416666666,0.4444444444444444
132607.40000000224,Move,0.556640625,0.44675925925925924
132652.70000000298,Move,0.5579427083333334,0.44907407407407407
132666.6000000015,Move,0.560546875,0.4537037037037037
132683.1000000015,Move,0.5618489583333334,0.45601851851851855
132697.30000000075,Move,0.5631510416666666,0.45601851851851855
132743.5,Move,0.5631510416666666,0.4583333333333333
132816.70000000298,Move,0.564453125,0.4375
132833.1000000015,Move,0.564453125,0.4236111111111111
132851.90000000224,Move,0.5670572916666666,0.4050925925925926
132865.90000000224,Move,0.568359375,0.38425925925925924
132880.90000000224,Move,0.5696614583333334,0.3680555555555556
132901.20000000298,Move,0.5709635416666666,0.3425925925925926
132915.30000000075,Move,0.572265625,0.33101851851851855
132936.20000000298,Move,0.572265625,0.3148148148148148
132950.40000000224,Move,0.572265625,0.30324074074074076
132964.40000000224,Move,0.572265625,0.2916666666666667
132984.80000000075,Move,0.5709635416666666,0.2777777777777778
132999,Move,0.5696614583333334,0.2708333333333333
133019.1000000015,Move,0.568359375,0.2523148148148148
133032.6000000015,Move,0.568359375,0.24074074074074073
133047,Move,0.568359375,0.2337962962962963
133067.5,Move,0.568359375,0.2199074074074074
133075.6000000015,Move,0.568359375,0.21296296296296297
133171.1000000015,Move,0.568359375,0.21296296296296297
133240.1000000015,Move,0.568359375,0.2152777777777778
133273.80000000075,Move,0.568359375,0.2152777777777778
133343,Move,0.568359375,0.2175925925925926
133375.1000000015,Move,0.568359375,0.2199074074074074
133411.90000000224,Move,0.568359375,0.2222222222222222
133458.5,Move,0.5709635416666666,0.23148148148148148
133467.80000000075,Move,0.5735677083333334,0.23842592592592593
133485.30000000075,Move,0.5787760416666666,0.25
133500.80000000075,Move,0.583984375,0.2638888888888889
133515.1000000015,Move,0.5865885416666666,0.27314814814814814
133535.90000000224,Move,0.5944010416666666,0.28935185185185186
133549.6000000015,Move,0.6009114583333334,0.30324074074074076
133564.5,Move,0.6048177083333334,0.3125
133585.6000000015,Move,0.6139322916666666,0.3333333333333333
133599,Move,0.6165364583333334,0.3425925925925926
133613.40000000224,Move,0.6204427083333334,0.35648148148148145
133633.90000000224,Move,0.6243489583333334,0.37037037037037035
133648.20000000298,Move,0.6282552083333334,0.3819444444444444
133669.40000000224,Move,0.6334635416666666,0.4050925925925926
133682.90000000224,Move,0.634765625,0.4166666666666667
133702.80000000075,Move,0.6373697916666666,0.43287037037037035
133716.5,Move,0.6399739583333334,0.4537037037037037
133732.30000000075,Move,0.642578125,0.4699074074074074
133752.5,Move,0.646484375,0.49074074074074076
133767.70000000298,Move,0.6490885416666666,0.5
133786.70000000298,Move,0.6529947916666666,0.5138888888888888
133802.20000000298,Move,0.6569010416666666,0.5277777777777778
133860.6000000015,Move,0.6569010416666666,0.5277777777777778
133929.40000000224,Move,0.6569010416666666,0.5300925925925926
134066.1000000015,Move,0.6569010416666666,0.5324074074074074
134328.90000000224,Released,0.6569010416666666,0.5324074074074074
134365.5,Released,0.4869791666666667,0.6331018518518519