resolution:1536,864
225441,Pressed,0.7109375,0.4201388888888889
225750,Move,0.7096354166666666,0.4212962962962963
225757,Move,0.7096354166666666,0.4212962962962963
225778,Move,0.7057291666666666,0.4236111111111111
225799,Move,0.7018229166666666,0.42592592592592593
225814,Move,0.701171875,0.42592592592592593
225827,Move,0.6985677083333334,0.4270833333333333
225847,Move,0.6927083333333334,0.42939814814814814
225862,Move,0.68359375,0.43171296296296297
225882,Move,0.6640625,0.4363425925925926
225897,Move,0.6497395833333334,0.4375
225910,Move,0.64453125,0.4375
225923,Move,0.642578125,0.4375
225945,Move,0.6393229166666666,0.4386574074074074
225959,Move,0.63671875,0.4386574074074074
225982,Move,0.6315104166666666,0.4398148148148148
225996,Move,0.62890625,0.4398148148148148
226017,Move,0.6236979166666666,0.4409722222222222
226024,Move,0.623046875,0.4409722222222222
226044,Move,0.6165364583333334,0.44212962962962965
226064,Move,0.6048177083333334,0.44328703703703703
226080,Move,0.5950520833333334,0.44675925925925924
226095,Move,0.5852864583333334,0.44907407407407407
226108,Move,0.5748697916666666,0.4537037037037037
226128,Move,0.55859375,0.46296296296296297
226148,Move,0.548828125,0.4699074074074074
226157,Move,0.5455729166666666,0.47337962962962965
226176,Move,0.5423177083333334,0.47685185185185186
226192,Move,0.5384114583333334,0.48032407407407407
226212,Move,0.5299479166666666,0.49074074074074076
226233,Move,0.5208333333333334,0.5023148148148148
226248,Move,0.513671875,0.5104166666666666
226261,Move,0.5052083333333334,0.5208333333333334
226267,Move,0.5,0.5254629629629629
226289,Move,0.4889322916666667,0.5347222222222222
226310,Move,0.48046875,0.5416666666666666
226331,Move,0.4778645833333333,0.5439814814814815
226345,Move,0.4778645833333333,0.5439814814814815
226367,Move,0.4778645833333333,0.5439814814814815
226393,Move,0.4759114583333333,0.5439814814814815
226415,Move,0.4739583333333333,0.5439814814814815
226428,Move,0.4713541666666667,0.5462962962962963
226438,Move,0.4700520833333333,0.5462962962962963
226481,Move,0.470703125,0.5451388888888888
226539,Move,0.470703125,0.5439814814814815
226603,Move,0.4713541666666667,0.5439814814814815
226666,Move,0.4713541666666667,0.5428240740740741
226732,Move,0.4720052083333333,0.5416666666666666
226797,Move,0.4720052083333333,0.5405092592592593
226859,Move,0.4720052083333333,0.5405092592592593
226928,Move,0.470703125,0.5393518518518519
226935,Move,0.4713541666666667,0.5393518518518519
226942,Move,0.4713541666666667,0.5393518518518519
226963,Move,0.4700520833333333,0.5393518518518519
226977,Move,0.4694010416666667,0.5393518518518519
226991,Move,0.4680989583333333,0.5370370370370371
227013,Move,0.4654947916666667,0.5335648148148148
227033,Move,0.4622395833333333,0.5289351851851852
227047,Move,0.4622395833333333,0.5254629629629629
227062,Move,0.4622395833333333,0.5254629629629629
227082,Move,0.4622395833333333,0.5243055555555556
227097,Move,0.4615885416666667,0.5231481481481481
227117,Move,0.458984375,0.5185185185185185
227131,Move,0.45703125,0.5162037037037037
227145,Move,0.455078125,0.5115740740740741
227159,Move,0.4537760416666667,0.5104166666666666
227180,Move,0.4537760416666667,0.5092592592592593
227201,Move,0.453125,0.5081018518518519
227214,Move,0.4518229166666667,0.5069444444444444
227229,Move,0.451171875,0.5034722222222222
227244,Move,0.4498697916666667,0.5023148148148148
227264,Move,0.4485677083333333,0.4976851851851852
227278,Move,0.4466145833333333,0.4930555555555556
227298,Move,0.443359375,0.4861111111111111
227313,Move,0.44140625,0.48032407407407407
227327,Move,0.4388020833333333,0.47453703703703703
227349,Move,0.4361979166666667,0.46412037037037035
227362,Move,0.4342447916666667,0.4583333333333333
227382,Move,0.4309895833333333,0.4479166666666667
227396,Move,0.4283854166666667,0.44212962962962965
227413,Move,0.4264322916666667,0.4351851851851852
227425,Move,0.4244791666666667,0.42824074074074076
227445,Move,0.4205729166666667,0.41898148148148145
227460,Move,0.4186197916666667,0.41203703703703703
227481,Move,0.4153645833333333,0.4039351851851852
227495,Move,0.4127604166666667,0.39699074074074076
227508,Move,0.41015625,0.3912037037037037
227524,Move,0.4075520833333333,0.3854166666666667
227545,Move,0.3997395833333333,0.3726851851851852
227566,Move,0.3912760416666667,0.3576388888888889
227580,Move,0.3841145833333333,0.34837962962962965
227595,Move,0.3763020833333333,0.33912037037037035
227608,Move,0.3678385416666667,0.33101851851851855
227628,Move,0.337890625,0.30787037037037035
227649,Move,0.310546875,0.28935185185185186
227664,Move,0.3020833333333333,0.2847222222222222
227677,Move,0.2923177083333333,0.27662037037037035
227698,Move,0.2786458333333333,0.2638888888888889
227711,Move,0.275390625,0.2604166666666667
227733,Move,0.2708333333333333,0.25578703703703703
227747,Move,0.2643229166666667,0.2465277777777778
227762,Move,0.26171875,0.24189814814814814
227768,Move,0.26171875,0.24189814814814814
227845,Move,0.26171875,0.24305555555555555
227858,Move,0.2623697916666667,0.24305555555555555
227866,Move,0.2623697916666667,0.24421296296296297
227875,Move,0.2630208333333333,0.24537037037037038
227895,Move,0.2630208333333333,0.2465277777777778
227915,Move,0.263671875,0.24768518518518517
227925,Move,0.263671875,0.24768518518518517
227945,Move,0.2643229166666667,0.25
227966,Move,0.2643229166666667,0.2511574074074074
227973,Move,0.2643229166666667,0.2523148148148148
227997,Move,0.2643229166666667,0.2534722222222222
228015,Move,0.2643229166666667,0.25578703703703703
228026,Move,0.2649739583333333,0.25578703703703703
228045,Move,0.265625,0.2569444444444444
228065,Move,0.2662760416666667,0.25925925925925924
228076,Move,0.2669270833333333,0.25925925925925924
228093,Move,0.2669270833333333,0.26157407407407407
228115,Move,0.2682291666666667,0.26273148148148145
228124,Move,0.2688802083333333,0.2638888888888889
228144,Move,0.26953125,0.2650462962962963
228166,Move,0.2708333333333333,0.2662037037037037
228175,Move,0.2721354166666667,0.26851851851851855
228195,Move,0.2727864583333333,0.26967592592592593
228214,Move,0.2734375,0.2708333333333333
228226,Move,0.2734375,0.2708333333333333
228246,Move,0.2740885416666667,0.27199074074074076
228263,Move,0.2760416666666667,0.27314814814814814
228278,Move,0.279296875,0.2743055555555556
228291,Move,0.28125,0.27546296296296297
228314,Move,0.2942708333333333,0.2800925925925926
228328,Move,0.3118489583333333,0.28587962962962965
228348,Move,0.328125,0.29282407407407407
228362,Move,0.3450520833333333,0.2986111111111111
228370,Move,0.353515625,0.30324074074074076
228392,Move,0.3815104166666667,0.3148148148148148
228410,Move,0.4010416666666667,0.32175925925925924
228424,Move,0.416015625,0.3287037037037037
228445,Move,0.4440104166666667,0.3402777777777778
228461,Move,0.4615885416666667,0.3460648148148148
228475,Move,0.46875,0.34953703703703703
228494,Move,0.4856770833333333,0.3541666666666667
228516,Move,0.5013020833333334,0.3587962962962963
228530,Move,0.5169270833333334,0.36342592592592593
228544,Move,0.5299479166666666,0.36574074074074076
228558,Move,0.5423177083333334,0.3680555555555556
228577,Move,0.5611979166666666,0.3715277777777778
228592,Move,0.5716145833333334,0.3726851851851852
228615,Move,0.5846354166666666,0.375
228629,Move,0.591796875,0.3773148148148148
228643,Move,0.6002604166666666,0.3784722222222222
228662,Move,0.6119791666666666,0.3819444444444444
228675,Move,0.6158854166666666,0.3819444444444444
228698,Move,0.62109375,0.38425925925925924
228712,Move,0.623046875,0.38657407407407407
228733,Move,0.6243489583333334,0.38657407407407407
228747,Move,0.625,0.38657407407407407
228760,Move,0.6263020833333334,0.38657407407407407
228781,Move,0.62890625,0.38657407407407407
228798,Move,0.6302083333333334,0.38657407407407407
228810,Move,0.6315104166666666,0.38773148148148145
228832,Move,0.6315104166666666,0.38773148148148145
228845,Move,0.6321614583333334,0.38773148148148145
228866,Move,0.634765625,0.38773148148148145
228882,Move,0.634765625,0.38773148148148145
228887,Move,0.634765625,0.38773148148148145
228974,Move,0.6341145833333334,0.38657407407407407
228992,Move,0.6334635416666666,0.38425925925925924
229007,Move,0.6321614583333334,0.38078703703703703
229027,Move,0.6315104166666666,0.3773148148148148
229045,Move,0.6315104166666666,0.3773148148148148
229059,Move,0.6315104166666666,0.3773148148148148
229076,Move,0.6315104166666666,0.3773148148148148
229093,Move,0.6315104166666666,0.3773148148148148
229111,Move,0.6315104166666666,0.3773148148148148
229126,Move,0.6315104166666666,0.3773148148148148
229144,Move,0.6315104166666666,0.3773148148148148
229162,Move,0.6315104166666666,0.3773148148148148
229178,Move,0.6315104166666666,0.3773148148148148
229196,Move,0.6315104166666666,0.3773148148148148
229212,Move,0.6315104166666666,0.3773148148148148
229230,Move,0.6315104166666666,0.3773148148148148
229248,Move,0.6315104166666666,0.3773148148148148
229263,Move,0.6315104166666666,0.3773148148148148
229280,Move,0.6315104166666666,0.3773148148148148
229297,Move,0.6315104166666666,0.3773148148148148
229315,Move,0.6315104166666666,0.3773148148148148
229333,Move,0.6315104166666666,0.3773148148148148
229349,Move,0.6315104166666666,0.3773148148148148
229366,Move,0.6315104166666666,0.3773148148148148
229388,Move,0.6315104166666666,0.3773148148148148
229399,Move,0.6315104166666666,0.3773148148148148
229415,Move,0.6315104166666666,0.3773148148148148
229433,Move,0.6315104166666666,0.3773148148148148
229449,Move,0.6315104166666666,0.3773148148148148
229468,Move,0.6315104166666666,0.3773148148148148
229482,Move,0.6315104166666666,0.3773148148148148
229501,Move,0.6315104166666666,0.3773148148148148
229516,Move,0.6315104166666666,0.3773148148148148
229535,Move,0.6315104166666666,0.3773148148148148
229554,Move,0.6315104166666666,0.3773148148148148
229569,Move,0.6315104166666666,0.3773148148148148
229585,Move,0.630859375,0.3761574074074074
229604,Move,0.6295572916666666,0.3726851851851852
229620,Move,0.6282552083333334,0.3680555555555556
229637,Move,0.6263020833333334,0.36342592592592593
229654,Move,0.625,0.3611111111111111
229672,Move,0.6236979166666666,0.3587962962962963
229687,Move,0.623046875,0.35532407407407407
229705,Move,0.6223958333333334,0.3541666666666667
229727,Move,0.6236979166666666,0.35532407407407407
229749,Move,0.6263020833333334,0.35648148148148145
229763,Move,0.6282552083333334,0.35648148148148145
229780,Move,0.6295572916666666,0.35648148148148145
229797,Move,0.6321614583333334,0.35532407407407407
229812,Move,0.6334635416666666,0.35648148148148145
229825,Move,0.634765625,0.35648148148148145
229847,Move,0.6373697916666666,0.3587962962962963
229860,Move,0.6393229166666666,0.3587962962962963
229869,Move,0.640625,0.3587962962962963
229897,Move,0.64453125,0.3599537037037037
229910,Move,0.646484375,0.3611111111111111
229932,Move,0.6490885416666666,0.36226851851851855
229946,Move,0.6516927083333334,0.36342592592592593
229953,Move,0.65234375,0.36342592592592593
229980,Move,0.6549479166666666,0.3645833333333333
229994,Move,0.6569010416666666,0.36574074074074076
230016,Move,0.6595052083333334,0.36574074074074076
230029,Move,0.66015625,0.36574074074074076
230039,Move,0.6614583333333334,0.36689814814814814
230063,Move,0.6653645833333334,0.36921296296296297
230078,Move,0.6673177083333334,0.37037037037037035
230100,Move,0.6686197916666666,0.37037037037037035
230113,Move,0.6705729166666666,0.37037037037037035
230127,Move,0.6731770833333334,0.3726851851851852
230149,Move,0.67578125,0.3738425925925926
230163,Move,0.6770833333333334,0.3761574074074074
230184,Move,0.6796875,0.3784722222222222
230196,Move,0.6809895833333334,0.37962962962962965
230211,Move,0.681640625,0.38078703703703703
230232,Move,0.6829427083333334,0.3819444444444444
230246,Move,0.68359375,0.3819444444444444
230261,Move,0.6848958333333334,0.3819444444444444
230280,Move,0.685546875,0.38310185185185186
230295,Move,0.6868489583333334,0.38310185185185186
230411,Move,0.6881510416666666,0.38425925925925924
230461,Move,0.6888020833333334,0.3854166666666667
230510,Move,0.6888020833333334,0.3854166666666667
230560,Move,0.6888020833333334,0.3854166666666667
230610,Move,0.689453125,0.38657407407407407
230661,Move,0.6901041666666666,0.38657407407407407
230711,Move,0.6901041666666666,0.38657407407407407
230762,Move,0.6881510416666666,0.38657407407407407
230769,Move,0.6868489583333334,0.38657407407407407
230779,Move,0.6848958333333334,0.38657407407407407
230798,Move,0.67578125,0.3888888888888889
230811,Move,0.6731770833333334,0.3888888888888889
230827,Move,0.6692708333333334,0.3900462962962963
230846,Move,0.6575520833333334,0.3912037037037037
230864,Move,0.6419270833333334,0.39351851851851855
230882,Move,0.6080729166666666,0.3993055555555556
230896,Move,0.59765625,0.40046296296296297
230910,Move,0.5950520833333334,0.40046296296296297
230932,Move,0.58984375,0.40162037037037035
230945,Move,0.5859375,0.40162037037037035
230965,Move,0.578125,0.4027777777777778
230980,Move,0.57421875,0.4039351851851852
230994,Move,0.5709635416666666,0.4050925925925926
231015,Move,0.55859375,0.4074074074074074
231028,Move,0.544921875,0.4097222222222222
231049,Move,0.51953125,0.4131944444444444
231064,Move,0.5013020833333334,0.41550925925925924
231079,Move,0.4759114583333333,0.41898148148148145
231098,Move,0.4505208333333333,0.4236111111111111
231112,Move,0.4407552083333333,0.42476851851851855
231133,Move,0.4283854166666667,0.42824074074074076
231148,Move,0.4095052083333333,0.4305555555555556
231162,Move,0.3919270833333333,0.43287037037037035
231184,Move,0.3561197916666667,0.4386574074074074
231198,Move,0.3268229166666667,0.4444444444444444
231211,Move,0.306640625,0.44675925925925924
231225,Move,0.2903645833333333,0.45023148148148145
231246,Move,0.2825520833333333,0.4513888888888889
231267,Move,0.2819010416666667,0.4513888888888889
231283,Move,0.28125,0.4513888888888889
231294,Move,0.2799479166666667,0.4513888888888889
231316,Move,0.2760416666666667,0.4513888888888889
231330,Move,0.2721354166666667,0.4513888888888889
231341,Move,0.26953125,0.4513888888888889
231396,Move,0.2688802083333333,0.4513888888888889
231405,Move,0.2688802083333333,0.4525462962962963
231415,Move,0.26953125,0.4525462962962963
231432,Move,0.26953125,0.4537037037037037
231443,Move,0.26953125,0.4548611111111111
231460,Move,0.26953125,0.45601851851851855
231479,Move,0.2701822916666667,0.4618055555555556
231497,Move,0.2721354166666667,0.4652777777777778
231514,Move,0.2721354166666667,0.4652777777777778
231532,Move,0.2721354166666667,0.4664351851851852
231540,Move,0.2721354166666667,0.4664351851851852
231558,Move,0.2721354166666667,0.4675925925925926
231577,Move,0.2721354166666667,0.4675925925925926
231595,Move,0.2721354166666667,0.46875
231613,Move,0.2721354166666667,0.46875
231630,Move,0.2721354166666667,0.4699074074074074
231649,Move,0.2727864583333333,0.4699074074074074
231658,Move,0.2734375,0.4710648148148148
231676,Move,0.2740885416666667,0.47453703703703703
231695,Move,0.2760416666666667,0.47800925925925924
231704,Move,0.27734375,0.4791666666666667
231729,Move,0.2805989583333333,0.4849537037037037
231748,Move,0.2819010416666667,0.48726851851851855
231766,Move,0.2825520833333333,0.48726851851851855
231775,Move,0.2825520833333333,0.48726851851851855
231793,Move,0.2825520833333333,0.48726851851851855
231812,Move,0.283203125,0.48842592592592593
231831,Move,0.2845052083333333,0.48726851851851855
231846,Move,0.28515625,0.4849537037037037
231859,Move,0.2858072916666667,0.4837962962962963
231881,Move,0.2864583333333333,0.4837962962962963
231899,Move,0.287109375,0.4837962962962963
231915,Move,0.2877604166666667,0.4826388888888889
231929,Move,0.2890625,0.48032407407407407
231949,Move,0.2923177083333333,0.47800925925925924
231964,Move,0.2942708333333333,0.4756944444444444
231978,Move,0.2955729166666667,0.47453703703703703
231999,Move,0.2981770833333333,0.4699074074074074
232012,Move,0.3014322916666667,0.46875
232028,Move,0.3040364583333333,0.4652777777777778
232047,Move,0.3079427083333333,0.4618055555555556
232064,Move,0.310546875,0.45949074074074076
232075,Move,0.3138020833333333,0.45601851851851855
232097,Move,0.3177083333333333,0.4513888888888889
232111,Move,0.3209635416666667,0.44907407407407407
232131,Move,0.3255208333333333,0.4444444444444444
232145,Move,0.3268229166666667,0.44328703703703703
232160,Move,0.33203125,0.4375
232181,Move,0.3352864583333333,0.43287037037037035
232195,Move,0.3385416666666667,0.42939814814814814
232217,Move,0.3424479166666667,0.42592592592592593
232229,Move,0.345703125,0.4236111111111111
232245,Move,0.3483072916666667,0.4212962962962963
232265,Move,0.3528645833333333,0.41782407407407407
232278,Move,0.35546875,0.41435185185185186
232295,Move,0.3580729166666667,0.41203703703703703
232313,Move,0.3626302083333333,0.4085648148148148
232327,Move,0.365234375,0.4050925925925926
232350,Move,0.3697916666666667,0.40162037037037035
232364,Move,0.373046875,0.3993055555555556
232378,Move,0.3756510416666667,0.3958333333333333
232392,Move,0.37890625,0.3923611111111111
232412,Move,0.3834635416666667,0.38773148148148145
232426,Move,0.38671875,0.3854166666666667
232448,Move,0.3912760416666667,0.38078703703703703
232462,Move,0.3958333333333333,0.375
232468,Move,0.3997395833333333,0.3715277777777778
232498,Move,0.4140625,0.35532407407407407
232517,Move,0.42578125,0.3414351851851852
232532,Move,0.4342447916666667,0.33217592592592593
232545,Move,0.4427083333333333,0.32175925925925924
232566,Move,0.455078125,0.30671296296296297
232580,Move,0.4674479166666667,0.2916666666666667
232594,Move,0.4876302083333333,0.2662037037037037
232614,Move,0.5221354166666666,0.22453703703703703
232628,Move,0.5436197916666666,0.19791666666666666
232636,Move,0.5533854166666666,0.1875
232664,Move,0.578125,0.1597222222222222
232678,Move,0.58203125,0.1550925925925926
232753,Move,0.5833333333333334,0.15393518518518517
232767,Move,0.5846354166666666,0.15162037037037038
232780,Move,0.5852864583333334,0.15162037037037038
232795,Move,0.5865885416666666,0.15046296296296297
232816,Move,0.587890625,0.15046296296296297
232832,Move,0.5891927083333334,0.15046296296296297
232840,Move,0.58984375,0.15046296296296297
232865,Move,0.5924479166666666,0.14814814814814814
232879,Move,0.5930989583333334,0.14699074074074073
232892,Move,0.5944010416666666,0.14699074074074073
232914,Move,0.595703125,0.14583333333333334
232924,Move,0.5963541666666666,0.14583333333333334
232927,Move,0.5970052083333334,0.14583333333333334
232963,Move,0.6002604166666666,0.14467592592592593
232984,Move,0.6015625,0.14351851851851852
232997,Move,0.6028645833333334,0.1412037037037037
233012,Move,0.603515625,0.1412037037037037
233032,Move,0.60546875,0.1388888888888889
233040,Move,0.6061197916666666,0.1388888888888889
233061,Move,0.607421875,0.13773148148148148
233075,Move,0.6080729166666666,0.13773148148148148
233099,Move,0.6087239583333334,0.1388888888888889
233112,Move,0.6119791666666666,0.14930555555555555
233121,Move,0.6139322916666666,0.1574074074074074
233148,Move,0.6263020833333334,0.2199074074074074
233162,Move,0.6295572916666666,0.24421296296296297
233197,Move,0.630859375,0.2523148148148148
233216,Move,0.630859375,0.2523148148148148
233233,Move,0.630859375,0.2523148148148148
233246,Move,0.630859375,0.2523148148148148
233260,Move,0.630859375,0.2523148148148148
233281,Move,0.630859375,0.2523148148148148
233294,Move,0.630859375,0.2523148148148148
233316,Move,0.630859375,0.2523148148148148
233330,Move,0.630859375,0.2523148148148148
233351,Move,0.6302083333333334,0.2523148148148148
233365,Move,0.630859375,0.2534722222222222
233379,Move,0.630859375,0.2534722222222222
233393,Move,0.630859375,0.2534722222222222
233413,Move,0.630859375,0.2534722222222222
233428,Move,0.630859375,0.2534722222222222
233449,Move,0.630859375,0.2534722222222222
233463,Move,0.630859375,0.2534722222222222
233483,Move,0.630859375,0.2534722222222222
233498,Move,0.630859375,0.2534722222222222
233512,Move,0.630859375,0.2534722222222222
233527,Move,0.630859375,0.2534722222222222
233540,Move,0.630859375,0.2534722222222222
233567,Move,0.630859375,0.2534722222222222
233583,Move,0.630859375,0.2534722222222222
233595,Move,0.630859375,0.2534722222222222
233611,Move,0.630859375,0.2534722222222222
233624,Move,0.630859375,0.2534722222222222
233645,Move,0.630859375,0.2534722222222222
233666,Move,0.630859375,0.2534722222222222
233679,Move,0.630859375,0.2534722222222222
233694,Move,0.630859375,0.2534722222222222
233715,Move,0.630859375,0.2534722222222222
233731,Move,0.630859375,0.2534722222222222
233751,Move,0.630859375,0.2569444444444444
233764,Move,0.6315104166666666,0.2638888888888889
233773,Move,0.6321614583333334,0.2673611111111111
233794,Move,0.63671875,0.29050925925925924
233812,Move,0.65234375,0.3460648148148148
233827,Move,0.6666666666666666,0.3726851851851852
233841,Move,0.6809895833333334,0.3958333333333333
233862,Move,0.6959635416666666,0.4236111111111111
233883,Move,0.7083333333333334,0.4525462962962963
233898,Move,0.71484375,0.4710648148148148
233911,Move,0.7174479166666666,0.48032407407407407
233962,Move,0.7180989583333334,0.4791666666666667
233978,Move,0.71875,0.47800925925925924
233994,Move,0.7194010416666666,0.4756944444444444
234009,Move,0.7200520833333334,0.47453703703703703
234023,Move,0.7200520833333334,0.47453703703703703
234038,Move,0.7200520833333334,0.47337962962962965
234052,Move,0.7200520833333334,0.4722222222222222
234068,Move,0.7200520833333334,0.4710648148148148
234083,Move,0.7200520833333334,0.4699074074074074
234099,Move,0.7200520833333334,0.46875
234114,Move,0.7200520833333334,0.4675925925925926
234128,Move,0.720703125,0.4675925925925926
234142,Move,0.720703125,0.4664351851851852
234158,Move,0.720703125,0.4652777777777778
234173,Move,0.7213541666666666,0.4652777777777778
234187,Move,0.7213541666666666,0.4652777777777778
234202,Move,0.7220052083333334,0.46412037037037035
234233,Move,0.7220052083333334,0.46296296296296297
234248,Move,0.7220052083333334,0.4618055555555556
234264,Move,0.72265625,0.4618055555555556
234277,Move,0.72265625,0.46064814814814814
234294,Move,0.72265625,0.46064814814814814
234316,Move,0.71875,0.4583333333333333
234332,Move,0.7122395833333334,0.4537037037037037
234345,Move,0.7063802083333334,0.45023148148148145
234359,Move,0.7024739583333334,0.4479166666666667
234372,Move,0.6940104166666666,0.44212962962962965
234387,Move,0.6783854166666666,0.4340277777777778
234414,Move,0.6282552083333334,0.41203703703703703
234428,Move,0.6236979166666666,0.4097222222222222
234443,Move,0.6204427083333334,0.4097222222222222
234464,Move,0.61328125,0.40625
234473,Move,0.6087239583333334,0.4050925925925926
234500,Move,0.5983072916666666,0.40046296296296297
234514,Move,0.5924479166666666,0.39814814814814814
234527,Move,0.578125,0.3912037037037037
234540,Move,0.5598958333333334,0.3819444444444444
234549,Move,0.5481770833333334,0.3761574074074074
234583,Move,0.486328125,0.33217592592592593
234596,Move,0.4674479166666667,0.31712962962962965
234604,Move,0.4635416666666667,0.3125
234632,Move,0.4348958333333333,0.28703703703703703
234646,Move,0.4147135416666667,0.2673611111111111
234667,Move,0.3723958333333333,0.22800925925925927
234681,Move,0.33984375,0.19907407407407407
234694,Move,0.3190104166666667,0.18287037037037038
234711,Move,0.30859375,0.1736111111111111
234732,Move,0.3059895833333333,0.1724537037037037
234751,Move,0.3053385416666667,0.1712962962962963
234765,Move,0.302734375,0.16898148148148148
234779,Move,0.298828125,0.16666666666666666
234795,Move,0.29296875,0.16319444444444445
234897,Move,0.2936197916666667,0.16203703703703703
234962,Move,0.294921875,0.16087962962962962
235030,Move,0.2942708333333333,0.16087962962962962
235094,Move,0.294921875,0.16087962962962962
235161,Move,0.2955729166666667,0.1597222222222222
235228,Move,0.2962239583333333,0.1597222222222222
235295,Move,0.2962239583333333,0.1597222222222222
235361,Move,0.2955729166666667,0.16203703703703703
235368,Move,0.2955729166666667,0.16319444444444445
235382,Move,0.2955729166666667,0.16319444444444445
235395,Move,0.2955729166666667,0.16319444444444445
235403,Move,0.2955729166666667,0.16435185185185186
235430,Move,0.296875,0.16435185185185186
235446,Move,0.296875,0.16550925925925927
235459,Move,0.296875,0.16898148148148148
235482,Move,0.2962239583333333,0.1736111111111111
235494,Move,0.296875,0.17592592592592593
235515,Move,0.296875,0.18171296296296297
235530,Move,0.2962239583333333,0.18518518518518517
235544,Move,0.2955729166666667,0.1886574074074074
235564,Move,0.294921875,0.19560185185185186
235578,Move,0.2942708333333333,0.20023148148148148
235599,Move,0.29296875,0.20717592592592593
235611,Move,0.2923177083333333,0.21180555555555555
235628,Move,0.291015625,0.2175925925925926
235648,Move,0.2897135416666667,0.22453703703703703
235662,Move,0.2884114583333333,0.23032407407407407
235675,Move,0.2877604166666667,0.2349537037037037
235697,Move,0.2858072916666667,0.24305555555555555
235711,Move,0.28515625,0.24768518518518517
235732,Move,0.2825520833333333,0.25578703703703703
235747,Move,0.2819010416666667,0.2604166666666667
235766,Move,0.2805989583333333,0.2673611111111111
235780,Move,0.279296875,0.27199074074074076
235795,Move,0.2779947916666667,0.27662037037037035
235816,Move,0.2766927083333333,0.2847222222222222
235831,Move,0.275390625,0.28935185185185186
235844,Move,0.2747395833333333,0.29398148148148145
235866,Move,0.2734375,0.30092592592592593
235879,Move,0.2721354166666667,0.30671296296296297
235897,Move,0.2721354166666667,0.3113425925925926
235915,Move,0.2708333333333333,0.3194444444444444
235928,Move,0.2708333333333333,0.32407407407407407
235948,Move,0.26953125,0.33564814814814814
235964,Move,0.2688802083333333,0.3472222222222222
235985,Move,0.2682291666666667,0.3645833333333333
235998,Move,0.2682291666666667,0.3773148148148148
236012,Move,0.2688802083333333,0.3900462962962963
236032,Move,0.26953125,0.4074074074074074
236047,Move,0.2721354166666667,0.4212962962962963
236054,Move,0.2740885416666667,0.4305555555555556
236082,Move,0.28125,0.4895833333333333
236096,Move,0.2825520833333333,0.5219907407407407
236110,Move,0.2825520833333333,0.5509259259259259
236130,Move,0.2825520833333333,0.5787037037037037
236145,Move,0.2819010416666667,0.5856481481481481
236239,Move,0.2825520833333333,0.5856481481481481
236252,Move,0.2825520833333333,0.5856481481481481
236260,Move,0.2825520833333333,0.5856481481481481
236280,Move,0.283203125,0.5821759259259259
236292,Move,0.2838541666666667,0.5810185185185185
236310,Move,0.2845052083333333,0.5798611111111112
236330,Move,0.2858072916666667,0.5763888888888888
236340,Move,0.2864583333333333,0.5763888888888888
236360,Move,0.2877604166666667,0.5752314814814815
236380,Move,0.2897135416666667,0.5729166666666666
236391,Move,0.291015625,0.5717592592592593
236410,Move,0.2923177083333333,0.5706018518518519
236429,Move,0.29296875,0.5694444444444444
236450,Move,0.2936197916666667,0.5694444444444444
236461,Move,0.2936197916666667,0.5694444444444444
236483,Move,0.2942708333333333,0.5682870370370371
236500,Move,0.2942708333333333,0.5682870370370371
236511,Move,0.2942708333333333,0.5682870370370371
236529,Move,0.2942708333333333,0.5682870370370371
236548,Move,0.294921875,0.5671296296296297
236563,Move,0.2955729166666667,0.5671296296296297
236583,Move,0.2962239583333333,0.5671296296296297
236597,Move,0.2975260416666667,0.5671296296296297
236613,Move,0.30078125,0.5659722222222222
236632,Move,0.3059895833333333,0.5625
236648,Move,0.3079427083333333,0.5625
236667,Move,0.30859375,0.5613425925925926
236682,Move,0.310546875,0.5601851851851852
236695,Move,0.3131510416666667,0.5578703703703703
236716,Move,0.318359375,0.5567129629629629
236722,Move,0.3190104166666667,0.5567129629629629
236751,Move,0.32421875,0.5532407407407407
236764,Move,0.3294270833333333,0.5520833333333334
236779,Move,0.3372395833333333,0.5486111111111112
236794,Move,0.3470052083333333,0.5439814814814815
236806,Move,0.357421875,0.5393518518518519
236836,Move,0.3893229166666667,0.5243055555555556
236849,Move,0.4075520833333333,0.5162037037037037
236863,Move,0.4205729166666667,0.5092592592592593
236879,Move,0.4296875,0.5057870370370371
236892,Move,0.4485677083333333,0.4976851851851852
236912,Move,0.4856770833333333,0.4791666666666667
236932,Move,0.5286458333333334,0.46064814814814814
236947,Move,0.5572916666666666,0.44675925925925924
236963,Move,0.5852864583333334,0.4340277777777778
236966,Move,0.599609375,0.4270833333333333
236995,Move,0.646484375,0.4050925925925926
237009,Move,0.6627604166666666,0.39814814814814814
237029,Move,0.68359375,0.38773148148148145
237046,Move,0.6966145833333334,0.3819444444444444
237065,Move,0.7122395833333334,0.375
237078,Move,0.71484375,0.3726851851851852
237094,Move,0.7200520833333334,0.3715277777777778
237115,Move,0.72265625,0.3680555555555556
237130,Move,0.7239583333333334,0.3680555555555556
237143,Move,0.7252604166666666,0.3680555555555556
237164,Move,0.7265625,0.36689814814814814
237177,Move,0.7278645833333334,0.36574074074074076
237199,Move,0.73046875,0.3645833333333333
237212,Move,0.7317708333333334,0.36342592592592593
237231,Move,0.7330729166666666,0.3645833333333333
237249,Move,0.734375,0.36342592592592593
237261,Move,0.736328125,0.36342592592592593
237283,Move,0.73828125,0.36342592592592593
237290,Move,0.7395833333333334,0.36342592592592593
237312,Move,0.74609375,0.3587962962962963
237325,Move,0.751953125,0.35648148148148145
237348,Move,0.7578125,0.3541666666666667
237354,Move,0.7591145833333334,0.3541666666666667
237368,Move,0.76171875,0.35185185185185186
237389,Move,0.7649739583333334,0.3506944444444444
237420,Move,0.7643229166666666,0.3506944444444444
237429,Move,0.763671875,0.3506944444444444
237447,Move,0.7623697916666666,0.35300925925925924
237465,Move,0.76171875,0.35300925925925924
237474,Move,0.7604166666666666,0.3541666666666667
237492,Move,0.7591145833333334,0.3541666666666667
237528,Move,0.7545572916666666,0.35648148148148145
237546,Move,0.75390625,0.35648148148148145
237556,Move,0.7526041666666666,0.3576388888888889
237573,Move,0.7506510416666666,0.3587962962962963
237600,Move,0.7486979166666666,0.3587962962962963
237610,Move,0.748046875,0.3599537037037037
237627,Move,0.74609375,0.3611111111111111
237649,Move,0.7454427083333334,0.36342592592592593
237663,Move,0.7434895833333334,0.36574074074074076
237681,Move,0.7421875,0.3680555555555556
237690,Move,0.7415364583333334,0.3680555555555556
237709,Move,0.740234375,0.36921296296296297
237732,Move,0.7389322916666666,0.37037037037037035
237744,Move,0.73828125,0.3726851851851852
237763,Move,0.73828125,0.3726851851851852
237780,Move,0.73828125,0.3726851851851852
237798,Move,0.73828125,0.3726851851851852
237816,Move,0.73828125,0.3726851851851852
237833,Move,0.73828125,0.3726851851851852
237843,Move,0.73828125,0.3726851851851852
237861,Move,0.73828125,0.3726851851851852
237880,Move,0.73828125,0.3726851851851852
237897,Move,0.73828125,0.3726851851851852
237916,Move,0.73828125,0.3726851851851852
237923,Move,0.73828125,0.3726851851851852
237945,Move,0.73828125,0.3726851851851852
237964,Move,0.73828125,0.37037037037037035
237979,Move,0.73828125,0.36921296296296297
237994,Move,0.73828125,0.3680555555555556
238014,Move,0.7376302083333334,0.36689814814814814
238028,Move,0.7376302083333334,0.36574074074074076
238049,Move,0.7369791666666666,0.36226851851851855
238064,Move,0.736328125,0.3599537037037037
238079,Move,0.7356770833333334,0.35648148148148145
238098,Move,0.7337239583333334,0.34953703703703703
238115,Move,0.732421875,0.34375
238126,Move,0.73046875,0.3402777777777778
238148,Move,0.7298177083333334,0.33912037037037035
238161,Move,0.73046875,0.33912037037037035
238183,Move,0.7298177083333334,0.33796296296296297
238190,Move,0.7298177083333334,0.3368055555555556
238210,Move,0.7291666666666666,0.33564814814814814
238232,Move,0.7278645833333334,0.3333333333333333
238245,Move,0.7278645833333334,0.33217592592592593
238260,Move,0.7278645833333334,0.33101851851851855
238280,Move,0.7272135416666666,0.3298611111111111
238294,Move,0.7272135416666666,0.3287037037037037
238316,Move,0.7252604166666666,0.32523148148148145
238329,Move,0.7252604166666666,0.32175925925925924
238348,Move,0.7239583333333334,0.31828703703703703
238357,Move,0.7239583333333334,0.3136574074074074
238379,Move,0.72265625,0.30787037037037035
238400,Move,0.7220052083333334,0.2974537037037037
238414,Move,0.7220052083333334,0.29398148148148145
238428,Move,0.7220052083333334,0.28935185185185186
238448,Move,0.7220052083333334,0.2835648148148148
238464,Move,0.7220052083333334,0.28125
238484,Move,0.72265625,0.2789351851851852
238498,Move,0.72265625,0.2743055555555556
238512,Move,0.72265625,0.26851851851851855
238527,Move,0.72265625,0.2638888888888889
238548,Move,0.7233072916666666,0.25462962962962965
238561,Move,0.7233072916666666,0.24768518518518517
238582,Move,0.7239583333333334,0.2361111111111111
238589,Move,0.7239583333333334,0.2337962962962963
238616,Move,0.7239583333333334,0.22337962962962962
238631,Move,0.7233072916666666,0.2199074074074074
238645,Move,0.7233072916666666,0.2199074074074074
238666,Move,0.7233072916666666,0.2199074074074074
238680,Move,0.7233072916666666,0.2199074074074074
238691,Move,0.7233072916666666,0.2199074074074074
238714,Move,0.7239583333333334,0.2199074074074074
238730,Move,0.7239583333333334,0.21875
238745,Move,0.7239583333333334,0.21875
238764,Move,0.7239583333333334,0.2175925925925926
238778,Move,0.7239583333333334,0.21643518518518517
238785,Move,0.7239583333333334,0.21643518518518517
238872,Move,0.724609375,0.2175925925925926
238930,Move,0.7252604166666666,0.2199074074074074
238990,Move,0.7252604166666666,0.2199074074074074
239048,Move,0.7252604166666666,0.2222222222222222
239109,Move,0.7252604166666666,0.2222222222222222
239167,Move,0.7252604166666666,0.2222222222222222
239227,Move,0.7252604166666666,0.2222222222222222
239286,Move,0.7252604166666666,0.22337962962962962
239296,Move,0.7252604166666666,0.22337962962962962
239313,Move,0.724609375,0.22337962962962962
239331,Move,0.724609375,0.22453703703703703
239348,Move,0.72265625,0.22569444444444445
239367,Move,0.7213541666666666,0.22800925925925927
239376,Move,0.7200520833333334,0.22916666666666666
239394,Move,0.7180989583333334,0.23032407407407407
239414,Move,0.7161458333333334,0.2326388888888889
239430,Move,0.71484375,0.2337962962962963
239447,Move,0.7122395833333334,0.2361111111111111
239456,Move,0.7115885416666666,0.23726851851851852
239474,Move,0.7102864583333334,0.23842592592592593
239493,Move,0.7096354166666666,0.23842592592592593
239510,Move,0.7083333333333334,0.23958333333333334
239529,Move,0.70703125,0.24189814814814814
239547,Move,0.7057291666666666,0.24305555555555555
239566,Move,0.7044270833333334,0.24305555555555555
239582,Move,0.7037760416666666,0.24305555555555555
239593,Move,0.703125,0.24537037037037038
239610,Move,0.7018229166666666,0.24537037037037038
239628,Move,0.7018229166666666,0.2465277777777778
239646,Move,0.7005208333333334,0.24768518518518517
239664,Move,0.701171875,0.2465277777777778
239672,Move,0.7018229166666666,0.24768518518518517
239691,Move,0.7018229166666666,0.24768518518518517
239710,Move,0.701171875,0.24768518518518517
239728,Move,0.7005208333333334,0.24768518518518517
239744,Move,0.6998697916666666,0.2465277777777778
239762,Move,0.69921875,0.24768518518518517
239780,Move,0.6985677083333334,0.24768518518518517
239799,Move,0.697265625,0.24768518518518517
239807,Move,0.697265625,0.24768518518518517
239826,Move,0.6966145833333334,0.24768518518518517
239847,Move,0.697265625,0.2488425925925926
239861,Move,0.6979166666666666,0.25
239875,Move,0.6979166666666666,0.25
239896,Move,0.69921875,0.2511574074074074
239910,Move,0.69921875,0.2523148148148148
239931,Move,0.69921875,0.2523148148148148
239945,Move,0.69921875,0.2523148148148148
239966,Move,0.69921875,0.2523148148148148
239980,Move,0.69921875,0.2534722222222222
239994,Move,0.69921875,0.25462962962962965
240016,Move,0.701171875,0.2534722222222222
240022,Move,0.701171875,0.25462962962962965
240050,Move,0.701171875,0.25925925925925924
240064,Move,0.701171875,0.26157407407407407
240080,Move,0.701171875,0.2650462962962963
240092,Move,0.7018229166666666,0.26851851851851855
240115,Move,0.7018229166666666,0.27199074074074076
240134,Move,0.7018229166666666,0.2789351851851852
240148,Move,0.7024739583333334,0.2835648148148148
240162,Move,0.7024739583333334,0.29050925925925924
240177,Move,0.703125,0.2986111111111111
240212,Move,0.705078125,0.31712962962962965
240245,Move,0.70703125,0.33796296296296297
240268,Move,0.70703125,0.3449074074074074
240282,Move,0.70703125,0.3460648148148148
240296,Move,0.70703125,0.3472222222222222
240309,Move,0.70703125,0.3472222222222222
240330,Move,0.70703125,0.3472222222222222
240346,Move,0.70703125,0.34837962962962965
240365,Move,0.70703125,0.34953703703703703
240379,Move,0.70703125,0.34953703703703703
240400,Move,0.70703125,0.3506944444444444
240414,Move,0.7063802083333334,0.35185185185185186
240428,Move,0.7057291666666666,0.35185185185185186
240442,Move,0.7057291666666666,0.35185185185185186
240461,Move,0.7057291666666666,0.3541666666666667
240478,Move,0.7057291666666666,0.35532407407407407
240497,Move,0.7057291666666666,0.3587962962962963
240511,Move,0.7057291666666666,0.3587962962962963
240530,Move,0.7057291666666666,0.3599537037037037
240610,Move,0.7057291666666666,0.3587962962962963
240698,Move,0.7057291666666666,0.3587962962962963
240788,Move,0.7057291666666666,0.3576388888888889
240876,Move,0.7057291666666666,0.35532407407407407
240967,Move,0.7057291666666666,0.3541666666666667
241055,Move,0.7057291666666666,0.3541666666666667
241145,Move,0.7044270833333334,0.35532407407407407
241152,Move,0.7044270833333334,0.35532407407407407
241166,Move,0.7018229166666666,0.35648148148148145
241180,Move,0.6998697916666666,0.35648148148148145
241194,Move,0.6985677083333334,0.3576388888888889
241203,Move,0.697265625,0.3576388888888889
241229,Move,0.6790364583333334,0.36226851851851855
241250,Move,0.6673177083333334,0.36342592592592593
241264,Move,0.6614583333333334,0.36342592592592593
241278,Move,0.65234375,0.36342592592592593
241299,Move,0.6380208333333334,0.3611111111111111
241313,Move,0.6282552083333334,0.3599537037037037
241327,Move,0.62109375,0.3587962962962963
241348,Move,0.611328125,0.3576388888888889
241365,Move,0.6028645833333334,0.3576388888888889
241380,Move,0.5924479166666666,0.3576388888888889
241397,Move,0.5755208333333334,0.3587962962962963
241410,Move,0.5670572916666666,0.3599537037037037
241432,Move,0.55859375,0.36342592592592593
241443,Move,0.5546875,0.36342592592592593
241460,Move,0.54296875,0.36921296296296297
241481,Move,0.5266927083333334,0.3773148148148148
241493,Move,0.51171875,0.3854166666666667
241511,Move,0.4986979166666667,0.39351851851851855
241522,Move,0.4856770833333333,0.40162037037037035
241545,Move,0.4661458333333333,0.41550925925925924
241565,Move,0.4453125,0.4305555555555556
241579,Move,0.4342447916666667,0.4386574074074074
241600,Move,0.419921875,0.4479166666666667
241616,Move,0.4127604166666667,0.4537037037037037
241628,Move,0.4049479166666667,0.4583333333333333
241641,Move,0.3958333333333333,0.46296296296296297
241664,Move,0.3860677083333333,0.4699074074074074
241679,Move,0.3815104166666667,0.4710648148148148
241691,Move,0.37890625,0.4722222222222222
241712,Move,0.375,0.47453703703703703
241732,Move,0.3736979166666667,0.47453703703703703
241746,Move,0.3723958333333333,0.4756944444444444
241761,Move,0.3717447916666667,0.4756944444444444
241774,Move,0.37109375,0.4756944444444444
241795,Move,0.3684895833333333,0.47685185185185186
241809,Move,0.3671875,0.47800925925925924
241831,Move,0.3658854166666667,0.4791666666666667
241845,Move,0.3645833333333333,0.4791666666666667
241866,Move,0.3639322916666667,0.4791666666666667
241880,Move,0.36328125,0.4791666666666667
241894,Move,0.36328125,0.4791666666666667
241915,Move,0.361328125,0.4791666666666667
241949,Move,0.361328125,0.4791666666666667
242017,Move,0.3606770833333333,0.48032407407407407
242032,Move,0.3606770833333333,0.48032407407407407
242047,Move,0.3606770833333333,0.48148148148148145
242062,Move,0.3606770833333333,0.4826388888888889
242098,Move,0.3600260416666667,0.4837962962962963
242098,Move,0.3587239583333333,0.4849537037037037
242109,Move,0.3580729166666667,0.4861111111111111
242125,Move,0.3580729166666667,0.48842592592592593
242137,Move,0.3580729166666667,0.48842592592592593
242152,Move,0.357421875,0.4895833333333333
242168,Move,0.3567708333333333,0.49074074074074076
242197,Move,0.3561197916666667,0.49421296296296297
242216,Move,0.35546875,0.4965277777777778
242228,Move,0.35546875,0.4976851851851852
242243,Move,0.35546875,0.4976851851851852
242257,Move,0.35546875,0.4976851851851852
242272,Move,0.35546875,0.4976851851851852
242288,Move,0.35546875,0.4976851851851852
242318,Move,0.35546875,0.4988425925925926
242335,Move,0.35546875,0.4988425925925926
242347,Move,0.35546875,0.4988425925925926
242363,Move,0.35546875,0.4988425925925926
242377,Move,0.35546875,0.4988425925925926
242394,Move,0.3548177083333333,0.4976851851851852
242407,Move,0.3548177083333333,0.4976851851851852
242423,Move,0.3541666666666667,0.4976851851851852
242464,Move,0.3528645833333333,0.4965277777777778
242478,Move,0.3515625,0.4965277777777778
242499,Move,0.3502604166666667,0.4965277777777778
242505,Move,0.3502604166666667,0.49537037037037035
242533,Move,0.3502604166666667,0.49537037037037035
242547,Move,0.3502604166666667,0.4930555555555556
242563,Move,0.3502604166666667,0.4930555555555556
242582,Move,0.3483072916666667,0.4930555555555556
242599,Move,0.34765625,0.49189814814814814
242610,Move,0.3470052083333333,0.49189814814814814
242632,Move,0.3470052083333333,0.49074074074074076
242639,Move,0.3463541666666667,0.49074074074074076
242652,Move,0.3463541666666667,0.49074074074074076
242680,Move,0.3450520833333333,0.49074074074074076
242694,Move,0.3450520833333333,0.49189814814814814
242707,Move,0.3430989583333333,0.4895833333333333
242729,Move,0.3424479166666667,0.48842592592592593
242744,Move,0.3411458333333333,0.48842592592592593
242765,Move,0.3391927083333333,0.48842592592592593
242779,Move,0.3372395833333333,0.48726851851851855
242794,Move,0.3359375,0.4861111111111111
242814,Move,0.333984375,0.4849537037037037
242831,Move,0.33203125,0.4849537037037037
242849,Move,0.330078125,0.4849537037037037
242863,Move,0.3287760416666667,0.4837962962962963
242878,Move,0.3268229166666667,0.4826388888888889
242899,Move,0.3248697916666667,0.48148148148148145
242915,Move,0.3235677083333333,0.48148148148148145
242933,Move,0.3209635416666667,0.4791666666666667
242947,Move,0.3190104166666667,0.47800925925925924
242962,Move,0.3170572916666667,0.47685185185185186
242983,Move,0.314453125,0.4756944444444444
242998,Move,0.3111979166666667,0.47453703703703703
243017,Move,0.306640625,0.4699074074074074
243031,Move,0.3033854166666667,0.4664351851851852
243045,Move,0.2994791666666667,0.46296296296296297
243062,Move,0.2942708333333333,0.45717592592592593
243084,Move,0.2805989583333333,0.4409722222222222
243097,Move,0.2727864583333333,0.43171296296296297
243114,Move,0.2669270833333333,0.4236111111111111
243129,Move,0.2610677083333333,0.4166666666666667
243150,Move,0.2565104166666667,0.4131944444444444
243165,Move,0.2552083333333333,0.41203703703703703
243177,Move,0.25390625,0.41087962962962965
243192,Move,0.2506510416666667,0.4097222222222222
243213,Move,0.24869791666666666,0.4085648148148148
243305,Move,0.24869791666666666,0.4085648148148148
243342,Move,0.248046875,0.4085648148148148
243381,Move,0.248046875,0.4085648148148148
243417,Move,0.24739583333333334,0.4085648148148148
243452,Move,0.24674479166666666,0.4085648148148148
243491,Move,0.24609375,0.4085648148148148
243527,Move,0.24609375,0.4085648148148148
243565,Move,0.244140625,0.4085648148148148
243601,Move,0.24348958333333334,0.4085648148148148
243640,Move,0.24479166666666666,0.4097222222222222
243648,Move,0.24479166666666666,0.4097222222222222
243661,Move,0.24674479166666666,0.41087962962962965
243681,Move,0.24869791666666666,0.41550925925925924
243695,Move,0.2513020833333333,0.4166666666666667
243710,Move,0.251953125,0.41782407407407407
243731,Move,0.25390625,0.41898148148148145
243739,Move,0.255859375,0.4224537037037037
243765,Move,0.26171875,0.42939814814814814
243780,Move,0.2669270833333333,0.4375
243795,Move,0.2747395833333333,0.4479166666666667
243808,Move,0.2825520833333333,0.4618055555555556
243830,Move,0.291015625,0.4756944444444444
243842,Move,0.291015625,0.47685185185185186
243864,Move,0.29296875,0.4791666666666667
243880,Move,0.2942708333333333,0.4837962962962963
243893,Move,0.2955729166666667,0.4861111111111111
243913,Move,0.298828125,0.49074074074074076
243927,Move,0.30078125,0.4930555555555556
243947,Move,0.3033854166666667,0.4965277777777778
243962,Move,0.3059895833333333,0.5
243977,Move,0.3059895833333333,0.5023148148148148
243997,Move,0.310546875,0.5081018518518519
244011,Move,0.314453125,0.5150462962962963
244031,Move,0.322265625,0.5266203703703703
244046,Move,0.328125,0.5347222222222222
244065,Move,0.3346354166666667,0.5428240740740741
244081,Move,0.345703125,0.5543981481481481
244095,Move,0.3528645833333333,0.5613425925925926
244111,Move,0.3587239583333333,0.5648148148148148
244130,Move,0.3665364583333333,0.5694444444444444
244145,Move,0.369140625,0.5717592592592593
244166,Move,0.373046875,0.5729166666666666
244178,Move,0.3763020833333333,0.5740740740740741
244194,Move,0.3828125,0.5763888888888888
244213,Move,0.390625,0.5798611111111112
244233,Move,0.3977864583333333,0.5821759259259259
244248,Move,0.408203125,0.5856481481481481
244263,Move,0.41796875,0.5902777777777778
244278,Move,0.42578125,0.5949074074074074
244297,Move,0.43359375,0.5995370370370371
244315,Move,0.4388020833333333,0.6030092592592593
244333,Move,0.4401041666666667,0.6041666666666666
244347,Move,0.4407552083333333,0.6041666666666666
244362,Move,0.4407552083333333,0.6041666666666666
244380,Move,0.4407552083333333,0.6041666666666666
244389,Move,0.4407552083333333,0.6041666666666666
244409,Move,0.44140625,0.6041666666666666
244431,Move,0.4420572916666667,0.6053240740740741
244445,Move,0.443359375,0.6064814814814815
244465,Move,0.4453125,0.6087962962962963
244568,Move,0.4453125,0.6053240740740741
244598,Move,0.4453125,0.6030092592592593
244629,Move,0.4453125,0.6030092592592593
244656,Move,0.4453125,0.6030092592592593
244685,Move,0.4453125,0.6030092592592593
244716,Move,0.4459635416666667,0.6041666666666666
244748,Move,0.4459635416666667,0.6041666666666666
244773,Move,0.4459635416666667,0.6041666666666666
244802,Move,0.4459635416666667,0.6030092592592593
244830,Move,0.4459635416666667,0.6030092592592593
244859,Move,0.4459635416666667,0.6030092592592593
244889,Move,0.4453125,0.6030092592592593
244916,Move,0.4453125,0.6030092592592593
244946,Move,0.4453125,0.6030092592592593
244977,Move,0.4453125,0.6030092592592593
245004,Move,0.4453125,0.5983796296296297
245034,Move,0.4453125,0.5949074074074074
245063,Move,0.4453125,0.5914351851851852
245095,Move,0.4459635416666667,0.5902777777777778
245103,Move,0.4459635416666667,0.5902777777777778
245113,Move,0.4459635416666667,0.5902777777777778
245127,Move,0.4453125,0.5902777777777778
245143,Move,0.4453125,0.5891203703703703
245162,Move,0.4459635416666667,0.5879629629629629
245174,Move,0.4466145833333333,0.5868055555555556
245199,Move,0.447265625,0.5821759259259259
245214,Move,0.4485677083333333,0.5798611111111112
245231,Move,0.44921875,0.5763888888888888
245246,Move,0.4498697916666667,0.5717592592592593
245259,Move,0.4505208333333333,0.5706018518518519
245278,Move,0.4518229166666667,0.5636574074074074
245295,Move,0.4524739583333333,0.5590277777777778
245312,Move,0.4537760416666667,0.5543981481481481
245327,Move,0.4544270833333333,0.5497685185185185
245343,Move,0.455078125,0.5451388888888888
245361,Move,0.4557291666666667,0.5405092592592593
245382,Move,0.45703125,0.5347222222222222
245399,Move,0.45703125,0.5300925925925926
245409,Move,0.45703125,0.5289351851851852
245430,Move,0.4583333333333333,0.5208333333333334
245446,Move,0.458984375,0.5173611111111112
245462,Move,0.4596354166666667,0.5127314814814815
245479,Move,0.4602864583333333,0.5069444444444444
245488,Move,0.4609375,0.5046296296296297
245513,Move,0.4622395833333333,0.4976851851851852
245528,Move,0.4635416666666667,0.4930555555555556
245543,Move,0.4641927083333333,0.48842592592592593
245558,Move,0.46484375,0.4826388888888889
245581,Move,0.4694010416666667,0.4675925925925926
245598,Move,0.47265625,0.45601851851851855
245616,Move,0.478515625,0.44328703703703703
245631,Move,0.4837239583333333,0.43171296296296297
245647,Move,0.490234375,0.41782407407407407
245655,Move,0.4947916666666667,0.40625
245677,Move,0.509765625,0.3645833333333333
245695,Move,0.517578125,0.3402777777777778
245710,Move,0.5221354166666666,0.3263888888888889
245718,Move,0.5227864583333334,0.32407407407407407
245854,Move,0.5234375,0.3229166666666667
245880,Move,0.5234375,0.3229166666666667
245905,Move,0.5234375,0.3229166666666667
245929,Move,0.5240885416666666,0.32175925925925924
245956,Move,0.5247395833333334,0.3229166666666667
245978,Move,0.5247395833333334,0.32175925925925924
246004,Move,0.525390625,0.32175925925925924
246028,Move,0.5266927083333334,0.32060185185185186
246054,Move,0.52734375,0.31712962962962965
246079,Move,0.5286458333333334,0.3159722222222222
246104,Move,0.529296875,0.3136574074074074
246131,Move,0.529296875,0.3136574074074074
246154,Move,0.529296875,0.3136574074074074
246179,Move,0.529296875,0.3136574074074074
246206,Move,0.529296875,0.3125
246227,Move,0.529296875,0.3125
246254,Move,0.529296875,0.3125
246280,Move,0.5299479166666666,0.3125
246293,Move,0.5299479166666666,0.3125
246297,Move,0.5299479166666666,0.3125
246314,Move,0.5299479166666666,0.3125
246329,Move,0.5299479166666666,0.3125
246344,Move,0.5299479166666666,0.3113425925925926
246360,Move,0.5305989583333334,0.3090277777777778
246368,Move,0.5305989583333334,0.3090277777777778
246386,Move,0.5319010416666666,0.3090277777777778
246411,Move,0.5338541666666666,0.30787037037037035
246431,Move,0.5358072916666666,0.3055555555555556
246448,Move,0.5384114583333334,0.30324074074074076
246463,Move,0.5416666666666666,0.2986111111111111
246480,Move,0.5442708333333334,0.29398148148148145
246495,Move,0.5462239583333334,0.29050925925925924
246512,Move,0.546875,0.28935185185185186
246527,Move,0.5475260416666666,0.28935185185185186
246545,Move,0.5475260416666666,0.28935185185185186
246562,Move,0.5475260416666666,0.28935185185185186
246577,Move,0.5481770833333334,0.28935185185185186
246599,Move,0.5481770833333334,0.28935185185185186
246615,Move,0.5481770833333334,0.2881944444444444
246624,Move,0.5481770833333334,0.2881944444444444
246647,Move,0.5501302083333334,0.28935185185185186
246664,Move,0.5546875,0.29282407407407407
246681,Move,0.564453125,0.3020833333333333
246697,Move,0.5794270833333334,0.3136574074074074
246716,Move,0.5950520833333334,0.3263888888888889
246729,Move,0.6009114583333334,0.33101851851851855
246743,Move,0.6028645833333334,0.33217592592592593
246762,Move,0.6028645833333334,0.33217592592592593
246778,Move,0.6028645833333334,0.33217592592592593
246798,Move,0.6028645833333334,0.33217592592592593
246817,Move,0.6028645833333334,0.33217592592592593
246831,Move,0.6028645833333334,0.33217592592592593
246840,Move,0.6028645833333334,0.33217592592592593
246864,Move,0.6028645833333334,0.33217592592592593
246872,Move,0.6028645833333334,0.33217592592592593
246896,Move,0.6028645833333334,0.33217592592592593
246912,Move,0.6028645833333334,0.33217592592592593
246928,Move,0.6028645833333334,0.3333333333333333
246937,Move,0.603515625,0.33449074074074076
246962,Move,0.6041666666666666,0.33449074074074076
246977,Move,0.6041666666666666,0.33449074074074076
246993,Move,0.6041666666666666,0.33449074074074076
247013,Move,0.6041666666666666,0.33449074074074076
247024,Move,0.6041666666666666,0.33449074074074076
247049,Move,0.6041666666666666,0.33449074074074076
247066,Move,0.6041666666666666,0.33449074074074076
247080,Move,0.6041666666666666,0.33449074074074076
247097,Move,0.6041666666666666,0.33449074074074076
247116,Move,0.6041666666666666,0.33449074074074076
247130,Move,0.6041666666666666,0.33449074074074076
247146,Move,0.6041666666666666,0.33449074074074076
247161,Move,0.6041666666666666,0.33449074074074076
247177,Move,0.6041666666666666,0.33449074074074076
247194,Move,0.6041666666666666,0.33449074074074076
247210,Move,0.6041666666666666,0.33449074074074076
247233,Move,0.6041666666666666,0.33449074074074076
247249,Move,0.6041666666666666,0.33449074074074076
247257,Move,0.6041666666666666,0.33449074074074076
247280,Move,0.6041666666666666,0.33449074074074076
247297,Move,0.6041666666666666,0.33449074074074076
247313,Move,0.6041666666666666,0.33449074074074076
247328,Move,0.6041666666666666,0.33449074074074076
247349,Move,0.6041666666666666,0.33449074074074076
247359,Move,0.6041666666666666,0.33449074074074076
247377,Move,0.603515625,0.33449074074074076
247392,Move,0.60546875,0.33564814814814814
247417,Move,0.6080729166666666,0.3368055555555556
247430,Move,0.6106770833333334,0.3402777777777778
247448,Move,0.6282552083333334,0.3541666666666667
247465,Move,0.6471354166666666,0.3726851851851852
247480,Move,0.6608072916666666,0.38657407407407407
247489,Move,0.6673177083333334,0.39467592592592593
247513,Move,0.68359375,0.41203703703703703
247528,Move,0.6920572916666666,0.4212962962962963
247545,Move,0.7018229166666666,0.4305555555555556
247561,Move,0.7109375,0.4386574074074074
247570,Move,0.71484375,0.44212962962962965
247576,Move,0.7154947916666666,0.44212962962962965
247703,Move,0.71484375,0.44212962962962965
247724,Move,0.7141927083333334,0.4409722222222222
247744,Move,0.71484375,0.4409722222222222
247766,Move,0.7141927083333334,0.4398148148148148
247786,Move,0.7135416666666666,0.4386574074074074
247808,Move,0.7135416666666666,0.4375
247831,Move,0.712890625,0.4375
247849,Move,0.7122395833333334,0.4351851851851852
247870,Move,0.7122395833333334,0.43287037037037035
247892,Move,0.7115885416666666,0.43287037037037035
247912,Move,0.7115885416666666,0.43171296296296297
247934,Move,0.7109375,0.4305555555555556
247953,Move,0.7109375,0.4305555555555556
247981,Move,0.7109375,0.42939814814814814
247997,Move,0.7109375,0.42824074074074076
248019,Move,0.7115885416666666,0.42824074074074076
248038,Move,0.7115885416666666,0.42824074074074076
248060,Move,0.7115885416666666,0.4270833333333333
248080,Move,0.7115885416666666,0.42592592592592593
248102,Move,0.7115885416666666,0.42476851851851855
248122,Move,0.7115885416666666,0.4236111111111111
248147,Move,0.7115885416666666,0.4236111111111111
248167,Move,0.7109375,0.4236111111111111
248188,Move,0.7109375,0.4212962962962963
248208,Move,0.7109375,0.4201388888888889
248231,Move,0.7109375,0.4201388888888889
248273,Move,0.7109375,0.4201388888888889
248274,Move,0.7109375,0.4201388888888889
248274,Released,0.7109375,0.4201388888888889
248303,Released,0.486328125,0.6331018518518519