resolution:1536,864
233920.6000000015,Pressed,0.4576822916666667,0.2152777777777778
233976.30000000075,Move,0.4576822916666667,0.2152777777777778
234160.30000000075,Move,0.4576822916666667,0.2152777777777778
234228.6000000015,Move,0.4563802083333333,0.2175925925925926
234250.70000000298,Move,0.4563802083333333,0.2175925925925926
234263.20000000298,Move,0.4563802083333333,0.2199074074074074
234270.40000000224,Move,0.4563802083333333,0.2199074074074074
234291.5,Move,0.4537760416666667,0.2199074074074074
234305.90000000224,Move,0.4524739583333333,0.2222222222222222
234319.80000000075,Move,0.451171875,0.2222222222222222
234341,Move,0.447265625,0.22453703703703703
234355.6000000015,Move,0.4446614583333333,0.22685185185185186
234370.40000000224,Move,0.4420572916666667,0.22685185185185186
234389.40000000224,Move,0.4381510416666667,0.22916666666666666
234404,Move,0.435546875,0.23148148148148148
234424.80000000075,Move,0.4329427083333333,0.2361111111111111
234439.5,Move,0.4303385416666667,0.2361111111111111
234454.1000000015,Move,0.427734375,0.23842592592592593
234473.5,Move,0.423828125,0.24074074074074073
234488.20000000298,Move,0.419921875,0.24305555555555555
234502.5,Move,0.4173177083333333,0.24305555555555555
234522.80000000075,Move,0.412109375,0.24537037037037038
234537,Move,0.4069010416666667,0.24768518518518517
234557.80000000075,Move,0.3990885416666667,0.25
234572.20000000298,Move,0.3899739583333333,0.25462962962962965
234586.6000000015,Move,0.3782552083333333,0.25925925925925924
234606.6000000015,Move,0.3678385416666667,0.2638888888888889
234738.5,Move,0.3678385416666667,0.26157407407407407
234772.5,Move,0.3678385416666667,0.25925925925925924
234806.5,Move,0.3678385416666667,0.25925925925925924
234841.90000000224,Move,0.3678385416666667,0.2569444444444444
234874.30000000075,Move,0.3678385416666667,0.25462962962962965
235010.30000000075,Move,0.3756510416666667,0.2638888888888889
235024.1000000015,Move,0.3860677083333333,0.27546296296296297
235040.80000000075,Move,0.3938802083333333,0.2824074074074074
235053.5,Move,0.4016927083333333,0.28935185185185186
235074,Move,0.4134114583333333,0.30092592592592593
235087.90000000224,Move,0.4225260416666667,0.30787037037037035
235103.20000000298,Move,0.4303385416666667,0.3125
235123,Move,0.4446614583333333,0.32407407407407407
235137.20000000298,Move,0.4537760416666667,0.3333333333333333
235158.6000000015,Move,0.4680989583333333,0.3472222222222222
235172,Move,0.478515625,0.35648148148148145
235185.6000000015,Move,0.486328125,0.3680555555555556
235207.70000000298,Move,0.5006510416666666,0.38425925925925924
235222.1000000015,Move,0.5110677083333334,0.39814814814814814
235241,Move,0.5358072916666666,0.43287037037037035
235256.80000000075,Move,0.5462239583333334,0.44675925925925924
235270.80000000075,Move,0.556640625,0.46064814814814814
235291.6000000015,Move,0.5826822916666666,0.4976851851851852
235304.40000000224,Move,0.6009114583333334,0.5254629629629629
235318.6000000015,Move,0.6139322916666666,0.5416666666666666
235340.30000000075,Move,0.626953125,0.5601851851851852
235354.5,Move,0.6373697916666666,0.5717592592592593
235374.40000000224,Move,0.6516927083333334,0.5902777777777778
235482.80000000075,Move,0.6516927083333334,0.5902777777777778
235501.6000000015,Move,0.650390625,0.5902777777777778
235522.40000000224,Move,0.6490885416666666,0.5925925925925926
235540.30000000075,Move,0.6477864583333334,0.5925925925925926
235559.40000000224,Move,0.6477864583333334,0.5925925925925926
235579.5,Move,0.646484375,0.5949074074074074
235657,Move,0.6477864583333334,0.5949074074074074
235684.70000000298,Move,0.6477864583333334,0.5925925925925926
235705.5,Move,0.6490885416666666,0.5879629629629629
235720.70000000298,Move,0.6516927083333334,0.5833333333333334
235740.6000000015,Move,0.654296875,0.5763888888888888
235754.90000000224,Move,0.6555989583333334,0.5717592592592593
235768.6000000015,Move,0.658203125,0.5648148148148148
235789.90000000224,Move,0.6608072916666666,0.5578703703703703
235803.30000000075,Move,0.662109375,0.5509259259259259
235824.80000000075,Move,0.6647135416666666,0.5439814814814815
235838.5,Move,0.666015625,0.5393518518518519
235853,Move,0.6686197916666666,0.5347222222222222
235874.5,Move,0.6712239583333334,0.5254629629629629
235888.30000000075,Move,0.6725260416666666,0.5208333333333334
235908.20000000298,Move,0.6764322916666666,0.5092592592592593
235923,Move,0.681640625,0.49537037037037035
235937.40000000224,Move,0.6881510416666666,0.47453703703703703
235958.80000000075,Move,0.6985677083333334,0.4444444444444444
235971,Move,0.708984375,0.41435185185185186
235992.1000000015,Move,0.7311197916666666,0.35185185185185186
236006.70000000298,Move,0.736328125,0.33564814814814814
236091.6000000015,Move,0.736328125,0.33564814814814814
236124.80000000075,Move,0.7376302083333334,0.33796296296296297
236135,Move,0.7376302083333334,0.33796296296296297
236159.70000000298,Move,0.7389322916666666,0.3402777777777778
236170.5,Move,0.7415364583333334,0.3449074074074074
236238,Move,0.740234375,0.3449074074074074
236244.80000000075,Move,0.7389322916666666,0.3449074074074074
236252.90000000224,Move,0.7389322916666666,0.3449074074074074
236274.80000000075,Move,0.7298177083333334,0.34953703703703703
236288.80000000075,Move,0.7272135416666666,0.34953703703703703
236302.80000000075,Move,0.7194010416666666,0.3541666666666667
236323.1000000015,Move,0.7063802083333334,0.3611111111111111
236338.6000000015,Move,0.6842447916666666,0.3726851851851852
236359.1000000015,Move,0.6360677083333334,0.4027777777777778
236372.70000000298,Move,0.5983072916666666,0.42592592592592593
236384.70000000298,Move,0.5384114583333334,0.46064814814814814
236407.1000000015,Move,0.4459635416666667,0.48842592592592593
236420.5,Move,0.4055989583333333,0.4930555555555556
236441.20000000298,Move,0.3743489583333333,0.4976851851851852
236455.1000000015,Move,0.3704427083333333,0.5
236469.70000000298,Move,0.3665364583333333,0.5
236490.1000000015,Move,0.361328125,0.5
236504.90000000224,Move,0.3600260416666667,0.5023148148148148
236518.40000000224,Move,0.3548177083333333,0.5023148148148148
236540.20000000298,Move,0.3391927083333333,0.5092592592592593
236553.30000000075,Move,0.333984375,0.5115740740740741
236655.90000000224,Move,0.3313802083333333,0.5092592592592593
236663.6000000015,Move,0.3313802083333333,0.5069444444444444
236672.6000000015,Move,0.330078125,0.5046296296296297
236691.90000000224,Move,0.326171875,0.5
236705.30000000075,Move,0.3235677083333333,0.49537037037037035
236719.90000000224,Move,0.3209635416666667,0.49074074074074076
236739.90000000224,Move,0.318359375,0.4861111111111111
236753.90000000224,Move,0.3170572916666667,0.4837962962962963
236775,Move,0.314453125,0.4791666666666667
236789.5,Move,0.3131510416666667,0.47685185185185186
236804,Move,0.3118489583333333,0.47453703703703703
236823.80000000075,Move,0.3092447916666667,0.4722222222222222
236838.6000000015,Move,0.3079427083333333,0.4699074074074074
236856.40000000224,Move,0.302734375,0.47453703703703703
236871.80000000075,Move,0.3001302083333333,0.47685185185185186
236887,Move,0.2962239583333333,0.4791666666666667
236903.70000000298,Move,0.2923177083333333,0.4837962962962963
236920.20000000298,Move,0.287109375,0.4861111111111111
236936.20000000298,Move,0.283203125,0.49074074074074076
236952.80000000075,Move,0.279296875,0.4930555555555556
236975.20000000298,Move,0.2740885416666667,0.4976851851851852
236991.80000000075,Move,0.2701822916666667,0.5
237009,Move,0.2649739583333333,0.5023148148148148
237022.5,Move,0.2623697916666667,0.5046296296296297
237040.20000000298,Move,0.2571614583333333,0.5069444444444444
237056.1000000015,Move,0.2532552083333333,0.5092592592592593
237071.6000000015,Move,0.24934895833333334,0.5115740740740741
237087.70000000298,Move,0.24544270833333334,0.5138888888888888
237103.70000000298,Move,0.244140625,0.5162037037037037
237112.40000000224,Move,0.24153645833333334,0.5162037037037037
237175.5,Move,0.240234375,0.5162037037037037
237217,Move,0.240234375,0.5162037037037037
237258.1000000015,Move,0.23893229166666666,0.5162037037037037
237342.30000000075,Move,0.240234375,0.5162037037037037
237355.1000000015,Move,0.24283854166666666,0.5138888888888888
237368.70000000298,Move,0.2623697916666667,0.5
237391,Move,0.2936197916666667,0.47685185185185186
237406.70000000298,Move,0.3196614583333333,0.45601851851851855
237419.6000000015,Move,0.341796875,0.4398148148148148
237441.70000000298,Move,0.373046875,0.41898148148148145
237454.20000000298,Move,0.3873697916666667,0.4097222222222222
237474.6000000015,Move,0.4147135416666667,0.40046296296296297
237488.5,Move,0.4290364583333333,0.39814814814814814
237503.30000000075,Move,0.4407552083333333,0.3958333333333333
237523.70000000298,Move,0.4563802083333333,0.3888888888888889
237538.5,Move,0.462890625,0.38657407407407407
237557.40000000224,Move,0.4654947916666667,0.38425925925925924
237573.30000000075,Move,0.4680989583333333,0.38425925925925924
237588,Move,0.470703125,0.3819444444444444
237608.1000000015,Move,0.4720052083333333,0.3819444444444444
237615.80000000075,Move,0.4733072916666667,0.3819444444444444
237717.70000000298,Move,0.4733072916666667,0.3819444444444444
237733.30000000075,Move,0.474609375,0.3819444444444444
237741.40000000224,Move,0.4759114583333333,0.3819444444444444
237752.1000000015,Move,0.4772135416666667,0.3819444444444444
237775,Move,0.478515625,0.3819444444444444
237786.1000000015,Move,0.4798177083333333,0.3819444444444444
237797,Move,0.4811197916666667,0.3819444444444444
237852,Move,0.4811197916666667,0.375
237874.6000000015,Move,0.4837239583333333,0.3680555555555556
237891.90000000224,Move,0.4850260416666667,0.3611111111111111
237907.5,Move,0.486328125,0.35185185185185186
237923.20000000298,Move,0.4876302083333333,0.3449074074074074
237940,Move,0.4889322916666667,0.33564814814814814
237955.6000000015,Move,0.490234375,0.3287037037037037
237972.20000000298,Move,0.490234375,0.32175925925925924
237989,Move,0.4915364583333333,0.3148148148148148
238004,Move,0.490234375,0.30324074074074076
238019.90000000224,Move,0.490234375,0.2916666666666667
238035.70000000298,Move,0.490234375,0.2824074074074074
238052,Move,0.490234375,0.27314814814814814
238067.30000000075,Move,0.490234375,0.26157407407407407
238091.70000000298,Move,0.490234375,0.25
238106.80000000075,Move,0.490234375,0.24305555555555555
238123,Move,0.490234375,0.24537037037037038
238137.1000000015,Move,0.4915364583333333,0.25
238157.80000000075,Move,0.4928385416666667,0.2708333333333333
238171.20000000298,Move,0.494140625,0.2847222222222222
238185.40000000224,Move,0.4954427083333333,0.3055555555555556
238205.70000000298,Move,0.4967447916666667,0.33101851851851855
238225.90000000224,Move,0.4993489583333333,0.3611111111111111
238241.40000000224,Move,0.5006510416666666,0.375
238255.70000000298,Move,0.5006510416666666,0.38657407407407407
238276,Move,0.5006510416666666,0.4074074074074074
238290.20000000298,Move,0.4993489583333333,0.4236111111111111
238304.20000000298,Move,0.498046875,0.4375
238324,Move,0.498046875,0.4537037037037037
238340.20000000298,Move,0.4967447916666667,0.46296296296296297
238353.1000000015,Move,0.4967447916666667,0.4722222222222222
238374.80000000075,Move,0.4967447916666667,0.4791666666666667
238388.90000000224,Move,0.4967447916666667,0.48148148148148145
238403.1000000015,Move,0.4967447916666667,0.48148148148148145
238423,Move,0.4967447916666667,0.4837962962962963
238431.80000000075,Move,0.4967447916666667,0.4861111111111111
238444.80000000075,Move,0.4967447916666667,0.4861111111111111
238473.5,Move,0.4967447916666667,0.48842592592592593
238557.70000000298,Move,0.4954427083333333,0.49074074074074076
238592.5,Move,0.4954427083333333,0.49074074074074076
238608.90000000224,Move,0.4954427083333333,0.4930555555555556
238621.70000000298,Move,0.494140625,0.5
238638.40000000224,Move,0.4915364583333333,0.5046296296296297
238647.80000000075,Move,0.4915364583333333,0.5069444444444444
238679,Move,0.4915364583333333,0.5069444444444444
238703.1000000015,Move,0.4915364583333333,0.5069444444444444
238711.30000000075,Move,0.4928385416666667,0.5046296296296297
238724.80000000075,Move,0.494140625,0.5023148148148148
238738.80000000075,Move,0.4993489583333333,0.4976851851851852
238752,Move,0.5084635416666666,0.4861111111111111
238773.1000000015,Move,0.5201822916666666,0.47453703703703703
238787.90000000224,Move,0.529296875,0.4652777777777778
238808.70000000298,Move,0.541015625,0.4537037037037037
238821.70000000298,Move,0.5501302083333334,0.44212962962962965
238837.1000000015,Move,0.560546875,0.4305555555555556
238856.20000000298,Move,0.5696614583333334,0.41898148148148145
238871.5,Move,0.576171875,0.41203703703703703
238891.5,Move,0.591796875,0.3888888888888889
238907.30000000075,Move,0.6009114583333334,0.3726851851851852
238922,Move,0.6100260416666666,0.35648148148148145
238941.90000000224,Move,0.6217447916666666,0.33796296296296297
238955.6000000015,Move,0.626953125,0.3287037037037037
238969.30000000075,Move,0.6321614583333334,0.3194444444444444
238989.6000000015,Move,0.6373697916666666,0.3125
239005.1000000015,Move,0.6399739583333334,0.30787037037037035
239025.5,Move,0.6412760416666666,0.30787037037037035
239032.70000000298,Move,0.6412760416666666,0.3055555555555556
239052.90000000224,Move,0.642578125,0.30324074074074076
239067.1000000015,Move,0.6438802083333334,0.30324074074074076
239088,Move,0.6438802083333334,0.30324074074074076
239102.6000000015,Move,0.6451822916666666,0.30092592592592593
239110.20000000298,Move,0.6451822916666666,0.30092592592592593
239245.30000000075,Move,0.6451822916666666,0.30092592592592593
239282,Move,0.6438802083333334,0.30092592592592593
239301,Move,0.6438802083333334,0.30092592592592593
239317.6000000015,Move,0.642578125,0.30092592592592593
239336.1000000015,Move,0.6412760416666666,0.30092592592592593
239355.20000000298,Move,0.6399739583333334,0.30092592592592593
239372.1000000015,Move,0.638671875,0.30092592592592593
239379.70000000298,Move,0.638671875,0.30092592592592593
239407.20000000298,Move,0.6360677083333334,0.30092592592592593
239418.6000000015,Move,0.6360677083333334,0.30092592592592593
239437.20000000298,Move,0.6334635416666666,0.30092592592592593
239454.80000000075,Move,0.6295572916666666,0.30092592592592593
239470.20000000298,Move,0.6321614583333334,0.30324074074074076
239490,Move,0.6438802083333334,0.3148148148148148
239505.70000000298,Move,0.6529947916666666,0.32407407407407407
239519.6000000015,Move,0.6647135416666666,0.33564814814814814
239540.1000000015,Move,0.6829427083333334,0.35185185185185186
239553.90000000224,Move,0.6907552083333334,0.3587962962962963
239574.30000000075,Move,0.7063802083333334,0.3726851851851852
239589.20000000298,Move,0.716796875,0.3819444444444444
239603.5,Move,0.7272135416666666,0.3912037037037037
239622.70000000298,Move,0.7376302083333334,0.40046296296296297
239638.20000000298,Move,0.7415364583333334,0.4027777777777778
239657.6000000015,Move,0.744140625,0.4050925925925926
239673.1000000015,Move,0.7454427083333334,0.4074074074074074
239687,Move,0.7467447916666666,0.4074074074074074
239707.5,Move,0.748046875,0.4097222222222222
239807.70000000298,Move,0.748046875,0.4097222222222222
239838,Move,0.7493489583333334,0.41203703703703703
239858.80000000075,Move,0.751953125,0.41435185185185186
239868.1000000015,Move,0.751953125,0.4166666666666667
239888.5,Move,0.7532552083333334,0.41898148148148145
239897,Move,0.7545572916666666,0.4212962962962963
239921.80000000075,Move,0.7545572916666666,0.4236111111111111
239939.80000000075,Move,0.755859375,0.42592592592592593
239958,Move,0.7571614583333334,0.4305555555555556
239968.70000000298,Move,0.7571614583333334,0.4305555555555556
239988.80000000075,Move,0.7584635416666666,0.4305555555555556
239998.30000000075,Move,0.7584635416666666,0.43287037037037035
240066.30000000075,Move,0.7506510416666666,0.4375
240074.1000000015,Move,0.7467447916666666,0.4398148148148148
240087.30000000075,Move,0.736328125,0.4444444444444444
240102,Move,0.7259114583333334,0.4513888888888889
240122.20000000298,Move,0.7115885416666666,0.46296296296296297
240136.1000000015,Move,0.697265625,0.47685185185185186
240156.80000000075,Move,0.6790364583333334,0.49074074074074076
240172.5,Move,0.666015625,0.5
240187.80000000075,Move,0.654296875,0.5092592592592593
240208.40000000224,Move,0.6399739583333334,0.5162037037037037
240220.90000000224,Move,0.6321614583333334,0.5208333333333334
240236.5,Move,0.623046875,0.5231481481481481
240256.80000000075,Move,0.607421875,0.5254629629629629
240270.1000000015,Move,0.6022135416666666,0.5231481481481481
240290.80000000075,Move,0.5904947916666666,0.5185185185185185
240305.80000000075,Move,0.5813802083333334,0.5185185185185185
240318.5,Move,0.572265625,0.5185185185185185
240340.80000000075,Move,0.560546875,0.5208333333333334
240354.6000000015,Move,0.552734375,0.5254629629629629
240368.40000000224,Move,0.5436197916666666,0.5277777777777778
240486.20000000298,Move,0.5436197916666666,0.5277777777777778
240500,Move,0.5436197916666666,0.5254629629629629
240515.20000000298,Move,0.5436197916666666,0.5231481481481481
240527.20000000298,Move,0.5436197916666666,0.5208333333333334
240543,Move,0.5436197916666666,0.5208333333333334
240556.5,Move,0.5436197916666666,0.5185185185185185
240570.90000000224,Move,0.5436197916666666,0.5162037037037037
240584.70000000298,Move,0.5436197916666666,0.5138888888888888
240655.30000000075,Move,0.5423177083333334,0.5138888888888888
240668.80000000075,Move,0.5423177083333334,0.5138888888888888
240675.6000000015,Move,0.541015625,0.5138888888888888
240690.70000000298,Move,0.5397135416666666,0.5115740740740741
240704.80000000075,Move,0.5384114583333334,0.5115740740740741
240725.30000000075,Move,0.5358072916666666,0.5092592592592593
240739.5,Move,0.5345052083333334,0.5069444444444444
240753.40000000224,Move,0.529296875,0.5046296296296297
240774.6000000015,Move,0.517578125,0.49074074074074076
240788.6000000015,Move,0.509765625,0.4837962962962963
240803.20000000298,Move,0.4993489583333333,0.4722222222222222
240822.5,Move,0.4733072916666667,0.44675925925925924
240837.6000000015,Move,0.4524739583333333,0.4351851851851852
240857.80000000075,Move,0.4303385416666667,0.4236111111111111
240872.30000000075,Move,0.4212239583333333,0.41898148148148145
240886.5,Move,0.4186197916666667,0.4166666666666667
240908.20000000298,Move,0.4173177083333333,0.4166666666666667
240921.80000000075,Move,0.416015625,0.41435185185185186
240935,Move,0.4147135416666667,0.41435185185185186
240956.70000000298,Move,0.4134114583333333,0.41435185185185186
240971.6000000015,Move,0.412109375,0.41203703703703703
240990.6000000015,Move,0.4069010416666667,0.4074074074074074
241006,Move,0.4055989583333333,0.4074074074074074
241053.6000000015,Move,0.4055989583333333,0.4074074074074074
241116.80000000075,Move,0.4055989583333333,0.4097222222222222
241240.40000000224,Move,0.4055989583333333,0.41203703703703703
241304.1000000015,Move,0.4069010416666667,0.4097222222222222
241324.80000000075,Move,0.4069010416666667,0.4097222222222222
241339.70000000298,Move,0.408203125,0.4074074074074074
241354.6000000015,Move,0.408203125,0.4050925925925926
241374.1000000015,Move,0.4095052083333333,0.4050925925925926
241388.30000000075,Move,0.4095052083333333,0.4027777777777778
241409.20000000298,Move,0.4095052083333333,0.40046296296296297
241429.70000000298,Move,0.4095052083333333,0.39814814814814814
241436.70000000298,Move,0.4095052083333333,0.39814814814814814
241458.20000000298,Move,0.4095052083333333,0.39351851851851855
241472.20000000298,Move,0.4108072916666667,0.3912037037037037
241486.70000000298,Move,0.4108072916666667,0.38657407407407407
241506.5,Move,0.4108072916666667,0.37962962962962965
241521.80000000075,Move,0.4108072916666667,0.375
241535.70000000298,Move,0.412109375,0.37037037037037035
241557.6000000015,Move,0.412109375,0.36574074074074076
241570.1000000015,Move,0.412109375,0.3611111111111111
241591.6000000015,Move,0.4134114583333333,0.34953703703703703
241606,Move,0.4134114583333333,0.3425925925925926
241620.1000000015,Move,0.4147135416666667,0.32407407407407407
241639.5,Move,0.416015625,0.3101851851851852
241654.5,Move,0.416015625,0.30787037037037035
241668.6000000015,Move,0.416015625,0.30324074074074076
241788.40000000224,Move,0.4147135416666667,0.30092592592592593
241826.5,Move,0.4147135416666667,0.30092592592592593
241862.70000000298,Move,0.4134114583333333,0.2986111111111111
241900.1000000015,Move,0.4134114583333333,0.2986111111111111
242011.80000000075,Move,0.412109375,0.2962962962962963
242025.90000000224,Move,0.4095052083333333,0.29398148148148145
242039.80000000075,Move,0.4055989583333333,0.28703703703703703
242053.1000000015,Move,0.396484375,0.2777777777777778
242073.80000000075,Move,0.384765625,0.2638888888888889
242088.1000000015,Move,0.3756510416666667,0.25462962962962965
242102.20000000298,Move,0.3678385416666667,0.24537037037037038
242124.6000000015,Move,0.353515625,0.22916666666666666
242135.80000000075,Move,0.3483072916666667,0.22453703703703703
242158.70000000298,Move,0.3352864583333333,0.21064814814814814
242172.6000000015,Move,0.326171875,0.2013888888888889
242185,Move,0.3170572916666667,0.19444444444444445
242206.6000000015,Move,0.3053385416666667,0.18287037037037038
242221.40000000224,Move,0.3001302083333333,0.17824074074074073
242242.1000000015,Move,0.2923177083333333,0.1712962962962963
242256.5,Move,0.2897135416666667,0.16898148148148148
242270.6000000015,Move,0.2897135416666667,0.16898148148148148
242290.70000000298,Move,0.2884114583333333,0.16898148148148148
242305.40000000224,Move,0.2884114583333333,0.16666666666666666
242311.30000000075,Move,0.287109375,0.16666666666666666
242341.1000000015,Move,0.287109375,0.16666666666666666
242422.5,Move,0.287109375,0.16666666666666666
242535.1000000015,Move,0.2884114583333333,0.16666666666666666
242590.80000000075,Move,0.2897135416666667,0.16666666666666666
242647.30000000075,Move,0.2897135416666667,0.16898148148148148
242672.1000000015,Move,0.2936197916666667,0.16898148148148148
242688,Move,0.294921875,0.16898148148148148
242703.5,Move,0.298828125,0.16898148148148148
242720.80000000075,Move,0.3040364583333333,0.16898148148148148
242734.80000000075,Move,0.314453125,0.16435185185185186
242751,Move,0.326171875,0.1597222222222222
242775.40000000224,Move,0.361328125,0.14814814814814814
242791.6000000015,Move,0.4055989583333333,0.16435185185185186
242807.40000000224,Move,0.4407552083333333,0.18287037037037038
242823.6000000015,Move,0.455078125,0.1875
242838.90000000224,Move,0.4576822916666667,0.18981481481481483
242855.5,Move,0.4602864583333333,0.19212962962962962
242872.1000000015,Move,0.4615885416666667,0.19212962962962962
242888.70000000298,Move,0.4641927083333333,0.19212962962962962
242903,Move,0.4720052083333333,0.19212962962962962
242920.30000000075,Move,0.4759114583333333,0.19212962962962962
243013.90000000224,Move,0.4759114583333333,0.19444444444444445
243039.80000000075,Move,0.4759114583333333,0.19444444444444445
243055,Move,0.4772135416666667,0.19675925925925927
243062.30000000075,Move,0.4772135416666667,0.19675925925925927
243072.20000000298,Move,0.4772135416666667,0.19907407407407407
243088.5,Move,0.4772135416666667,0.19907407407407407
243094.40000000224,Move,0.4772135416666667,0.2013888888888889
243119.70000000298,Move,0.4772135416666667,0.2037037037037037
243136.5,Move,0.4772135416666667,0.2037037037037037
243153.40000000224,Move,0.478515625,0.20601851851851852
243175.40000000224,Move,0.4811197916666667,0.2152777777777778
243184.1000000015,Move,0.4811197916666667,0.2152777777777778
243208.70000000298,Move,0.4811197916666667,0.2175925925925926
243221.1000000015,Move,0.482421875,0.2199074074074074
243236.6000000015,Move,0.482421875,0.22453703703703703
243258.70000000298,Move,0.4837239583333333,0.23148148148148148
243276.20000000298,Move,0.486328125,0.23842592592592593
243291,Move,0.4889322916666667,0.24537037037037038
243306.20000000298,Move,0.490234375,0.2523148148148148
243325.90000000224,Move,0.4928385416666667,0.26157407407407407
243340,Move,0.4954427083333333,0.2662037037037037
243354.80000000075,Move,0.4967447916666667,0.27314814814814814
243376.20000000298,Move,0.4993489583333333,0.2824074074074074
243388.30000000075,Move,0.501953125,0.28703703703703703
243403.80000000075,Move,0.5045572916666666,0.2916666666666667
243423.40000000224,Move,0.5123697916666666,0.3101851851851852
243438,Move,0.5188802083333334,0.3194444444444444
243452.20000000298,Move,0.5266927083333334,0.33564814814814814
243472.90000000224,Move,0.5436197916666666,0.375
243480,Move,0.544921875,0.37962962962962965
243587.90000000224,Move,0.5436197916666666,0.37962962962962965
243631,Move,0.5436197916666666,0.37962962962962965
243676,Move,0.5423177083333334,0.37962962962962965
243720.6000000015,Move,0.5423177083333334,0.37962962962962965
243727.5,Move,0.5436197916666666,0.37962962962962965
243741.80000000075,Move,0.5436197916666666,0.37962962962962965
243755.70000000298,Move,0.5462239583333334,0.3819444444444444
243771.40000000224,Move,0.548828125,0.38425925925925924
243776.70000000298,Move,0.5501302083333334,0.38657407407407407
243805.5,Move,0.5514322916666666,0.3888888888888889
243819.5,Move,0.5540364583333334,0.3912037037037037
243840.1000000015,Move,0.556640625,0.39351851851851855
243845.90000000224,Move,0.5579427083333334,0.39351851851851855
243874.30000000075,Move,0.560546875,0.3958333333333333
243889.5,Move,0.5631510416666666,0.39814814814814814
243902.70000000298,Move,0.5670572916666666,0.4027777777777778
243923.70000000298,Move,0.5735677083333334,0.4074074074074074
243937.5,Move,0.5774739583333334,0.41203703703703703
243958.70000000298,Move,0.5852864583333334,0.41898148148148145
243973.20000000298,Move,0.5891927083333334,0.4236111111111111
243988.20000000298,Move,0.5930989583333334,0.42824074074074076
244007.1000000015,Move,0.6009114583333334,0.4351851851851852
244024.30000000075,Move,0.6048177083333334,0.4375
244035.70000000298,Move,0.6126302083333334,0.4444444444444444
244058.20000000298,Move,0.626953125,0.45601851851851855
244071,Move,0.642578125,0.4652777777777778
244090.6000000015,Move,0.6712239583333334,0.4837962962962963
244106.1000000015,Move,0.6842447916666666,0.49074074074074076
244120.40000000224,Move,0.6881510416666666,0.49537037037037035
244140.40000000224,Move,0.6959635416666666,0.5
244146.20000000298,Move,0.697265625,0.5
244270.80000000075,Move,0.6959635416666666,0.5023148148148148
244333.40000000224,Move,0.6959635416666666,0.5023148148148148
244341,Move,0.6946614583333334,0.5046296296296297
244350.6000000015,Move,0.693359375,0.5069444444444444
244370.40000000224,Move,0.689453125,0.5115740740740741
244391.5,Move,0.6868489583333334,0.5138888888888888
244441.70000000298,Move,0.6868489583333334,0.5138888888888888
244472,Move,0.6842447916666666,0.5162037037037037
244479,Move,0.681640625,0.5162037037037037
244492.40000000224,Move,0.677734375,0.5162037037037037
244506.30000000075,Move,0.6751302083333334,0.5185185185185185
244520.40000000224,Move,0.669921875,0.5185185185185185
244541.70000000298,Move,0.666015625,0.5185185185185185
244554.20000000298,Move,0.6595052083333334,0.5185185185185185
244575.80000000075,Move,0.6516927083333334,0.5208333333333334
244589.90000000224,Move,0.6477864583333334,0.5208333333333334
244606.6000000015,Move,0.642578125,0.5231481481481481
244618.6000000015,Move,0.6373697916666666,0.5231481481481481
244640.5,Move,0.6334635416666666,0.5254629629629629
244654.6000000015,Move,0.630859375,0.5254629629629629
244673.20000000298,Move,0.626953125,0.5254629629629629
244689.70000000298,Move,0.623046875,0.5254629629629629
244709.5,Move,0.6178385416666666,0.5231481481481481
244724.20000000298,Move,0.615234375,0.5231481481481481
244738.20000000298,Move,0.6126302083333334,0.5231481481481481
244758.5,Move,0.6100260416666666,0.5208333333333334
244772.40000000224,Move,0.607421875,0.5208333333333334
244786.6000000015,Move,0.6048177083333334,0.5208333333333334
244806.70000000298,Move,0.6009114583333334,0.5185185185185185
244821.20000000298,Move,0.5983072916666666,0.5185185185185185
244828.6000000015,Move,0.5970052083333334,0.5185185185185185
244850.20000000298,Move,0.5930989583333334,0.5185185185185185
244976.40000000224,Move,0.591796875,0.5185185185185185
244996.1000000015,Move,0.591796875,0.5208333333333334
245016.30000000075,Move,0.591796875,0.5185185185185185
245052.30000000075,Move,0.591796875,0.5185185185185185
245071.70000000298,Move,0.591796875,0.5162037037037037
245092.20000000298,Move,0.591796875,0.5162037037037037
245109.40000000224,Move,0.591796875,0.5138888888888888
245146.5,Move,0.591796875,0.5115740740740741
245165.90000000224,Move,0.5904947916666666,0.5115740740740741
245184.70000000298,Move,0.5904947916666666,0.5069444444444444
245204.70000000298,Move,0.5904947916666666,0.5046296296296297
245222.30000000075,Move,0.5891927083333334,0.5023148148148148
245235.70000000298,Move,0.5891927083333334,0.5023148148148148
245257,Move,0.5852864583333334,0.49537037037037035
245271.30000000075,Move,0.5826822916666666,0.4861111111111111
245287,Move,0.5787760416666666,0.47685185185185186
245307.90000000224,Move,0.5709635416666666,0.46064814814814814
245321.5,Move,0.5657552083333334,0.4513888888888889
245342.80000000075,Move,0.556640625,0.4351851851851852
245356.1000000015,Move,0.5514322916666666,0.42592592592592593
245371.1000000015,Move,0.5462239583333334,0.41435185185185186
245390.6000000015,Move,0.5397135416666666,0.39351851851851855
245405.90000000224,Move,0.5345052083333334,0.375
245424.80000000075,Move,0.521484375,0.3263888888888889
245440.1000000015,Move,0.5110677083333334,0.2916666666666667
245455.80000000075,Move,0.4889322916666667,0.2222222222222222
245470,Move,0.4759114583333333,0.18287037037037038
245574.20000000298,Move,0.474609375,0.18518518518518517
245596.5,Move,0.474609375,0.1875
245623.20000000298,Move,0.4720052083333333,0.18981481481481483
245636.40000000224,Move,0.470703125,0.19212962962962962
245658.70000000298,Move,0.4694010416666667,0.19675925925925927
245673.6000000015,Move,0.4680989583333333,0.19907407407407407
245686.40000000224,Move,0.466796875,0.2013888888888889
245708.1000000015,Move,0.4615885416666667,0.20833333333333334
245723,Move,0.4576822916666667,0.2152777777777778
245953.90000000224,Released,0.4576822916666667,0.2152777777777778
246037.70000000298,Released,0.4869791666666667,0.6331018518518519