resolution:1536,864
255285,Pressed,0.4954427083333333,0.20717592592592593
255803,Move,0.4934895833333333,0.21064814814814814
255815,Move,0.4811197916666667,0.22685185185185186
255830,Move,0.455078125,0.25925925925925924
255846,Move,0.43359375,0.2847222222222222
255865,Move,0.431640625,0.2881944444444444
255880,Move,0.4309895833333333,0.2881944444444444
255901,Move,0.4309895833333333,0.2881944444444444
255914,Move,0.4309895833333333,0.2881944444444444
255928,Move,0.4309895833333333,0.2881944444444444
255950,Move,0.4309895833333333,0.2881944444444444
255963,Move,0.4309895833333333,0.28935185185185186
255985,Move,0.4303385416666667,0.29050925925925924
255999,Move,0.4303385416666667,0.29050925925925924
256012,Move,0.4303385416666667,0.29050925925925924
256033,Move,0.4303385416666667,0.29050925925925924
256047,Move,0.4303385416666667,0.29050925925925924
256060,Move,0.4303385416666667,0.29050925925925924
256083,Move,0.4303385416666667,0.29050925925925924
256097,Move,0.4303385416666667,0.29050925925925924
256105,Move,0.4303385416666667,0.29050925925925924
256131,Move,0.4303385416666667,0.29050925925925924
256145,Move,0.4303385416666667,0.29050925925925924
256166,Move,0.4303385416666667,0.29050925925925924
256180,Move,0.4303385416666667,0.29050925925925924
256187,Move,0.4303385416666667,0.29050925925925924
256215,Move,0.4303385416666667,0.29050925925925924
256230,Move,0.4296875,0.29050925925925924
256246,Move,0.4270833333333333,0.29398148148148145
256258,Move,0.4231770833333333,0.30092592592592593
256279,Move,0.3919270833333333,0.34375
256292,Move,0.3658854166666667,0.38310185185185186
256314,Move,0.3372395833333333,0.42824074074074076
256327,Move,0.3209635416666667,0.4525462962962963
256342,Move,0.3059895833333333,0.47453703703703703
256349,Move,0.302734375,0.4791666666666667
256490,Move,0.3033854166666667,0.47800925925925924
256511,Move,0.3059895833333333,0.4756944444444444
256532,Move,0.3059895833333333,0.47453703703703703
256552,Move,0.306640625,0.47453703703703703
256575,Move,0.306640625,0.47453703703703703
256595,Move,0.306640625,0.47453703703703703
256616,Move,0.306640625,0.47453703703703703
256637,Move,0.306640625,0.47453703703703703
256658,Move,0.306640625,0.47453703703703703
256679,Move,0.306640625,0.47453703703703703
256704,Move,0.306640625,0.47453703703703703
256722,Move,0.306640625,0.47453703703703703
256742,Move,0.306640625,0.47453703703703703
256765,Move,0.306640625,0.47453703703703703
256784,Move,0.306640625,0.47453703703703703
256807,Move,0.306640625,0.47453703703703703
256830,Move,0.306640625,0.47453703703703703
256848,Move,0.306640625,0.47453703703703703
256869,Move,0.306640625,0.47453703703703703
256890,Move,0.306640625,0.47453703703703703
256909,Move,0.306640625,0.47453703703703703
256932,Move,0.306640625,0.47453703703703703
256952,Move,0.306640625,0.47453703703703703
256973,Move,0.306640625,0.47453703703703703
256995,Move,0.3072916666666667,0.47453703703703703
257015,Move,0.30859375,0.47337962962962965
257036,Move,0.3118489583333333,0.4710648148148148
257057,Move,0.3138020833333333,0.4699074074074074
257079,Move,0.3157552083333333,0.4675925925925926
257099,Move,0.31640625,0.4675925925925926
257125,Move,0.31640625,0.4675925925925926
257132,Move,0.31640625,0.4675925925925926
257146,Move,0.31640625,0.4675925925925926
257163,Move,0.31640625,0.4675925925925926
257181,Move,0.31640625,0.4675925925925926
257195,Move,0.31640625,0.4675925925925926
257216,Move,0.3157552083333333,0.4675925925925926
257223,Move,0.3157552083333333,0.4675925925925926
257244,Move,0.3157552083333333,0.4652777777777778
257265,Move,0.3151041666666667,0.46296296296296297
257286,Move,0.3151041666666667,0.4618055555555556
257299,Move,0.3151041666666667,0.46064814814814814
257313,Move,0.3151041666666667,0.45949074074074076
257330,Move,0.3151041666666667,0.4583333333333333
257348,Move,0.3151041666666667,0.4583333333333333
257363,Move,0.3151041666666667,0.45601851851851855
257382,Move,0.3151041666666667,0.4548611111111111
257398,Move,0.3151041666666667,0.4525462962962963
257410,Move,0.3151041666666667,0.4513888888888889
257425,Move,0.3151041666666667,0.45023148148148145
257447,Move,0.314453125,0.44675925925925924
257455,Move,0.314453125,0.44675925925925924
257474,Move,0.3151041666666667,0.44560185185185186
257496,Move,0.314453125,0.44328703703703703
257509,Move,0.314453125,0.44212962962962965
257531,Move,0.314453125,0.4398148148148148
257551,Move,0.3138020833333333,0.4375
257566,Move,0.3138020833333333,0.4363425925925926
257579,Move,0.3131510416666667,0.4340277777777778
257595,Move,0.3131510416666667,0.43287037037037035
257613,Move,0.3131510416666667,0.4305555555555556
257633,Move,0.3131510416666667,0.42939814814814814
257648,Move,0.3131510416666667,0.4270833333333333
257663,Move,0.3131510416666667,0.42476851851851855
257680,Move,0.3131510416666667,0.4236111111111111
257698,Move,0.3131510416666667,0.4212962962962963
257717,Move,0.3131510416666667,0.4201388888888889
257728,Move,0.3131510416666667,0.41898148148148145
257748,Move,0.3131510416666667,0.41550925925925924
257762,Move,0.3131510416666667,0.41435185185185186
257784,Move,0.3131510416666667,0.4085648148148148
257797,Move,0.3131510416666667,0.4050925925925926
257818,Move,0.3138020833333333,0.3993055555555556
257833,Move,0.3138020833333333,0.39467592592592593
257847,Move,0.3138020833333333,0.3912037037037037
257866,Move,0.314453125,0.38657407407407407
257881,Move,0.3151041666666667,0.37962962962962965
257902,Move,0.3170572916666667,0.36342592592592593
257909,Move,0.318359375,0.3576388888888889
257930,Move,0.3209635416666667,0.33912037037037035
257948,Move,0.3216145833333333,0.3263888888888889
257965,Move,0.322265625,0.3148148148148148
257980,Move,0.3229166666666667,0.3113425925925926
257987,Move,0.3229166666666667,0.3101851851851852
258099,Move,0.3216145833333333,0.3125
258169,Move,0.3216145833333333,0.3125
258239,Move,0.3216145833333333,0.3125
258312,Move,0.3216145833333333,0.3125
258384,Move,0.3216145833333333,0.3125
258452,Move,0.3216145833333333,0.3125
258524,Move,0.3216145833333333,0.3125
258595,Move,0.3216145833333333,0.3125
258667,Move,0.3216145833333333,0.3125
258737,Move,0.3203125,0.31712962962962965
258809,Move,0.3196614583333333,0.31828703703703703
258883,Move,0.3190104166666667,0.31712962962962965
258897,Move,0.3190104166666667,0.3148148148148148
258910,Move,0.3190104166666667,0.3125
258932,Move,0.3190104166666667,0.30787037037037035
258946,Move,0.3190104166666667,0.30671296296296297
258964,Move,0.318359375,0.30324074074074076
258981,Move,0.3177083333333333,0.2916666666666667
258994,Move,0.3170572916666667,0.28125
259010,Move,0.3170572916666667,0.2708333333333333
259030,Move,0.31640625,0.26967592592592593
259048,Move,0.31640625,0.26851851851851855
259065,Move,0.31640625,0.2662037037037037
259080,Move,0.31640625,0.2662037037037037
259099,Move,0.31640625,0.2638888888888889
259115,Move,0.31640625,0.26273148148148145
259129,Move,0.31640625,0.26273148148148145
259148,Move,0.31640625,0.26157407407407407
259163,Move,0.31640625,0.26157407407407407
259179,Move,0.31640625,0.26157407407407407
259198,Move,0.31640625,0.25925925925925924
259212,Move,0.31640625,0.2569444444444444
259233,Move,0.3157552083333333,0.2523148148148148
259247,Move,0.3151041666666667,0.24768518518518517
259262,Move,0.314453125,0.24074074074074073
259276,Move,0.3131510416666667,0.22916666666666666
259295,Move,0.310546875,0.20949074074074073
259310,Move,0.30859375,0.19328703703703703
259325,Move,0.3059895833333333,0.1724537037037037
259345,Move,0.3033854166666667,0.15393518518518517
259365,Move,0.3020833333333333,0.14467592592592593
259379,Move,0.302734375,0.14467592592592593
259393,Move,0.302734375,0.14351851851851852
259416,Move,0.302734375,0.1412037037037037
259430,Move,0.3020833333333333,0.1400462962962963
259450,Move,0.3014322916666667,0.13657407407407407
259463,Move,0.3014322916666667,0.13310185185185186
259586,Move,0.302734375,0.13310185185185186
259645,Move,0.302734375,0.13310185185185186
259701,Move,0.3033854166666667,0.13310185185185186
259760,Move,0.3040364583333333,0.13310185185185186
259815,Move,0.3046875,0.13310185185185186
259873,Move,0.3046875,0.13310185185185186
259932,Move,0.3059895833333333,0.13425925925925927
259950,Move,0.3059895833333333,0.13425925925925927
259965,Move,0.3079427083333333,0.13657407407407407
259981,Move,0.3092447916666667,0.13657407407407407
259999,Move,0.3118489583333333,0.1388888888888889
260014,Move,0.3157552083333333,0.1412037037037037
260030,Move,0.3190104166666667,0.1423611111111111
260045,Move,0.3190104166666667,0.1412037037037037
260065,Move,0.3196614583333333,0.1412037037037037
260078,Move,0.3209635416666667,0.1423611111111111
260092,Move,0.3235677083333333,0.14467592592592593
260110,Move,0.326171875,0.14583333333333334
260132,Move,0.330078125,0.14814814814814814
260141,Move,0.330078125,0.14930555555555555
260164,Move,0.3313802083333333,0.15046296296296297
260182,Move,0.33203125,0.15046296296296297
260196,Move,0.333984375,0.15162037037037038
260213,Move,0.3365885416666667,0.15393518518518517
260229,Move,0.33984375,0.1550925925925926
260246,Move,0.3430989583333333,0.1574074074074074
260260,Move,0.3470052083333333,0.1597222222222222
260276,Move,0.3515625,0.16319444444444445
260285,Move,0.353515625,0.16435185185185186
260317,Move,0.3619791666666667,0.16898148148148148
260333,Move,0.3658854166666667,0.1736111111111111
260344,Move,0.3684895833333333,0.1736111111111111
260364,Move,0.3743489583333333,0.17824074074074073
260384,Move,0.37890625,0.18171296296296297
260398,Move,0.3828125,0.1840277777777778
260414,Move,0.3873697916666667,0.1875
260429,Move,0.3919270833333333,0.1909722222222222
260448,Move,0.3971354166666667,0.19328703703703703
260453,Move,0.3997395833333333,0.19560185185185186
260476,Move,0.4140625,0.2037037037037037
260492,Move,0.4264322916666667,0.21064814814814814
260508,Move,0.439453125,0.2175925925925926
260524,Move,0.4583333333333333,0.22685185185185186
260541,Move,0.494140625,0.24421296296296297
260557,Move,0.52734375,0.25925925925925924
260582,Move,0.5501302083333334,0.2708333333333333
260597,Move,0.5677083333333334,0.2789351851851852
260614,Move,0.5729166666666666,0.28125
260629,Move,0.5768229166666666,0.2847222222222222
260644,Move,0.5872395833333334,0.28935185185185186
260660,Move,0.58984375,0.29050925925925924
260766,Move,0.5911458333333334,0.29282407407407407
260778,Move,0.591796875,0.29398148148148145
260791,Move,0.591796875,0.29398148148148145
260814,Move,0.5924479166666666,0.29398148148148145
260826,Move,0.5924479166666666,0.29398148148148145
260838,Move,0.5930989583333334,0.29398148148148145
260861,Move,0.59375,0.29398148148148145
260874,Move,0.59375,0.29398148148148145
260899,Move,0.5950520833333334,0.29398148148148145
260910,Move,0.5950520833333334,0.2951388888888889
260922,Move,0.5950520833333334,0.2951388888888889
260945,Move,0.595703125,0.2962962962962963
260958,Move,0.595703125,0.2951388888888889
260982,Move,0.59765625,0.2974537037037037
260993,Move,0.59765625,0.2986111111111111
261007,Move,0.5989583333333334,0.2986111111111111
261031,Move,0.6002604166666666,0.30092592592592593
261042,Move,0.6002604166666666,0.30092592592592593
261066,Move,0.6022135416666666,0.30324074074074076
261078,Move,0.6028645833333334,0.30324074074074076
261089,Move,0.6028645833333334,0.30324074074074076
261113,Move,0.603515625,0.30439814814814814
261127,Move,0.6041666666666666,0.30439814814814814
261147,Move,0.5963541666666666,0.30324074074074076
261153,Move,0.5924479166666666,0.30092592592592593
261169,Move,0.5846354166666666,0.2986111111111111
261195,Move,0.5716145833333334,0.2916666666666667
261210,Move,0.5651041666666666,0.28703703703703703
261223,Move,0.55859375,0.2824074074074074
261245,Move,0.5501302083333334,0.27546296296296297
261258,Move,0.5442708333333334,0.26967592592592593
261279,Move,0.5364583333333334,0.26157407407407407
261293,Move,0.5305989583333334,0.25578703703703703
261314,Move,0.5221354166666666,0.24768518518518517
261329,Move,0.5169270833333334,0.24189814814814814
261343,Move,0.5110677083333334,0.2361111111111111
261365,Move,0.501953125,0.23032407407407407
261378,Move,0.49609375,0.22569444444444445
261393,Move,0.4889322916666667,0.2222222222222222
261413,Move,0.478515625,0.21643518518518517
261434,Move,0.4674479166666667,0.21412037037037038
261449,Move,0.4596354166666667,0.21180555555555555
261462,Move,0.4518229166666667,0.21064814814814814
261484,Move,0.4388020833333333,0.21064814814814814
261498,Move,0.4290364583333333,0.21064814814814814
261514,Move,0.419921875,0.21064814814814814
261532,Move,0.4049479166666667,0.21296296296296297
261546,Move,0.3951822916666667,0.2152777777777778
261559,Move,0.384765625,0.2175925925925926
261581,Move,0.3697916666666667,0.2199074074074074
261594,Move,0.3587239583333333,0.22337962962962962
261616,Move,0.3430989583333333,0.22685185185185186
261630,Move,0.3326822916666667,0.22916666666666666
261644,Move,0.3229166666666667,0.2326388888888889
261651,Move,0.3177083333333333,0.2337962962962963
261679,Move,0.2962239583333333,0.23842592592592593
261701,Move,0.2825520833333333,0.23958333333333334
261713,Move,0.2734375,0.23842592592592593
261728,Move,0.2649739583333333,0.23842592592592593
261741,Move,0.2565104166666667,0.23726851851851852
261756,Move,0.24869791666666666,0.2361111111111111
261896,Move,0.24869791666666666,0.23726851851851852
261910,Move,0.248046875,0.23842592592592593
261926,Move,0.248046875,0.23842592592592593
261940,Move,0.24739583333333334,0.23958333333333334
261959,Move,0.24674479166666666,0.23958333333333334
261969,Move,0.24674479166666666,0.24074074074074073
261988,Move,0.24739583333333334,0.24189814814814814
262001,Move,0.24674479166666666,0.24305555555555555
262015,Move,0.24609375,0.24305555555555555
262031,Move,0.24609375,0.24305555555555555
262045,Move,0.24609375,0.24421296296296297
262061,Move,0.24544270833333334,0.24537037037037038
262075,Move,0.24544270833333334,0.2465277777777778
262093,Move,0.24479166666666666,0.24768518518518517
262105,Move,0.24479166666666666,0.24768518518518517
262121,Move,0.244140625,0.2488425925925926
262136,Move,0.244140625,0.2488425925925926
262165,Move,0.24348958333333334,0.2511574074074074
262182,Move,0.24348958333333334,0.2523148148148148
262197,Move,0.24283854166666666,0.2523148148148148
262211,Move,0.24283854166666666,0.2523148148148148
262234,Move,0.24283854166666666,0.2523148148148148
262248,Move,0.24348958333333334,0.2523148148148148
262264,Move,0.24348958333333334,0.2523148148148148
262271,Move,0.244140625,0.2523148148148148
262299,Move,0.24869791666666666,0.2511574074074074
262312,Move,0.2506510416666667,0.25
262332,Move,0.251953125,0.25
262346,Move,0.2545572916666667,0.25
262361,Move,0.2565104166666667,0.24768518518518517
262369,Move,0.2578125,0.24768518518518517
262395,Move,0.2630208333333333,0.24768518518518517
262410,Move,0.26953125,0.24768518518518517
262431,Move,0.2825520833333333,0.24768518518518517
262446,Move,0.294921875,0.24768518518518517
262454,Move,0.3014322916666667,0.24768518518518517
262479,Move,0.3203125,0.25
262494,Move,0.3365885416666667,0.2523148148148148
262509,Move,0.3561197916666667,0.2523148148148148
262529,Move,0.3893229166666667,0.2488425925925926
262542,Move,0.412109375,0.23958333333333334
262564,Move,0.44140625,0.21875
262578,Move,0.4563802083333333,0.20601851851851852
262599,Move,0.474609375,0.18981481481481483
262613,Move,0.4830729166666667,0.18287037037037038
262627,Move,0.4876302083333333,0.18055555555555555
262648,Move,0.4895833333333333,0.17824074074074073
262662,Move,0.4908854166666667,0.17824074074074073
262683,Move,0.4934895833333333,0.17824074074074073
262700,Move,0.4947916666666667,0.17824074074074073
262733,Move,0.4967447916666667,0.17476851851851852
262746,Move,0.4973958333333333,0.17476851851851852
262760,Move,0.498046875,0.1736111111111111
262767,Move,0.4986979166666667,0.1736111111111111
262795,Move,0.5065104166666666,0.1701388888888889
262809,Move,0.509765625,0.16898148148148148
262830,Move,0.5130208333333334,0.16898148148148148
262844,Move,0.5143229166666666,0.16898148148148148
262918,Move,0.5143229166666666,0.16782407407407407
262929,Move,0.5143229166666666,0.16782407407407407
262950,Move,0.5143229166666666,0.16666666666666666
262961,Move,0.513671875,0.16435185185185186
262983,Move,0.513671875,0.16319444444444445
262996,Move,0.513671875,0.16087962962962962
263017,Move,0.5130208333333334,0.15856481481481483
263026,Move,0.5130208333333334,0.1574074074074074
263049,Move,0.5123697916666666,0.1550925925925926
263061,Move,0.51171875,0.1527777777777778
263071,Move,0.51171875,0.15162037037037038
263094,Move,0.51171875,0.14930555555555555
263117,Move,0.5104166666666666,0.14583333333333334
263128,Move,0.509765625,0.14351851851851852
263149,Move,0.5091145833333334,0.1400462962962963
263164,Move,0.5084635416666666,0.1388888888888889
263180,Move,0.5071614583333334,0.13657407407407407
263193,Move,0.5071614583333334,0.13541666666666666
263215,Move,0.5071614583333334,0.13425925925925927
263230,Move,0.5071614583333334,0.13425925925925927
263248,Move,0.5071614583333334,0.13425925925925927
263260,Move,0.5071614583333334,0.13425925925925927
263281,Move,0.5065104166666666,0.13310185185185186
263294,Move,0.5065104166666666,0.13310185185185186
263303,Move,0.5065104166666666,0.13194444444444445
263331,Move,0.5065104166666666,0.13194444444444445
263346,Move,0.5065104166666666,0.13194444444444445
263358,Move,0.5065104166666666,0.13194444444444445
263369,Move,0.5065104166666666,0.13194444444444445
263400,Move,0.50390625,0.1423611111111111
263414,Move,0.5006510416666666,0.15046296296296297
263428,Move,0.4986979166666667,0.15625
263443,Move,0.49609375,0.16319444444444445
263456,Move,0.4921875,0.1736111111111111
263485,Move,0.4661458333333333,0.24189814814814814
263498,Move,0.451171875,0.2800925925925926
263511,Move,0.4485677083333333,0.2835648148148148
263528,Move,0.447265625,0.28587962962962965
263543,Move,0.4453125,0.28935185185185186
263561,Move,0.4440104166666667,0.2962962962962963
263583,Move,0.4420572916666667,0.3020833333333333
263596,Move,0.4420572916666667,0.30092592592592593
263612,Move,0.4407552083333333,0.3055555555555556
263624,Move,0.4388020833333333,0.3090277777777778
263645,Move,0.4375,0.3125
263667,Move,0.4342447916666667,0.3194444444444444
263681,Move,0.431640625,0.3263888888888889
263701,Move,0.4270833333333333,0.33912037037037035
263709,Move,0.423828125,0.34953703703703703
263729,Move,0.4147135416666667,0.3773148148148148
263750,Move,0.40625,0.4074074074074074
263764,Move,0.400390625,0.42939814814814814
263781,Move,0.3932291666666667,0.45717592592592593
263792,Move,0.3880208333333333,0.47453703703703703
263813,Move,0.3841145833333333,0.4895833333333333
263827,Move,0.3841145833333333,0.4930555555555556
263848,Move,0.3841145833333333,0.4930555555555556
263863,Move,0.3834635416666667,0.49421296296296297
263870,Move,0.3821614583333333,0.4965277777777778
263897,Move,0.37890625,0.5069444444444444
264030,Move,0.3795572916666667,0.5069444444444444
264091,Move,0.380859375,0.5069444444444444
264153,Move,0.380859375,0.5069444444444444
264215,Move,0.3815104166666667,0.5069444444444444
264273,Move,0.3815104166666667,0.5069444444444444
264336,Move,0.3815104166666667,0.5069444444444444
264395,Move,0.3834635416666667,0.5069444444444444
264458,Move,0.3841145833333333,0.5069444444444444
264519,Move,0.3841145833333333,0.5069444444444444
264584,Move,0.384765625,0.5046296296296297
264599,Move,0.3854166666666667,0.5034722222222222
264613,Move,0.3860677083333333,0.5023148148148148
264627,Move,0.38671875,0.5023148148148148
264647,Move,0.390625,0.4965277777777778
264665,Move,0.3938802083333333,0.49189814814814814
264683,Move,0.396484375,0.48842592592592593
264697,Move,0.3971354166666667,0.48726851851851855
264711,Move,0.3977864583333333,0.4861111111111111
264731,Move,0.4010416666666667,0.4826388888888889
264742,Move,0.40234375,0.48148148148148145
264768,Move,0.408203125,0.47453703703703703
264781,Move,0.408203125,0.4756944444444444
264796,Move,0.4088541666666667,0.47453703703703703
264815,Move,0.41015625,0.4710648148148148
264830,Move,0.4127604166666667,0.46875
264844,Move,0.416015625,0.4652777777777778
264857,Move,0.419921875,0.4618055555555556
264886,Move,0.4283854166666667,0.4548611111111111
264892,Move,0.4303385416666667,0.4525462962962963
264913,Move,0.4388020833333333,0.44675925925925924
264928,Move,0.443359375,0.44212962962962965
264948,Move,0.4518229166666667,0.4375
264962,Move,0.45703125,0.43287037037037035
264970,Move,0.4596354166666667,0.43171296296296297
264996,Move,0.4694010416666667,0.4236111111111111
265012,Move,0.474609375,0.41898148148148145
265033,Move,0.4817708333333333,0.41203703703703703
265047,Move,0.4869791666666667,0.40625
265061,Move,0.4928385416666667,0.40046296296296297
265081,Move,0.505859375,0.38310185185185186
265096,Move,0.515625,0.3680555555555556
265110,Move,0.5247395833333334,0.35185185185185186
265132,Move,0.5455729166666666,0.30787037037037035
265150,Move,0.5657552083333334,0.2569444444444444
265166,Move,0.5833333333333334,0.20601851851851852
265180,Move,0.5944010416666666,0.18287037037037038
265194,Move,0.6028645833333334,0.16550925925925927
265202,Move,0.6048177083333334,0.16203703703703703
265222,Move,0.6100260416666666,0.15393518518518517
265250,Move,0.6197916666666666,0.13773148148148148
265344,Move,0.6204427083333334,0.1388888888888889
265355,Move,0.619140625,0.1412037037037037
265364,Move,0.6197916666666666,0.1423611111111111
265372,Move,0.619140625,0.1423611111111111
265393,Move,0.619140625,0.14467592592592593
265414,Move,0.619140625,0.14583333333333334
265434,Move,0.619140625,0.14699074074074073
265446,Move,0.619140625,0.14814814814814814
265466,Move,0.6197916666666666,0.14930555555555555
265474,Move,0.6197916666666666,0.15046296296296297
265494,Move,0.6197916666666666,0.15162037037037038
265514,Move,0.6204427083333334,0.15393518518518517
265525,Move,0.6204427083333334,0.1550925925925926
265544,Move,0.6204427083333334,0.15625
265563,Move,0.6197916666666666,0.1597222222222222
265574,Move,0.6197916666666666,0.1597222222222222
265594,Move,0.6197916666666666,0.16319444444444445
265616,Move,0.6204427083333334,0.16435185185185186
265623,Move,0.62109375,0.16550925925925927
265643,Move,0.62109375,0.16782407407407407
265681,Move,0.6217447916666666,0.1701388888888889
265694,Move,0.6223958333333334,0.1724537037037037
265713,Move,0.623046875,0.1736111111111111
265723,Move,0.623046875,0.1736111111111111
265747,Move,0.6223958333333334,0.1736111111111111
265762,Move,0.6223958333333334,0.1736111111111111
265782,Move,0.6217447916666666,0.1736111111111111
265797,Move,0.62109375,0.1736111111111111
265810,Move,0.6204427083333334,0.1736111111111111
265818,Move,0.619140625,0.1736111111111111
265845,Move,0.6171875,0.17476851851851852
265866,Move,0.6158854166666666,0.17476851851851852
265879,Move,0.615234375,0.17476851851851852
265895,Move,0.61328125,0.17476851851851852
265914,Move,0.611328125,0.1736111111111111
265931,Move,0.6106770833333334,0.1736111111111111
265943,Move,0.6100260416666666,0.1736111111111111
265965,Move,0.6061197916666666,0.1736111111111111
265978,Move,0.6015625,0.1724537037037037
265985,Move,0.599609375,0.1712962962962963
266016,Move,0.5885416666666666,0.16782407407407407
266027,Move,0.5807291666666666,0.16435185185185186
266049,Move,0.5690104166666666,0.16087962962962962
266063,Move,0.5638020833333334,0.1597222222222222
266083,Move,0.5533854166666666,0.1550925925925926
266091,Move,0.5481770833333334,0.1527777777777778
266111,Move,0.5299479166666666,0.14583333333333334
266127,Move,0.5169270833333334,0.1412037037037037
266140,Move,0.5026041666666666,0.1400462962962963
266162,Move,0.48046875,0.1412037037037037
266168,Move,0.47265625,0.1412037037037037
266212,Move,0.4388020833333333,0.1550925925925926
266230,Move,0.4264322916666667,0.1597222222222222
266245,Move,0.419921875,0.16203703703703703
266266,Move,0.4134114583333333,0.16435185185185186
266280,Move,0.4127604166666667,0.16435185185185186
266294,Move,0.4114583333333333,0.16435185185185186
266308,Move,0.4108072916666667,0.16435185185185186
266333,Move,0.41015625,0.16435185185185186
266342,Move,0.4095052083333333,0.16435185185185186
266370,Move,0.4075520833333333,0.16435185185185186
266378,Move,0.4075520833333333,0.16435185185185186
266385,Move,0.4075520833333333,0.16435185185185186
266413,Move,0.4055989583333333,0.16550925925925927
266434,Move,0.4055989583333333,0.16435185185185186
266447,Move,0.4049479166666667,0.16435185185185186
266462,Move,0.404296875,0.16435185185185186
266470,Move,0.4036458333333333,0.16435185185185186
266500,Move,0.3971354166666667,0.16435185185185186
266504,Move,0.3958333333333333,0.16435185185185186
266532,Move,0.3919270833333333,0.16435185185185186
266545,Move,0.3899739583333333,0.16435185185185186
266561,Move,0.3893229166666667,0.16435185185185186
266592,Move,0.3873697916666667,0.16435185185185186
266626,Move,0.38671875,0.16666666666666666
266665,Move,0.38671875,0.16666666666666666
266705,Move,0.38671875,0.16666666666666666
266745,Move,0.38671875,0.16666666666666666
266783,Move,0.38671875,0.16666666666666666
266822,Move,0.38671875,0.16666666666666666
266862,Move,0.38671875,0.16666666666666666
266900,Move,0.38671875,0.16666666666666666
266938,Move,0.38671875,0.16666666666666666
266977,Move,0.38671875,0.16666666666666666
267017,Move,0.38671875,0.16666666666666666
267055,Move,0.38671875,0.16666666666666666
267095,Move,0.3860677083333333,0.16550925925925927
267136,Move,0.3860677083333333,0.16550925925925927
267173,Move,0.3860677083333333,0.16666666666666666
267211,Move,0.3834635416666667,0.16782407407407407
267251,Move,0.380859375,0.16898148148148148
267289,Move,0.3795572916666667,0.16898148148148148
267331,Move,0.380859375,0.1701388888888889
267340,Move,0.3815104166666667,0.1712962962962963
267346,Move,0.3821614583333333,0.1724537037037037
267365,Move,0.384765625,0.17476851851851852
267383,Move,0.3880208333333333,0.17824074074074073
267393,Move,0.390625,0.18171296296296297
267410,Move,0.3919270833333333,0.18287037037037038
267417,Move,0.392578125,0.18287037037037038
267450,Move,0.3997395833333333,0.19212962962962962
267466,Move,0.4075520833333333,0.2025462962962963
267474,Move,0.4127604166666667,0.20833333333333334
267490,Move,0.423828125,0.22453703703703703
267517,Move,0.4440104166666667,0.2523148148148148
267529,Move,0.44921875,0.2604166666666667
267546,Move,0.4505208333333333,0.26157407407407407
267562,Move,0.4518229166666667,0.2638888888888889
267578,Move,0.4544270833333333,0.2662037037037037
267594,Move,0.45703125,0.2708333333333333
267611,Move,0.4596354166666667,0.27314814814814814
267627,Move,0.4622395833333333,0.2777777777777778
267650,Move,0.4654947916666667,0.2824074074074074
267657,Move,0.46875,0.28587962962962965
267682,Move,0.4713541666666667,0.28935185185185186
267714,Move,0.4830729166666667,0.3055555555555556
267729,Move,0.4915364583333333,0.31712962962962965
267746,Move,0.5,0.3275462962962963
267761,Move,0.5104166666666666,0.3402777777777778
267777,Move,0.5208333333333334,0.35300925925925924
267795,Move,0.5345052083333334,0.36574074074074076
267812,Move,0.5442708333333334,0.3738425925925926
267834,Move,0.556640625,0.38310185185185186
267849,Move,0.5611979166666666,0.38657407407407407
267866,Move,0.5638020833333334,0.3888888888888889
267882,Move,0.5690104166666666,0.3912037037037037
267898,Move,0.5774739583333334,0.39699074074074076
267913,Move,0.5865885416666666,0.40162037037037035
267930,Move,0.5950520833333334,0.40625
267947,Move,0.6061197916666666,0.4131944444444444
267967,Move,0.6165364583333334,0.41898148148148145
267979,Move,0.6315104166666666,0.42824074074074076
267992,Move,0.6419270833333334,0.4351851851851852
268012,Move,0.650390625,0.44212962962962965
268025,Move,0.6575520833333334,0.4479166666666667
268042,Move,0.6595052083333334,0.45023148148148145
268065,Move,0.6608072916666666,0.4513888888888889
268082,Move,0.6608072916666666,0.4513888888888889
268097,Move,0.6608072916666666,0.4513888888888889
268115,Move,0.6614583333333334,0.4525462962962963
268132,Move,0.6627604166666666,0.4537037037037037
268146,Move,0.6640625,0.45601851851851855
268161,Move,0.6653645833333334,0.45717592592592593
268178,Move,0.66796875,0.46064814814814814
268186,Move,0.6692708333333334,0.46064814814814814
268294,Move,0.669921875,0.46064814814814814
268358,Move,0.6705729166666666,0.46064814814814814
268419,Move,0.6705729166666666,0.45949074074074076
268481,Move,0.6712239583333334,0.45949074074074076
268543,Move,0.671875,0.4583333333333333
268606,Move,0.6725260416666666,0.4583333333333333
268667,Move,0.6725260416666666,0.4583333333333333
268733,Move,0.6725260416666666,0.45601851851851855
268739,Move,0.671875,0.4548611111111111
268758,Move,0.6712239583333334,0.4479166666666667
268780,Move,0.6705729166666666,0.44212962962962965
268797,Move,0.6705729166666666,0.4375
268816,Move,0.6692708333333334,0.42592592592592593
268830,Move,0.6673177083333334,0.4097222222222222
268844,Move,0.6634114583333334,0.38657407407407407
268864,Move,0.66015625,0.3645833333333333
268880,Move,0.66015625,0.36342592592592593
268892,Move,0.66015625,0.36226851851851855
268914,Move,0.6595052083333334,0.3611111111111111
268928,Move,0.6588541666666666,0.3587962962962963
268948,Move,0.6588541666666666,0.35648148148148145
268963,Move,0.658203125,0.3541666666666667
268983,Move,0.658203125,0.35185185185185186
268998,Move,0.658203125,0.34953703703703703
269012,Move,0.658203125,0.34953703703703703
269025,Move,0.6575520833333334,0.3472222222222222
269046,Move,0.6575520833333334,0.3425925925925926
269059,Move,0.6575520833333334,0.3402777777777778
269081,Move,0.6569010416666666,0.33217592592592593
269095,Move,0.6555989583333334,0.32175925925925924
269110,Move,0.6549479166666666,0.3090277777777778
269130,Move,0.6529947916666666,0.28587962962962965
269144,Move,0.65234375,0.2662037037037037
269166,Move,0.6516927083333334,0.22916666666666666
269180,Move,0.6510416666666666,0.21064814814814814
269190,Move,0.650390625,0.2048611111111111
269215,Move,0.6497395833333334,0.1886574074074074
269229,Move,0.6497395833333334,0.1875
269249,Move,0.6497395833333334,0.1875
269264,Move,0.6497395833333334,0.18518518518518517
269278,Move,0.6490885416666666,0.18171296296296297
269299,Move,0.6484375,0.17708333333333334
269306,Move,0.6484375,0.1736111111111111
269384,Move,0.6490885416666666,0.1736111111111111
269397,Move,0.6490885416666666,0.1712962962962963
269410,Move,0.6490885416666666,0.1701388888888889
269423,Move,0.6497395833333334,0.16898148148148148
269450,Move,0.6497395833333334,0.16782407407407407
269461,Move,0.6497395833333334,0.16782407407407407
269475,Move,0.6497395833333334,0.16666666666666666
269488,Move,0.6497395833333334,0.16550925925925927
269514,Move,0.650390625,0.16435185185185186
269527,Move,0.650390625,0.16319444444444445
269540,Move,0.650390625,0.16203703703703703
269566,Move,0.6510416666666666,0.1597222222222222
269579,Move,0.6510416666666666,0.1597222222222222
269592,Move,0.6510416666666666,0.15856481481481483
269607,Move,0.6510416666666666,0.15856481481481483
269632,Move,0.6516927083333334,0.15625
269644,Move,0.6516927083333334,0.1550925925925926
269657,Move,0.6516927083333334,0.1550925925925926
269676,Move,0.6510416666666666,0.1550925925925926
269699,Move,0.6497395833333334,0.1574074074074074
269716,Move,0.6490885416666666,0.15856481481481483
269733,Move,0.6471354166666666,0.16087962962962962
269747,Move,0.6458333333333334,0.16435185185185186
269765,Move,0.64453125,0.16550925925925927
269772,Move,0.6432291666666666,0.16782407407407407
269796,Move,0.6419270833333334,0.16898148148148148
269812,Move,0.6412760416666666,0.1701388888888889
269829,Move,0.640625,0.1712962962962963
269843,Move,0.6393229166666666,0.1724537037037037
269867,Move,0.63671875,0.17592592592592593
269875,Move,0.6360677083333334,0.17824074074074073
269893,Move,0.6341145833333334,0.18171296296296297
269915,Move,0.630859375,0.1875
269924,Move,0.62890625,0.18981481481481483
269947,Move,0.6223958333333334,0.2025462962962963
269963,Move,0.6184895833333334,0.21064814814814814
269980,Move,0.6119791666666666,0.22337962962962962
269995,Move,0.60546875,0.2361111111111111
270003,Move,0.6028645833333334,0.24189814814814814
270028,Move,0.5950520833333334,0.25810185185185186
270044,Move,0.591796875,0.2638888888888889
270068,Move,0.5911458333333334,0.2662037037037037
270079,Move,0.5904947916666666,0.2662037037037037
270092,Move,0.58984375,0.2662037037037037
270115,Move,0.58984375,0.26851851851851855
270131,Move,0.58984375,0.26967592592592593
270147,Move,0.5891927083333334,0.2708333333333333
270164,Move,0.5872395833333334,0.2708333333333333
270179,Move,0.5872395833333334,0.2708333333333333
270195,Move,0.5872395833333334,0.27199074074074076
270211,Move,0.5865885416666666,0.2743055555555556
270228,Move,0.5852864583333334,0.2743055555555556
270249,Move,0.5846354166666666,0.27546296296296297
270261,Move,0.583984375,0.27662037037037035
270284,Move,0.5833333333333334,0.2800925925925926
270292,Move,0.5833333333333334,0.2800925925925926
270316,Move,0.5833333333333334,0.28125
270332,Move,0.5833333333333334,0.28125
270347,Move,0.5826822916666666,0.2824074074074074
270363,Move,0.58203125,0.2835648148148148
270372,Move,0.58203125,0.2835648148148148
270396,Move,0.5813802083333334,0.28587962962962965
270413,Move,0.580078125,0.28703703703703703
270429,Move,0.5794270833333334,0.28703703703703703
270444,Move,0.5787760416666666,0.28703703703703703
270460,Move,0.578125,0.28703703703703703
270476,Move,0.5774739583333334,0.28703703703703703
270484,Move,0.5774739583333334,0.2881944444444444
270517,Move,0.576171875,0.29050925925925924
270533,Move,0.5755208333333334,0.2916666666666667
270548,Move,0.57421875,0.29282407407407407
270564,Move,0.5735677083333334,0.29398148148148145
270582,Move,0.5729166666666666,0.2962962962962963
270596,Move,0.5716145833333334,0.2986111111111111
270613,Move,0.5703125,0.30092592592592593
270629,Move,0.5690104166666666,0.30324074074074076
270636,Move,0.568359375,0.30324074074074076
270661,Move,0.56640625,0.30671296296296297
270676,Move,0.5625,0.3125
270700,Move,0.5579427083333334,0.3194444444444444
270718,Move,0.5559895833333334,0.32175925925925924
270747,Move,0.544921875,0.33912037037037035
270764,Move,0.5397135416666666,0.3449074074074074
270779,Move,0.5345052083333334,0.35185185185185186
270795,Move,0.5299479166666666,0.3587962962962963
270803,Move,0.5260416666666666,0.36342592592592593
270828,Move,0.5162760416666666,0.375
270845,Move,0.5091145833333334,0.38310185185185186
270860,Move,0.5026041666666666,0.3912037037037037
270878,Move,0.4928385416666667,0.4027777777777778
270899,Move,0.48046875,0.41782407407407407
270916,Move,0.4752604166666667,0.42476851851851855
270933,Move,0.4700520833333333,0.4305555555555556
270948,Move,0.46484375,0.4375
270954,Move,0.4622395833333333,0.4409722222222222
270980,Move,0.45703125,0.44907407407407407
270996,Move,0.455078125,0.45023148148148145
271013,Move,0.4544270833333333,0.4513888888888889
271027,Move,0.4537760416666667,0.4513888888888889
271047,Move,0.453125,0.4525462962962963
271060,Move,0.453125,0.4537037037037037
271075,Move,0.453125,0.4537037037037037
271092,Move,0.4524739583333333,0.4537037037037037
271106,Move,0.4524739583333333,0.4537037037037037
271124,Move,0.4524739583333333,0.4537037037037037
271139,Move,0.4518229166666667,0.4548611111111111
271164,Move,0.451171875,0.45601851851851855
271179,Move,0.4505208333333333,0.45717592592592593
271196,Move,0.4498697916666667,0.45949074074074076
271211,Move,0.44921875,0.46064814814814814
271228,Move,0.44921875,0.46296296296296297
271243,Move,0.4479166666666667,0.4652777777777778
271263,Move,0.4466145833333333,0.46875
271267,Move,0.4459635416666667,0.4699074074074074
271283,Move,0.4453125,0.4710648148148148
271317,Move,0.4446614583333333,0.4710648148148148
271404,Move,0.4440104166666667,0.4710648148148148
271490,Move,0.4427083333333333,0.4710648148148148
271573,Move,0.4420572916666667,0.4710648148148148
271659,Move,0.4420572916666667,0.4710648148148148
271743,Move,0.4420572916666667,0.4710648148148148
271829,Move,0.4427083333333333,0.4722222222222222
271836,Move,0.4427083333333333,0.4722222222222222
271844,Move,0.4427083333333333,0.4722222222222222
271865,Move,0.443359375,0.4722222222222222
271880,Move,0.4440104166666667,0.4710648148148148
271885,Move,0.4440104166666667,0.4710648148148148
271914,Move,0.4479166666666667,0.4710648148148148
271927,Move,0.4485677083333333,0.4710648148148148
271950,Move,0.44921875,0.4710648148148148
271964,Move,0.4498697916666667,0.4699074074074074
271977,Move,0.451171875,0.4699074074074074
271999,Move,0.4544270833333333,0.46875
272011,Move,0.455078125,0.46875
272032,Move,0.4576822916666667,0.4699074074074074
272048,Move,0.4596354166666667,0.4699074074074074
272061,Move,0.462890625,0.4699074074074074
272082,Move,0.4700520833333333,0.4675925925925926
272096,Move,0.4752604166666667,0.4664351851851852
272113,Move,0.48046875,0.4652777777777778
272117,Move,0.4850260416666667,0.46296296296296297
272146,Move,0.5,0.45717592592592593
272165,Move,0.5065104166666666,0.45601851851851855
272180,Move,0.5149739583333334,0.4513888888888889
272191,Move,0.5201822916666666,0.45023148148148145
272201,Move,0.5319010416666666,0.44675925925925924
272227,Move,0.55859375,0.4409722222222222
272249,Move,0.5807291666666666,0.4409722222222222
272264,Move,0.5963541666666666,0.44328703703703703
272277,Move,0.6106770833333334,0.44907407407407407
272285,Move,0.6171875,0.4513888888888889
272313,Move,0.638671875,0.46064814814814814
272327,Move,0.6471354166666666,0.46412037037037035
272346,Move,0.658203125,0.46875
272362,Move,0.662109375,0.4699074074074074
272376,Move,0.6640625,0.4699074074074074
272397,Move,0.6653645833333334,0.4699074074074074
272412,Move,0.666015625,0.4710648148148148
272432,Move,0.66796875,0.4710648148148148
272447,Move,0.6686197916666666,0.47337962962962965
272453,Move,0.6686197916666666,0.47337962962962965
272481,Move,0.6705729166666666,0.47337962962962965
272494,Move,0.6712239583333334,0.47453703703703703
272516,Move,0.6731770833333334,0.47453703703703703
272530,Move,0.6725260416666666,0.47337962962962965
272549,Move,0.6731770833333334,0.47337962962962965
272565,Move,0.673828125,0.47453703703703703
272579,Move,0.67578125,0.47453703703703703
272599,Move,0.6809895833333334,0.47453703703703703
272614,Move,0.68359375,0.47453703703703703
272628,Move,0.685546875,0.47453703703703703
272649,Move,0.6868489583333334,0.47453703703703703
272664,Move,0.6881510416666666,0.47453703703703703
272671,Move,0.6888020833333334,0.47453703703703703
272725,Move,0.689453125,0.4722222222222222
272750,Move,0.69140625,0.4699074074074074
272776,Move,0.6920572916666666,0.4675925925925926
272799,Move,0.6920572916666666,0.4675925925925926
272824,Move,0.6920572916666666,0.4675925925925926
272851,Move,0.6920572916666666,0.4675925925925926
272875,Move,0.6920572916666666,0.4675925925925926
272900,Move,0.6920572916666666,0.4675925925925926
272925,Move,0.6920572916666666,0.4675925925925926
272954,Move,0.6920572916666666,0.4675925925925926
272975,Move,0.6920572916666666,0.4675925925925926
273002,Move,0.6920572916666666,0.4675925925925926
273025,Move,0.6920572916666666,0.4675925925925926
273051,Move,0.6920572916666666,0.4675925925925926
273077,Move,0.6920572916666666,0.4675925925925926
273100,Move,0.6920572916666666,0.4675925925925926
273125,Move,0.6920572916666666,0.4675925925925926
273150,Move,0.6920572916666666,0.4675925925925926
273178,Move,0.6920572916666666,0.4675925925925926
273204,Move,0.6920572916666666,0.4675925925925926
273228,Move,0.6920572916666666,0.4675925925925926
273251,Move,0.6920572916666666,0.4675925925925926
273275,Move,0.6920572916666666,0.46875
273300,Move,0.6920572916666666,0.46875
273326,Move,0.6927083333333334,0.4675925925925926
273350,Move,0.6940104166666666,0.4652777777777778
273375,Move,0.6966145833333334,0.4618055555555556
273400,Move,0.69921875,0.46064814814814814
273425,Move,0.7005208333333334,0.4583333333333333
273450,Move,0.701171875,0.45717592592592593
273476,Move,0.6998697916666666,0.45949074074074076
273494,Move,0.69921875,0.45949074074074076
273517,Move,0.6985677083333334,0.45949074074074076
273534,Move,0.6966145833333334,0.4583333333333333
273549,Move,0.6966145833333334,0.45949074074074076
273565,Move,0.6953125,0.45949074074074076
273580,Move,0.6940104166666666,0.45949074074074076
273598,Move,0.69140625,0.45949074074074076
273611,Move,0.6888020833333334,0.45949074074074076
273630,Move,0.685546875,0.45949074074074076
273648,Move,0.6822916666666666,0.45949074074074076
273661,Move,0.6790364583333334,0.45949074074074076
273676,Move,0.67578125,0.45949074074074076
273686,Move,0.6731770833333334,0.45949074074074076
273708,Move,0.669921875,0.45949074074074076
273732,Move,0.6614583333333334,0.45949074074074076
273749,Move,0.6569010416666666,0.4583333333333333
273765,Move,0.65234375,0.4583333333333333
273781,Move,0.6471354166666666,0.4583333333333333
273789,Move,0.64453125,0.45717592592592593
273813,Move,0.63671875,0.45601851851851855
273829,Move,0.6321614583333334,0.45601851851851855
273845,Move,0.6276041666666666,0.4548611111111111
273861,Move,0.6223958333333334,0.4537037037037037
273877,Move,0.6178385416666666,0.4537037037037037
273893,Move,0.6126302083333334,0.4525462962962963
273917,Move,0.60546875,0.4513888888888889
273924,Move,0.6028645833333334,0.4513888888888889
273941,Move,0.59765625,0.45023148148148145
273965,Move,0.5911458333333334,0.44907407407407407
273981,Move,0.5865885416666666,0.4479166666666667
273996,Move,0.5813802083333334,0.44675925925925924
274012,Move,0.5768229166666666,0.44675925925925924
274031,Move,0.5716145833333334,0.44560185185185186
274050,Move,0.5670572916666666,0.44560185185185186
274061,Move,0.5618489583333334,0.4444444444444444
274077,Move,0.5572916666666666,0.44328703703703703
274095,Move,0.5520833333333334,0.44212962962962965
274110,Move,0.546875,0.44212962962962965
274124,Move,0.5423177083333334,0.44212962962962965
274149,Move,0.53515625,0.44212962962962965
274166,Move,0.5299479166666666,0.44212962962962965
274181,Move,0.5234375,0.44212962962962965
274199,Move,0.5130208333333334,0.44212962962962965
274231,Move,0.4908854166666667,0.44328703703703703
274246,Move,0.4791666666666667,0.4444444444444444
274260,Move,0.4674479166666667,0.44675925925925924
274284,Move,0.4498697916666667,0.45023148148148145
274293,Move,0.4446614583333333,0.4513888888888889
274317,Move,0.423828125,0.45717592592592593
274332,Move,0.3984375,0.4652777777777778
274350,Move,0.3684895833333333,0.47453703703703703
274357,Move,0.3528645833333333,0.47800925925925924
274381,Move,0.30859375,0.48726851851851855
274398,Move,0.28515625,0.4895833333333333
274413,Move,0.2708333333333333,0.49074074074074076
274428,Move,0.2643229166666667,0.49074074074074076
274523,Move,0.2643229166666667,0.48842592592592593
274529,Move,0.2643229166666667,0.48842592592592593
274550,Move,0.2643229166666667,0.4861111111111111
274564,Move,0.2643229166666667,0.4837962962962963
274581,Move,0.263671875,0.4826388888888889
274592,Move,0.2643229166666667,0.4791666666666667
274615,Move,0.263671875,0.47685185185185186
274629,Move,0.2643229166666667,0.47453703703703703
274647,Move,0.2643229166666667,0.4710648148148148
274662,Move,0.2643229166666667,0.4664351851851852
274676,Move,0.2643229166666667,0.4652777777777778
274699,Move,0.263671875,0.46064814814814814
274707,Move,0.2643229166666667,0.4583333333333333
274746,Move,0.2630208333333333,0.45601851851851855
274760,Move,0.2630208333333333,0.4513888888888889
274776,Move,0.2630208333333333,0.45023148148148145
274789,Move,0.2630208333333333,0.4479166666666667
274817,Move,0.2630208333333333,0.44328703703703703
274831,Move,0.271484375,0.44560185185185186
274848,Move,0.2799479166666667,0.44675925925925924
274867,Move,0.29296875,0.44675925925925924
274876,Move,0.2975260416666667,0.4479166666666667
274895,Move,0.3111979166666667,0.44907407407407407
274917,Move,0.3248697916666667,0.45023148148148145
274931,Move,0.3346354166666667,0.4513888888888889
274945,Move,0.34375,0.4513888888888889
274958,Move,0.353515625,0.4525462962962963
274978,Move,0.3678385416666667,0.4537037037037037
275000,Move,0.3821614583333333,0.4548611111111111
275014,Move,0.3919270833333333,0.45601851851851855
275029,Move,0.4016927083333333,0.45601851851851855
275050,Move,0.4153645833333333,0.45717592592592593
275063,Move,0.4244791666666667,0.4583333333333333
275077,Move,0.43359375,0.45949074074074076
275091,Move,0.4427083333333333,0.46064814814814814
275114,Move,0.4563802083333333,0.46064814814814814
275126,Move,0.46484375,0.4618055555555556
275148,Move,0.4772135416666667,0.46412037037037035
275162,Move,0.4856770833333333,0.4652777777777778
275182,Move,0.4973958333333333,0.4652777777777778
275211,Move,0.5123697916666666,0.46875
275231,Move,0.5234375,0.4699074074074074
275245,Move,0.5305989583333334,0.4710648148148148
275266,Move,0.541015625,0.47337962962962965
275280,Move,0.5481770833333334,0.47453703703703703
275299,Move,0.5546875,0.4756944444444444
275316,Move,0.5651041666666666,0.47800925925925924
275328,Move,0.5716145833333334,0.4791666666666667
275345,Move,0.5787760416666666,0.48032407407407407
275365,Move,0.58984375,0.4826388888888889
275382,Move,0.5963541666666666,0.4837962962962963
275399,Move,0.6061197916666666,0.4849537037037037
275413,Move,0.6139322916666666,0.4861111111111111
275428,Move,0.62109375,0.48842592592592593
275448,Move,0.6334635416666666,0.48842592592592593
275455,Move,0.6373697916666666,0.4895833333333333
275480,Move,0.6497395833333334,0.49074074074074076
275598,Move,0.6497395833333334,0.4895833333333333
275606,Move,0.6497395833333334,0.4895833333333333
275623,Move,0.650390625,0.48842592592592593
275648,Move,0.6510416666666666,0.4837962962962963
275664,Move,0.6516927083333334,0.48148148148148145
275679,Move,0.65234375,0.4826388888888889
275694,Move,0.6516927083333334,0.48032407407407407
275711,Move,0.65234375,0.4791666666666667
275742,Move,0.6529947916666666,0.47453703703703703
275753,Move,0.6536458333333334,0.47337962962962965
275759,Move,0.6536458333333334,0.4710648148148148
275775,Move,0.654296875,0.4699074074074074
275790,Move,0.654296875,0.4675925925925926
275816,Move,0.6549479166666666,0.4618055555555556
275830,Move,0.6555989583333334,0.46064814814814814
275847,Move,0.6555989583333334,0.46064814814814814
275863,Move,0.6555989583333334,0.46064814814814814
275884,Move,0.6555989583333334,0.46064814814814814
275895,Move,0.6516927083333334,0.4537037037037037
275909,Move,0.6471354166666666,0.44675925925925924
275930,Move,0.6438802083333334,0.4398148148148148
275945,Move,0.642578125,0.4386574074074074
275966,Move,0.6393229166666666,0.43287037037037035
275980,Move,0.63671875,0.4270833333333333
276001,Move,0.6315104166666666,0.41782407407407407
276008,Move,0.6315104166666666,0.4166666666666667
276029,Move,0.626953125,0.4085648148148148
276043,Move,0.625,0.4039351851851852
276063,Move,0.6197916666666666,0.3923611111111111
276078,Move,0.6158854166666666,0.3854166666666667
276098,Move,0.6119791666666666,0.3761574074074074
276114,Move,0.6080729166666666,0.3680555555555556
276129,Move,0.6067708333333334,0.36574074074074076
276148,Move,0.6009114583333334,0.3541666666666667
276155,Move,0.6009114583333334,0.35300925925925924
276175,Move,0.595703125,0.3425925925925926
276197,Move,0.5911458333333334,0.33449074074074076
276205,Move,0.5904947916666666,0.3333333333333333
276227,Move,0.5872395833333334,0.3287037037037037
276246,Move,0.5826822916666666,0.32060185185185186
276260,Move,0.580078125,0.31712962962962965
276274,Move,0.5787760416666666,0.3136574074074074
276295,Move,0.5755208333333334,0.30787037037037035
276308,Move,0.572265625,0.30439814814814814
276330,Move,0.5677083333333334,0.2986111111111111
276344,Move,0.56640625,0.2951388888888889
276365,Move,0.5598958333333334,0.28703703703703703
276379,Move,0.5553385416666666,0.2824074074074074
276386,Move,0.5546875,0.28125
276414,Move,0.5501302083333334,0.27546296296296297
276428,Move,0.5481770833333334,0.27314814814814814
276450,Move,0.544921875,0.26967592592592593
276464,Move,0.5397135416666666,0.2638888888888889
276478,Move,0.537109375,0.2604166666666667
276497,Move,0.533203125,0.2569444444444444
276512,Move,0.5279947916666666,0.2511574074074074
276532,Move,0.5247395833333334,0.24768518518518517
276548,Move,0.5208333333333334,0.24305555555555555
276567,Move,0.5188802083333334,0.23958333333333334
276581,Move,0.5149739583333334,0.2349537037037037
276596,Move,0.51171875,0.23148148148148148
276616,Move,0.5084635416666666,0.22685185185185186
276626,Move,0.5065104166666666,0.22453703703703703
276644,Move,0.50390625,0.22106481481481483
276668,Move,0.4986979166666667,0.21296296296296297
276733,Move,0.498046875,0.21180555555555555
276768,Move,0.4973958333333333,0.21064814814814814
276803,Move,0.4973958333333333,0.21064814814814814
276837,Move,0.4967447916666667,0.21064814814814814
276870,Move,0.49609375,0.20949074074074073
276904,Move,0.49609375,0.20949074074074073
276937,Move,0.49609375,0.20833333333333334
276976,Move,0.4954427083333333,0.20717592592592593
277008,Move,0.4954427083333333,0.20717592592592593
277068,Move,0.4954427083333333,0.20717592592592593
277068,Released,0.4954427083333333,0.20717592592592593
277093,Released,0.486328125,0.6331018518518519