resolution:1920,1080
1229777.1999999993,Pressed,669,604
1229809.4000000004,Move,669,604
1229825.5,Move,669,604
1230045.2999999989,Move,670,605
1230060.4000000004,Move,669,605
1230075.4000000004,Move,670,606
1230089.5999999996,Move,671,607
1230102.6999999993,Move,672,608
1230116.5,Move,673,609
1230129.9000000004,Move,672,611
1230145.5999999996,Move,673,611
1230173.4000000004,Move,675,614
1230185.6999999993,Move,676,615
1230200.2999999989,Move,677,616
1230213.5999999996,Move,678,617
1230230.2999999989,Move,680,619
1230257.0999999996,Move,681,622
1230271.4000000004,Move,682,624
1230283.5,Move,684,625
1230297.7999999989,Move,685,626
1230311.9000000004,Move,685,627
1230325.5999999996,Move,686,627
1230382.5,Move,687,627
1230468,Move,688,628
1230503,Move,687,627
1230519.4000000004,Move,687,628
1230571.2999999989,Move,688,628
1230587.2999999989,Move,688,629
1230638.1999999993,Move,689,629
1230655,Move,689,630
1230690.5999999996,Move,690,631
1230722.9000000004,Move,691,632
1230739.6999999993,Move,692,633
1230773.5,Move,693,634
1230790.7999999989,Move,694,635
1230807.1999999993,Move,695,635
1230824.1999999993,Move,696,637
1230841.5,Move,698,638
1230858.2999999989,Move,701,641
1230875.4000000004,Move,704,644
1230895,Move,706,645
1230910,Move,707,646
1230927.2999999989,Move,708,647
1230961.9000000004,Move,709,648
1231023.1999999993,Move,710,648
1231042.7999999989,Move,710,649
1231061,Move,711,650
1231070.0999999996,Move,712,651
1231081.7999999989,Move,714,652
1231106.5999999996,Move,717,655
1231117.9000000004,Move,720,658
1234864.5999999996,Move,960,659
1234876.4000000004,Move,962,658
1234899.4000000004,Move,963,658
1234925,Move,963,658
1234948.0999999996,Move,964,658
1234973.6999999993,Move,965,657
1234987.6999999993,Move,966,659
1235012.9000000004,Move,967,659
1235052.4000000004,Move,967,658
1235064.1999999993,Move,968,658
1235103,Move,969,657
1235116.2999999989,Move,970,657
1235129.5,Move,971,656
1235156.0999999996,Move,974,654
1235169.5,Move,976,653
1235181.6999999993,Move,978,651
1235208.0999999996,Move,984,647
1235221.5,Move,987,646
1235232.4000000004,Move,990,645
1235246.0999999996,Move,992,644
1235272.7999999989,Move,996,643
1235299.5,Move,995,644
1235312.0999999996,Move,997,643
1235340.0999999996,Move,997,642
1235403.4000000004,Move,997,641
1235429.2999999989,Move,998,640
1235482.4000000004,Move,999,639
1235539.9000000004,Move,1000,638
1235559,Move,1001,638
1235582.4000000004,Move,1002,637
1235604.1999999993,Move,1003,636
1235614.9000000004,Move,1004,636
1235635.9000000004,Move,1005,635
1235670,Move,1007,634
1235691.9000000004,Move,1007,633
1235702.2999999989,Move,1008,632
1235736.2999999989,Move,1010,629
1235745.9000000004,Move,1011,629
1235769.9000000004,Move,1012,628
1235791.0999999996,Move,1015,627
1235800.9000000004,Move,1016,626
1235823.4000000004,Move,1018,625
1235856.0999999996,Move,1022,623
1235867.0999999996,Move,1024,621
1235890.0999999996,Move,1030,618
1235913.5999999996,Move,1031,617
1235950.5,Move,1032,617
1235959.1999999993,Move,1032,616
1235988,Move,1033,616
1236004.2999999989,Move,1034,616
1236040.5999999996,Move,1035,614
1236049.2999999989,Move,1035,613
1236067.5,Move,1036,612
1236085.1999999993,Move,1037,611
1236104.2999999989,Move,1039,610
1236121.4000000004,Move,1041,609
1236139.6999999993,Move,1042,608
1236157.5,Move,1044,607
1236166.2999999989,Move,1045,607
1236184.6999999993,Move,1048,605
1236203.2999999989,Move,1052,601
1236220.1999999993,Move,1056,597
1236237.9000000004,Move,1059,595
1236256.7999999989,Move,1061,594
1236288.6999999993,Move,1065,591
1236301,Move,1070,588
1236316,Move,1071,588
1236623.7999999989,Move,1071,587
1236672.5999999996,Move,1076,583
1236684,Move,1080,578
1236707.6999999993,Move,1086,572
1236721.2999999989,Move,1089,570
1236736.5999999996,Move,1090,569
1236754.2999999989,Move,1089,567
1236763.4000000004,Move,1090,567
1236786.7999999989,Move,1090,565
1236803.1999999993,Move,1093,562
1236810.1999999993,Move,1095,560
1236826,Move,1096,559
1236851,Move,1097,558
1236874.4000000004,Move,1098,557
1236890.5999999996,Move,1100,554
1236907.1999999993,Move,1103,551
1236922.0999999996,Move,1105,549
1236929.6999999993,Move,1106,548
1236955.5,Move,1108,546
1236970.6999999993,Move,1110,543
1236987,Move,1113,541
1237002.7999999989,Move,1114,540
1237034.4000000004,Move,1115,540
1237058.1999999993,Move,1116,539
1237096.1999999993,Move,1117,537
1237121.6999999993,Move,1120,535
1237130.9000000004,Move,1122,533
1237155.5999999996,Move,1124,529
1237167.7999999989,Move,1125,528
1237180.7999999989,Move,1126,527
1237204.9000000004,Move,1129,524
1237216.4000000004,Move,1130,524
1237239,Move,1132,522
1237251,Move,1133,520
1237264.4000000004,Move,1134,518
1237287.5999999996,Move,1136,516
1237322.5,Move,1137,511
1237335.4000000004,Move,1138,510
1237515.7999999989,Move,1139,509
1237535.4000000004,Move,1138,509
1237554,Move,1139,507
1237571.9000000004,Move,1141,503
1237589.5,Move,1143,498
1237607.6999999993,Move,1142,497
1237634.0999999996,Move,1143,498
1237642.2999999989,Move,1144,497
1237670.5,Move,1144,497
1237679.2999999989,Move,1144,496
1237707.7999999989,Move,1147,495
1237714.6999999993,Move,1147,494
1237733.5,Move,1150,490
1237750.9000000004,Move,1153,486
1237769.5,Move,1155,482
1237787.2999999989,Move,1155,480
1237798.5,Move,1156,480
1237814.7999999989,Move,1156,479
1237842,Move,1157,477
1237863.2999999989,Move,1159,473
1237882.6999999993,Move,1161,468
1237922.1999999993,Move,1160,466
1238302.1999999993,Move,1160,467
1238403.1999999993,Move,1161,467
1238442.6999999993,Move,1162,464
1238464.0999999996,Move,1165,458
1238482.5999999996,Move,1167,454
1238502.9000000004,Move,1168,451
1238522.5,Move,1170,447
1238542.4000000004,Move,1170,446
1238562.6999999993,Move,1171,445
1238589.9000000004,Move,1172,441
1238603.1999999993,Move,1170,440
1238616.5,Move,1171,439
1238642.1999999993,Move,1171,436
1238654.0999999996,Move,1171,435
1238667,Move,1173,434
1238682,Move,1173,433
1238706.5,Move,1175,432
1238720.1999999993,Move,1176,431
1238732.0999999996,Move,1177,429
1238758.5,Move,1178,427
1238771.5999999996,Move,1176,427
1238785,Move,1176,425
1238796.5999999996,Move,1177,424
1238811.9000000004,Move,1177,423
1238837.6999999993,Move,1178,422
1238862.4000000004,Move,1178,421
1238875.9000000004,Move,1179,420
1238901.0999999996,Move,1179,419
1238940.6999999993,Move,1180,417
1238953.5,Move,1180,416
1238966.5,Move,1181,415
1238980.0999999996,Move,1181,414
1239005.9000000004,Move,1182,413
1239018.1999999993,Move,1182,412
1239058.2999999989,Move,1180,412
1239072,Move,1180,409
1239085.1999999993,Move,1180,405
1239097.1999999993,Move,1181,402
1239108.4000000004,Move,1179,403
1239148.1999999993,Move,1178,403
1239161.7999999989,Move,1178,402
1239201.5999999996,Move,1178,401
1239240.7999999989,Move,1180,400
1239253.2999999989,Move,1181,399
1239265.7999999989,Move,1181,397
1239280.5,Move,1182,396
1239303.9000000004,Move,1184,391
1239317.5999999996,Move,1185,388
1239331.5999999996,Move,1187,386
1239344.0999999996,Move,1187,384
1239369.6999999993,Move,1188,384
1239383.2999999989,Move,1188,383
1239409.6999999993,Move,1188,382
1239435.9000000004,Move,1190,382
1239466.9000000004,Move,1190,379
1239487,Move,1190,374
1239506.4000000004,Move,1189,370
1239517.1999999993,Move,1190,369
1239537.2999999989,Move,1190,364
1239556.5,Move,1191,362
1239566.5,Move,1191,360
1239586.0999999996,Move,1191,357
1239606.7999999989,Move,1192,353
1239617.1999999993,Move,1192,352
1239637.7999999989,Move,1193,350
1239767.2999999989,Move,1193,348
1239792.0999999996,Move,1193,344
1239814.4000000004,Move,1192,342
1239838.2999999989,Move,1192,343
1239975,Move,1192,342
1240274.2999999989,Move,1193,342
1240297.2999999989,Move,1193,341
1240322.6999999993,Move,1193,340
1240343,Move,1193,337
1240366.5999999996,Move,1193,331
1240389.7999999989,Move,1193,326
1240413.5,Move,1193,322
1240435.5,Move,1193,320
1240471,Move,1192,317
1240483.1999999993,Move,1193,318
1240496,Move,1193,317
1240521.1999999993,Move,1193,316
1240532.5,Move,1193,315
1240556,Move,1193,312
1240590.7999999989,Move,1193,310
1240603.0999999996,Move,1193,309
1240616.2999999989,Move,1192,308
1240639.5999999996,Move,1192,306
1240651.6999999993,Move,1192,305
1240687.6999999993,Move,1191,301
1240698.5999999996,Move,1190,300
1240724.2999999989,Move,1190,297
1240739.9000000004,Move,1189,296
1240746.5,Move,1189,295
1240770.9000000004,Move,1189,293
1240782.4000000004,Move,1188,292
1240796.7999999989,Move,1188,291
1240819.9000000004,Move,1188,290
1240834.1999999993,Move,1187,288
1240859.7999999989,Move,1185,285
1240885.4000000004,Move,1184,283
1241333.4000000004,Move,1184,282
1241383.6999999993,Move,1184,283
1241410,Move,1184,282
1241435.4000000004,Move,1183,279
1241458.9000000004,Move,1181,273
1241483.6999999993,Move,1180,268
1241509.2999999989,Move,1178,265
1241535,Move,1178,263
1241559,Move,1177,262
1241570.9000000004,Move,1177,261
1241597.0999999996,Move,1177,259
1241620.1999999993,Move,1175,254
1241644,Move,1174,252
1241666.5,Move,1174,251
1241706,Move,1175,251
1241714.2999999989,Move,1175,250
1241740.1999999993,Move,1173,251
1241751.7999999989,Move,1173,250
1241775.6999999993,Move,1172,248
1241787.9000000004,Move,1170,246
1241798.5,Move,1169,244
1241823.5,Move,1166,239
1241835.0999999996,Move,1166,238
1241875.7999999989,Move,1166,237
1241908.0999999996,Move,1165,236
1242004.0999999996,Move,1164,235
1242037,Move,1163,234
1242052.1999999993,Move,1163,233
1242067.6999999993,Move,1162,232
1242084.9000000004,Move,1161,230
1242100.1999999993,Move,1160,228
1242116.7999999989,Move,1158,226
1242132.9000000004,Move,1155,223
1242147.5,Move,1152,221
1242165.5999999996,Move,1150,220
1242182.0999999996,Move,1149,219
1242213.6999999993,Move,1149,218
1242227.5999999996,Move,1148,218
1242244.1999999993,Move,1149,218
1242277,Move,1148,218
1242308.2999999989,Move,1147,217
1242355.9000000004,Move,1146,216
1242408.1999999993,Move,1145,215
1242435,Move,1144,215
1242447.6999999993,Move,1144,214
1242486.6999999993,Move,1143,214
1242500,Move,1143,213
1242511.6999999993,Move,1142,213
1242538.4000000004,Move,1141,212
1242551.6999999993,Move,1140,212
1242563.5,Move,1140,211
1242590,Move,1138,210
1242617.0999999996,Move,1136,209
1242630.9000000004,Move,1135,207
1242655.0999999996,Move,1129,203
1242669.7999999989,Move,1127,202
1242681.9000000004,Move,1126,200
1242695.0999999996,Move,1125,200
1242721.4000000004,Move,1124,199
1242736,Move,1123,199
1242766.5999999996,Move,1122,198
1242781.9000000004,Move,1121,197
1242797.1999999993,Move,1118,195
1242811.4000000004,Move,1116,194
1242841.9000000004,Move,1115,193
1242901.9000000004,Move,1114,193
1242931,Move,1114,192
1242961.6999999993,Move,1113,192
1242992.0999999996,Move,1112,191
1243006.2999999989,Move,1110,190
1243021.5,Move,1109,190
1243036.7999999989,Move,1106,188
1243052.0999999996,Move,1103,187
1243066.4000000004,Move,1102,186
1243082.5,Move,1101,185
1243125.7999999989,Move,1100,185
1243171.5999999996,Move,1099,184
1243198.6999999993,Move,1099,186
1243226.6999999993,Move,1098,186
1243254.1999999993,Move,1096,185
1243271.2999999989,Move,1094,183
1243289.7999999989,Move,1090,181
1243307.6999999993,Move,1083,178
1243325.9000000004,Move,1077,176
1243334.6999999993,Move,1076,175
1243353.2999999989,Move,1075,175
1243361.0999999996,Move,1075,174
1243379.5999999996,Move,1074,174
1243406.5,Move,1074,173
1243416.9000000004,Move,1073,173
1243453.5999999996,Move,1071,171
1243474.7999999989,Move,1070,171
1243483.4000000004,Move,1069,171
1243503.9000000004,Move,1064,169
1243535.5,Move,1063,168
1243574.0999999996,Move,1059,166
1243582.9000000004,Move,1057,165
1243603.9000000004,Move,1053,164
1243612.5999999996,Move,1053,165
1243628.7999999989,Move,1052,166
1243654.1999999993,Move,1050,166
1243673.7999999989,Move,1046,165
1243683.5999999996,Move,1045,164
1243693.4000000004,Move,1044,164
1243754.5,Move,1043,163
1243819.4000000004,Move,1041,164
1243835.2999999989,Move,1042,164
1243852.5999999996,Move,1041,164
1243883.5,Move,1040,164
1243915,Move,1039,163
1243931.5,Move,1038,163
1243965,Move,1037,163
1243978.7999999989,Move,1036,163
1244010.5999999996,Move,1035,163
1244027.5999999996,Move,1034,163
1244058.2999999989,Move,1033,163
1244075.5,Move,1031,162
1244106.9000000004,Move,1030,162
1244123.5,Move,1029,161
1244138.9000000004,Move,1028,161
1244155.9000000004,Move,1027,161
1244172.1999999993,Move,1026,161
1244187.0999999996,Move,1024,161
1244203.7999999989,Move,1023,161
1244219.9000000004,Move,1020,161
1244235.6999999993,Move,1016,161
1244252.0999999996,Move,1013,161
1244267.2999999989,Move,1012,161
1244283.6999999993,Move,1011,162
1244308.7999999989,Move,1010,161
1244332.2999999989,Move,1008,161
1244355.7999999989,Move,1002,160
1244368.2999999989,Move,999,160
1244392.4000000004,Move,998,160
1244440.6999999993,Move,997,159
1244475.6999999993,Move,997,160
1244525,Move,995,160
1244548.0999999996,Move,992,161
1244573.2999999989,Move,987,162
1244591.5,Move,984,162
1244597.4000000004,Move,982,162
1244622.4000000004,Move,980,162
1244668.0999999996,Move,979,162
1244700,Move,977,163
1244712.2999999989,Move,976,163
1244748.0999999996,Move,974,163
1244761.5,Move,973,163
1244785.0999999996,Move,972,163
1244808.5999999996,Move,971,162
1244821.6999999993,Move,969,162
1244840,Move,968,162
1244855.5,Move,966,162
1244868.4000000004,Move,964,162
1244892.5999999996,Move,962,162
1244904.5999999996,Move,961,162
1244929,Move,959,163
1244952.4000000004,Move,955,163
1244989.1999999993,Move,953,165
1245025.4000000004,Move,949,167
1245049.0999999996,Move,948,167
1245073.9000000004,Move,946,167
1245120.5,Move,944,168
1245162.6999999993,Move,943,168
1245190.6999999993,Move,942,166
1245205.5999999996,Move,940,167
1245232.1999999993,Move,939,168
1245274.2999999989,Move,938,166
1245303,Move,937,166
1245317,Move,937,167
1245331.4000000004,Move,937,166
1245359.1999999993,Move,935,167
1245373.5,Move,934,167
1245386.7999999989,Move,933,167
1245401.4000000004,Move,932,168
1245415.0999999996,Move,931,168
1245430.6999999993,Move,930,169
1245442.7999999989,Move,929,169
1245471.2999999989,Move,928,169
1245484.9000000004,Move,927,170
1245498.6999999993,Move,925,170
1245512.4000000004,Move,923,171
1245540.4000000004,Move,916,172
1245554.9000000004,Move,914,173
1245569.5,Move,912,173
1245582.7999999989,Move,912,174
1245598,Move,910,174
1245625.2999999989,Move,909,175
1245635,Move,908,176
1245658.4000000004,Move,907,177
1245665.4000000004,Move,908,178
1245689.5,Move,907,178
1245705.5,Move,906,179
1245722.7999999989,Move,903,180
1245737.9000000004,Move,899,181
1245754.1999999993,Move,894,183
1245770.5999999996,Move,887,185
1245786.6999999993,Move,882,185
1245802,Move,878,186
1245817.4000000004,Move,879,185
1245833.9000000004,Move,878,185
1245850.5,Move,877,185
1245881.9000000004,Move,876,185
1245896.7999999989,Move,875,185
1245922.9000000004,Move,873,184
1245985.2999999989,Move,872,185
1246003.5,Move,871,185
1246023.1999999993,Move,870,185
1246033.9000000004,Move,869,185
1246047.0999999996,Move,867,186
1246073.9000000004,Move,865,186
1246085.0999999996,Move,864,186
1246103.7999999989,Move,863,187
1246113.2999999989,Move,862,187
1246133,Move,860,187
1246153.5,Move,858,186
1246173.4000000004,Move,857,187
1246183.5999999996,Move,856,189
1246224.0999999996,Move,853,192
1246234.6999999993,Move,852,193
1246253.2999999989,Move,849,195
1246275,Move,844,199
1246284,Move,841,201
1246305.9000000004,Move,840,202
1246323.4000000004,Move,837,204
1246340.7999999989,Move,834,206
1246358.4000000004,Move,833,207
1246374.1999999993,Move,832,206
1246731.6999999993,Move,832,207
1246833.9000000004,Move,831,207
1246850.2999999989,Move,831,208
1246869.1999999993,Move,829,209
1246883.5999999996,Move,825,212
1246902,Move,820,215
1246918.0999999996,Move,815,218
1246935.0999999996,Move,812,220
1246952.5,Move,809,222
1246969.5999999996,Move,808,223
1246987.1999999993,Move,807,224
1246996.2999999989,Move,807,225
1247023.6999999993,Move,805,226
1247041.5,Move,801,228
1247050.2999999989,Move,799,229
1247067.7999999989,Move,796,231
1247086.1999999993,Move,793,234
1247104.9000000004,Move,790,236
1247123,Move,787,236
1247140.2999999989,Move,784,238
1247158.2999999989,Move,781,239
1247167.0999999996,Move,780,240
1247184.0999999996,Move,778,241
1247203.6999999993,Move,777,242
1247211.4000000004,Move,777,243
1247240.6999999993,Move,777,244
1247276,Move,777,245
1247340,Move,776,246
1247352.5999999996,Move,775,247
1247365.7999999989,Move,774,248
1247392,Move,772,249
1247406.0999999996,Move,771,250
1247417.9000000004,Move,770,251
1247433,Move,769,252
1247457.9000000004,Move,767,254
1247471.1999999993,Move,766,254
1247484.0999999996,Move,765,255
1247495.6999999993,Move,764,256
1247522.5999999996,Move,762,258
1247535.9000000004,Move,762,259
1247550.0999999996,Move,761,260
1247587.5,Move,761,263
1247602,Move,760,263
1247640.0999999996,Move,758,265
1247652.0999999996,Move,758,266
1247664.7999999989,Move,757,266
1247691.5999999996,Move,756,267
1247718.2999999989,Move,755,268
1247731.0999999996,Move,755,269
1247755.9000000004,Move,754,270
1247768.5999999996,Move,753,271
1247783.9000000004,Move,752,271
1247808.2999999989,Move,750,272
1247821.5,Move,749,272
1247848.5,Move,748,273
1247871.9000000004,Move,745,276
1247903.7999999989,Move,743,281
1247917.4000000004,Move,742,282
1248487.9000000004,Move,741,282
1248541.6999999993,Move,741,283
1248554.7999999989,Move,740,283
1248575.4000000004,Move,737,287
1248597,Move,732,291
1248621.1999999993,Move,729,294
1248641.7999999989,Move,726,297
1248663.4000000004,Move,724,299
1248685.4000000004,Move,723,300
1248708.5999999996,Move,722,301
1248787.7999999989,Move,721,302
1248825.5,Move,720,303
1248840.1999999993,Move,720,304
1248852,Move,719,304
1248865.0999999996,Move,719,305
1248892,Move,717,307
1248917.2999999989,Move,714,308
1248929.9000000004,Move,714,309
1248957.0999999996,Move,713,311
1248968.4000000004,Move,712,311
1248982.6999999993,Move,711,312
1249008,Move,710,313
1249021.5999999996,Move,710,314
1249034.2999999989,Move,710,315
1249075.2999999989,Move,709,316
1249087,Move,708,318
1249099.2999999989,Move,708,319
1249126.1999999993,Move,707,320
1249138.6999999993,Move,706,322
1249151.9000000004,Move,704,324
1249163.6999999993,Move,702,327
1249177.0999999996,Move,700,330
1249204.4000000004,Move,699,331
1249246.0999999996,Move,698,333
1249274.5,Move,697,335
1249287.7999999989,Move,696,337
1249303.4000000004,Move,694,338
1249317.2999999989,Move,693,339
1249330.9000000004,Move,692,340
1249345.6999999993,Move,691,341
1249373,Move,689,344
1249387.6999999993,Move,688,345
1249402,Move,688,346
1249415.9000000004,Move,687,348
1249429.0999999996,Move,686,350
1249457.2999999989,Move,684,356
1249472.4000000004,Move,683,356
1249485.5999999996,Move,683,358
1249501.0999999996,Move,682,359
1249514.2999999989,Move,682,360
1249527.6999999993,Move,682,361
1249709.2999999989,Move,681,362
1249756.6999999993,Move,680,366
1249775.5,Move,678,368
1249786.9000000004,Move,677,370
1249808.1999999993,Move,675,372
1249833.9000000004,Move,672,375
1249852.5999999996,Move,671,377
1249874.2999999989,Move,670,380
1249906.5999999996,Move,669,387
1249918.5999999996,Move,669,388
1249943,Move,669,391
1249951.7999999989,Move,668,392
1249973.2999999989,Move,668,393
1249984.0999999996,Move,667,393
1250007.1999999993,Move,668,393
1250039.5,Move,667,393
1250051.5,Move,668,393
1250061.6999999993,Move,667,393
1250105.5999999996,Move,666,394
1250139,Move,666,393
1250173.6999999993,Move,666,394
1250206.4000000004,Move,666,395
1250215.2999999989,Move,666,396
1250238.0999999996,Move,666,398
1250252.5,Move,666,399
1250270.5999999996,Move,664,401
1250282.6999999993,Move,663,401
1250293.0999999996,Move,663,402
1250313.4000000004,Move,663,403
1250336.6999999993,Move,663,405
1250370.7999999989,Move,662,407
1250392,Move,662,410
1250405.4000000004,Move,661,411
1250413.4000000004,Move,661,413
1250437.6999999993,Move,660,416
1250457.5,Move,657,422
1250492.0999999996,Move,655,425
1250506.5999999996,Move,655,426
1250563.6999999993,Move,655,427
1250590.5999999996,Move,655,428
1250633.5,Move,654,429
1250649.6999999993,Move,654,430
1250662.2999999989,Move,654,431
1250689,Move,651,431
1250703.1999999993,Move,652,432
1250732.6999999993,Move,652,433
1250745.5999999996,Move,651,433
1250773.5,Move,651,435
1250788,Move,651,436
1250803.1999999993,Move,651,437
1250815.5999999996,Move,651,438
1250830.2999999989,Move,652,439
1250857.6999999993,Move,652,443
1250872.4000000004,Move,652,444
1250885,Move,652,446
1250899.1999999993,Move,652,449
1250914.5,Move,651,453
1250941.4000000004,Move,651,458
1250955.7999999989,Move,650,459
1250975.6999999993,Move,649,462
1250983.2999999989,Move,649,463
1251001.7999999989,Move,650,466
1251019.5,Move,651,471
1251038,Move,649,473
1251055,Move,649,474
1251064.4000000004,Move,651,476
1251091.7999999989,Move,651,477
1251109,Move,651,476
1251118.0999999996,Move,650,477
1251136.6999999993,Move,650,479
1251155.1999999993,Move,649,483
1251173.7999999989,Move,649,488
1251181,Move,649,489
1251243.5999999996,Move,650,490
1251264.5999999996,Move,650,491
1251285.2999999989,Move,650,492
1251303.5999999996,Move,650,497
1251323.9000000004,Move,650,499
1251344.5,Move,650,500
1251373.9000000004,Move,650,502
1251383.1999999993,Move,650,503
1251404,Move,651,507
1251424.0999999996,Move,650,510
1251433.9000000004,Move,651,510
1251454.2999999989,Move,650,513
1251474.7999999989,Move,650,517
1251484.5,Move,650,519
1251554.2999999989,Move,651,520
1251625.6999999993,Move,651,521
1251653.2999999989,Move,651,522
1251666.9000000004,Move,651,523
1251682,Move,651,524
1251696.1999999993,Move,651,526
1251722.9000000004,Move,650,530
1251736.7999999989,Move,650,534
1251752.1999999993,Move,650,537
1251764.6999999993,Move,652,540
1251780.5,Move,653,542
1251806.5999999996,Move,654,545
1251821.2999999989,Move,654,546
1251891.9000000004,Move,654,547
1251932.7999999989,Move,654,548
1251975,Move,655,550
1251993.6999999993,Move,657,549
1252009.7999999989,Move,657,550
1252027.2999999989,Move,656,551
1252061.0999999996,Move,657,552
1252078.0999999996,Move,657,553
1252094.5999999996,Move,657,554
1252113.6999999993,Move,658,555
1252128.5,Move,658,556
1252145,Move,658,557
1252162.5,Move,658,558
1252180.0999999996,Move,659,559
1252213.9000000004,Move,660,560
1252230.7999999989,Move,660,561
1252249.1999999993,Move,661,563
1252264.7999999989,Move,662,564
1252281.7999999989,Move,662,565
1252299.2999999989,Move,663,565
1252314.5999999996,Move,663,567
1252333.4000000004,Move,664,568
1252350.5,Move,665,569
1252366.5,Move,665,570
1252384.6999999993,Move,665,571
1252401.0999999996,Move,666,572
1252433.6999999993,Move,666,573
1252452.7999999989,Move,667,575
1252471.0999999996,Move,668,576
1252481.5,Move,668,577
1252507.5999999996,Move,669,579
1252524.9000000004,Move,669,581
1252551.6999999993,Move,669,583
1252570.1999999993,Move,669,585
1252588.1999999993,Move,669,588
1252606,Move,669,590
1252623.5999999996,Move,669,593
1252642.1999999993,Move,669,595
1252669.0999999996,Move,669,598
1252687.5,Move,669,601
1252705.9000000004,Move,669,602
1252714.4000000004,Move,669,603
1252732.5999999996,Move,669,604
1252957.7999999989,Released,669,604
1253018.9000000004,Released,940,673
