resolution:1536,864
208804.09999999963,Pressed,0.544921875,0.2222222222222222
208834.2000000002,Move,0.544921875,0.2222222222222222
208848.59999999963,Move,0.544921875,0.2222222222222222
208965,Move,0.544921875,0.2222222222222222
209033.2999999998,Move,0.544921875,0.2222222222222222
209300.40000000037,Move,0.5462239583333334,0.22453703703703703
209323.5,Move,0.5475260416666666,0.22453703703703703
209331.5,Move,0.5475260416666666,0.22453703703703703
209347.5,Move,0.5501302083333334,0.22685185185185186
209363.2999999998,Move,0.552734375,0.23148148148148148
209379.2000000002,Move,0.556640625,0.23842592592592593
209395.7000000002,Move,0.560546875,0.24305555555555555
209411.59999999963,Move,0.5657552083333334,0.25
209435,Move,0.5748697916666666,0.26157407407407407
209451.2000000002,Move,0.5813802083333334,0.2708333333333333
209467.09999999963,Move,0.5891927083333334,0.2777777777777778
209483.90000000037,Move,0.595703125,0.28703703703703703
209500.2000000002,Move,0.6022135416666666,0.29398148148148145
209517.40000000037,Move,0.6087239583333334,0.30324074074074076
209532.09999999963,Move,0.615234375,0.3101851851851852
209548.2000000002,Move,0.623046875,0.3194444444444444
209564.40000000037,Move,0.6282552083333334,0.3263888888888889
209580.40000000037,Move,0.634765625,0.3333333333333333
209596.40000000037,Move,0.6373697916666666,0.3449074074074074
209611.59999999963,Move,0.6451822916666666,0.3611111111111111
209627.7999999998,Move,0.6516927083333334,0.37962962962962965
209651.7000000002,Move,0.662109375,0.4074074074074074
209667.7000000002,Move,0.6790364583333334,0.4444444444444444
209684.09999999963,Move,0.701171875,0.4861111111111111
209700.2000000002,Move,0.7115885416666666,0.5046296296296297
209716,Move,0.6998697916666666,0.5023148148148148
209729.59999999963,Move,0.6686197916666666,0.4930555555555556
209751,Move,0.599609375,0.4699074074074074
209764.59999999963,Move,0.580078125,0.46296296296296297
209780.2000000002,Move,0.5774739583333334,0.46296296296296297
209793.2000000002,Move,0.5774739583333334,0.46296296296296297
209898,Move,0.576171875,0.46296296296296297
209905.59999999963,Move,0.576171875,0.46296296296296297
209912.40000000037,Move,0.5735677083333334,0.46296296296296297
209919,Move,0.5735677083333334,0.46064814814814814
210219.2999999998,Move,0.572265625,0.46064814814814814
210226.40000000037,Move,0.5709635416666666,0.46064814814814814
210233.5,Move,0.568359375,0.46064814814814814
210255.59999999963,Move,0.552734375,0.4537037037037037
210269.2000000002,Move,0.517578125,0.44675925925925924
210290.2999999998,Move,0.416015625,0.4305555555555556
210304.09999999963,Move,0.3587239583333333,0.4236111111111111
210318.09999999963,Move,0.3157552083333333,0.41898148148148145
210339.2999999998,Move,0.2571614583333333,0.4097222222222222
210353.2999999998,Move,0.228515625,0.4050925925925926
210359.7999999998,Move,0.22200520833333334,0.4027777777777778
210435,Move,0.22330729166666666,0.4027777777777778
210450.7999999998,Move,0.22330729166666666,0.39814814814814814
210465.59999999963,Move,0.224609375,0.39351851851851855
210480.7999999998,Move,0.22721354166666666,0.3888888888888889
210495.90000000037,Move,0.22721354166666666,0.38657407407407407
210661.2000000002,Move,0.22721354166666666,0.38657407407407407
210676.09999999963,Move,0.22591145833333334,0.3888888888888889
211021.2000000002,Move,0.22721354166666666,0.38657407407407407
211036.5,Move,0.22721354166666666,0.38657407407407407
211051.5,Move,0.22721354166666666,0.3819444444444444
211066.5,Move,0.228515625,0.3773148148148148
211083.2999999998,Move,0.22981770833333334,0.37037037037037035
211094.90000000037,Move,0.23111979166666666,0.36342592592592593
211112.09999999963,Move,0.232421875,0.3611111111111111
211127.09999999963,Move,0.232421875,0.35648148148148145
211141.5,Move,0.23372395833333334,0.35185185185185186
211156,Move,0.23372395833333334,0.35185185185185186
211171.40000000037,Move,0.236328125,0.35185185185185186
211192.2000000002,Move,0.24153645833333334,0.3541666666666667
211206.7999999998,Move,0.24674479166666666,0.3541666666666667
211221,Move,0.24934895833333334,0.3541666666666667
211235,Move,0.2545572916666667,0.35648148148148145
211255.90000000037,Move,0.2662760416666667,0.3587962962962963
211270.09999999963,Move,0.283203125,0.3611111111111111
211291.59999999963,Move,0.3235677083333333,0.3680555555555556
211304.5,Move,0.3365885416666667,0.37037037037037035
211320.2000000002,Move,0.337890625,0.37037037037037035
211340.7000000002,Move,0.3404947916666667,0.37037037037037035
211355.09999999963,Move,0.3430989583333333,0.3726851851851852
211374,Move,0.3470052083333333,0.3726851851851852
211388.5,Move,0.3483072916666667,0.3726851851851852
211395.5,Move,0.349609375,0.375
211423.2000000002,Move,0.3522135416666667,0.375
211437.59999999963,Move,0.3548177083333333,0.375
211453.2999999998,Move,0.3561197916666667,0.375
211473.2000000002,Move,0.3600260416666667,0.3773148148148148
211488.5,Move,0.3626302083333333,0.3773148148148148
211508.7000000002,Move,0.369140625,0.37962962962962965
211521.2999999998,Move,0.3743489583333333,0.3819444444444444
211537.09999999963,Move,0.384765625,0.3819444444444444
211557.59999999963,Move,0.4029947916666667,0.38657407407407407
211570.5,Move,0.4147135416666667,0.3912037037037037
211592.2999999998,Move,0.4381510416666667,0.3958333333333333
211607,Move,0.4563802083333333,0.4027777777777778
211620.7999999998,Move,0.470703125,0.4050925925925926
211640.90000000037,Move,0.486328125,0.4074074074074074
211654.7000000002,Move,0.4889322916666667,0.4074074074074074
211661.2999999998,Move,0.4889322916666667,0.4074074074074074
211682.59999999963,Move,0.490234375,0.4074074074074074
211704.2000000002,Move,0.4915364583333333,0.4074074074074074
211724.09999999963,Move,0.4954427083333333,0.4074074074074074
211739.2999999998,Move,0.498046875,0.4074074074074074
211746.2999999998,Move,0.5006510416666666,0.4074074074074074
211831.5,Move,0.5006510416666666,0.4097222222222222
211869.09999999963,Move,0.5006510416666666,0.4097222222222222
211891.40000000037,Move,0.5006510416666666,0.4097222222222222
211932,Move,0.5006510416666666,0.41203703703703703
211953.2999999998,Move,0.5006510416666666,0.41435185185185186
211982.40000000037,Move,0.5006510416666666,0.41435185185185186
212012.2000000002,Move,0.5006510416666666,0.4166666666666667
212042.09999999963,Move,0.4993489583333333,0.4166666666666667
212071.40000000037,Move,0.4993489583333333,0.41898148148148145
212100.59999999963,Move,0.4993489583333333,0.41898148148148145
212135.59999999963,Move,0.4993489583333333,0.4212962962962963
212192.2999999998,Move,0.4993489583333333,0.4236111111111111
212222.2000000002,Move,0.4993489583333333,0.4236111111111111
212252,Move,0.4993489583333333,0.42592592592592593
212312,Move,0.498046875,0.4236111111111111
212319.7999999998,Move,0.4954427083333333,0.4236111111111111
212340.90000000037,Move,0.478515625,0.4236111111111111
212356.40000000037,Move,0.466796875,0.4212962962962963
212361.7000000002,Move,0.4654947916666667,0.4212962962962963
212474.09999999963,Move,0.4654947916666667,0.4212962962962963
212481.09999999963,Move,0.4654947916666667,0.4212962962962963
212488.59999999963,Move,0.4654947916666667,0.4212962962962963
212747.09999999963,Move,0.4641927083333333,0.4212962962962963
212754.2999999998,Move,0.4641927083333333,0.4212962962962963
212761.09999999963,Move,0.4615885416666667,0.41898148148148145
212781.7999999998,Move,0.4537760416666667,0.41898148148148145
212797,Move,0.4381510416666667,0.41898148148148145
212817,Move,0.4225260416666667,0.4212962962962963
212830.90000000037,Move,0.4147135416666667,0.4236111111111111
212851.40000000037,Move,0.404296875,0.4236111111111111
212858.7999999998,Move,0.4029947916666667,0.4236111111111111
212952.7000000002,Move,0.4029947916666667,0.4236111111111111
213086.2000000002,Move,0.404296875,0.4236111111111111
213215.90000000037,Move,0.404296875,0.4236111111111111
213351.09999999963,Move,0.4029947916666667,0.4212962962962963
213359.7000000002,Move,0.3977864583333333,0.4212962962962963
213383.7000000002,Move,0.3665364583333333,0.41898148148148145
213399.59999999963,Move,0.3600260416666667,0.4212962962962963
213415.2000000002,Move,0.3587239583333333,0.41898148148148145
213511.7000000002,Move,0.357421875,0.41898148148148145
213519.59999999963,Move,0.357421875,0.41898148148148145
213775.90000000037,Move,0.3561197916666667,0.4166666666666667
213783.59999999963,Move,0.3548177083333333,0.4166666666666667
213791.90000000037,Move,0.353515625,0.41435185185185186
213809,Move,0.3444010416666667,0.41203703703703703
213823.7000000002,Move,0.3170572916666667,0.4027777777777778
213839.09999999963,Move,0.2923177083333333,0.38657407407407407
213863.40000000037,Move,0.2649739583333333,0.37037037037037035
213879.09999999963,Move,0.2506510416666667,0.36342592592592593
213886.2999999998,Move,0.24674479166666666,0.36342592592592593
213982.09999999963,Move,0.24674479166666666,0.36342592592592593
214014.2000000002,Move,0.24544270833333334,0.36342592592592593
214058.59999999963,Move,0.24544270833333334,0.3611111111111111
214077.2000000002,Move,0.244140625,0.3611111111111111
214108.7000000002,Move,0.24283854166666666,0.3611111111111111
214137.5,Move,0.24283854166666666,0.3611111111111111
214169.90000000037,Move,0.24153645833333334,0.3587962962962963
214200,Move,0.240234375,0.3587962962962963
214245.59999999963,Move,0.23893229166666666,0.35648148148148145
214418.09999999963,Move,0.240234375,0.3587962962962963
214437,Move,0.23893229166666666,0.3587962962962963
214447.09999999963,Move,0.23893229166666666,0.3587962962962963
214464.40000000037,Move,0.23893229166666666,0.3587962962962963
214490.2000000002,Move,0.23763020833333334,0.3611111111111111
214508.2000000002,Move,0.23763020833333334,0.36342592592592593
214535,Move,0.23763020833333334,0.36574074074074076
214553.7999999998,Move,0.23763020833333334,0.36574074074074076
214572.5,Move,0.23763020833333334,0.3680555555555556
214589.2999999998,Move,0.23763020833333334,0.3680555555555556
214598.09999999963,Move,0.23763020833333334,0.37037037037037035
214615.7999999998,Move,0.23763020833333334,0.37037037037037035
214634.59999999963,Move,0.23763020833333334,0.3726851851851852
214652.59999999963,Move,0.23763020833333334,0.375
214670,Move,0.23763020833333334,0.375
214688.2000000002,Move,0.23763020833333334,0.3773148148148148
214697.2999999998,Move,0.23893229166666666,0.37962962962962965
214715.59999999963,Move,0.23893229166666666,0.3819444444444444
214734.40000000037,Move,0.240234375,0.38657407407407407
214751.40000000037,Move,0.240234375,0.3912037037037037
214770.2999999998,Move,0.24153645833333334,0.40046296296296297
214780.2000000002,Move,0.24153645833333334,0.4050925925925926
214805.90000000037,Move,0.24544270833333334,0.4050925925925926
214819.90000000037,Move,0.2506510416666667,0.4074074074074074
214833.90000000037,Move,0.255859375,0.4097222222222222
214854.59999999963,Move,0.2623697916666667,0.41203703703703703
214868.09999999963,Move,0.2701822916666667,0.4166666666666667
214882.2999999998,Move,0.287109375,0.42592592592592593
214905.7000000002,Move,0.326171875,0.45601851851851855
214917.2000000002,Move,0.333984375,0.46296296296296297
214938.7000000002,Move,0.3391927083333333,0.4675925925925926
214953.5,Move,0.3430989583333333,0.4699074074074074
214972.5,Move,0.3522135416666667,0.4791666666666667
214987.40000000037,Move,0.357421875,0.4837962962962963
215002.2999999998,Move,0.3626302083333333,0.4861111111111111
215015.7999999998,Move,0.373046875,0.49537037037037035
215036.5,Move,0.396484375,0.5115740740740741
215050.7000000002,Move,0.4173177083333333,0.5208333333333334
215071.2000000002,Move,0.451171875,0.5300925925925926
215085.2999999998,Move,0.4680989583333333,0.5324074074074074
215101,Move,0.4798177083333333,0.5324074074074074
215120.7000000002,Move,0.4915364583333333,0.5300925925925926
215135.2999999998,Move,0.5084635416666666,0.5277777777777778
215149.7999999998,Move,0.525390625,0.5231481481481481
215169.7000000002,Move,0.5592447916666666,0.5162037037037037
215183.7000000002,Move,0.5813802083333334,0.5162037037037037
215204.7999999998,Move,0.6022135416666666,0.5162037037037037
215218.59999999963,Move,0.6048177083333334,0.5162037037037037
215232.7000000002,Move,0.6061197916666666,0.5185185185185185
215246.7000000002,Move,0.6061197916666666,0.5185185185185185
215267.09999999963,Move,0.6087239583333334,0.5185185185185185
215281.7000000002,Move,0.611328125,0.5185185185185185
215298.7000000002,Move,0.6165364583333334,0.5208333333333334
215356.7999999998,Move,0.6165364583333334,0.5185185185185185
215422.5,Move,0.6178385416666666,0.5185185185185185
215461.59999999963,Move,0.6165364583333334,0.5185185185185185
215474.09999999963,Move,0.6178385416666666,0.5185185185185185
215501,Move,0.6178385416666666,0.5185185185185185
215526.7000000002,Move,0.619140625,0.5185185185185185
215539.90000000037,Move,0.619140625,0.5185185185185185
215565.7999999998,Move,0.6204427083333334,0.5185185185185185
215579,Move,0.6204427083333334,0.5185185185185185
215605,Move,0.6217447916666666,0.5185185185185185
215631,Move,0.6217447916666666,0.5185185185185185
215643.59999999963,Move,0.623046875,0.5185185185185185
215671.59999999963,Move,0.623046875,0.5185185185185185
215683,Move,0.6243489583333334,0.5185185185185185
215696.40000000037,Move,0.6243489583333334,0.5185185185185185
215708.90000000037,Move,0.6256510416666666,0.5185185185185185
215735.09999999963,Move,0.6256510416666666,0.5162037037037037
215747.5,Move,0.626953125,0.5162037037037037
215760.59999999963,Move,0.6282552083333334,0.5162037037037037
215787.2000000002,Move,0.630859375,0.5162037037037037
215800.2000000002,Move,0.6321614583333334,0.5162037037037037
215814.2999999998,Move,0.6334635416666666,0.5138888888888888
215839,Move,0.638671875,0.5138888888888888
215851.90000000037,Move,0.6412760416666666,0.5138888888888888
215864.2999999998,Move,0.6412760416666666,0.5138888888888888
215887.59999999963,Move,0.642578125,0.5115740740740741
215907.5,Move,0.642578125,0.5092592592592593
215935.59999999963,Move,0.642578125,0.5092592592592593
215942.5,Move,0.642578125,0.5092592592592593
215949.2000000002,Move,0.642578125,0.5092592592592593
215970.90000000037,Move,0.6438802083333334,0.5046296296296297
215984.59999999963,Move,0.6438802083333334,0.5023148148148148
215999,Move,0.6451822916666666,0.5
216055,Move,0.6451822916666666,0.4976851851851852
216070.40000000037,Move,0.6451822916666666,0.49537037037037035
216083.09999999963,Move,0.646484375,0.4930555555555556
216102.90000000037,Move,0.646484375,0.48842592592592593
216117.59999999963,Move,0.646484375,0.4861111111111111
216147.2999999998,Move,0.646484375,0.4861111111111111
216161.09999999963,Move,0.6477864583333334,0.4861111111111111
216173.40000000037,Move,0.6477864583333334,0.4861111111111111
216187.40000000037,Move,0.6477864583333334,0.4837962962962963
216201.09999999963,Move,0.6490885416666666,0.48148148148148145
216216,Move,0.6490885416666666,0.47685185185185186
216236.5,Move,0.6490885416666666,0.4722222222222222
216250.5,Move,0.6490885416666666,0.4675925925925926
216271.59999999963,Move,0.6516927083333334,0.46064814814814814
216285.40000000037,Move,0.6516927083333334,0.45601851851851855
216306.2000000002,Move,0.6529947916666666,0.44907407407407407
216321,Move,0.6529947916666666,0.4444444444444444
216335,Move,0.654296875,0.4375
216355.5,Move,0.6555989583333334,0.4305555555555556
216369.5,Move,0.6555989583333334,0.4236111111111111
216383.40000000037,Move,0.6569010416666666,0.41898148148148145
216404.7000000002,Move,0.658203125,0.41203703703703703
216419.59999999963,Move,0.658203125,0.4074074074074074
216433.40000000037,Move,0.658203125,0.4027777777777778
216455.7999999998,Move,0.6595052083333334,0.3958333333333333
216467.7000000002,Move,0.6608072916666666,0.3888888888888889
216488.7999999998,Move,0.662109375,0.38425925925925924
216502.90000000037,Move,0.6634114583333334,0.3773148148148148
216517.90000000037,Move,0.6647135416666666,0.3680555555555556
216537.40000000037,Move,0.6673177083333334,0.35648148148148145
216551.40000000037,Move,0.669921875,0.3472222222222222
216572.2000000002,Move,0.6725260416666666,0.33564814814814814
216586.2999999998,Move,0.6764322916666666,0.32175925925925924
216600.90000000037,Move,0.681640625,0.3055555555555556
216614.2999999998,Move,0.685546875,0.29398148148148145
216636.5,Move,0.689453125,0.2824074074074074
216650.2999999998,Move,0.6920572916666666,0.27314814814814814
216670.7000000002,Move,0.6946614583333334,0.2638888888888889
216683.90000000037,Move,0.6959635416666666,0.25925925925925924
216705.59999999963,Move,0.697265625,0.25462962962962965
216720.2000000002,Move,0.6985677083333334,0.24537037037037038
216734.2999999998,Move,0.6985677083333334,0.24305555555555555
216787,Move,0.6998697916666666,0.24305555555555555
216874.7000000002,Move,0.701171875,0.24305555555555555
217050.2000000002,Move,0.701171875,0.24305555555555555
217137.2999999998,Move,0.7024739583333334,0.24305555555555555
217310.7999999998,Move,0.701171875,0.24074074074074073
217325.5,Move,0.701171875,0.24074074074074073
217339.7999999998,Move,0.6998697916666666,0.24074074074074073
217353.2000000002,Move,0.6985677083333334,0.24074074074074073
217374.2000000002,Move,0.6946614583333334,0.24074074074074073
217388.09999999963,Move,0.6920572916666666,0.24074074074074073
217402,Move,0.6881510416666666,0.23842592592592593
217423,Move,0.6881510416666666,0.23842592592592593
217437.2000000002,Move,0.6868489583333334,0.24074074074074073
217459.7000000002,Move,0.6829427083333334,0.24074074074074073
217473.5,Move,0.6790364583333334,0.23842592592592593
217487.2999999998,Move,0.6751302083333334,0.23842592592592593
217494.59999999963,Move,0.6751302083333334,0.23842592592592593
217522.2999999998,Move,0.673828125,0.23842592592592593
217542.7000000002,Move,0.669921875,0.23842592592592593
217556.09999999963,Move,0.6673177083333334,0.23842592592592593
217570.2000000002,Move,0.6647135416666666,0.2361111111111111
217591.59999999963,Move,0.658203125,0.2361111111111111
217606.7999999998,Move,0.6529947916666666,0.2337962962962963
217626.2000000002,Move,0.6438802083333334,0.2337962962962963
217640.59999999963,Move,0.638671875,0.2337962962962963
217654.7999999998,Move,0.6321614583333334,0.2337962962962963
217675.40000000037,Move,0.623046875,0.2337962962962963
217689.59999999963,Move,0.6165364583333334,0.2337962962962963
217704.40000000037,Move,0.611328125,0.23148148148148148
217724.7000000002,Move,0.6022135416666666,0.23148148148148148
217738.7999999998,Move,0.5970052083333334,0.23148148148148148
217759.7999999998,Move,0.587890625,0.22916666666666666
217775.7999999998,Move,0.5813802083333334,0.22916666666666666
217788.7999999998,Move,0.572265625,0.22685185185185186
217808.7000000002,Move,0.5553385416666666,0.22453703703703703
217823.59999999963,Move,0.5436197916666666,0.2222222222222222
217836.90000000037,Move,0.5319010416666666,0.2175925925925926
217857.7999999998,Move,0.4954427083333333,0.2037037037037037
217871.7999999998,Move,0.4759114583333333,0.19675925925925927
217892.09999999963,Move,0.458984375,0.18981481481481483
217906.59999999963,Move,0.447265625,0.18518518518518517
217920.09999999963,Move,0.4420572916666667,0.18518518518518517
217941.2999999998,Move,0.4329427083333333,0.18287037037037038
217956.5,Move,0.4264322916666667,0.18055555555555555
217963.5,Move,0.4264322916666667,0.18055555555555555
218092.09999999963,Move,0.4251302083333333,0.18287037037037038
218110,Move,0.4251302083333333,0.18287037037037038
218128.59999999963,Move,0.4251302083333333,0.18518518518518517
218142.90000000037,Move,0.423828125,0.18518518518518517
218161,Move,0.423828125,0.1875
218195.09999999963,Move,0.423828125,0.1875
218211.7999999998,Move,0.423828125,0.18981481481481483
218228.7999999998,Move,0.423828125,0.18981481481481483
218246.90000000037,Move,0.4225260416666667,0.19212962962962962
218263.09999999963,Move,0.4225260416666667,0.19212962962962962
218279.5,Move,0.4225260416666667,0.19212962962962962
218297.90000000037,Move,0.4225260416666667,0.19444444444444445
218314.2999999998,Move,0.4212239583333333,0.19444444444444445
218330.59999999963,Move,0.4212239583333333,0.19675925925925927
218348.2999999998,Move,0.4212239583333333,0.19675925925925927
218365.2000000002,Move,0.419921875,0.19675925925925927
218383.09999999963,Move,0.419921875,0.19907407407407407
218398.90000000037,Move,0.4186197916666667,0.19907407407407407
218415.2999999998,Move,0.4186197916666667,0.2013888888888889
218432.2999999998,Move,0.4186197916666667,0.2013888888888889
218450.7999999998,Move,0.4173177083333333,0.2013888888888889
218468.7999999998,Move,0.4173177083333333,0.2037037037037037
218502.7999999998,Move,0.416015625,0.2037037037037037
218517.2000000002,Move,0.416015625,0.20601851851851852
218536.7000000002,Move,0.416015625,0.20601851851851852
218551.7999999998,Move,0.4147135416666667,0.20833333333333334
218569.5,Move,0.4147135416666667,0.20833333333333334
218604.09999999963,Move,0.4134114583333333,0.21064814814814814
218625.40000000037,Move,0.4095052083333333,0.2175925925925926
218639.5,Move,0.408203125,0.2199074074074074
218653.90000000037,Move,0.4069010416666667,0.22453703703703703
218674.59999999963,Move,0.404296875,0.22916666666666666
218689.59999999963,Move,0.4029947916666667,0.2337962962962963
218703.09999999963,Move,0.4016927083333333,0.23842592592592593
218723.7000000002,Move,0.3990885416666667,0.24305555555555555
218737.90000000037,Move,0.3977864583333333,0.24768518518518517
218752.40000000037,Move,0.3951822916666667,0.25
218773.09999999963,Move,0.3938802083333333,0.25462962962962965
218787,Move,0.3912760416666667,0.25925925925925924
218807.5,Move,0.388671875,0.2638888888888889
218821.5,Move,0.3873697916666667,0.2662037037037037
218842.5,Move,0.3860677083333333,0.27314814814814814
218856.59999999963,Move,0.384765625,0.27546296296296297
218870.40000000037,Move,0.3834635416666667,0.2800925925925926
218891.5,Move,0.380859375,0.28703703703703703
218905.40000000037,Move,0.3795572916666667,0.2916666666666667
218926.2999999998,Move,0.376953125,0.29398148148148145
218940.2000000002,Move,0.3756510416666667,0.2986111111111111
218954.59999999963,Move,0.3743489583333333,0.30092592592592593
218975.40000000037,Move,0.373046875,0.30787037037037035
218989.2000000002,Move,0.3704427083333333,0.3101851851851852
219004.09999999963,Move,0.369140625,0.3148148148148148
219025.09999999963,Move,0.3678385416666667,0.3194444444444444
219038.90000000037,Move,0.365234375,0.32407407407407407
219059.90000000037,Move,0.3639322916666667,0.3287037037037037
219074.2999999998,Move,0.361328125,0.3333333333333333
219087.7999999998,Move,0.3600260416666667,0.33564814814814814
219108.90000000037,Move,0.357421875,0.3402777777777778
219122.7999999998,Move,0.3561197916666667,0.3449074074074074
219136.5,Move,0.3548177083333333,0.34953703703703703
219158.90000000037,Move,0.3522135416666667,0.35648148148148145
219171.7000000002,Move,0.349609375,0.3587962962962963
219192.2999999998,Move,0.3470052083333333,0.36574074074074076
219207.40000000037,Move,0.3444010416666667,0.37037037037037035
219220.2000000002,Move,0.341796875,0.3726851851851852
219243.5,Move,0.3391927083333333,0.37962962962962965
219257.09999999963,Move,0.3365885416666667,0.3819444444444444
219276.7000000002,Move,0.333984375,0.3888888888888889
219291.09999999963,Move,0.3313802083333333,0.39351851851851855
219305.2000000002,Move,0.3287760416666667,0.3958333333333333
219319.2000000002,Move,0.326171875,0.40046296296296297
219339.90000000037,Move,0.322265625,0.4074074074074074
219353.7999999998,Move,0.3196614583333333,0.4097222222222222
219374.59999999963,Move,0.3170572916666667,0.4166666666666667
219388.40000000037,Move,0.314453125,0.4212962962962963
219402.5,Move,0.3118489583333333,0.42592592592592593
219423,Move,0.3079427083333333,0.4305555555555556
219437.90000000037,Move,0.3053385416666667,0.4351851851851852
219459,Move,0.3014322916666667,0.4398148148148148
219472.90000000037,Move,0.298828125,0.4444444444444444
219489,Move,0.2962239583333333,0.44675925925925924
219507.5,Move,0.2923177083333333,0.4537037037037037
219522.90000000037,Move,0.2897135416666667,0.4583333333333333
219542.5,Move,0.2858072916666667,0.46296296296296297
219556.5,Move,0.2819010416666667,0.4675925925925926
219570.40000000037,Move,0.279296875,0.4722222222222222
219591.7999999998,Move,0.275390625,0.47685185185185186
219605.2999999998,Move,0.2727864583333333,0.48148148148148145
219626.5,Move,0.2688802083333333,0.48842592592592593
219640.2999999998,Move,0.267578125,0.49074074074074076
219654.59999999963,Move,0.2649739583333333,0.49537037037037035
219675.2000000002,Move,0.2610677083333333,0.5023148148148148
219689.2999999998,Move,0.2584635416666667,0.5046296296296297
219703.5,Move,0.255859375,0.5092592592592593
219724,Move,0.251953125,0.5162037037037037
219738.90000000037,Move,0.24934895833333334,0.5185185185185185
219760,Move,0.24674479166666666,0.5254629629629629
219773.90000000037,Move,0.244140625,0.5300925925925926
219787.90000000037,Move,0.24153645833333334,0.5324074074074074
219794.7999999998,Move,0.24153645833333334,0.5347222222222222
219954.90000000037,Move,0.24153645833333334,0.5347222222222222
219973.7000000002,Move,0.24283854166666666,0.5324074074074074
219992.40000000037,Move,0.244140625,0.5347222222222222
220011.2000000002,Move,0.24544270833333334,0.5347222222222222
220030.7999999998,Move,0.24674479166666666,0.5347222222222222
220049.40000000037,Move,0.248046875,0.5347222222222222
220067.90000000037,Move,0.2506510416666667,0.5324074074074074
220087.40000000037,Move,0.2506510416666667,0.5324074074074074
220107.5,Move,0.251953125,0.5324074074074074
220127.59999999963,Move,0.2532552083333333,0.5324074074074074
220144.59999999963,Move,0.2532552083333333,0.5324074074074074
220163.59999999963,Move,0.2545572916666667,0.5324074074074074
220182.90000000037,Move,0.255859375,0.5300925925925926
220202.59999999963,Move,0.255859375,0.5300925925925926
220220.2999999998,Move,0.2571614583333333,0.5300925925925926
220239.59999999963,Move,0.2571614583333333,0.5277777777777778
220258.7000000002,Move,0.2584635416666667,0.5277777777777778
220315.7999999998,Move,0.2584635416666667,0.5277777777777778
220353.2999999998,Move,0.2584635416666667,0.5277777777777778
220373.2999999998,Move,0.2584635416666667,0.5277777777777778
220448.59999999963,Move,0.2584635416666667,0.5208333333333334
220456.7999999998,Move,0.2571614583333333,0.5092592592592593
220472.5,Move,0.2571614583333333,0.5023148148148148
220491.2999999998,Move,0.2571614583333333,0.4930555555555556
220506.7000000002,Move,0.2571614583333333,0.4837962962962963
220526.5,Move,0.2571614583333333,0.4699074074074074
220542.59999999963,Move,0.2571614583333333,0.46296296296296297
220555,Move,0.2584635416666667,0.4513888888888889
220575.2999999998,Move,0.2584635416666667,0.4398148148148148
220589.90000000037,Move,0.259765625,0.42592592592592593
220604.59999999963,Move,0.259765625,0.41898148148148145
220624.7999999998,Move,0.2610677083333333,0.4027777777777778
220638.2999999998,Move,0.2610677083333333,0.3912037037037037
220659.40000000037,Move,0.259765625,0.3819444444444444
220673.59999999963,Move,0.259765625,0.37037037037037035
220687.5,Move,0.2584635416666667,0.3611111111111111
220709.59999999963,Move,0.2584635416666667,0.34953703703703703
220723.2999999998,Move,0.255859375,0.33796296296296297
220738.5,Move,0.255859375,0.3287037037037037
220759.2999999998,Move,0.251953125,0.30324074074074076
220772.2000000002,Move,0.2506510416666667,0.29398148148148145
220786.59999999963,Move,0.248046875,0.2824074074074074
220806.59999999963,Move,0.24544270833333334,0.26851851851851855
220821,Move,0.24153645833333334,0.25
220841.7000000002,Move,0.23763020833333334,0.23148148148148148
220856.2000000002,Move,0.23502604166666666,0.2152777777777778
220870.09999999963,Move,0.232421875,0.2013888888888889
220891.2000000002,Move,0.22981770833333334,0.1875
220904.7000000002,Move,0.228515625,0.17824074074074073
220925.7000000002,Move,0.22591145833333334,0.16666666666666666
220939.7999999998,Move,0.224609375,0.1527777777777778
220946.2999999998,Move,0.224609375,0.15046296296296297
221081.2000000002,Move,0.22591145833333334,0.15046296296296297
221105.2000000002,Move,0.22591145833333334,0.15046296296296297
221129.2000000002,Move,0.22591145833333334,0.15046296296296297
221151,Move,0.228515625,0.15046296296296297
221174,Move,0.22981770833333334,0.15046296296296297
221219.7999999998,Move,0.22981770833333334,0.15046296296296297
221266.2000000002,Move,0.22981770833333334,0.1527777777777778
221289.2000000002,Move,0.22981770833333334,0.1527777777777778
221335.40000000037,Move,0.23111979166666666,0.1527777777777778
221357,Move,0.232421875,0.1527777777777778
221381.2999999998,Move,0.23372395833333334,0.1550925925925926
221405.40000000037,Move,0.23502604166666666,0.1550925925925926
221427.2000000002,Move,0.236328125,0.1574074074074074
221519.40000000037,Move,0.23763020833333334,0.1574074074074074
221526.7999999998,Move,0.23893229166666666,0.1597222222222222
221534,Move,0.23893229166666666,0.1597222222222222
221547.2000000002,Move,0.240234375,0.1574074074074074
221575.7999999998,Move,0.24153645833333334,0.1597222222222222
221589.59999999963,Move,0.24153645833333334,0.1597222222222222
221603.7000000002,Move,0.24153645833333334,0.16203703703703703
221624.40000000037,Move,0.24544270833333334,0.16435185185185186
221640.5,Move,0.248046875,0.16666666666666666
221659.59999999963,Move,0.2532552083333333,0.1712962962962963
221674.2999999998,Move,0.2571614583333333,0.1736111111111111
221688.2000000002,Move,0.2610677083333333,0.17824074074074073
221709.5,Move,0.2662760416666667,0.18287037037037038
221723.59999999963,Move,0.2701822916666667,0.18518518518518517
221737.09999999963,Move,0.2740885416666667,0.1875
221757.7000000002,Move,0.2805989583333333,0.19212962962962962
221772,Move,0.2858072916666667,0.19675925925925927
221786.90000000037,Move,0.291015625,0.2013888888888889
221807.2000000002,Move,0.298828125,0.20601851851851852
221821,Move,0.3040364583333333,0.21064814814814814
221841.7999999998,Move,0.3118489583333333,0.2152777777777778
221855.40000000037,Move,0.3170572916666667,0.2199074074074074
221876.59999999963,Move,0.3248697916666667,0.22453703703703703
221890.40000000037,Move,0.3287760416666667,0.22916666666666666
221904.90000000037,Move,0.333984375,0.23148148148148148
221925.40000000037,Move,0.341796875,0.23842592592592593
221939.7999999998,Move,0.3470052083333333,0.24074074074074073
221953.7999999998,Move,0.3509114583333333,0.24537037037037038
221974.2000000002,Move,0.3587239583333333,0.25
221988.59999999963,Move,0.3639322916666667,0.25462962962962965
222009.2999999998,Move,0.3704427083333333,0.25925925925925924
222023.59999999963,Move,0.3756510416666667,0.2638888888888889
222038,Move,0.380859375,0.2662037037037037
222058.40000000037,Move,0.388671875,0.27314814814814814
222073.7000000002,Move,0.3938802083333333,0.2777777777777778
222087.5,Move,0.3977864583333333,0.2800925925925926
222108.7999999998,Move,0.4055989583333333,0.28703703703703703
222122.2000000002,Move,0.412109375,0.2916666666666667
222143.09999999963,Move,0.4264322916666667,0.30324074074074076
222158.09999999963,Move,0.4368489583333333,0.3125
222172,Move,0.4485677083333333,0.32407407407407407
222192.7000000002,Move,0.466796875,0.3402777777777778
222205.7999999998,Move,0.478515625,0.34953703703703703
222226.5,Move,0.4954427083333333,0.3680555555555556
222241.59999999963,Move,0.5084635416666666,0.3819444444444444
222255.40000000037,Move,0.5319010416666666,0.4074074074074074
222275.90000000037,Move,0.576171875,0.4537037037037037
222290.5,Move,0.6061197916666666,0.4837962962962963
222310.5,Move,0.642578125,0.5162037037037037
222324.5,Move,0.6569010416666666,0.5300925925925926
222338.09999999963,Move,0.6634114583333334,0.5370370370370371
222453.2999999998,Move,0.6647135416666666,0.5370370370370371
222472,Move,0.6686197916666666,0.5370370370370371
222490.40000000037,Move,0.669921875,0.5370370370370371
222579.59999999963,Move,0.6712239583333334,0.5347222222222222
222669.59999999963,Move,0.6712239583333334,0.5347222222222222
222687.2000000002,Move,0.669921875,0.5347222222222222
222795,Move,0.669921875,0.5370370370370371
222831.59999999963,Move,0.669921875,0.5370370370370371
222849.7000000002,Move,0.6712239583333334,0.5370370370370371
222867.2999999998,Move,0.6751302083333334,0.5370370370370371
222886,Move,0.677734375,0.5370370370370371
222904.5,Move,0.6803385416666666,0.5370370370370371
222921.7000000002,Move,0.681640625,0.5370370370370371
222939.7999999998,Move,0.677734375,0.5324074074074074
222954.59999999963,Move,0.6569010416666666,0.5162037037037037
222975.40000000037,Move,0.5930989583333334,0.4675925925925926
222989.40000000037,Move,0.564453125,0.4444444444444444
223010.2000000002,Move,0.560546875,0.44212962962962965
223116.40000000037,Move,0.5592447916666666,0.44212962962962965
223123,Move,0.5592447916666666,0.4398148148148148
223143.7000000002,Move,0.556640625,0.4398148148148148
223424.2000000002,Move,0.556640625,0.4375
223431.2000000002,Move,0.5540364583333334,0.4375
223445.09999999963,Move,0.5475260416666666,0.43287037037037035
223460.5,Move,0.5358072916666666,0.4236111111111111
223472.7000000002,Move,0.4954427083333333,0.3912037037037037
223493.7999999998,Move,0.400390625,0.3148148148148148
223508,Move,0.3470052083333333,0.2708333333333333
223528.7000000002,Move,0.2897135416666667,0.22453703703703703
223542.90000000037,Move,0.2545572916666667,0.19444444444444445
223556.59999999963,Move,0.236328125,0.18055555555555555
223703.2000000002,Move,0.23763020833333334,0.18055555555555555
223711.7000000002,Move,0.23763020833333334,0.18055555555555555
223720.09999999963,Move,0.23893229166666666,0.18055555555555555
223744.2000000002,Move,0.240234375,0.17824074074074073
223761,Move,0.240234375,0.17824074074074073
223776.09999999963,Move,0.24153645833333334,0.17592592592592593
223792,Move,0.24283854166666666,0.17592592592592593
223807.7999999998,Move,0.244140625,0.1736111111111111
223815.7000000002,Move,0.24544270833333334,0.17592592592592593
223832,Move,0.24674479166666666,0.1736111111111111
223856.2999999998,Move,0.248046875,0.1736111111111111
223873.09999999963,Move,0.24934895833333334,0.1736111111111111
223889.5,Move,0.2506510416666667,0.1736111111111111
223895.7000000002,Move,0.251953125,0.1736111111111111
223927.59999999963,Move,0.2545572916666667,0.1736111111111111
223935.40000000037,Move,0.2545572916666667,0.1736111111111111
223960.09999999963,Move,0.2584635416666667,0.1712962962962963
223975.2999999998,Move,0.259765625,0.1712962962962963
223991.7999999998,Move,0.2610677083333333,0.1712962962962963
223999.2999999998,Move,0.2610677083333333,0.1712962962962963
224024.2999999998,Move,0.2623697916666667,0.1712962962962963
224032.2999999998,Move,0.263671875,0.1712962962962963
224048.09999999963,Move,0.263671875,0.1712962962962963
224104.40000000037,Move,0.2649739583333333,0.1712962962962963
224401.2000000002,Move,0.2662760416666667,0.1712962962962963
224409.7999999998,Move,0.2662760416666667,0.1736111111111111
224422.59999999963,Move,0.2662760416666667,0.1736111111111111
224436.90000000037,Move,0.2662760416666667,0.17592592592592593
224451.90000000037,Move,0.2662760416666667,0.17824074074074073
224471.2000000002,Move,0.2662760416666667,0.18055555555555555
224485.40000000037,Move,0.2649739583333333,0.18518518518518517
224492.2000000002,Move,0.2649739583333333,0.18518518518518517
224520.2000000002,Move,0.2662760416666667,0.19212962962962962
224542,Move,0.2662760416666667,0.19444444444444445
224555.2000000002,Move,0.2662760416666667,0.19675925925925927
224570,Move,0.2662760416666667,0.19907407407407407
224584.09999999963,Move,0.2662760416666667,0.2013888888888889
224604.90000000037,Move,0.2662760416666667,0.21064814814814814
224620.09999999963,Move,0.2662760416666667,0.2175925925925926
224633.90000000037,Move,0.267578125,0.22453703703703703
224655,Move,0.2688802083333333,0.24305555555555555
224667.7000000002,Move,0.2688802083333333,0.2523148148148148
224682.09999999963,Move,0.2701822916666667,0.26157407407407407
224702.7999999998,Move,0.2701822916666667,0.2662037037037037
224716.90000000037,Move,0.2701822916666667,0.26851851851851855
224732.2999999998,Move,0.2701822916666667,0.26851851851851855
224751.5,Move,0.2701822916666667,0.26851851851851855
224766.2999999998,Move,0.2688802083333333,0.27314814814814814
224786.59999999963,Move,0.2688802083333333,0.27546296296296297
224802.2000000002,Move,0.2688802083333333,0.27546296296296297
224821.90000000037,Move,0.2688802083333333,0.2800925925925926
224829,Move,0.2688802083333333,0.2824074074074074
224849.7999999998,Move,0.2688802083333333,0.2847222222222222
224871.40000000037,Move,0.2701822916666667,0.28703703703703703
224885.2999999998,Move,0.2701822916666667,0.28935185185185186
224899.2000000002,Move,0.271484375,0.29398148148148145
224912.7999999998,Move,0.271484375,0.29398148148148145
224933.90000000037,Move,0.271484375,0.2962962962962963
224954.7999999998,Move,0.2727864583333333,0.30092592592592593
224968.5,Move,0.2727864583333333,0.30787037037037035
224983.09999999963,Move,0.2740885416666667,0.3148148148148148
225004.7000000002,Move,0.2740885416666667,0.32407407407407407
225017.5,Move,0.2740885416666667,0.33101851851851855
225038.5,Move,0.275390625,0.3425925925925926
225052.59999999963,Move,0.275390625,0.35185185185185186
225066.5,Move,0.275390625,0.3587962962962963
225087.2000000002,Move,0.275390625,0.3773148148148148
225101.2000000002,Move,0.275390625,0.38425925925925924
225122.09999999963,Move,0.275390625,0.3958333333333333
225136.09999999963,Move,0.275390625,0.4027777777777778
225150.09999999963,Move,0.2740885416666667,0.4097222222222222
225171.90000000037,Move,0.2740885416666667,0.41435185185185186
225186.2000000002,Move,0.2740885416666667,0.4166666666666667
225199.90000000037,Move,0.2740885416666667,0.41898148148148145
225220.7999999998,Move,0.275390625,0.4236111111111111
225234.7999999998,Move,0.2740885416666667,0.4305555555555556
225248.90000000037,Move,0.2740885416666667,0.4375
225269.7999999998,Move,0.2727864583333333,0.44675925925925924
225283.59999999963,Move,0.2727864583333333,0.4537037037037037
225304.7000000002,Move,0.2727864583333333,0.4652777777777778
225318.5,Move,0.271484375,0.47453703703703703
225339.09999999963,Move,0.271484375,0.4861111111111111
225353.09999999963,Move,0.2701822916666667,0.5
225367.2999999998,Move,0.2701822916666667,0.5092592592592593
225383.59999999963,Move,0.2688802083333333,0.5162037037037037
225403.2000000002,Move,0.2688802083333333,0.5254629629629629
225418,Move,0.2688802083333333,0.5324074074074074
225437.90000000037,Move,0.2688802083333333,0.5393518518518519
225444.90000000037,Move,0.2688802083333333,0.5416666666666666
225458.90000000037,Move,0.2688802083333333,0.5416666666666666
225479.7999999998,Move,0.2688802083333333,0.5416666666666666
225493.7000000002,Move,0.2688802083333333,0.5393518518518519
225549.7000000002,Move,0.2688802083333333,0.5416666666666666
225577.40000000037,Move,0.2701822916666667,0.5393518518518519
225584.40000000037,Move,0.2688802083333333,0.5416666666666666
225605.2999999998,Move,0.2701822916666667,0.5439814814814815
225619.2999999998,Move,0.2701822916666667,0.5439814814814815
225635.2000000002,Move,0.2688802083333333,0.5462962962962963
225654,Move,0.2688802083333333,0.5509259259259259
225669.2000000002,Move,0.2688802083333333,0.5532407407407407
225809.59999999963,Move,0.2688802083333333,0.5532407407407407
225872,Move,0.267578125,0.5532407407407407
225904,Move,0.2662760416666667,0.5532407407407407
225999.5,Move,0.2662760416666667,0.5532407407407407
226027.40000000037,Move,0.2649739583333333,0.5532407407407407
226062.2000000002,Move,0.263671875,0.5532407407407407
226090,Move,0.2623697916666667,0.5532407407407407
226125.2999999998,Move,0.2610677083333333,0.5532407407407407
226151.59999999963,Move,0.259765625,0.5532407407407407
226183.40000000037,Move,0.259765625,0.5532407407407407
226276.59999999963,Move,0.2610677083333333,0.5509259259259259
226284.2999999998,Move,0.2623697916666667,0.5509259259259259
226304.7999999998,Move,0.2662760416666667,0.5486111111111112
226320,Move,0.2688802083333333,0.5486111111111112
226332.7000000002,Move,0.271484375,0.5486111111111112
226353.5,Move,0.275390625,0.5486111111111112
226367.90000000037,Move,0.2779947916666667,0.5462962962962963
226388.5,Move,0.2819010416666667,0.5462962962962963
226402.90000000037,Move,0.283203125,0.5462962962962963
226417.2000000002,Move,0.2858072916666667,0.5462962962962963
226439.09999999963,Move,0.2897135416666667,0.5462962962962963
226451.59999999963,Move,0.2923177083333333,0.5439814814814815
226465.40000000037,Move,0.294921875,0.5439814814814815
226486.59999999963,Move,0.2975260416666667,0.5439814814814815
226500.09999999963,Move,0.3001302083333333,0.5439814814814815
226522.2000000002,Move,0.3040364583333333,0.5416666666666666
226536.40000000037,Move,0.306640625,0.5416666666666666
226550.7000000002,Move,0.3092447916666667,0.5393518518518519
226571.09999999963,Move,0.3131510416666667,0.5393518518518519
226585.2000000002,Move,0.3157552083333333,0.5370370370370371
226599.40000000037,Move,0.318359375,0.5347222222222222
226620.2999999998,Move,0.322265625,0.5347222222222222
226634,Move,0.3248697916666667,0.5324074074074074
226655.7999999998,Move,0.3287760416666667,0.5300925925925926
226669.40000000037,Move,0.3313802083333333,0.5277777777777778
226683.09999999963,Move,0.333984375,0.5254629629629629
226703.59999999963,Move,0.337890625,0.5208333333333334
226718.7000000002,Move,0.3404947916666667,0.5185185185185185
226732.7999999998,Move,0.3430989583333333,0.5162037037037037
226752.7999999998,Move,0.3470052083333333,0.5138888888888888
226766.7000000002,Move,0.349609375,0.5115740740740741
226787.7000000002,Move,0.353515625,0.5069444444444444
226801.2000000002,Move,0.3561197916666667,0.5046296296296297
226815,Move,0.3587239583333333,0.5023148148148148
226836.59999999963,Move,0.3626302083333333,0.4976851851851852
226850.90000000037,Move,0.365234375,0.4976851851851852
226871.90000000037,Move,0.369140625,0.4930555555555556
226878.90000000037,Move,0.3704427083333333,0.4930555555555556
226940.2999999998,Move,0.3704427083333333,0.4930555555555556
226998.7999999998,Move,0.369140625,0.49074074074074076
227056.59999999963,Move,0.3678385416666667,0.49074074074074076
227087.09999999963,Move,0.3678385416666667,0.49074074074074076
227115,Move,0.3665364583333333,0.49074074074074076
227146.5,Move,0.365234375,0.48842592592592593
227201.2999999998,Move,0.3639322916666667,0.48842592592592593
227230,Move,0.3639322916666667,0.4861111111111111
227261.59999999963,Move,0.3626302083333333,0.4861111111111111
227346.90000000037,Move,0.3678385416666667,0.48842592592592593
227354.40000000037,Move,0.3756510416666667,0.48842592592592593
227368.2999999998,Move,0.3834635416666667,0.48842592592592593
227382.5,Move,0.392578125,0.49074074074074076
227403.7000000002,Move,0.4016927083333333,0.49074074074074076
227417.40000000037,Move,0.4095052083333333,0.4930555555555556
227439.09999999963,Move,0.423828125,0.4930555555555556
227452.5,Move,0.431640625,0.49537037037037035
227466.40000000037,Move,0.4368489583333333,0.49537037037037035
227487.5,Move,0.455078125,0.4976851851851852
227502.7999999998,Move,0.4654947916666667,0.5
227515.90000000037,Move,0.4759114583333333,0.5
227537.09999999963,Move,0.490234375,0.5023148148148148
227550.7999999998,Move,0.501953125,0.5046296296296297
227571.5,Move,0.5162760416666666,0.5069444444444444
227585.2999999998,Move,0.5279947916666666,0.5069444444444444
227600.7000000002,Move,0.5345052083333334,0.5069444444444444
227620.40000000037,Move,0.5462239583333334,0.5092592592592593
227634.2999999998,Move,0.5540364583333334,0.5092592592592593
227649.59999999963,Move,0.5618489583333334,0.5092592592592593
227670.5,Move,0.5709635416666666,0.5115740740740741
227684.09999999963,Move,0.5787760416666666,0.5115740740740741
227704.59999999963,Move,0.5904947916666666,0.5115740740740741
227718.7999999998,Move,0.6022135416666666,0.5138888888888888
227732.5,Move,0.611328125,0.5138888888888888
227753.5,Move,0.6217447916666666,0.5138888888888888
227767.09999999963,Move,0.6295572916666666,0.5138888888888888
227788.90000000037,Move,0.638671875,0.5138888888888888
227803.59999999963,Move,0.6477864583333334,0.5138888888888888
227816.2999999998,Move,0.658203125,0.5162037037037037
227837.7999999998,Move,0.6686197916666666,0.5162037037037037
227851.59999999963,Move,0.681640625,0.5162037037037037
227867,Move,0.6868489583333334,0.5162037037037037
227887.5,Move,0.6985677083333334,0.5162037037037037
227900.7999999998,Move,0.705078125,0.5185185185185185
227921.59999999963,Move,0.7154947916666666,0.5185185185185185
227935.7000000002,Move,0.7220052083333334,0.5185185185185185
227950.5,Move,0.724609375,0.5185185185185185
227970.59999999963,Move,0.7415364583333334,0.5208333333333334
228103,Move,0.740234375,0.5185185185185185
228116.2000000002,Move,0.740234375,0.5208333333333334
228128.2000000002,Move,0.740234375,0.5185185185185185
228139.90000000037,Move,0.740234375,0.5185185185185185
228151.7999999998,Move,0.740234375,0.5162037037037037
228163.40000000037,Move,0.740234375,0.5138888888888888
228188.09999999963,Move,0.740234375,0.5092592592592593
228207.7000000002,Move,0.740234375,0.5069444444444444
228211.7999999998,Move,0.740234375,0.5069444444444444
228235.7000000002,Move,0.740234375,0.5
228247.2999999998,Move,0.740234375,0.5
228271.40000000037,Move,0.7389322916666666,0.49537037037037035
228283.2999999998,Move,0.7389322916666666,0.4930555555555556
228295.2000000002,Move,0.7389322916666666,0.49074074074074076
228319.40000000037,Move,0.7376302083333334,0.48842592592592593
228331,Move,0.7376302083333334,0.4861111111111111
228355,Move,0.7376302083333334,0.48148148148148145
228380,Move,0.7389322916666666,0.48148148148148145
228415.7999999998,Move,0.7389322916666666,0.48148148148148145
228511.90000000037,Move,0.7389322916666666,0.48148148148148145
228519.59999999963,Move,0.7376302083333334,0.48148148148148145
228554.5,Move,0.7376302083333334,0.48148148148148145
228575.40000000037,Move,0.736328125,0.48148148148148145
228603.2999999998,Move,0.7350260416666666,0.48148148148148145
228617.40000000037,Move,0.732421875,0.4837962962962963
228638.2999999998,Move,0.7298177083333334,0.4837962962962963
228652.2000000002,Move,0.728515625,0.4837962962962963
228659.5,Move,0.7272135416666666,0.48148148148148145
228694.2999999998,Move,0.7272135416666666,0.48148148148148145
228701.09999999963,Move,0.7259114583333334,0.4837962962962963
228715.40000000037,Move,0.724609375,0.4837962962962963
228737.09999999963,Move,0.724609375,0.48148148148148145
228751.2000000002,Move,0.7233072916666666,0.48148148148148145
228772,Move,0.720703125,0.48148148148148145
228785.7999999998,Move,0.7194010416666666,0.48148148148148145
228800.09999999963,Move,0.7180989583333334,0.48148148148148145
228806.7999999998,Move,0.716796875,0.48148148148148145
228827.90000000037,Move,0.7154947916666666,0.4791666666666667
228855.90000000037,Move,0.7154947916666666,0.4791666666666667
228877.09999999963,Move,0.7141927083333334,0.4791666666666667
228884,Move,0.7141927083333334,0.4791666666666667
228904.59999999963,Move,0.7115885416666666,0.4791666666666667
228918.7000000002,Move,0.7102864583333334,0.4791666666666667
228932.7999999998,Move,0.7076822916666666,0.4791666666666667
228953.59999999963,Move,0.7024739583333334,0.47685185185185186
228967.2999999998,Move,0.6998697916666666,0.47685185185185186
228988.59999999963,Move,0.6959635416666666,0.47685185185185186
229002.59999999963,Move,0.693359375,0.4791666666666667
229016.5,Move,0.689453125,0.4791666666666667
229037.2999999998,Move,0.685546875,0.4791666666666667
229051.40000000037,Move,0.6829427083333334,0.4791666666666667
229072.2000000002,Move,0.6803385416666666,0.4791666666666667
229086,Move,0.6764322916666666,0.4791666666666667
229101.09999999963,Move,0.673828125,0.48148148148148145
229122.09999999963,Move,0.669921875,0.48148148148148145
229135.90000000037,Move,0.666015625,0.48148148148148145
229150,Move,0.6634114583333334,0.48148148148148145
229170.90000000037,Move,0.6595052083333334,0.48148148148148145
229185.09999999963,Move,0.6569010416666666,0.48148148148148145
229205.90000000037,Move,0.6516927083333334,0.48148148148148145
229219.59999999963,Move,0.6490885416666666,0.48148148148148145
229233.7000000002,Move,0.646484375,0.48148148148148145
229254.59999999963,Move,0.642578125,0.48148148148148145
229268.59999999963,Move,0.638671875,0.4837962962962963
229282.59999999963,Move,0.634765625,0.4837962962962963
229303.40000000037,Move,0.626953125,0.48148148148148145
229317.5,Move,0.6217447916666666,0.48148148148148145
229338.2000000002,Move,0.6139322916666666,0.4791666666666667
229352.09999999963,Move,0.6087239583333334,0.47685185185185186
229366,Move,0.6022135416666666,0.47453703703703703
229388,Move,0.5891927083333334,0.4675925925925926
229402,Move,0.576171875,0.4583333333333333
229416,Move,0.5657552083333334,0.44907407407407407
229437,Move,0.5553385416666666,0.44212962962962965
229451,Move,0.552734375,0.4398148148148148
229472.2999999998,Move,0.5397135416666666,0.43287037037037035
229486.09999999963,Move,0.5384114583333334,0.43287037037037035
229500.2000000002,Move,0.5358072916666666,0.43287037037037035
229513.7999999998,Move,0.5345052083333334,0.4305555555555556
229535.09999999963,Move,0.533203125,0.4305555555555556
229555.7000000002,Move,0.5266927083333334,0.4305555555555556
229562.7000000002,Move,0.525390625,0.4305555555555556
229709.2000000002,Move,0.5266927083333334,0.42824074074074076
229889.7000000002,Move,0.5266927083333334,0.42824074074074076
230005.7000000002,Move,0.5279947916666666,0.42592592592592593
230064.2000000002,Move,0.5279947916666666,0.42592592592592593
230123,Move,0.529296875,0.4236111111111111
230182.7000000002,Move,0.529296875,0.4236111111111111
230242.2999999998,Move,0.5305989583333334,0.42592592592592593
230258.5,Move,0.5305989583333334,0.43287037037037035
230274.59999999963,Move,0.5305989583333334,0.4351851851851852
230282.5,Move,0.5305989583333334,0.4398148148148148
230306.40000000037,Move,0.5305989583333334,0.44212962962962965
230324.7999999998,Move,0.5319010416666666,0.44675925925925924
230338.2999999998,Move,0.5319010416666666,0.4513888888888889
230346.2000000002,Move,0.533203125,0.45601851851851855
230362.40000000037,Move,0.533203125,0.4583333333333333
230387.40000000037,Move,0.5345052083333334,0.46064814814814814
230410.09999999963,Move,0.5358072916666666,0.4652777777777778
230419.7000000002,Move,0.5358072916666666,0.4675925925925926
230443.5,Move,0.537109375,0.47453703703703703
230451.5,Move,0.5384114583333334,0.47685185185185186
230475.7000000002,Move,0.5397135416666666,0.4791666666666667
230491.2999999998,Move,0.5397135416666666,0.4837962962962963
230506.90000000037,Move,0.541015625,0.48842592592592593
230523,Move,0.541015625,0.4930555555555556
230539.90000000037,Move,0.541015625,0.49537037037037035
230547,Move,0.541015625,0.4976851851851852
230571.5,Move,0.5423177083333334,0.5046296296296297
230588.40000000037,Move,0.5423177083333334,0.5069444444444444
230604.7000000002,Move,0.5423177083333334,0.5115740740740741
230626.40000000037,Move,0.5423177083333334,0.5162037037037037
230642.2999999998,Move,0.5423177083333334,0.5208333333333334
230658.2999999998,Move,0.541015625,0.5254629629629629
230674.2999999998,Move,0.541015625,0.5300925925925926
230690.2999999998,Move,0.541015625,0.5370370370370371
230706.2000000002,Move,0.5397135416666666,0.5439814814814815
230722.7000000002,Move,0.5397135416666666,0.5486111111111112
230738.09999999963,Move,0.5397135416666666,0.5532407407407407
230755.09999999963,Move,0.5384114583333334,0.5578703703703703
230771.2999999998,Move,0.5384114583333334,0.5601851851851852
230788,Move,0.537109375,0.5717592592592593
230803.09999999963,Move,0.537109375,0.5763888888888888
230820.2000000002,Move,0.537109375,0.5810185185185185
230842.7999999998,Move,0.5358072916666666,0.5925925925925926
230858.7000000002,Move,0.5345052083333334,0.5972222222222222
230874.7000000002,Move,0.533203125,0.6018518518518519
230892.09999999963,Move,0.533203125,0.6041666666666666
230908.2000000002,Move,0.5319010416666666,0.6111111111111112
230922.7000000002,Move,0.5319010416666666,0.6157407407407407
231377.59999999963,Move,0.5358072916666666,0.6157407407407407
231387.2999999998,Move,0.5358072916666666,0.6111111111111112
231401.7999999998,Move,0.5358072916666666,0.6041666666666666
231426.59999999963,Move,0.537109375,0.5949074074074074
231441.2000000002,Move,0.537109375,0.5879629629629629
231458.40000000037,Move,0.537109375,0.5810185185185185
231474,Move,0.5384114583333334,0.5763888888888888
231489.7999999998,Move,0.5384114583333334,0.5694444444444444
231505.59999999963,Move,0.5397135416666666,0.5648148148148148
231521.7999999998,Move,0.5397135416666666,0.5578703703703703
231537.7999999998,Move,0.541015625,0.5509259259259259
231553.2999999998,Move,0.5423177083333334,0.5462962962962963
231570.7999999998,Move,0.5436197916666666,0.5393518518518519
231587.09999999963,Move,0.5436197916666666,0.5324074074074074
231610.09999999963,Move,0.544921875,0.5254629629629629
231626,Move,0.5462239583333334,0.5185185185185185
231642.2000000002,Move,0.5475260416666666,0.5115740740740741
231657.7999999998,Move,0.548828125,0.5046296296296297
231673.2999999998,Move,0.548828125,0.5
231689.7999999998,Move,0.5501302083333334,0.4930555555555556
231707.2000000002,Move,0.5514322916666666,0.4861111111111111
231723,Move,0.5514322916666666,0.48148148148148145
231740,Move,0.552734375,0.47453703703703703
231754.7999999998,Move,0.552734375,0.4675925925925926
231769.7000000002,Move,0.552734375,0.46064814814814814
231793.2000000002,Move,0.5540364583333334,0.4513888888888889
231803.7000000002,Move,0.5540364583333334,0.44675925925925924
231826.5,Move,0.5540364583333334,0.4375
231842.5,Move,0.552734375,0.4305555555555556
231851.2000000002,Move,0.552734375,0.42824074074074076
231876,Move,0.552734375,0.4166666666666667
231890,Move,0.552734375,0.4097222222222222
231905.2000000002,Move,0.552734375,0.4027777777777778
231922.40000000037,Move,0.5514322916666666,0.3958333333333333
231939.2000000002,Move,0.5514322916666666,0.38657407407407407
231954.2000000002,Move,0.5501302083333334,0.37962962962962965
231969.59999999963,Move,0.5501302083333334,0.3726851851851852
231985.90000000037,Move,0.548828125,0.36342592592592593
232010,Move,0.548828125,0.35185185185185186
232018.2000000002,Move,0.5475260416666666,0.3472222222222222
232043.2999999998,Move,0.5475260416666666,0.33796296296296297
232058.5,Move,0.5462239583333334,0.3287037037037037
232075.7000000002,Move,0.544921875,0.32175925925925924
232091.90000000037,Move,0.544921875,0.3125
232105.5,Move,0.5436197916666666,0.3055555555555556
232122.2000000002,Move,0.5423177083333334,0.2986111111111111
232137.90000000037,Move,0.5423177083333334,0.28935185185185186
232155.59999999963,Move,0.5423177083333334,0.2824074074074074
232170,Move,0.541015625,0.27314814814814814
232185.7999999998,Move,0.5397135416666666,0.2662037037037037
232210,Move,0.5397135416666666,0.25462962962962965
232225.5,Move,0.5397135416666666,0.24537037037037038
232241.40000000037,Move,0.5384114583333334,0.23842592592592593
232257.2000000002,Move,0.5384114583333334,0.23148148148148148
232273.40000000037,Move,0.5384114583333334,0.22453703703703703
232281.2000000002,Move,0.5384114583333334,0.2222222222222222
232377.7000000002,Move,0.5397135416666666,0.2222222222222222
232442.5,Move,0.5397135416666666,0.2222222222222222
232474.2999999998,Move,0.541015625,0.2222222222222222
232506.7999999998,Move,0.5436197916666666,0.2222222222222222
232538.90000000037,Move,0.5436197916666666,0.2222222222222222
232570.59999999963,Move,0.544921875,0.2222222222222222
232879.7000000002,Released,0.544921875,0.2222222222222222
232931.2000000002,Released,0.4869791666666667,0.6331018518518519