resolution:1536,864
181044,Pressed,0.3190104166666667,0.5428240740740741
181536,Move,0.318359375,0.5439814814814815
181541,Move,0.318359375,0.5428240740740741
181556,Move,0.3190104166666667,0.5416666666666666
181576,Move,0.3196614583333333,0.5370370370370371
181590,Move,0.3203125,0.5358796296296297
181604,Move,0.3209635416666667,0.5347222222222222
181624,Move,0.322265625,0.53125
181638,Move,0.3229166666666667,0.5289351851851852
181653,Move,0.3248697916666667,0.5208333333333334
181673,Move,0.3294270833333333,0.5069444444444444
181681,Move,0.33203125,0.4988425925925926
181702,Move,0.337890625,0.4837962962962963
181715,Move,0.34375,0.4664351851851852
181737,Move,0.3548177083333333,0.43171296296296297
181757,Move,0.3645833333333333,0.38425925925925924
181772,Move,0.3684895833333333,0.3541666666666667
181786,Move,0.3717447916666667,0.33217592592592593
181807,Move,0.375,0.3090277777777778
181819,Move,0.3763020833333333,0.30439814814814814
181835,Move,0.3763020833333333,0.3020833333333333
181855,Move,0.376953125,0.29976851851851855
181870,Move,0.3782552083333333,0.2962962962962963
181889,Move,0.37890625,0.29398148148148145
181905,Move,0.37890625,0.2916666666666667
181918,Move,0.37890625,0.29050925925925924
181942,Move,0.3802083333333333,0.2824074074074074
181950,Move,0.380859375,0.2800925925925926
181974,Move,0.3815104166666667,0.2743055555555556
182072,Move,0.3815104166666667,0.2743055555555556
182090,Move,0.3821614583333333,0.27546296296296297
182111,Move,0.3821614583333333,0.27546296296296297
182124,Move,0.3821614583333333,0.27546296296296297
182144,Move,0.3828125,0.27546296296296297
182162,Move,0.3834635416666667,0.27546296296296297
182179,Move,0.3841145833333333,0.2743055555555556
182198,Move,0.3854166666666667,0.2743055555555556
182217,Move,0.38671875,0.2743055555555556
182243,Move,0.3893229166666667,0.2743055555555556
182252,Move,0.3899739583333333,0.2743055555555556
182269,Move,0.3899739583333333,0.2743055555555556
182289,Move,0.3899739583333333,0.2743055555555556
182309,Move,0.3899739583333333,0.2743055555555556
182324,Move,0.390625,0.2743055555555556
182341,Move,0.390625,0.2743055555555556
182361,Move,0.390625,0.2743055555555556
182381,Move,0.390625,0.2743055555555556
182399,Move,0.3919270833333333,0.27314814814814814
182407,Move,0.3919270833333333,0.27314814814814814
182432,Move,0.3951822916666667,0.2708333333333333
182458,Move,0.3984375,0.26967592592592593
182470,Move,0.3997395833333333,0.26851851851851855
182487,Move,0.4016927083333333,0.26851851851851855
182506,Move,0.40234375,0.2673611111111111
182519,Move,0.4049479166666667,0.2662037037037037
182543,Move,0.4095052083333333,0.26273148148148145
182558,Move,0.4153645833333333,0.25925925925925924
182574,Move,0.421875,0.25462962962962965
182583,Move,0.4264322916666667,0.2511574074074074
182607,Move,0.4401041666666667,0.24074074074074073
182623,Move,0.4446614583333333,0.23726851851851852
182639,Move,0.4466145833333333,0.2349537037037037
182655,Move,0.447265625,0.2337962962962963
182674,Move,0.44921875,0.2337962962962963
182688,Move,0.4505208333333333,0.2337962962962963
182704,Move,0.4524739583333333,0.23032407407407407
182721,Move,0.4544270833333333,0.22916666666666666
182727,Move,0.4557291666666667,0.22800925925925927
182758,Move,0.458984375,0.22569444444444445
182774,Move,0.4622395833333333,0.22453703703703703
182790,Move,0.4635416666666667,0.2222222222222222
182808,Move,0.46484375,0.22106481481481483
182814,Move,0.4674479166666667,0.2199074074074074
182839,Move,0.474609375,0.21412037037037038
182855,Move,0.48046875,0.21064814814814814
182871,Move,0.4856770833333333,0.20601851851851852
182889,Move,0.4921875,0.2013888888888889
182907,Move,0.4993489583333333,0.19675925925925927
182918,Move,0.5065104166666666,0.19212962962962962
182944,Move,0.5169270833333334,0.18518518518518517
182951,Move,0.51953125,0.1840277777777778
182967,Move,0.5240885416666666,0.18171296296296297
182990,Move,0.529296875,0.17824074074074073
183007,Move,0.5299479166666666,0.17824074074074073
183024,Move,0.5325520833333334,0.17592592592592593
183039,Move,0.5364583333333334,0.1736111111111111
183058,Move,0.5416666666666666,0.1712962962962963
183070,Move,0.5462239583333334,0.16898148148148148
183086,Move,0.5514322916666666,0.16666666666666666
183104,Move,0.5572916666666666,0.16435185185185186
183121,Move,0.5631510416666666,0.16087962962962962
183143,Move,0.5748697916666666,0.1550925925925926
183159,Move,0.5807291666666666,0.15046296296296297
183176,Move,0.5852864583333334,0.14814814814814814
183192,Move,0.58984375,0.14583333333333334
183200,Move,0.5904947916666666,0.14583333333333334
183224,Move,0.5924479166666666,0.14351851851851852
183239,Move,0.5924479166666666,0.14351851851851852
183256,Move,0.5924479166666666,0.14351851851851852
183273,Move,0.5924479166666666,0.14467592592592593
183291,Move,0.5924479166666666,0.14467592592592593
183304,Move,0.591796875,0.14467592592592593
183319,Move,0.5924479166666666,0.14467592592592593
183337,Move,0.5924479166666666,0.14467592592592593
183359,Move,0.5924479166666666,0.14467592592592593
183367,Move,0.5930989583333334,0.14351851851851852
183376,Move,0.59375,0.14351851851851852
183509,Move,0.59375,0.14467592592592593
183536,Move,0.59375,0.14467592592592593
183560,Move,0.59375,0.14467592592592593
183587,Move,0.59375,0.14583333333333334
183613,Move,0.59375,0.14699074074074073
183640,Move,0.59375,0.15046296296296297
183665,Move,0.59375,0.1527777777777778
183691,Move,0.59375,0.1550925925925926
183717,Move,0.59375,0.1550925925925926
183743,Move,0.59375,0.1550925925925926
183769,Move,0.59375,0.1550925925925926
183795,Move,0.59375,0.1550925925925926
183823,Move,0.5944010416666666,0.1550925925925926
183829,Move,0.5944010416666666,0.1550925925925926
183835,Move,0.5950520833333334,0.1550925925925926
183858,Move,0.595703125,0.1550925925925926
183864,Move,0.5963541666666666,0.1550925925925926
183887,Move,0.59765625,0.1550925925925926
183906,Move,0.5983072916666666,0.1550925925925926
183921,Move,0.6002604166666666,0.1550925925925926
183934,Move,0.6022135416666666,0.1550925925925926
183955,Move,0.6080729166666666,0.1550925925925926
183977,Move,0.6158854166666666,0.15625
183986,Move,0.6171875,0.1574074074074074
184004,Move,0.6178385416666666,0.1574074074074074
184016,Move,0.6171875,0.15856481481481483
184040,Move,0.6184895833333334,0.15856481481481483
184053,Move,0.6184895833333334,0.1597222222222222
184075,Move,0.619140625,0.1597222222222222
184088,Move,0.6197916666666666,0.1597222222222222
184096,Move,0.619140625,0.15856481481481483
184124,Move,0.6197916666666666,0.15856481481481483
184137,Move,0.6197916666666666,0.15856481481481483
184159,Move,0.62109375,0.15856481481481483
184172,Move,0.62109375,0.15856481481481483
184180,Move,0.62109375,0.15856481481481483
184207,Move,0.6217447916666666,0.15856481481481483
184224,Move,0.6223958333333334,0.15856481481481483
184243,Move,0.6236979166666666,0.1597222222222222
184249,Move,0.6236979166666666,0.1597222222222222
184264,Move,0.625,0.1597222222222222
184291,Move,0.62890625,0.1597222222222222
184306,Move,0.6315104166666666,0.1597222222222222
184321,Move,0.6334635416666666,0.1597222222222222
184342,Move,0.63671875,0.1597222222222222
184356,Move,0.6393229166666666,0.1597222222222222
184371,Move,0.6432291666666666,0.15856481481481483
184384,Move,0.6458333333333334,0.15856481481481483
184407,Move,0.6490885416666666,0.15856481481481483
184418,Move,0.6497395833333334,0.15856481481481483
184432,Move,0.6497395833333334,0.15856481481481483
184460,Move,0.650390625,0.1597222222222222
184475,Move,0.6497395833333334,0.1597222222222222
184489,Move,0.6497395833333334,0.1597222222222222
184509,Move,0.6510416666666666,0.1597222222222222
184516,Move,0.6510416666666666,0.1597222222222222
184537,Move,0.65234375,0.1597222222222222
184544,Move,0.65234375,0.1597222222222222
184609,Move,0.65234375,0.1597222222222222
184692,Move,0.65234375,0.16203703703703703
184775,Move,0.65234375,0.16435185185185186
184860,Move,0.65234375,0.16435185185185186
184941,Move,0.65234375,0.16435185185185186
185026,Move,0.65234375,0.16435185185185186
185109,Move,0.6529947916666666,0.16666666666666666
185118,Move,0.6529947916666666,0.16666666666666666
185138,Move,0.65234375,0.16782407407407407
185158,Move,0.65234375,0.16898148148148148
185173,Move,0.6529947916666666,0.1701388888888889
185187,Move,0.6536458333333334,0.1736111111111111
185207,Move,0.6549479166666666,0.17708333333333334
185222,Move,0.6555989583333334,0.18055555555555555
185239,Move,0.6555989583333334,0.18287037037037038
185257,Move,0.6555989583333334,0.18287037037037038
185271,Move,0.6555989583333334,0.1840277777777778
185285,Move,0.6555989583333334,0.1840277777777778
185307,Move,0.6569010416666666,0.1875
185313,Move,0.6575520833333334,0.1886574074074074
185340,Move,0.6588541666666666,0.19444444444444445
185354,Move,0.6595052083333334,0.19560185185185186
185364,Move,0.66015625,0.19560185185185186
185386,Move,0.66015625,0.19675925925925927
185389,Move,0.66015625,0.19675925925925927
185425,Move,0.6614583333333334,0.2013888888888889
185438,Move,0.6627604166666666,0.2048611111111111
185452,Move,0.6634114583333334,0.20601851851851852
185474,Move,0.6653645833333334,0.21064814814814814
185480,Move,0.666015625,0.21180555555555555
185501,Move,0.6686197916666666,0.2175925925925926
185523,Move,0.6712239583333334,0.22337962962962962
185536,Move,0.6731770833333334,0.22685185185185186
185552,Move,0.6751302083333334,0.23032407407407407
185562,Move,0.67578125,0.2326388888888889
185593,Move,0.6809895833333334,0.24189814814814814
185606,Move,0.6822916666666666,0.24537037037037038
185620,Move,0.6842447916666666,0.2488425925925926
185642,Move,0.6868489583333334,0.25462962962962965
185650,Move,0.6875,0.2569444444444444
185670,Move,0.69140625,0.26273148148148145
185690,Move,0.6927083333333334,0.2708333333333333
185706,Move,0.6946614583333334,0.2743055555555556
185721,Move,0.6966145833333334,0.2789351851851852
185725,Move,0.6966145833333334,0.2800925925925926
185754,Move,0.7018229166666666,0.2951388888888889
185774,Move,0.7057291666666666,0.3101851851851852
185788,Move,0.7083333333333334,0.32175925925925924
185804,Move,0.7109375,0.3333333333333333
185817,Move,0.7135416666666666,0.34837962962962965
185837,Move,0.7200520833333334,0.3958333333333333
185861,Move,0.7252604166666666,0.4398148148148148
185874,Move,0.7272135416666666,0.45601851851851855
185887,Move,0.728515625,0.4675925925925926
185901,Move,0.732421875,0.4895833333333333
185922,Move,0.734375,0.4976851851851852
185944,Move,0.7356770833333334,0.5023148148148148
185956,Move,0.7376302083333334,0.5115740740740741
185972,Move,0.7395833333333334,0.5185185185185185
185985,Move,0.740234375,0.5196759259259259
186128,Move,0.740234375,0.5162037037037037
186225,Move,0.740234375,0.5162037037037037
186319,Move,0.740234375,0.5162037037037037
186412,Move,0.740234375,0.5162037037037037
186508,Move,0.740234375,0.5162037037037037
186605,Move,0.740234375,0.5162037037037037
186699,Move,0.740234375,0.5162037037037037
186793,Move,0.740234375,0.5138888888888888
186890,Move,0.740234375,0.5115740740740741
186986,Move,0.7330729166666666,0.5115740740740741
186994,Move,0.716796875,0.5150462962962963
187007,Move,0.6536458333333334,0.5393518518518519
187020,Move,0.6009114583333334,0.5717592592592593
187035,Move,0.59765625,0.5740740740740741
187055,Move,0.59765625,0.5740740740740741
187070,Move,0.59765625,0.5740740740740741
187084,Move,0.59765625,0.5740740740740741
187106,Move,0.59765625,0.5740740740740741
187126,Move,0.5944010416666666,0.5763888888888888
187140,Move,0.59375,0.5763888888888888
187154,Move,0.59375,0.5763888888888888
187174,Move,0.59375,0.5763888888888888
187182,Move,0.59375,0.5763888888888888
187203,Move,0.59375,0.5763888888888888
187226,Move,0.59375,0.5763888888888888
187238,Move,0.59375,0.5763888888888888
187254,Move,0.59375,0.5763888888888888
187275,Move,0.59375,0.5763888888888888
187287,Move,0.59375,0.5763888888888888
187309,Move,0.59375,0.5763888888888888
187323,Move,0.59375,0.5763888888888888
187338,Move,0.59375,0.5763888888888888
187357,Move,0.5833333333333334,0.5694444444444444
187372,Move,0.5598958333333334,0.5706018518518519
187392,Move,0.4212239583333333,0.5682870370370371
187405,Move,0.3372395833333333,0.5486111111111112
187416,Move,0.306640625,0.5439814814814815
187441,Move,0.21158854166666666,0.5439814814814815
187586,Move,0.21223958333333334,0.5428240740740741
187594,Move,0.212890625,0.5428240740740741
187607,Move,0.21354166666666666,0.5416666666666666
187625,Move,0.21484375,0.5405092592592593
187633,Move,0.21484375,0.5405092592592593
187657,Move,0.21549479166666666,0.5393518518518519
187673,Move,0.216796875,0.5393518518518519
187688,Move,0.21809895833333334,0.5381944444444444
187709,Move,0.21940104166666666,0.5370370370370371
187721,Move,0.22005208333333334,0.5370370370370371
187737,Move,0.220703125,0.5358796296296297
187752,Move,0.22200520833333334,0.5347222222222222
187772,Move,0.22200520833333334,0.5347222222222222
187793,Move,0.22330729166666666,0.5335648148148148
187808,Move,0.224609375,0.5324074074074074
187825,Move,0.22526041666666666,0.53125
187833,Move,0.22591145833333334,0.53125
187848,Move,0.2265625,0.5300925925925926
187872,Move,0.228515625,0.5289351851851852
187889,Move,0.22981770833333334,0.5277777777777778
187904,Move,0.23046875,0.5266203703703703
187919,Move,0.23177083333333334,0.5266203703703703
187941,Move,0.23502604166666666,0.5277777777777778
187957,Move,0.23567708333333334,0.5277777777777778
187971,Move,0.23763020833333334,0.5300925925925926
187992,Move,0.24609375,0.5289351851851852
188005,Move,0.25390625,0.5289351851851852
188023,Move,0.26171875,0.5277777777777778
188043,Move,0.2760416666666667,0.5254629629629629
188055,Move,0.2877604166666667,0.5219907407407407
188077,Move,0.3059895833333333,0.5162037037037037
188091,Move,0.3177083333333333,0.5115740740740741
188106,Move,0.3313802083333333,0.5069444444444444
188119,Move,0.3430989583333333,0.5011574074074074
188140,Move,0.361328125,0.4930555555555556
188157,Move,0.3736979166666667,0.48726851851851855
188168,Move,0.3854166666666667,0.48148148148148145
188189,Move,0.4036458333333333,0.47453703703703703
188203,Move,0.416015625,0.46875
188224,Move,0.4342447916666667,0.46296296296296297
188238,Move,0.4459635416666667,0.46064814814814814
188259,Move,0.4680989583333333,0.45601851851851855
188277,Move,0.494140625,0.46064814814814814
188289,Move,0.5221354166666666,0.47453703703703703
188308,Move,0.5611979166666666,0.4976851851851852
188324,Move,0.5944010416666666,0.5127314814814815
188344,Move,0.689453125,0.5393518518518519
188350,Move,0.7200520833333334,0.5428240740740741
188372,Move,0.7682291666666666,0.5439814814814815
188421,Move,0.767578125,0.5451388888888888
188430,Move,0.7669270833333334,0.5474537037037037
188440,Move,0.765625,0.5486111111111112
188460,Move,0.7643229166666666,0.5509259259259259
188472,Move,0.7643229166666666,0.5509259259259259
188480,Move,0.7643229166666666,0.5486111111111112
188510,Move,0.7643229166666666,0.5486111111111112
188519,Move,0.7643229166666666,0.5486111111111112
188541,Move,0.7643229166666666,0.5486111111111112
188550,Move,0.7643229166666666,0.5486111111111112
188574,Move,0.7643229166666666,0.5497685185185185
188589,Move,0.7643229166666666,0.5497685185185185
188599,Move,0.7643229166666666,0.5497685185185185
188620,Move,0.7643229166666666,0.5497685185185185
188631,Move,0.7643229166666666,0.5497685185185185
188649,Move,0.7643229166666666,0.5497685185185185
188669,Move,0.7643229166666666,0.5497685185185185
188691,Move,0.7643229166666666,0.5497685185185185
188699,Move,0.7643229166666666,0.5497685185185185
188710,Move,0.7643229166666666,0.5497685185185185
188739,Move,0.7643229166666666,0.5497685185185185
188760,Move,0.7643229166666666,0.5497685185185185
188772,Move,0.7643229166666666,0.5497685185185185
188782,Move,0.7643229166666666,0.5497685185185185
188800,Move,0.763671875,0.5509259259259259
188821,Move,0.7630208333333334,0.5532407407407407
188841,Move,0.759765625,0.5578703703703703
188850,Move,0.7571614583333334,0.5625
188873,Move,0.7532552083333334,0.5694444444444444
188890,Move,0.75,0.5740740740740741
188901,Move,0.7493489583333334,0.5752314814814815
188919,Move,0.748046875,0.5717592592592593
188940,Move,0.740234375,0.5590277777777778
188949,Move,0.736328125,0.5532407407407407
188974,Move,0.7141927083333334,0.5219907407407407
188991,Move,0.69921875,0.5057870370370371
189005,Move,0.6868489583333334,0.4930555555555556
189016,Move,0.6803385416666666,0.4849537037037037
189030,Move,0.6790364583333334,0.4837962962962963
189058,Move,0.6783854166666666,0.4837962962962963
189073,Move,0.677734375,0.4826388888888889
189088,Move,0.677734375,0.4826388888888889
189094,Move,0.677734375,0.4826388888888889
189121,Move,0.677734375,0.4826388888888889
189137,Move,0.677734375,0.4826388888888889
189157,Move,0.677734375,0.4826388888888889
189171,Move,0.677734375,0.4826388888888889
189191,Move,0.677734375,0.4826388888888889
189205,Move,0.677734375,0.4826388888888889
189221,Move,0.677734375,0.4826388888888889
189242,Move,0.677734375,0.4826388888888889
189256,Move,0.677734375,0.4826388888888889
189260,Move,0.677734375,0.4826388888888889
189289,Move,0.6770833333333334,0.4826388888888889
189305,Move,0.6764322916666666,0.48148148148148145
189325,Move,0.67578125,0.48032407407407407
189339,Move,0.67578125,0.48032407407407407
189346,Move,0.67578125,0.48032407407407407
189368,Move,0.67578125,0.48032407407407407
189387,Move,0.67578125,0.48032407407407407
189409,Move,0.67578125,0.48032407407407407
189424,Move,0.67578125,0.48032407407407407
189430,Move,0.67578125,0.48032407407407407
189450,Move,0.67578125,0.48032407407407407
189472,Move,0.67578125,0.48032407407407407
189493,Move,0.67578125,0.48032407407407407
189507,Move,0.67578125,0.48032407407407407
189522,Move,0.67578125,0.48032407407407407
189543,Move,0.67578125,0.48032407407407407
189556,Move,0.67578125,0.48032407407407407
189569,Move,0.67578125,0.48032407407407407
189590,Move,0.67578125,0.48032407407407407
189607,Move,0.67578125,0.48032407407407407
189626,Move,0.67578125,0.48032407407407407
189640,Move,0.67578125,0.48032407407407407
189654,Move,0.67578125,0.48032407407407407
189674,Move,0.67578125,0.48032407407407407
189692,Move,0.67578125,0.48032407407407407
189703,Move,0.67578125,0.48032407407407407
189725,Move,0.67578125,0.48032407407407407
189739,Move,0.67578125,0.48032407407407407
189754,Move,0.67578125,0.48032407407407407
189773,Move,0.67578125,0.48032407407407407
189787,Move,0.67578125,0.48032407407407407
189808,Move,0.67578125,0.48032407407407407
189823,Move,0.67578125,0.48032407407407407
189842,Move,0.67578125,0.48032407407407407
189857,Move,0.67578125,0.48032407407407407
189872,Move,0.67578125,0.48032407407407407
189884,Move,0.67578125,0.48032407407407407
189906,Move,0.6751302083333334,0.4791666666666667
189924,Move,0.6731770833333334,0.47800925925925924
189941,Move,0.669921875,0.47453703703703703
189955,Move,0.6673177083333334,0.4699074074074074
189976,Move,0.658203125,0.46064814814814814
189990,Move,0.6471354166666666,0.4444444444444444
190009,Move,0.62890625,0.41782407407407407
190025,Move,0.6048177083333334,0.3680555555555556
190040,Move,0.5924479166666666,0.33564814814814814
190053,Move,0.5807291666666666,0.3020833333333333
190072,Move,0.5670572916666666,0.25578703703703703
190081,Move,0.5631510416666666,0.24305555555555555
190108,Move,0.5481770833333334,0.20023148148148148
190114,Move,0.5436197916666666,0.1909722222222222
190137,Move,0.5305989583333334,0.16435185185185186
190158,Move,0.5221354166666666,0.14814814814814814
190164,Move,0.521484375,0.14583333333333334
190273,Move,0.5208333333333334,0.14699074074074073
190307,Move,0.5208333333333334,0.14699074074074073
190341,Move,0.5208333333333334,0.14699074074074073
190375,Move,0.5208333333333334,0.14814814814814814
190411,Move,0.5208333333333334,0.14814814814814814
190443,Move,0.5201822916666666,0.14814814814814814
190477,Move,0.5201822916666666,0.14930555555555555
190510,Move,0.51953125,0.14930555555555555
190545,Move,0.51953125,0.15046296296296297
190580,Move,0.51953125,0.15046296296296297
190614,Move,0.5188802083333334,0.15046296296296297
190648,Move,0.5182291666666666,0.15046296296296297
190681,Move,0.5169270833333334,0.15162037037037038
190714,Move,0.5162760416666666,0.15393518518518517
190750,Move,0.5149739583333334,0.1550925925925926
190788,Move,0.5143229166666666,0.1550925925925926
190794,Move,0.5143229166666666,0.1550925925925926
190808,Move,0.5149739583333334,0.1550925925925926
190821,Move,0.5149739583333334,0.1550925925925926
190839,Move,0.5143229166666666,0.15393518518518517
190858,Move,0.51171875,0.1550925925925926
190871,Move,0.5104166666666666,0.1550925925925926
190892,Move,0.509765625,0.1550925925925926
190905,Move,0.5091145833333334,0.1550925925925926
190920,Move,0.5071614583333334,0.1550925925925926
190941,Move,0.5052083333333334,0.1550925925925926
190955,Move,0.5045572916666666,0.1550925925925926
190969,Move,0.5032552083333334,0.1550925925925926
190990,Move,0.498046875,0.1550925925925926
191004,Move,0.494140625,0.15625
191025,Move,0.4876302083333333,0.15856481481481483
191039,Move,0.48046875,0.1597222222222222
191053,Move,0.4752604166666667,0.16203703703703703
191074,Move,0.4700520833333333,0.16435185185185186
191084,Move,0.466796875,0.16435185185185186
191103,Move,0.455078125,0.16898148148148148
191123,Move,0.4388020833333333,0.1736111111111111
191137,Move,0.4264322916666667,0.17476851851851852
191158,Move,0.40234375,0.1736111111111111
191174,Move,0.384765625,0.1724537037037037
191186,Move,0.3697916666666667,0.16898148148148148
191206,Move,0.3502604166666667,0.16666666666666666
191219,Move,0.33984375,0.16435185185185186
191235,Move,0.3313802083333333,0.16435185185185186
191256,Move,0.326171875,0.16435185185185186
191269,Move,0.3248697916666667,0.16435185185185186
191291,Move,0.3235677083333333,0.16435185185185186
191304,Move,0.3216145833333333,0.16319444444444445
191313,Move,0.3216145833333333,0.16319444444444445
191340,Move,0.3196614583333333,0.16087962962962962
191354,Move,0.3196614583333333,0.16087962962962962
191375,Move,0.318359375,0.16087962962962962
191390,Move,0.3177083333333333,0.16087962962962962
191395,Move,0.3170572916666667,0.16087962962962962
191424,Move,0.3157552083333333,0.16319444444444445
191437,Move,0.3131510416666667,0.16319444444444445
191460,Move,0.30859375,0.16319444444444445
191468,Move,0.3072916666666667,0.16319444444444445
191493,Move,0.3033854166666667,0.16435185185185186
191508,Move,0.3020833333333333,0.16435185185185186
191514,Move,0.3014322916666667,0.16435185185185186
191623,Move,0.3014322916666667,0.16319444444444445
191665,Move,0.3014322916666667,0.16319444444444445
191704,Move,0.3014322916666667,0.16203703703703703
191744,Move,0.3014322916666667,0.1597222222222222
191783,Move,0.3014322916666667,0.1574074074074074
191823,Move,0.3014322916666667,0.1550925925925926
191865,Move,0.3014322916666667,0.1550925925925926
191903,Move,0.3014322916666667,0.1550925925925926
191942,Move,0.3014322916666667,0.1550925925925926
191986,Move,0.3020833333333333,0.15393518518518517
191992,Move,0.3040364583333333,0.15393518518518517
192006,Move,0.3111979166666667,0.15162037037037038
192021,Move,0.3229166666666667,0.14930555555555555
192035,Move,0.3372395833333333,0.14467592592592593
192056,Move,0.34765625,0.1412037037037037
192077,Move,0.3489583333333333,0.1412037037037037
192091,Move,0.3489583333333333,0.1412037037037037
192106,Move,0.3489583333333333,0.1412037037037037
192119,Move,0.3489583333333333,0.1412037037037037
192141,Move,0.3489583333333333,0.1412037037037037
192152,Move,0.3489583333333333,0.1412037037037037
192175,Move,0.3489583333333333,0.1412037037037037
192188,Move,0.3489583333333333,0.1412037037037037
192204,Move,0.3489583333333333,0.1412037037037037
192222,Move,0.3489583333333333,0.1412037037037037
192239,Move,0.349609375,0.1412037037037037
192254,Move,0.3502604166666667,0.1412037037037037
192268,Move,0.3502604166666667,0.1412037037037037
192288,Move,0.3502604166666667,0.1412037037037037
192307,Move,0.3502604166666667,0.1412037037037037
192322,Move,0.3502604166666667,0.1412037037037037
192338,Move,0.3502604166666667,0.1412037037037037
192350,Move,0.3502604166666667,0.1412037037037037
192371,Move,0.3502604166666667,0.1412037037037037
192391,Move,0.3502604166666667,0.1412037037037037
192406,Move,0.3502604166666667,0.1412037037037037
192420,Move,0.3502604166666667,0.1412037037037037
192434,Move,0.3502604166666667,0.1412037037037037
192455,Move,0.3502604166666667,0.1412037037037037
192477,Move,0.3502604166666667,0.1412037037037037
192491,Move,0.3502604166666667,0.1412037037037037
192503,Move,0.3502604166666667,0.1412037037037037
192525,Move,0.3502604166666667,0.1412037037037037
192542,Move,0.3502604166666667,0.1412037037037037
192553,Move,0.3502604166666667,0.1412037037037037
192575,Move,0.3502604166666667,0.1412037037037037
192590,Move,0.3502604166666667,0.1412037037037037
192609,Move,0.3502604166666667,0.1412037037037037
192624,Move,0.3509114583333333,0.1400462962962963
192643,Move,0.3541666666666667,0.1388888888888889
192658,Move,0.3567708333333333,0.13773148148148148
192672,Move,0.3639322916666667,0.13541666666666666
192692,Move,0.3899739583333333,0.13194444444444445
192706,Move,0.4075520833333333,0.13425925925925927
192721,Move,0.4231770833333333,0.13773148148148148
192735,Move,0.4361979166666667,0.1412037037037037
192756,Move,0.4518229166666667,0.1412037037037037
192771,Move,0.4622395833333333,0.1412037037037037
192791,Move,0.470703125,0.1412037037037037
192828,Move,0.470703125,0.1412037037037037
192872,Move,0.4713541666666667,0.14351851851851852
192918,Move,0.4713541666666667,0.14351851851851852
192959,Move,0.4713541666666667,0.14351851851851852
193004,Move,0.4720052083333333,0.14583333333333334
193046,Move,0.47265625,0.14583333333333334
193093,Move,0.47265625,0.14583333333333334
193138,Move,0.47265625,0.14699074074074073
193145,Move,0.4733072916666667,0.14814814814814814
193151,Move,0.4739583333333333,0.14930555555555555
193172,Move,0.4759114583333333,0.15162037037037038
193186,Move,0.4772135416666667,0.15393518518518517
193196,Move,0.4778645833333333,0.1550925925925926
193224,Move,0.4908854166666667,0.17476851851851852
193241,Move,0.4973958333333333,0.1863425925925926
193257,Move,0.5026041666666666,0.19444444444444445
193271,Move,0.5091145833333334,0.20601851851851852
193292,Move,0.5201822916666666,0.22453703703703703
193305,Move,0.5266927083333334,0.2361111111111111
193321,Move,0.5319010416666666,0.24421296296296297
193341,Move,0.5397135416666666,0.2569444444444444
193355,Move,0.546875,0.2708333333333333
193375,Move,0.5579427083333334,0.28935185185185186
193383,Move,0.5611979166666666,0.29398148148148145
193404,Move,0.5670572916666666,0.30324074074074076
193425,Move,0.57421875,0.3136574074074074
193439,Move,0.5787760416666666,0.32060185185185186
193454,Move,0.5846354166666666,0.3275462962962963
193460,Move,0.587890625,0.3333333333333333
193488,Move,0.6022135416666666,0.35185185185185186
193509,Move,0.6119791666666666,0.36342592592592593
193525,Move,0.6184895833333334,0.3726851851851852
193538,Move,0.6256510416666666,0.38078703703703703
193558,Move,0.6334635416666666,0.3912037037037037
193572,Move,0.638671875,0.39699074074074076
193585,Move,0.6419270833333334,0.40162037037037035
193608,Move,0.6484375,0.4097222222222222
193624,Move,0.650390625,0.4131944444444444
193641,Move,0.6575520833333334,0.4224537037037037
193656,Move,0.6588541666666666,0.42476851851851855
193670,Move,0.66015625,0.42592592592592593
193692,Move,0.6614583333333334,0.42824074074074076
193698,Move,0.662109375,0.42824074074074076
193726,Move,0.662109375,0.42824074074074076
193741,Move,0.6627604166666666,0.42824074074074076
193754,Move,0.6634114583333334,0.42939814814814814
193769,Move,0.6647135416666666,0.43171296296296297
193782,Move,0.6666666666666666,0.43171296296296297
193810,Move,0.6673177083333334,0.43287037037037035
193823,Move,0.6673177083333334,0.43287037037037035
193838,Move,0.6673177083333334,0.4340277777777778
193859,Move,0.66796875,0.4363425925925926
193866,Move,0.66796875,0.4375
193888,Move,0.6686197916666666,0.4386574074074074
193900,Move,0.6686197916666666,0.4386574074074074
193910,Move,0.6686197916666666,0.4386574074074074
193957,Move,0.66796875,0.4398148148148148
193969,Move,0.66796875,0.4398148148148148
193986,Move,0.66796875,0.4398148148148148
194001,Move,0.6673177083333334,0.4409722222222222
194016,Move,0.6666666666666666,0.44212962962962965
194033,Move,0.6653645833333334,0.4444444444444444
194048,Move,0.6653645833333334,0.4444444444444444
194066,Move,0.6653645833333334,0.44560185185185186
194082,Move,0.6653645833333334,0.44560185185185186
194100,Move,0.6647135416666666,0.44560185185185186
194113,Move,0.6647135416666666,0.44560185185185186
194131,Move,0.6647135416666666,0.44560185185185186
194146,Move,0.6647135416666666,0.44560185185185186
194161,Move,0.6640625,0.44560185185185186
194176,Move,0.6640625,0.44560185185185186
194194,Move,0.6634114583333334,0.44675925925925924
194226,Move,0.662109375,0.44675925925925924
194240,Move,0.6608072916666666,0.44675925925925924
194258,Move,0.6595052083333334,0.4479166666666667
194273,Move,0.6575520833333334,0.44907407407407407
194288,Move,0.6569010416666666,0.45023148148148145
194306,Move,0.65625,0.44907407407407407
194324,Move,0.65625,0.45023148148148145
194337,Move,0.65625,0.45023148148148145
194352,Move,0.65625,0.45023148148148145
194378,Move,0.65625,0.45023148148148145
194392,Move,0.6549479166666666,0.4513888888888889
194406,Move,0.6536458333333334,0.4513888888888889
194423,Move,0.65234375,0.4513888888888889
194443,Move,0.6477864583333334,0.4513888888888889
194458,Move,0.64453125,0.4513888888888889
194475,Move,0.642578125,0.4513888888888889
194491,Move,0.640625,0.4513888888888889
194505,Move,0.6393229166666666,0.4513888888888889
194526,Move,0.634765625,0.4513888888888889
194542,Move,0.6315104166666666,0.4513888888888889
194555,Move,0.6263020833333334,0.4525462962962963
194576,Move,0.6145833333333334,0.4548611111111111
194587,Move,0.60546875,0.45601851851851855
194625,Move,0.57421875,0.4618055555555556
194639,Move,0.568359375,0.46296296296296297
194652,Move,0.56640625,0.46296296296296297
194673,Move,0.5651041666666666,0.46296296296296297
194687,Move,0.5631510416666666,0.46296296296296297
194708,Move,0.5598958333333334,0.46412037037037035
194722,Move,0.5579427083333334,0.46412037037037035
194736,Move,0.5559895833333334,0.4652777777777778
194757,Move,0.55078125,0.4652777777777778
194767,Move,0.55078125,0.4652777777777778
194784,Move,0.546875,0.4664351851851852
194806,Move,0.5416666666666666,0.4675925925925926
194821,Move,0.5403645833333334,0.4675925925925926
194841,Move,0.5377604166666666,0.4699074074074074
194856,Move,0.5325520833333334,0.4699074074074074
194868,Move,0.52734375,0.4722222222222222
194890,Move,0.515625,0.47453703703703703
194904,Move,0.5071614583333334,0.47453703703703703
194918,Move,0.5,0.4756944444444444
194939,Move,0.4856770833333333,0.47800925925925924
194953,Move,0.4759114583333333,0.47800925925925924
194967,Move,0.4641927083333333,0.4791666666666667
194987,Move,0.44921875,0.4791666666666667
195003,Move,0.44140625,0.4791666666666667
195023,Move,0.4303385416666667,0.47800925925925924
195044,Move,0.4231770833333333,0.47685185185185186
195057,Move,0.4205729166666667,0.47685185185185186
195072,Move,0.4173177083333333,0.4756944444444444
195092,Move,0.4088541666666667,0.47453703703703703
195099,Move,0.4049479166666667,0.47453703703703703
195120,Move,0.392578125,0.47337962962962965
195141,Move,0.3815104166666667,0.4710648148148148
195155,Move,0.37109375,0.4699074074074074
195168,Move,0.3665364583333333,0.4699074074074074
195191,Move,0.3450520833333333,0.4664351851851852
195205,Move,0.33203125,0.4652777777777778
195224,Move,0.3177083333333333,0.46412037037037035
195239,Move,0.3111979166666667,0.46296296296296297
195254,Move,0.3033854166666667,0.46296296296296297
195275,Move,0.2975260416666667,0.46296296296296297
195289,Move,0.2962239583333333,0.46296296296296297
195304,Move,0.294921875,0.4652777777777778
195324,Move,0.294921875,0.4652777777777778
195338,Move,0.294921875,0.4652777777777778
195352,Move,0.294921875,0.46296296296296297
195373,Move,0.2942708333333333,0.46296296296296297
195386,Move,0.29296875,0.46296296296296297
195401,Move,0.2916666666666667,0.46296296296296297
195422,Move,0.2903645833333333,0.46296296296296297
195443,Move,0.2877604166666667,0.46296296296296297
195457,Move,0.28515625,0.46296296296296297
195464,Move,0.2845052083333333,0.46296296296296297
195532,Move,0.28515625,0.46412037037037035
195545,Move,0.2858072916666667,0.46412037037037035
195559,Move,0.2864583333333333,0.46412037037037035
195573,Move,0.287109375,0.46412037037037035
195585,Move,0.2877604166666667,0.46296296296296297
195597,Move,0.2877604166666667,0.46296296296296297
195624,Move,0.2890625,0.46412037037037035
195636,Move,0.2897135416666667,0.46412037037037035
195649,Move,0.2903645833333333,0.4652777777777778
195675,Move,0.291015625,0.4652777777777778
195689,Move,0.2923177083333333,0.4652777777777778
195701,Move,0.29296875,0.4652777777777778
195714,Move,0.29296875,0.4652777777777778
195740,Move,0.29296875,0.4652777777777778
195756,Move,0.2936197916666667,0.4652777777777778
195767,Move,0.2942708333333333,0.4652777777777778
195792,Move,0.2955729166666667,0.4652777777777778
195808,Move,0.2955729166666667,0.4652777777777778
195819,Move,0.2962239583333333,0.4652777777777778
195840,Move,0.3020833333333333,0.46412037037037035
195856,Move,0.3059895833333333,0.46296296296296297
195876,Move,0.3059895833333333,0.46296296296296297
195890,Move,0.3098958333333333,0.4618055555555556
195904,Move,0.3111979166666667,0.4618055555555556
195923,Move,0.3125,0.4618055555555556
195940,Move,0.314453125,0.4618055555555556
195959,Move,0.3170572916666667,0.46064814814814814
195974,Move,0.3203125,0.46064814814814814
195987,Move,0.3229166666666667,0.45949074074074076
196007,Move,0.3268229166666667,0.4583333333333333
196022,Move,0.3287760416666667,0.4583333333333333
196037,Move,0.3326822916666667,0.45717592592592593
196059,Move,0.3352864583333333,0.45949074074074076
196072,Move,0.3372395833333333,0.4583333333333333
196091,Move,0.3424479166666667,0.4583333333333333
196106,Move,0.345703125,0.45949074074074076
196120,Move,0.34765625,0.45949074074074076
196135,Move,0.3502604166666667,0.45949074074074076
196155,Move,0.3541666666666667,0.4583333333333333
196174,Move,0.3561197916666667,0.4583333333333333
196190,Move,0.36328125,0.45717592592592593
196207,Move,0.3658854166666667,0.4583333333333333
196225,Move,0.3684895833333333,0.45717592592592593
196240,Move,0.37109375,0.45601851851851855
196255,Move,0.375,0.45601851851851855
196275,Move,0.3776041666666667,0.45601851851851855
196289,Move,0.3815104166666667,0.45601851851851855
196303,Move,0.3834635416666667,0.45601851851851855
196323,Move,0.388671875,0.4548611111111111
196341,Move,0.3912760416666667,0.4537037037037037
196359,Move,0.3932291666666667,0.4537037037037037
196374,Move,0.39453125,0.4525462962962963
196386,Move,0.396484375,0.4525462962962963
196394,Move,0.3977864583333333,0.4525462962962963
196415,Move,0.40234375,0.45023148148148145
196437,Move,0.4036458333333333,0.4513888888888889
196457,Move,0.4075520833333333,0.45023148148148145
196473,Move,0.408203125,0.44907407407407407
196491,Move,0.4114583333333333,0.4479166666666667
196506,Move,0.4127604166666667,0.4479166666666667
196526,Move,0.4153645833333333,0.44675925925925924
196542,Move,0.41796875,0.44560185185185186
196554,Move,0.4205729166666667,0.44560185185185186
196569,Move,0.421875,0.4444444444444444
196589,Move,0.4231770833333333,0.44328703703703703
196604,Move,0.4264322916666667,0.44212962962962965
196625,Move,0.4290364583333333,0.4398148148148148
196639,Move,0.4322916666666667,0.4386574074074074
196660,Move,0.435546875,0.4375
196675,Move,0.4361979166666667,0.4375
196688,Move,0.4375,0.4351851851851852
196709,Move,0.4401041666666667,0.43287037037037035
196724,Move,0.44140625,0.4340277777777778
196731,Move,0.4420572916666667,0.4340277777777778
196759,Move,0.4453125,0.43171296296296297
196772,Move,0.447265625,0.4305555555555556
196786,Move,0.451171875,0.42824074074074076
196806,Move,0.4537760416666667,0.4270833333333333
196814,Move,0.4544270833333333,0.42592592592592593
196842,Move,0.4583333333333333,0.4236111111111111
196856,Move,0.4596354166666667,0.4224537037037037
196872,Move,0.4635416666666667,0.41898148148148145
196891,Move,0.4674479166666667,0.41782407407407407
196897,Move,0.4674479166666667,0.41782407407407407
196924,Move,0.4713541666666667,0.41435185185185186
196939,Move,0.474609375,0.4131944444444444
196956,Move,0.4752604166666667,0.4131944444444444
196974,Move,0.4759114583333333,0.4131944444444444
196982,Move,0.4778645833333333,0.41203703703703703
197003,Move,0.4798177083333333,0.41203703703703703
197024,Move,0.4830729166666667,0.4097222222222222
197039,Move,0.4856770833333333,0.4085648148148148
197059,Move,0.4869791666666667,0.40625
197073,Move,0.48828125,0.4050925925925926
197093,Move,0.48828125,0.4039351851851852
197108,Move,0.4908854166666667,0.40162037037037035
197123,Move,0.4954427083333333,0.40046296296296297
197136,Move,0.49609375,0.3993055555555556
197275,Move,0.4954427083333333,0.39814814814814814
197294,Move,0.4947916666666667,0.39699074074074076
197314,Move,0.4947916666666667,0.39699074074074076
197329,Move,0.494140625,0.3958333333333333
197348,Move,0.494140625,0.3958333333333333
197366,Move,0.4934895833333333,0.3958333333333333
197384,Move,0.4934895833333333,0.39467592592592593
197404,Move,0.4934895833333333,0.39351851851851855
197424,Move,0.4928385416666667,0.39467592592592593
197438,Move,0.4928385416666667,0.3923611111111111
197455,Move,0.4921875,0.3912037037037037
197475,Move,0.4921875,0.3912037037037037
197492,Move,0.4908854166666667,0.3912037037037037
197511,Move,0.4908854166666667,0.3912037037037037
197528,Move,0.490234375,0.3900462962962963
197547,Move,0.490234375,0.38773148148148145
197563,Move,0.490234375,0.38657407407407407
197581,Move,0.4895833333333333,0.38657407407407407
197602,Move,0.4889322916666667,0.3854166666666667
197623,Move,0.48828125,0.38425925925925924
197638,Move,0.48828125,0.38310185185185186
197652,Move,0.48828125,0.38310185185185186
197673,Move,0.48828125,0.3819444444444444
197689,Move,0.48828125,0.3819444444444444
197710,Move,0.4856770833333333,0.3854166666666667
197725,Move,0.4817708333333333,0.3888888888888889
197739,Move,0.4778645833333333,0.3923611111111111
197759,Move,0.4713541666666667,0.40046296296296297
197775,Move,0.4674479166666667,0.4050925925925926
197788,Move,0.462890625,0.4097222222222222
197808,Move,0.45703125,0.4166666666666667
197825,Move,0.4524739583333333,0.4212962962962963
197838,Move,0.4485677083333333,0.4270833333333333
197858,Move,0.4420572916666667,0.4340277777777778
197871,Move,0.4375,0.4386574074074074
197886,Move,0.43359375,0.44328703703703703
197899,Move,0.4290364583333333,0.4479166666666667
197942,Move,0.4166666666666667,0.46296296296296297
197957,Move,0.4127604166666667,0.4664351851851852
197970,Move,0.408203125,0.4710648148148148
197991,Move,0.40234375,0.47685185185185186
198005,Move,0.3984375,0.48032407407407407
198026,Move,0.3919270833333333,0.4861111111111111
198040,Move,0.3880208333333333,0.4895833333333333
198053,Move,0.3841145833333333,0.4930555555555556
198061,Move,0.3815104166666667,0.49421296296296297
198088,Move,0.3743489583333333,0.5
198103,Move,0.3704427083333333,0.5023148148148148
198124,Move,0.3639322916666667,0.5069444444444444
198134,Move,0.3619791666666667,0.5081018518518519
198144,Move,0.3580729166666667,0.5115740740740741
198173,Move,0.3502604166666667,0.5162037037037037
198187,Move,0.345703125,0.5185185185185185
198200,Move,0.341796875,0.5208333333333334
198222,Move,0.3352864583333333,0.5254629629629629
198236,Move,0.3313802083333333,0.5300925925925926
198256,Move,0.3248697916666667,0.5347222222222222
198271,Move,0.3209635416666667,0.5381944444444444
198278,Move,0.3190104166666667,0.5393518518518519
198420,Move,0.3190104166666667,0.5405092592592593
198589,Move,0.3190104166666667,0.5428240740740741
198760,Move,0.3190104166666667,0.5428240740740741
199051,Move,0.3190104166666667,0.5428240740740741
199053,Move,0.3190104166666667,0.5428240740740741
199054,Released,0.3190104166666667,0.5428240740740741
199095,Released,0.486328125,0.6331018518518519