resolution:1920,1080
977920.1999999993,Pressed,865,125
977931.5999999996,Move,865,125
977947.7999999989,Move,865,125
978148,Move,865,125
978171.4000000004,Move,869,127
978179.4000000004,Move,872,128
978191.9000000004,Move,876,129
978213.0999999996,Move,880,132
978227.1999999993,Move,884,134
978240.7999999989,Move,887,136
978263.2999999989,Move,894,140
978276.5,Move,898,142
978290.5999999996,Move,903,144
978311.1999999993,Move,909,147
978325.7999999989,Move,914,150
978346.6999999993,Move,921,153
978361.1999999993,Move,925,154
978374,Move,929,156
978394.4000000004,Move,936,158
978409.6999999993,Move,943,159
978423.5999999996,Move,949,160
978444,Move,957,161
978458.7999999989,Move,964,163
978473.1999999993,Move,971,163
978493.0999999996,Move,981,164
978513.5999999996,Move,987,166
978528.6999999993,Move,993,167
978542.4000000004,Move,996,168
978562.7999999989,Move,1002,170
978570.6999999993,Move,1003,171
978592.2999999989,Move,1003,170
978605.5,Move,1003,171
978620.1999999993,Move,1003,172
978640.4000000004,Move,1005,174
978662.0999999996,Move,1011,179
978677.4000000004,Move,1013,182
978690.5,Move,1015,184
978712,Move,1019,188
978725.1999999993,Move,1022,192
978745.5,Move,1026,197
978760,Move,1028,199
978774.0999999996,Move,1031,203
978796.2999999989,Move,1034,207
978809.5999999996,Move,1039,212
978823.5,Move,1042,216
978844,Move,1046,220
978857.6999999993,Move,1048,222
978879.5,Move,1052,225
978893.2999999989,Move,1054,228
978907.6999999993,Move,1059,229
978927,Move,1067,236
978943.4000000004,Move,1072,239
978963,Move,1081,244
978977.1999999993,Move,1086,248
978991.6999999993,Move,1092,253
979013.4000000004,Move,1099,257
979026.6999999993,Move,1102,260
979040.1999999993,Move,1105,263
979061.6999999993,Move,1110,266
979076.0999999996,Move,1113,268
979096.2999999989,Move,1117,271
979110.6999999993,Move,1118,273
979130.5,Move,1120,274
979145,Move,1121,275
979166.6999999993,Move,1123,275
979180.5,Move,1124,276
979230.2999999989,Move,1124,277
979243.2999999989,Move,1125,277
979263.7999999989,Move,1125,278
979286.2999999989,Move,1126,278
979292.4000000004,Move,1126,277
979313.2999999989,Move,1125,278
979342.0999999996,Move,1124,279
979355.5999999996,Move,1125,279
979362.9000000004,Move,1124,279
979486,Move,1123,278
979519.0999999996,Move,1122,277
979580.6999999993,Move,1121,276
979616.4000000004,Move,1121,275
979640.7999999989,Move,1120,275
979673.5,Move,1119,274
979703.6999999993,Move,1118,273
979766.4000000004,Move,1120,275
979780.4000000004,Move,1123,279
979794.7999999989,Move,1126,283
979808.2999999989,Move,1128,287
979830,Move,1132,294
979843.4000000004,Move,1134,299
979858,Move,1137,304
979878.4000000004,Move,1140,311
979893.5,Move,1143,316
979913.6999999993,Move,1146,324
979927.7999999989,Move,1147,330
979943.6999999993,Move,1150,335
979963,Move,1153,342
979976.5999999996,Move,1156,346
979990.5,Move,1158,350
980011.7999999989,Move,1161,355
980027,Move,1163,358
980046.5,Move,1166,363
980059.9000000004,Move,1168,367
980075.0999999996,Move,1170,370
980095.9000000004,Move,1173,374
980109.9000000004,Move,1174,377
980129.5999999996,Move,1177,381
980144.1999999993,Move,1179,383
980158.9000000004,Move,1181,386
980179.0999999996,Move,1183,389
980194.6999999993,Move,1186,393
980209.5999999996,Move,1188,397
980229.4000000004,Move,1191,402
980242.9000000004,Move,1193,406
980249.4000000004,Move,1194,407
980376.2999999989,Move,1193,408
980469.5,Move,1192,409
980616.0999999996,Move,1191,410
980776.2999999989,Move,1192,411
980784.7999999989,Move,1192,413
980798.9000000004,Move,1192,421
980812.5,Move,1193,431
980834,Move,1193,444
980847.9000000004,Move,1194,443
980993.9000000004,Move,1196,443
981008.6999999993,Move,1195,441
981323.5999999996,Move,1195,442
981357.7999999989,Move,1194,444
981373,Move,1194,449
981392.5,Move,1196,475
981407.5,Move,1198,495
981422.1999999993,Move,1201,513
981442.4000000004,Move,1203,532
981456.4000000004,Move,1204,544
981477.2999999989,Move,1204,554
981603.6999999993,Move,1203,553
981651.5999999996,Move,1202,552
981698,Move,1201,551
981743.4000000004,Move,1200,550
981790.1999999993,Move,1199,549
981835.5999999996,Move,1198,548
982018.0999999996,Move,1197,550
982025.9000000004,Move,1197,551
982039.7999999989,Move,1196,553
982047.1999999993,Move,1195,554
982067.2999999989,Move,1194,556
982081.9000000004,Move,1193,558
982101.5999999996,Move,1192,561
982116.6999999993,Move,1192,563
982138.1999999993,Move,1191,566
982150.5999999996,Move,1190,567
982173.1999999993,Move,1189,570
982186.9000000004,Move,1188,571
982206.1999999993,Move,1187,573
982222.6999999993,Move,1186,575
982235.7999999989,Move,1185,576
982256,Move,1184,579
982270.1999999993,Move,1183,581
982283.6999999993,Move,1182,582
982306.2999999989,Move,1181,585
982311.9000000004,Move,1181,586
982333.7999999989,Move,1180,588
982354.0999999996,Move,1178,591
982367.6999999993,Move,1178,593
982382.9000000004,Move,1177,595
982405,Move,1177,598
982417.7999999989,Move,1176,600
982437.7999999989,Move,1174,604
982452.5999999996,Move,1173,606
982466.6999999993,Move,1172,608
982487,Move,1171,612
982502.4000000004,Move,1169,614
982522,Move,1168,618
982536.1999999993,Move,1167,621
982550.2999999989,Move,1166,623
982572.2999999989,Move,1164,627
982585.1999999993,Move,1163,630
982600.7999999989,Move,1162,633
982620.4000000004,Move,1160,636
982635.4000000004,Move,1159,639
982656.1999999993,Move,1159,642
982670.5999999996,Move,1157,644
982684.2999999989,Move,1156,647
982705.2999999989,Move,1153,650
982719.7999999989,Move,1151,652
982732.7999999989,Move,1150,655
982752.7999999989,Move,1148,658
982760.7999999989,Move,1148,659
982864.7999999989,Move,1147,659
983045.2999999989,Move,1146,659
983222.0999999996,Move,1145,659
986104.6999999993,Move,843,658
986118.9000000004,Move,837,654
986130.7999999989,Move,831,650
986152.7999999989,Move,819,644
986167.0999999996,Move,808,638
986187.7999999989,Move,797,632
986201.0999999996,Move,791,629
986208.1999999993,Move,789,628
986237.2999999989,Move,787,628
986250.7999999989,Move,786,628
986264.9000000004,Move,786,627
986286.0999999996,Move,785,629
986300.1999999993,Move,783,629
986320.5,Move,782,629
986334.9000000004,Move,780,629
986341.1999999993,Move,779,629
986485.4000000004,Move,778,629
986521.5999999996,Move,776,629
986557.6999999993,Move,775,629
986660.6999999993,Move,774,629
986696.6999999993,Move,771,629
986731.9000000004,Move,770,629
986801.4000000004,Move,770,627
986817.2999999989,Move,769,626
986838,Move,767,623
986851.5,Move,766,622
986865.7999999989,Move,763,621
986886.2999999989,Move,758,613
986900.1999999993,Move,752,605
986921.5999999996,Move,749,600
986933.9000000004,Move,748,599
986949.7999999989,Move,747,598
986970.4000000004,Move,745,596
986984.1999999993,Move,744,594
987005.5,Move,741,593
987017.9000000004,Move,738,589
987033,Move,734,584
987053.9000000004,Move,727,574
987067.9000000004,Move,721,566
987081.5,Move,716,560
987104,Move,712,555
987118.5999999996,Move,710,549
987138.1999999993,Move,702,540
987153,Move,695,531
987166.1999999993,Move,688,521
987187.1999999993,Move,680,511
987194.5,Move,678,508
987208.1999999993,Move,677,507
987251,Move,677,506
987271,Move,676,505
987277.9000000004,Move,675,504
987367.5,Move,674,504
987460.6999999993,Move,672,504
987642.0999999996,Move,671,504
987732.4000000004,Move,669,504
987930.0999999996,Move,668,502
987951.0999999996,Move,668,499
987964.6999999993,Move,667,496
987986.0999999996,Move,665,493
988001,Move,665,489
988022.0999999996,Move,664,482
988035.1999999993,Move,665,473
988049.5,Move,665,460
988070.9000000004,Move,666,448
988076.6999999993,Move,666,447
988097.6999999993,Move,665,445
988118.6999999993,Move,665,446
988132.5,Move,663,446
988153.4000000004,Move,664,444
988160.9000000004,Move,664,443
988203,Move,664,443
988211.2999999989,Move,664,442
988231.9000000004,Move,664,441
988252.9000000004,Move,664,440
988267,Move,663,438
988287.4000000004,Move,663,436
988302.4000000004,Move,663,433
988315.5999999996,Move,663,430
988336,Move,661,422
988350.0999999996,Move,659,414
988371.9000000004,Move,654,403
988384.6999999993,Move,649,393
988398.5999999996,Move,644,383
988420.2999999989,Move,637,369
988435.5,Move,634,362
988448.5,Move,633,359
988469.5,Move,632,358
988476.0999999996,Move,632,357
988505,Move,633,356
988518.2999999989,Move,633,354
988532.6999999993,Move,634,353
988553.7999999989,Move,634,350
988559.5,Move,634,349
988682.2999999989,Move,633,350
988722.4000000004,Move,632,351
988761,Move,631,353
988836.4000000004,Move,632,353
988912.5999999996,Move,631,354
988951.0999999996,Move,629,356
988987.6999999993,Move,628,358
989103.1999999993,Move,629,355
989110.5999999996,Move,630,351
989138.1999999993,Move,631,345
989153.2999999989,Move,632,341
989167.1999999993,Move,633,337
989187.4000000004,Move,636,333
989201.5999999996,Move,638,327
989221.7999999989,Move,639,319
989235.9000000004,Move,641,315
989250.4000000004,Move,643,309
989271.6999999993,Move,645,301
989285.1999999993,Move,646,298
989299.5999999996,Move,646,294
989321.2999999989,Move,648,289
989335.4000000004,Move,648,286
989348.2999999989,Move,649,283
989369.6999999993,Move,650,277
989384,Move,651,272
989405.6999999993,Move,651,268
989418.5,Move,651,266
989433.1999999993,Move,651,261
989454.6999999993,Move,649,257
989467.7999999989,Move,650,252
989487.9000000004,Move,650,247
989501.6999999993,Move,650,244
989516.5,Move,650,241
989530.6999999993,Move,651,238
989552.0999999996,Move,651,233
989628.5999999996,Move,652,232
989764.5,Move,652,231
989809.5,Move,653,230
989854.2999999989,Move,654,228
989898.7999999989,Move,654,227
989944.9000000004,Move,655,226
989966.9000000004,Move,656,224
989979.5999999996,Move,658,223
990002.0999999996,Move,660,221
990021.7999999989,Move,664,218
990038.1999999993,Move,671,213
990050.4000000004,Move,679,207
990065.6999999993,Move,681,206
990085.1999999993,Move,683,205
990099.5999999996,Move,684,204
990119.9000000004,Move,687,202
990135.1999999993,Move,689,201
990155,Move,691,199
990168.7999999989,Move,695,196
990183,Move,700,192
990204.2999999989,Move,707,185
990218,Move,713,180
990232,Move,715,175
990253.0999999996,Move,718,172
990267.1999999993,Move,719,169
990288.1999999993,Move,722,162
990303.1999999993,Move,724,156
990316.4000000004,Move,728,149
990337.6999999993,Move,732,142
990351.5,Move,735,138
990358.5,Move,735,137
990378.4000000004,Move,736,138
990435.7999999989,Move,737,137
990492.7999999989,Move,739,138
990557.6999999993,Move,739,139
990622,Move,739,140
990685.4000000004,Move,739,141
990749.4000000004,Move,740,142
990813.4000000004,Move,740,143
990942.1999999993,Move,741,142
990970.5999999996,Move,743,143
990979.1999999993,Move,744,143
991005.0999999996,Move,746,143
991034,Move,746,141
991055,Move,747,142
991068.2999999989,Move,750,142
991082.9000000004,Move,754,142
991104,Move,762,142
991118.0999999996,Move,766,141
991145.9000000004,Move,767,141
991158.6999999993,Move,768,141
991187.7999999989,Move,768,140
991202.0999999996,Move,770,140
991215.4000000004,Move,771,140
991236.9000000004,Move,772,141
991272.0999999996,Move,773,142
991286.4000000004,Move,775,142
991299.9000000004,Move,779,142
991320.0999999996,Move,784,141
991334.0999999996,Move,789,140
991349.2999999989,Move,793,140
991369.5999999996,Move,801,139
991383.6999999993,Move,805,139
991397.6999999993,Move,810,137
991410.5999999996,Move,812,137
991433,Move,814,136
991453,Move,818,135
991467.4000000004,Move,823,134
991488.2999999989,Move,829,133
991502.7999999989,Move,835,133
991517.7999999989,Move,840,132
991537.4000000004,Move,849,130
991551.6999999993,Move,853,130
991565.1999999993,Move,856,129
991586,Move,858,129
991601.7999999989,Move,858,129
991621.1999999993,Move,858,130
991634.6999999993,Move,859,129
991650.9000000004,Move,861,128
991671.0999999996,Move,864,127
991683.9000000004,Move,865,126
991704.9000000004,Move,868,125
991712.7999999989,Move,869,125
991821.1999999993,Move,868,125
991976.5999999996,Move,867,125
992122.7999999989,Move,866,125
992495.0999999996,Released,866,125
992547.9000000004,Released,940,673
