resolution:1536,864
86917.80000000075,Pressed,0.724609375,0.39814814814814814
86945.10000000149,Move,0.724609375,0.39814814814814814
87162.80000000075,Move,0.724609375,0.39814814814814814
87199.40000000224,Move,0.7233072916666666,0.39814814814814814
87220.80000000075,Move,0.720703125,0.39814814814814814
87243.20000000298,Move,0.7180989583333334,0.40046296296296297
87256,Move,0.7154947916666666,0.4027777777777778
87276.5,Move,0.701171875,0.4074074074074074
87291.30000000075,Move,0.6842447916666666,0.4097222222222222
87305.60000000149,Move,0.666015625,0.41203703703703703
87326,Move,0.619140625,0.43287037037037035
87340.30000000075,Move,0.595703125,0.46296296296296297
87359.90000000224,Move,0.5787760416666666,0.4861111111111111
87375.40000000224,Move,0.5774739583333334,0.48842592592592593
87389.60000000149,Move,0.576171875,0.49074074074074076
87410.30000000075,Move,0.5735677083333334,0.4930555555555556
87424.70000000298,Move,0.5709635416666666,0.4930555555555556
87438.5,Move,0.5657552083333334,0.4976851851851852
87452.30000000075,Move,0.5631510416666666,0.5
87573.80000000075,Move,0.5631510416666666,0.5023148148148148
87591.20000000298,Move,0.564453125,0.5023148148148148
87599.10000000149,Move,0.564453125,0.5046296296296297
87606.40000000224,Move,0.5657552083333334,0.5046296296296297
87623.10000000149,Move,0.5657552083333334,0.5092592592592593
87639,Move,0.5657552083333334,0.5092592592592593
87654.90000000224,Move,0.5657552083333334,0.5115740740740741
87662,Move,0.5670572916666666,0.5138888888888888
87687.40000000224,Move,0.5670572916666666,0.5162037037037037
87702.40000000224,Move,0.568359375,0.5185185185185185
87725.40000000224,Move,0.5670572916666666,0.5162037037037037
87739.80000000075,Move,0.5618489583333334,0.5162037037037037
87760.5,Move,0.556640625,0.5162037037037037
87774.80000000075,Move,0.5514322916666666,0.5138888888888888
87787.70000000298,Move,0.537109375,0.5115740740740741
87809.80000000075,Move,0.5084635416666666,0.5046296296296297
87823.5,Move,0.470703125,0.4976851851851852
87837.5,Move,0.416015625,0.48842592592592593
87857.20000000298,Move,0.365234375,0.48148148148148145
87872.80000000075,Move,0.3600260416666667,0.4791666666666667
87892.70000000298,Move,0.3561197916666667,0.4791666666666667
87907.10000000149,Move,0.353515625,0.4791666666666667
87922.20000000298,Move,0.3470052083333333,0.47685185185185186
87942.60000000149,Move,0.337890625,0.47685185185185186
88002.60000000149,Move,0.337890625,0.4791666666666667
88011.30000000075,Move,0.337890625,0.4791666666666667
88059.60000000149,Move,0.337890625,0.48842592592592593
88073.70000000298,Move,0.337890625,0.4930555555555556
88088.40000000224,Move,0.337890625,0.49537037037037035
88109.5,Move,0.3391927083333333,0.4976851851851852
88124.30000000075,Move,0.3391927083333333,0.5
88130.20000000298,Move,0.337890625,0.5023148148148148
88153.40000000224,Move,0.3365885416666667,0.5046296296296297
88172.90000000224,Move,0.3365885416666667,0.5069444444444444
88186.80000000075,Move,0.3352864583333333,0.5069444444444444
88208.70000000298,Move,0.337890625,0.5092592592592593
88223.40000000224,Move,0.3430989583333333,0.5092592592592593
88243.60000000149,Move,0.3756510416666667,0.5185185185185185
88257.20000000298,Move,0.400390625,0.5324074074074074
88271.90000000224,Move,0.4186197916666667,0.5439814814814815
88292.5,Move,0.4524739583333333,0.5532407407407407
88306,Move,0.4733072916666667,0.5509259259259259
88327.70000000298,Move,0.5201822916666666,0.5324074074074074
88342.20000000298,Move,0.548828125,0.5208333333333334
88356.20000000298,Move,0.5670572916666666,0.5115740740740741
88370.5,Move,0.5813802083333334,0.5092592592592593
88391.5,Move,0.587890625,0.5069444444444444
88404.40000000224,Move,0.5904947916666666,0.5069444444444444
88424.70000000298,Move,0.5944010416666666,0.5069444444444444
88439,Move,0.595703125,0.5069444444444444
88445.5,Move,0.595703125,0.5069444444444444
88573,Move,0.5970052083333334,0.5092592592592593
88587.40000000224,Move,0.5970052083333334,0.5115740740740741
88593.90000000224,Move,0.5970052083333334,0.5115740740740741
88607.90000000224,Move,0.5983072916666666,0.5162037037037037
88623,Move,0.599609375,0.5208333333333334
88642.80000000075,Move,0.6009114583333334,0.5254629629629629
88656,Move,0.6022135416666666,0.5300925925925926
88677.40000000224,Move,0.603515625,0.5393518518518519
88693.10000000149,Move,0.603515625,0.5416666666666666
88707.20000000298,Move,0.603515625,0.5439814814814815
88726.30000000075,Move,0.603515625,0.5439814814814815
88777,Move,0.607421875,0.5393518518518519
88790.70000000298,Move,0.6100260416666666,0.5370370370370371
88806.60000000149,Move,0.6126302083333334,0.5347222222222222
88825.80000000075,Move,0.6178385416666666,0.5300925925925926
88840.20000000298,Move,0.6204427083333334,0.5254629629629629
88861,Move,0.626953125,0.5185185185185185
88876,Move,0.6295572916666666,0.5162037037037037
88888.90000000224,Move,0.6334635416666666,0.5115740740740741
88909.60000000149,Move,0.6373697916666666,0.5069444444444444
88925.10000000149,Move,0.6399739583333334,0.5046296296296297
88943.80000000075,Move,0.6438802083333334,0.5
88958.80000000075,Move,0.646484375,0.4976851851851852
88973,Move,0.650390625,0.4930555555555556
88986.5,Move,0.6529947916666666,0.49074074074074076
89008.70000000298,Move,0.6569010416666666,0.48842592592592593
89023.10000000149,Move,0.6595052083333334,0.4861111111111111
89042.20000000298,Move,0.6647135416666666,0.48148148148148145
89056.40000000224,Move,0.6673177083333334,0.4791666666666667
89077,Move,0.669921875,0.47453703703703703
89091.30000000075,Move,0.6725260416666666,0.4722222222222222
89106.70000000298,Move,0.6751302083333334,0.4699074074074074
89194.80000000075,Move,0.6764322916666666,0.4722222222222222
89239.80000000075,Move,0.6764322916666666,0.4722222222222222
89251.20000000298,Move,0.677734375,0.4722222222222222
89287.60000000149,Move,0.677734375,0.4722222222222222
89294.5,Move,0.6803385416666666,0.4722222222222222
89318,Move,0.681640625,0.47453703703703703
89320,Move,0.6829427083333334,0.47453703703703703
89341.20000000298,Move,0.6829427083333334,0.47685185185185186
89389,Move,0.681640625,0.47685185185185186
89395.90000000224,Move,0.681640625,0.47685185185185186
89419.80000000075,Move,0.6803385416666666,0.4791666666666667
89437.70000000298,Move,0.6790364583333334,0.48148148148148145
89453.30000000075,Move,0.677734375,0.4837962962962963
89476.90000000224,Move,0.6751302083333334,0.48842592592592593
89493,Move,0.6751302083333334,0.49074074074074076
89508.80000000075,Move,0.6751302083333334,0.4930555555555556
89524.40000000224,Move,0.673828125,0.49537037037037035
89542.90000000224,Move,0.6725260416666666,0.49537037037037035
89556.20000000298,Move,0.6712239583333334,0.4976851851851852
89571.90000000224,Move,0.6712239583333334,0.5
89588.5,Move,0.669921875,0.5
89603.80000000075,Move,0.6673177083333334,0.5
89620,Move,0.6647135416666666,0.5046296296296297
89643.80000000075,Move,0.6595052083333334,0.5069444444444444
89660.20000000298,Move,0.6555989583333334,0.5115740740740741
89675.80000000075,Move,0.6477864583333334,0.5185185185185185
89691.40000000224,Move,0.642578125,0.5254629629629629
89698.60000000149,Move,0.642578125,0.5254629629629629
89790.30000000075,Move,0.642578125,0.5254629629629629
89828.10000000149,Move,0.6438802083333334,0.5231481481481481
89866.90000000224,Move,0.6438802083333334,0.5231481481481481
89906.70000000298,Move,0.6451822916666666,0.5208333333333334
90019.10000000149,Move,0.6451822916666666,0.5185185185185185
90033.70000000298,Move,0.646484375,0.5185185185185185
90040.60000000149,Move,0.6451822916666666,0.5162037037037037
90054.20000000298,Move,0.646484375,0.5092592592592593
90075.70000000298,Move,0.6490885416666666,0.49537037037037035
90089.90000000224,Move,0.6516927083333334,0.4837962962962963
90104.40000000224,Move,0.654296875,0.4699074074074074
90124.5,Move,0.6569010416666666,0.44907407407407407
90137.90000000224,Move,0.658203125,0.4351851851851852
90159.40000000224,Move,0.6608072916666666,0.41435185185185186
90172.40000000224,Move,0.6647135416666666,0.40046296296296297
90187.60000000149,Move,0.6686197916666666,0.38657407407407407
90209,Move,0.6764322916666666,0.3611111111111111
90222.70000000298,Move,0.6842447916666666,0.33101851851851855
90243,Move,0.6998697916666666,0.2847222222222222
90256.90000000224,Move,0.7180989583333334,0.2175925925925926
90272.90000000224,Move,0.728515625,0.17824074074074073
90336.70000000298,Move,0.7272135416666666,0.17824074074074073
90356.60000000149,Move,0.7272135416666666,0.17824074074074073
90376.80000000075,Move,0.7259114583333334,0.17824074074074073
90395.90000000224,Move,0.724609375,0.17824074074074073
90417.20000000298,Move,0.7233072916666666,0.17824074074074073
90456.30000000075,Move,0.7233072916666666,0.17824074074074073
90476.20000000298,Move,0.7220052083333334,0.17824074074074073
90503.20000000298,Move,0.7220052083333334,0.17824074074074073
90518.80000000075,Move,0.720703125,0.17824074074074073
90535.80000000075,Move,0.720703125,0.17824074074074073
90575.60000000149,Move,0.7194010416666666,0.18055555555555555
90592.5,Move,0.7180989583333334,0.18287037037037038
90608.20000000298,Move,0.712890625,0.18981481481481483
90626.10000000149,Move,0.708984375,0.19444444444444445
90641.5,Move,0.7076822916666666,0.19675925925925927
90657.20000000298,Move,0.7024739583333334,0.2037037037037037
90671.80000000075,Move,0.697265625,0.21064814814814814
90687.60000000149,Move,0.6959635416666666,0.21296296296296297
90704.20000000298,Move,0.6907552083333334,0.2199074074074074
90721.20000000298,Move,0.6842447916666666,0.22685185185185186
90736.70000000298,Move,0.673828125,0.23842592592592593
90760.20000000298,Move,0.6555989583333334,0.25925925925925924
90776.60000000149,Move,0.6438802083333334,0.2708333333333333
90792.70000000298,Move,0.6321614583333334,0.2847222222222222
90807.30000000075,Move,0.6204427083333334,0.2986111111111111
90825.20000000298,Move,0.6126302083333334,0.3125
90840.70000000298,Move,0.5983072916666666,0.33796296296296297
90857.90000000224,Move,0.583984375,0.37037037037037035
90872.5,Move,0.5553385416666666,0.4351851851851852
90889.70000000298,Move,0.5358072916666666,0.47453703703703703
90906.60000000149,Move,0.5201822916666666,0.5023148148148148
90920.90000000224,Move,0.509765625,0.5185185185185185
90927.60000000149,Move,0.5084635416666666,0.5231481481481481
90987.90000000224,Move,0.5071614583333334,0.5208333333333334
91010,Move,0.505859375,0.5185185185185185
91024.70000000298,Move,0.5045572916666666,0.5162037037037037
91040,Move,0.5032552083333334,0.5162037037037037
91058.80000000075,Move,0.501953125,0.5138888888888888
91072.5,Move,0.5006510416666666,0.5115740740740741
91093.60000000149,Move,0.498046875,0.5115740740740741
91107.5,Move,0.4967447916666667,0.5092592592592593
91114.40000000224,Move,0.4954427083333333,0.5092592592592593
91143.10000000149,Move,0.4967447916666667,0.5092592592592593
91155.70000000298,Move,0.4993489583333333,0.5115740740740741
91171.60000000149,Move,0.5084635416666666,0.5185185185185185
91191.10000000149,Move,0.5188802083333334,0.5277777777777778
91207.5,Move,0.5279947916666666,0.5347222222222222
91227.30000000075,Move,0.5397135416666666,0.5462962962962963
91241.20000000298,Move,0.5501302083333334,0.5532407407407407
91254.80000000075,Move,0.5553385416666666,0.5578703703703703
91275.60000000149,Move,0.568359375,0.5648148148148148
91290.5,Move,0.5787760416666666,0.5694444444444444
91310.30000000075,Move,0.5944010416666666,0.5740740740740741
91326.30000000075,Move,0.6022135416666666,0.5787037037037037
91340,Move,0.6087239583333334,0.5810185185185185
91359.80000000075,Move,0.615234375,0.5833333333333334
91374.10000000149,Move,0.6178385416666666,0.5856481481481481
91386.60000000149,Move,0.6178385416666666,0.5856481481481481
91409.30000000075,Move,0.619140625,0.5856481481481481
91422.90000000224,Move,0.6204427083333334,0.5879629629629629
91429.5,Move,0.6204427083333334,0.5879629629629629
91457.30000000075,Move,0.6217447916666666,0.5879629629629629
91580.60000000149,Move,0.623046875,0.5879629629629629
91589.30000000075,Move,0.623046875,0.5902777777777778
91610.60000000149,Move,0.6243489583333334,0.5902777777777778
91621.90000000224,Move,0.6256510416666666,0.5902777777777778
91640.90000000224,Move,0.626953125,0.5925925925925926
91660.20000000298,Move,0.6282552083333334,0.5925925925925926
91670.70000000298,Move,0.6282552083333334,0.5925925925925926
91691.70000000298,Move,0.6295572916666666,0.5949074074074074
91709.20000000298,Move,0.6295572916666666,0.5972222222222222
91721,Move,0.630859375,0.5972222222222222
91729.20000000298,Move,0.630859375,0.5972222222222222
91760.20000000298,Move,0.6321614583333334,0.6018518518518519
91783.40000000224,Move,0.6217447916666666,0.5949074074074074
91790.60000000149,Move,0.6126302083333334,0.5902777777777778
91810.80000000075,Move,0.5944010416666666,0.5787037037037037
91825.40000000224,Move,0.5748697916666666,0.5671296296296297
91839.40000000224,Move,0.560546875,0.5578703703703703
91860.90000000224,Move,0.5319010416666666,0.5370370370370371
91873,Move,0.509765625,0.5185185185185185
91893.70000000298,Move,0.4850260416666667,0.5023148148148148
91909.80000000075,Move,0.462890625,0.48842592592592593
91923.70000000298,Move,0.4524739583333333,0.48148148148148145
91938,Move,0.4368489583333333,0.4722222222222222
91957.90000000224,Move,0.4186197916666667,0.46296296296296297
91972.80000000075,Move,0.4029947916666667,0.4583333333333333
91993,Move,0.3782552083333333,0.4513888888888889
92007.5,Move,0.369140625,0.44907407407407407
92021.60000000149,Move,0.3600260416666667,0.4513888888888889
92042.90000000224,Move,0.341796875,0.4513888888888889
92056.80000000075,Move,0.326171875,0.44907407407407407
92071.40000000224,Move,0.3118489583333333,0.44675925925925924
92092.60000000149,Move,0.294921875,0.4398148148148148
92105.90000000224,Move,0.2858072916666667,0.4351851851851852
92120.30000000075,Move,0.2688802083333333,0.42824074074074076
92186.60000000149,Move,0.2701822916666667,0.4305555555555556
92201.60000000149,Move,0.2701822916666667,0.4305555555555556
92208.30000000075,Move,0.271484375,0.43287037037037035
92228.5,Move,0.271484375,0.43287037037037035
92236.5,Move,0.2727864583333333,0.43287037037037035
92256.40000000224,Move,0.2727864583333333,0.4375
92271.40000000224,Move,0.2740885416666667,0.4398148148148148
92291.90000000224,Move,0.2779947916666667,0.4444444444444444
92307,Move,0.279296875,0.44675925925925924
92326.30000000075,Move,0.2858072916666667,0.45601851851851855
92341.30000000075,Move,0.294921875,0.4699074074074074
92361,Move,0.3014322916666667,0.4791666666666667
92367.80000000075,Move,0.302734375,0.4791666666666667
92440.30000000075,Move,0.3014322916666667,0.4791666666666667
92507.40000000224,Move,0.3001302083333333,0.4791666666666667
92642.20000000298,Move,0.3001302083333333,0.4722222222222222
92649.90000000224,Move,0.3001302083333333,0.4652777777777778
92657.30000000075,Move,0.3001302083333333,0.46064814814814814
92671,Move,0.3001302083333333,0.4537037037037037
92691.40000000224,Move,0.3014322916666667,0.4398148148148148
92711.30000000075,Move,0.302734375,0.4305555555555556
92727.20000000298,Move,0.3040364583333333,0.4212962962962963
92741.10000000149,Move,0.3053385416666667,0.41203703703703703
92754.40000000224,Move,0.306640625,0.40046296296296297
92775.5,Move,0.3079427083333333,0.3888888888888889
92789.5,Move,0.3092447916666667,0.37962962962962965
92809.90000000224,Move,0.3092447916666667,0.3680555555555556
92825.40000000224,Move,0.3092447916666667,0.3587962962962963
92840.5,Move,0.3092447916666667,0.35185185185185186
92858.70000000298,Move,0.3079427083333333,0.33564814814814814
92873.20000000298,Move,0.3079427083333333,0.3263888888888889
92888.80000000075,Move,0.3053385416666667,0.3101851851851852
92908.40000000224,Move,0.3040364583333333,0.2916666666666667
92922.60000000149,Move,0.302734375,0.2824074074074074
92942.90000000224,Move,0.298828125,0.25925925925925924
92957.60000000149,Move,0.2975260416666667,0.24768518518518517
92971.30000000075,Move,0.2962239583333333,0.2337962962962963
92992.20000000298,Move,0.294921875,0.2199074074074074
93007.60000000149,Move,0.2936197916666667,0.20833333333333334
93027.40000000224,Move,0.2936197916666667,0.19675925925925927
93041.80000000075,Move,0.2936197916666667,0.18518518518518517
93133.20000000298,Move,0.2923177083333333,0.18518518518518517
93149.20000000298,Move,0.291015625,0.18518518518518517
93166.40000000224,Move,0.2897135416666667,0.18518518518518517
93183.5,Move,0.2884114583333333,0.18518518518518517
93198.70000000298,Move,0.2884114583333333,0.18518518518518517
93214.10000000149,Move,0.287109375,0.18518518518518517
93230.20000000298,Move,0.2858072916666667,0.18518518518518517
93246.60000000149,Move,0.2858072916666667,0.18518518518518517
93261.70000000298,Move,0.2845052083333333,0.18518518518518517
93278,Move,0.283203125,0.18518518518518517
93293.30000000075,Move,0.283203125,0.18518518518518517
93390.90000000224,Move,0.2858072916666667,0.1875
93397.40000000224,Move,0.2858072916666667,0.1875
93411.90000000224,Move,0.287109375,0.1875
93424.70000000298,Move,0.2897135416666667,0.1875
93443.30000000075,Move,0.2962239583333333,0.19212962962962962
93460.90000000224,Move,0.3079427083333333,0.19907407407407407
93475.30000000075,Move,0.3170572916666667,0.2037037037037037
93489.30000000075,Move,0.3287760416666667,0.21296296296296297
93509.70000000298,Move,0.3483072916666667,0.22685185185185186
93523.90000000224,Move,0.361328125,0.2361111111111111
93537.70000000298,Move,0.3743489583333333,0.24768518518518517
93558.40000000224,Move,0.3951822916666667,0.2638888888888889
93572.60000000149,Move,0.408203125,0.27314814814814814
93592.90000000224,Move,0.427734375,0.28935185185185186
93607.40000000224,Move,0.4407552083333333,0.30092592592592593
93627.30000000075,Move,0.4602864583333333,0.3148148148148148
93642.70000000298,Move,0.4720052083333333,0.32407407407407407
93655.80000000075,Move,0.4876302083333333,0.3263888888888889
93676.30000000075,Move,0.5266927083333334,0.33564814814814814
93692.10000000149,Move,0.5514322916666666,0.3402777777777778
93705.70000000298,Move,0.5787760416666666,0.3449074074074074
93726.60000000149,Move,0.6686197916666666,0.3773148148148148
93740.5,Move,0.716796875,0.39814814814814814
93747,Move,0.724609375,0.4027777777777778
93870.20000000298,Move,0.724609375,0.40046296296296297
93944.70000000298,Move,0.724609375,0.40046296296296297
93982.30000000075,Move,0.724609375,0.39814814814814814
94241.90000000224,Released,0.724609375,0.39814814814814814
94311.5,Released,0.4869791666666667,0.6331018518518519