resolution:1536,864
213430.40000000224,Pressed,0.4856770833333333,0.18287037037037038
213439.1000000015,Move,0.4856770833333333,0.18287037037037038
213640.5,Move,0.4856770833333333,0.18287037037037038
213656.90000000224,Move,0.4856770833333333,0.18287037037037038
213686.1000000015,Move,0.486328125,0.18055555555555555
213721.20000000298,Move,0.4889322916666667,0.18055555555555555
213735.6000000015,Move,0.4915364583333333,0.18055555555555555
213749.80000000075,Move,0.494140625,0.18055555555555555
213770.20000000298,Move,0.5006510416666666,0.17824074074074073
213785.30000000075,Move,0.5045572916666666,0.17824074074074073
213798.40000000224,Move,0.5084635416666666,0.17592592592592593
213820.5,Move,0.5149739583333334,0.1736111111111111
213833.70000000298,Move,0.5188802083333334,0.1736111111111111
213847,Move,0.5227864583333334,0.1712962962962963
213867.90000000224,Move,0.529296875,0.1712962962962963
213882,Move,0.5345052083333334,0.16898148148148148
213903.30000000075,Move,0.5475260416666666,0.16666666666666666
213918.6000000015,Move,0.5592447916666666,0.16666666666666666
213938.5,Move,0.5813802083333334,0.16203703703703703
213952.80000000075,Move,0.6061197916666666,0.1574074074074074
213966.20000000298,Move,0.619140625,0.1550925925925926
214064,Move,0.619140625,0.1550925925925926
214094.90000000224,Move,0.619140625,0.1574074074074074
214125.5,Move,0.619140625,0.1574074074074074
214135,Move,0.619140625,0.1597222222222222
214154,Move,0.619140625,0.16203703703703703
214167.30000000075,Move,0.619140625,0.16435185185185186
214173.20000000298,Move,0.619140625,0.16435185185185186
214204.80000000075,Move,0.619140625,0.1736111111111111
214224.90000000224,Move,0.6126302083333334,0.17592592592592593
214231.90000000224,Move,0.6048177083333334,0.17824074074074073
214253.80000000075,Move,0.5930989583333334,0.18518518518518517
214269.70000000298,Move,0.583984375,0.18981481481481483
214281.90000000224,Move,0.572265625,0.19675925925925927
214302.5,Move,0.5540364583333334,0.20833333333333334
214321.90000000224,Move,0.5358072916666666,0.2199074074074074
214336.80000000075,Move,0.5201822916666666,0.22916666666666666
214351.20000000298,Move,0.505859375,0.23842592592592593
214371.1000000015,Move,0.486328125,0.25
214386.70000000298,Move,0.4798177083333333,0.2523148148148148
214400.6000000015,Move,0.4680989583333333,0.2569444444444444
214421.30000000075,Move,0.4563802083333333,0.25925925925925924
214436.1000000015,Move,0.4485677083333333,0.26157407407407407
214450.80000000075,Move,0.4407552083333333,0.26157407407407407
214470.80000000075,Move,0.4251302083333333,0.26157407407407407
214485.1000000015,Move,0.419921875,0.25925925925925924
214505,Move,0.4095052083333333,0.2569444444444444
214521.20000000298,Move,0.4029947916666667,0.2523148148148148
214533.70000000298,Move,0.3938802083333333,0.25
214554,Move,0.3821614583333333,0.24768518518518517
214568.20000000298,Move,0.376953125,0.24768518518518517
214582.40000000224,Move,0.3678385416666667,0.25
214603.40000000224,Move,0.357421875,0.2523148148148148
214610.5,Move,0.3522135416666667,0.25462962962962965
214686.5,Move,0.3522135416666667,0.2523148148148148
214714.80000000075,Move,0.3522135416666667,0.2523148148148148
214735.80000000075,Move,0.3522135416666667,0.24768518518518517
214750.5,Move,0.3522135416666667,0.24074074074074073
214763.90000000224,Move,0.353515625,0.22685185185185186
214784.5,Move,0.3548177083333333,0.2175925925925926
214792.20000000298,Move,0.3548177083333333,0.2152777777777778
214820,Move,0.3548177083333333,0.21296296296296297
214827.6000000015,Move,0.3548177083333333,0.21296296296296297
214840.40000000224,Move,0.3561197916666667,0.2152777777777778
214870.80000000075,Move,0.3600260416666667,0.2222222222222222
214883.90000000224,Move,0.365234375,0.23148148148148148
214903.6000000015,Move,0.3665364583333333,0.23148148148148148
214918.40000000224,Move,0.3704427083333333,0.23842592592592593
214932.30000000075,Move,0.3743489583333333,0.24537037037037038
214953.90000000224,Move,0.3756510416666667,0.24768518518518517
214968.1000000015,Move,0.3795572916666667,0.2569444444444444
214987.70000000298,Move,0.388671875,0.27314814814814814
215002.70000000298,Move,0.396484375,0.28935185185185186
215015.30000000075,Move,0.404296875,0.30324074074074076
215037.5,Move,0.416015625,0.3263888888888889
215053,Move,0.423828125,0.3425925925925926
215071.70000000298,Move,0.435546875,0.36574074074074076
215085.80000000075,Move,0.447265625,0.38425925925925924
215100.20000000298,Move,0.4641927083333333,0.4097222222222222
215114.5,Move,0.486328125,0.44212962962962965
215135.40000000224,Move,0.5345052083333334,0.5138888888888888
215149.40000000224,Move,0.5540364583333334,0.5439814814814815
215169.80000000075,Move,0.568359375,0.5694444444444444
215176.90000000224,Move,0.5696614583333334,0.5717592592592593
215231.70000000298,Move,0.5709635416666666,0.5717592592592593
215255.90000000224,Move,0.5709635416666666,0.5740740740740741
215280.5,Move,0.5709635416666666,0.5740740740740741
215304.40000000224,Move,0.5709635416666666,0.5740740740740741
215312.40000000224,Move,0.5709635416666666,0.5763888888888888
215335.80000000075,Move,0.572265625,0.5787037037037037
215352.90000000224,Move,0.572265625,0.5810185185185185
215369.1000000015,Move,0.5735677083333334,0.5810185185185185
215386.1000000015,Move,0.5735677083333334,0.5856481481481481
215400.80000000075,Move,0.5748697916666666,0.5925925925925926
215417.40000000224,Move,0.5748697916666666,0.5972222222222222
215433.40000000224,Move,0.5748697916666666,0.5995370370370371
215451.1000000015,Move,0.572265625,0.5949074074074074
215467.1000000015,Move,0.5618489583333334,0.5810185185185185
215482.1000000015,Move,0.5462239583333334,0.5625
215498.90000000224,Move,0.5240885416666666,0.5347222222222222
215514.70000000298,Move,0.5045572916666666,0.5115740740740741
215536.90000000224,Move,0.4733072916666667,0.47453703703703703
215553.90000000224,Move,0.4615885416666667,0.4583333333333333
215569.90000000224,Move,0.447265625,0.4375
215586.40000000224,Move,0.435546875,0.4166666666666667
215601.90000000224,Move,0.423828125,0.39814814814814814
215617.40000000224,Move,0.416015625,0.38425925925925924
215634.90000000224,Move,0.4069010416666667,0.37037037037037035
215651,Move,0.4029947916666667,0.36342592592592593
215667.40000000224,Move,0.400390625,0.3611111111111111
215682.80000000075,Move,0.400390625,0.3611111111111111
215699.70000000298,Move,0.3977864583333333,0.35648148148148145
215714.30000000075,Move,0.396484375,0.35648148148148145
215730.80000000075,Move,0.3951822916666667,0.3541666666666667
215871.20000000298,Move,0.3951822916666667,0.3541666666666667
215885.30000000075,Move,0.392578125,0.34953703703703703
215900.20000000298,Move,0.388671875,0.3425925925925926
215920.30000000075,Move,0.3821614583333333,0.33101851851851855
215933.5,Move,0.3782552083333333,0.32407407407407407
215948.30000000075,Move,0.3743489583333333,0.31712962962962965
215968.90000000224,Move,0.3717447916666667,0.3125
215975.90000000224,Move,0.3704427083333333,0.3101851851851852
215989,Move,0.3704427083333333,0.3101851851851852
216051.40000000224,Move,0.3704427083333333,0.3101851851851852
216150.20000000298,Move,0.3717447916666667,0.3125
216298.70000000298,Move,0.373046875,0.3148148148148148
216312.80000000075,Move,0.373046875,0.3148148148148148
216318.80000000075,Move,0.3756510416666667,0.3148148148148148
216326.40000000224,Move,0.3782552083333333,0.31712962962962965
216347.6000000015,Move,0.380859375,0.31712962962962965
216369.30000000075,Move,0.3873697916666667,0.31712962962962965
216383.90000000224,Move,0.3977864583333333,0.3194444444444444
216402.70000000298,Move,0.4225260416666667,0.32407407407407407
216417.40000000224,Move,0.4420572916666667,0.32407407407407407
216438.6000000015,Move,0.4954427083333333,0.3402777777777778
216452.5,Move,0.533203125,0.36342592592592593
216466.80000000075,Move,0.5579427083333334,0.3773148148148148
216487,Move,0.5696614583333334,0.38425925925925924
216502.1000000015,Move,0.572265625,0.38425925925925924
216515.70000000298,Move,0.5748697916666666,0.38657407407407407
216538.1000000015,Move,0.5774739583333334,0.38657407407407407
216550.90000000224,Move,0.5813802083333334,0.3888888888888889
216570.6000000015,Move,0.5891927083333334,0.39351851851851855
216578.6000000015,Move,0.5904947916666666,0.39351851851851855
216703.80000000075,Move,0.591796875,0.3912037037037037
216725.70000000298,Move,0.5930989583333334,0.3888888888888889
216732.70000000298,Move,0.5944010416666666,0.38657407407407407
216753.40000000224,Move,0.595703125,0.38425925925925924
216767.70000000298,Move,0.5970052083333334,0.37962962962962965
216782.1000000015,Move,0.5983072916666666,0.3773148148148148
216801.70000000298,Move,0.599609375,0.3726851851851852
216815.80000000075,Move,0.6009114583333334,0.37037037037037035
216832.6000000015,Move,0.6022135416666666,0.37037037037037035
216848.5,Move,0.603515625,0.3726851851851852
216868.6000000015,Move,0.6048177083333334,0.3773148148148148
216882.80000000075,Move,0.6061197916666666,0.3819444444444444
216903.1000000015,Move,0.607421875,0.38425925925925924
216916.6000000015,Move,0.6100260416666666,0.38657407407407407
216938.40000000224,Move,0.6126302083333334,0.3912037037037037
216953.90000000224,Move,0.6178385416666666,0.4027777777777778
216964.90000000224,Move,0.623046875,0.41435185185185186
216987.6000000015,Move,0.6360677083333334,0.44212962962962965
217001.40000000224,Move,0.6412760416666666,0.45601851851851855
217016,Move,0.6529947916666666,0.4837962962962963
217035.70000000298,Move,0.677734375,0.5324074074074074
217051.1000000015,Move,0.701171875,0.5601851851851852
217070.30000000075,Move,0.7311197916666666,0.5856481481481481
217084.5,Move,0.744140625,0.5972222222222222
217100.1000000015,Move,0.7532552083333334,0.6064814814814815
217120.5,Move,0.755859375,0.6087962962962963
217136,Move,0.7571614583333334,0.6111111111111112
217148.6000000015,Move,0.7571614583333334,0.6111111111111112
217169.6000000015,Move,0.759765625,0.6134259259259259
217176.1000000015,Move,0.7610677083333334,0.6134259259259259
217204.80000000075,Move,0.7623697916666666,0.6157407407407407
217469.70000000298,Move,0.7649739583333334,0.6157407407407407
217483.90000000224,Move,0.763671875,0.6134259259259259
217504.30000000075,Move,0.7623697916666666,0.6087962962962963
217518.70000000298,Move,0.759765625,0.6018518518518519
217533.20000000298,Move,0.755859375,0.5949074074074074
217547.70000000298,Move,0.755859375,0.5925925925925926
217568.1000000015,Move,0.751953125,0.5902777777777778
217583.40000000224,Move,0.7493489583333334,0.5879629629629629
217604,Move,0.7454427083333334,0.5856481481481481
217617.40000000224,Move,0.7415364583333334,0.5833333333333334
217631.30000000075,Move,0.732421875,0.5787037037037037
217651.5,Move,0.712890625,0.5740740740740741
217667,Move,0.697265625,0.5717592592592593
217687.40000000224,Move,0.646484375,0.5416666666666666
217701.80000000075,Move,0.603515625,0.5
217715.80000000075,Move,0.5735677083333334,0.4699074074074074
217737.6000000015,Move,0.5618489583333334,0.4583333333333333
217751.40000000224,Move,0.5592447916666666,0.45601851851851855
217771.1000000015,Move,0.5553385416666666,0.4537037037037037
217786.30000000075,Move,0.552734375,0.4513888888888889
217799.5,Move,0.548828125,0.44907407407407407
217821,Move,0.5397135416666666,0.44212962962962965
217828.20000000298,Move,0.5384114583333334,0.44212962962962965
217882.90000000224,Move,0.5384114583333334,0.4398148148148148
217891.30000000075,Move,0.5397135416666666,0.44212962962962965
217916.40000000224,Move,0.5397135416666666,0.44212962962962965
217932.30000000075,Move,0.5384114583333334,0.4398148148148148
217947.80000000075,Move,0.5384114583333334,0.4375
217971.90000000224,Move,0.537109375,0.4351851851851852
217986.20000000298,Move,0.537109375,0.43287037037037035
218002.5,Move,0.537109375,0.4305555555555556
218010.80000000075,Move,0.537109375,0.4305555555555556
218035.1000000015,Move,0.5358072916666666,0.42824074074074076
218051.1000000015,Move,0.5358072916666666,0.4236111111111111
218067.20000000298,Move,0.5345052083333334,0.41898148148148145
218083.30000000075,Move,0.533203125,0.41435185185185186
218105.1000000015,Move,0.5319010416666666,0.4097222222222222
218120.40000000224,Move,0.529296875,0.4050925925925926
218134,Move,0.5240885416666666,0.39814814814814814
218154.6000000015,Move,0.513671875,0.38425925925925924
218168.30000000075,Move,0.5045572916666666,0.3680555555555556
218182.1000000015,Move,0.494140625,0.3541666666666667
218203.90000000224,Move,0.4798177083333333,0.3287037037037037
218218.90000000224,Move,0.4694010416666667,0.3125
218238.6000000015,Move,0.455078125,0.28935185185185186
218252.90000000224,Move,0.4459635416666667,0.2777777777777778
218266.5,Move,0.4368489583333333,0.26851851851851855
218286.40000000224,Move,0.4173177083333333,0.24537037037037038
218301.40000000224,Move,0.400390625,0.22453703703703703
218315.20000000298,Move,0.380859375,0.2037037037037037
218336.1000000015,Move,0.3196614583333333,0.12731481481481483
218342.5,Move,0.3118489583333333,0.11805555555555555
218446.90000000224,Move,0.3118489583333333,0.11805555555555555
218481.1000000015,Move,0.3118489583333333,0.12037037037037036
218502.20000000298,Move,0.3118489583333333,0.12037037037037036
218516.30000000075,Move,0.310546875,0.12268518518518519
218537.90000000224,Move,0.3092447916666667,0.125
218552.30000000075,Move,0.3092447916666667,0.12731481481481483
218566.40000000224,Move,0.3079427083333333,0.12962962962962962
218586.40000000224,Move,0.306640625,0.13425925925925927
218600.80000000075,Move,0.3053385416666667,0.13657407407407407
218621.40000000224,Move,0.3040364583333333,0.1388888888888889
218635.20000000298,Move,0.302734375,0.1412037037037037
218651.40000000224,Move,0.3014322916666667,0.14583333333333334
218671.6000000015,Move,0.2975260416666667,0.1574074074074074
218685.40000000224,Move,0.2975260416666667,0.1597222222222222
218705.5,Move,0.3014322916666667,0.1597222222222222
218720.5,Move,0.3079427083333333,0.16203703703703703
218736.5,Move,0.310546875,0.16203703703703703
218754.90000000224,Move,0.3196614583333333,0.16435185185185186
218770.30000000075,Move,0.3326822916666667,0.16666666666666666
218783.20000000298,Move,0.3561197916666667,0.16898148148148148
218804.40000000224,Move,0.3990885416666667,0.1736111111111111
218819.20000000298,Move,0.443359375,0.17824074074074073
218832,Move,0.5045572916666666,0.1875
218852.6000000015,Move,0.5970052083333334,0.21064814814814814
218868.30000000075,Move,0.6373697916666666,0.22453703703703703
218882.40000000224,Move,0.658203125,0.22916666666666666
218903.30000000075,Move,0.6647135416666666,0.23148148148148148
218917.80000000075,Move,0.6686197916666666,0.23148148148148148
218937.20000000298,Move,0.673828125,0.2337962962962963
218950.90000000224,Move,0.6764322916666666,0.2337962962962963
218971.70000000298,Move,0.6920572916666666,0.23842592592592593
218985.80000000075,Move,0.6985677083333334,0.23842592592592593
218992.40000000224,Move,0.701171875,0.23842592592592593
219085.5,Move,0.701171875,0.23842592592592593
219120.70000000298,Move,0.6998697916666666,0.23842592592592593
219149.40000000224,Move,0.6985677083333334,0.23842592592592593
219169.5,Move,0.6959635416666666,0.2361111111111111
219184.70000000298,Move,0.6920572916666666,0.2361111111111111
219205,Move,0.6842447916666666,0.2337962962962963
219220.70000000298,Move,0.6829427083333334,0.2337962962962963
219226,Move,0.681640625,0.2337962962962963
219254.80000000075,Move,0.681640625,0.2337962962962963
219282.40000000224,Move,0.6803385416666666,0.2337962962962963
219318.80000000075,Move,0.6686197916666666,0.23148148148148148
219333,Move,0.662109375,0.22916666666666666
219354.40000000224,Move,0.650390625,0.22685185185185186
219368.1000000015,Move,0.6438802083333334,0.22453703703703703
219382.6000000015,Move,0.6373697916666666,0.22453703703703703
219403.6000000015,Move,0.6256510416666666,0.2199074074074074
219417.6000000015,Move,0.615234375,0.2175925925925926
219437.1000000015,Move,0.6022135416666666,0.2152777777777778
219452.1000000015,Move,0.5930989583333334,0.21296296296296297
219467.30000000075,Move,0.5891927083333334,0.21296296296296297
219487.1000000015,Move,0.5774739583333334,0.20833333333333334
219501.20000000298,Move,0.572265625,0.20833333333333334
219520.90000000224,Move,0.5618489583333334,0.2037037037037037
219536.90000000224,Move,0.5540364583333334,0.2013888888888889
219550.5,Move,0.5462239583333334,0.19675925925925927
219570.70000000298,Move,0.5384114583333334,0.19444444444444445
219585.90000000224,Move,0.5319010416666666,0.18981481481481483
219600.1000000015,Move,0.525390625,0.1875
219620.6000000015,Move,0.5149739583333334,0.18287037037037038
219633.5,Move,0.5084635416666666,0.18055555555555555
219654.80000000075,Move,0.4993489583333333,0.17592592592592593
219669.40000000224,Move,0.494140625,0.17592592592592593
219683.1000000015,Move,0.4889322916666667,0.1736111111111111
219691,Move,0.4850260416666667,0.1736111111111111
219732.20000000298,Move,0.4850260416666667,0.17592592592592593
219745.5,Move,0.4850260416666667,0.17592592592592593
219759.40000000224,Move,0.4850260416666667,0.17592592592592593
219786.90000000224,Move,0.482421875,0.17824074074074073
219801.70000000298,Move,0.4811197916666667,0.18287037037037038
219821.80000000075,Move,0.4759114583333333,0.19212962962962962
219836.5,Move,0.4733072916666667,0.19444444444444445
219850.40000000224,Move,0.4720052083333333,0.19675925925925927
219864.80000000075,Move,0.4720052083333333,0.19444444444444445
219878.80000000075,Move,0.470703125,0.19444444444444445
219913.6000000015,Move,0.4694010416666667,0.19675925925925927
219935.40000000224,Move,0.470703125,0.19907407407407407
219951.1000000015,Move,0.474609375,0.20601851851851852
219964.80000000075,Move,0.4876302083333333,0.23148148148148148
219986.5,Move,0.509765625,0.27546296296296297
219999.70000000298,Move,0.529296875,0.3125
220020.20000000298,Move,0.5540364583333334,0.3611111111111111
220034.30000000075,Move,0.5709635416666666,0.39351851851851855
220048.70000000298,Move,0.5813802083333334,0.4166666666666667
220068.90000000224,Move,0.603515625,0.46296296296296297
220083.6000000015,Move,0.619140625,0.4930555555555556
220103.80000000075,Move,0.6373697916666666,0.5324074074074074
220118.1000000015,Move,0.646484375,0.5532407407407407
220132.6000000015,Move,0.654296875,0.5694444444444444
220154,Move,0.6595052083333334,0.5787037037037037
220168.90000000224,Move,0.6608072916666666,0.5810185185185185
220188.1000000015,Move,0.6634114583333334,0.5856481481481481
220202,Move,0.6647135416666666,0.5879629629629629
220211.6000000015,Move,0.6647135416666666,0.5902777777777778
220222.70000000298,Move,0.666015625,0.5925925925925926
220350.20000000298,Move,0.666015625,0.5902777777777778
220364.30000000075,Move,0.6673177083333334,0.5902777777777778
220385.80000000075,Move,0.6673177083333334,0.5902777777777778
220405.40000000224,Move,0.669921875,0.5902777777777778
220413.40000000224,Move,0.6712239583333334,0.5925925925925926
220426.6000000015,Move,0.6725260416666666,0.5925925925925926
220455,Move,0.673828125,0.5925925925925926
220469.40000000224,Move,0.6751302083333334,0.5925925925925926
220483,Move,0.6764322916666666,0.5925925925925926
220504.20000000298,Move,0.6803385416666666,0.5925925925925926
220517.80000000075,Move,0.6842447916666666,0.5925925925925926
220532.90000000224,Move,0.681640625,0.5902777777777778
220553.90000000224,Move,0.681640625,0.5856481481481481
220567.40000000224,Move,0.6790364583333334,0.5856481481481481
220582.6000000015,Move,0.6751302083333334,0.5810185185185185
220603.6000000015,Move,0.6686197916666666,0.5740740740740741
220617.70000000298,Move,0.6634114583333334,0.5671296296296297
220632.1000000015,Move,0.6569010416666666,0.5601851851851852
220652.1000000015,Move,0.6451822916666666,0.5486111111111112
220667.70000000298,Move,0.6360677083333334,0.5393518518518519
220688.30000000075,Move,0.6217447916666666,0.5254629629629629
220702.40000000224,Move,0.6126302083333334,0.5162037037037037
220715.80000000075,Move,0.603515625,0.5069444444444444
220735.30000000075,Move,0.5891927083333334,0.4930555555555556
220751.40000000224,Move,0.580078125,0.4837962962962963
220771.30000000075,Move,0.5670572916666666,0.4722222222222222
220786.40000000224,Move,0.5579427083333334,0.46296296296296297
220800.40000000224,Move,0.5501302083333334,0.4537037037037037
220820.40000000224,Move,0.537109375,0.44212962962962965
220834.30000000075,Move,0.525390625,0.42824074074074076
220849,Move,0.5149739583333334,0.41203703703703703
220869.80000000075,Move,0.498046875,0.3912037037037037
220883.70000000298,Move,0.4876302083333333,0.375
220905,Move,0.4446614583333333,0.32175925925925924
220917.1000000015,Move,0.412109375,0.2847222222222222
220932.90000000224,Move,0.3990885416666667,0.2708333333333333
221016.30000000075,Move,0.400390625,0.27314814814814814
221037,Move,0.4016927083333333,0.2800925925925926
221053.70000000298,Move,0.4029947916666667,0.2847222222222222
221066,Move,0.404296875,0.28935185185185186
221086.30000000075,Move,0.4069010416666667,0.2916666666666667
221100.40000000224,Move,0.408203125,0.2962962962962963
221122,Move,0.4108072916666667,0.30092592592592593
221135.70000000298,Move,0.4134114583333333,0.30324074074074076
221150.6000000015,Move,0.4134114583333333,0.3055555555555556
221170.90000000224,Move,0.4108072916666667,0.3055555555555556
221185.20000000298,Move,0.408203125,0.30324074074074076
221200.6000000015,Move,0.3912760416666667,0.2986111111111111
221221.20000000298,Move,0.369140625,0.2962962962962963
221235.30000000075,Move,0.349609375,0.29398148148148145
221248.70000000298,Move,0.3352864583333333,0.29398148148148145
221270.1000000015,Move,0.306640625,0.28935185185185186
221283.70000000298,Move,0.2962239583333333,0.2847222222222222
221304.40000000224,Move,0.275390625,0.2708333333333333
221319.30000000075,Move,0.2584635416666667,0.2569444444444444
221333.30000000075,Move,0.244140625,0.24074074074074073
221353.40000000224,Move,0.22591145833333334,0.2199074074074074
221369.6000000015,Move,0.216796875,0.21296296296296297
221389,Move,0.205078125,0.2037037037037037
221402.90000000224,Move,0.20247395833333334,0.2013888888888889
221417.90000000224,Move,0.201171875,0.2013888888888889
221670,Move,0.20247395833333334,0.18981481481481483
221686.80000000075,Move,0.20377604166666666,0.1875
221703.6000000015,Move,0.20638020833333334,0.1875
221719.80000000075,Move,0.20768229166666666,0.18518518518518517
221735.70000000298,Move,0.208984375,0.18287037037037038
221751.5,Move,0.21028645833333334,0.18287037037037038
221830,Move,0.21419270833333334,0.18518518518518517
221852.20000000298,Move,0.22200520833333334,0.18981481481481483
221867.80000000075,Move,0.24934895833333334,0.19907407407407407
221887,Move,0.2819010416666667,0.2037037037037037
221901.20000000298,Move,0.3157552083333333,0.20833333333333334
221915.80000000075,Move,0.3470052083333333,0.21064814814814814
221936.20000000298,Move,0.384765625,0.2152777777777778
221951.30000000075,Move,0.4186197916666667,0.2222222222222222
221971.80000000075,Move,0.4485677083333333,0.23148148148148148
221985.1000000015,Move,0.466796875,0.24074074074074073
222000.6000000015,Move,0.4889322916666667,0.25462962962962965
222020.6000000015,Move,0.521484375,0.2824074074074074
222034.70000000298,Move,0.541015625,0.3055555555555556
222055.1000000015,Move,0.5657552083333334,0.33101851851851855
222069.40000000224,Move,0.5774739583333334,0.3425925925925926
222084.30000000075,Move,0.591796875,0.3541666666666667
222098.70000000298,Move,0.603515625,0.36342592592592593
222118.6000000015,Move,0.611328125,0.3680555555555556
222138.5,Move,0.6139322916666666,0.37037037037037035
222153.5,Move,0.615234375,0.37037037037037035
222167.90000000224,Move,0.619140625,0.3726851851851852
222188.30000000075,Move,0.623046875,0.375
222196.1000000015,Move,0.623046875,0.375
222218,Move,0.6243489583333334,0.375
222231,Move,0.626953125,0.375
222302.6000000015,Move,0.6256510416666666,0.375
222312.6000000015,Move,0.6256510416666666,0.3726851851851852
222337.40000000224,Move,0.6243489583333334,0.37037037037037035
222351.5,Move,0.623046875,0.3680555555555556
222365.90000000224,Move,0.6204427083333334,0.36574074074074076
222386.40000000224,Move,0.6165364583333334,0.3587962962962963
222401.90000000224,Move,0.6100260416666666,0.3449074074074074
222421.6000000015,Move,0.603515625,0.3333333333333333
222429,Move,0.6022135416666666,0.33564814814814814
222451,Move,0.6009114583333334,0.33564814814814814
222471.70000000298,Move,0.6009114583333334,0.33564814814814814
222485.90000000224,Move,0.5983072916666666,0.33564814814814814
222501.70000000298,Move,0.595703125,0.33796296296296297
222521,Move,0.5904947916666666,0.3402777777777778
222536.6000000015,Move,0.5865885416666666,0.3449074074074074
222555.1000000015,Move,0.580078125,0.34953703703703703
222569.40000000224,Move,0.5748697916666666,0.35648148148148145
222585,Move,0.5696614583333334,0.3611111111111111
222605.1000000015,Move,0.560546875,0.3680555555555556
222619.1000000015,Move,0.5553385416666666,0.375
222633.30000000075,Move,0.548828125,0.37962962962962965
222647.1000000015,Move,0.5436197916666666,0.38425925925925924
222667.90000000224,Move,0.5345052083333334,0.39351851851851855
222687.6000000015,Move,0.5266927083333334,0.40046296296296297
222703,Move,0.521484375,0.4050925925925926
222717.5,Move,0.5162760416666666,0.4097222222222222
222737.20000000298,Move,0.5084635416666666,0.4166666666666667
222751.80000000075,Move,0.5032552083333334,0.4212962962962963
222772.1000000015,Move,0.490234375,0.42824074074074076
222785.90000000224,Move,0.4837239583333333,0.4305555555555556
222802.20000000298,Move,0.478515625,0.4305555555555556
222821.20000000298,Move,0.4615885416666667,0.4375
222834.5,Move,0.4407552083333333,0.4513888888888889
222850,Move,0.4225260416666667,0.46296296296296297
222863.80000000075,Move,0.4147135416666667,0.4699074074074074
222935.70000000298,Move,0.4134114583333333,0.4675925925925926
222949.20000000298,Move,0.4134114583333333,0.4675925925925926
222974.70000000298,Move,0.412109375,0.4699074074074074
222996.20000000298,Move,0.4108072916666667,0.4699074074074074
223032.1000000015,Move,0.4095052083333333,0.4675925925925926
223054.40000000224,Move,0.4055989583333333,0.4675925925925926
223069.1000000015,Move,0.4029947916666667,0.4652777777777778
223078.40000000224,Move,0.4016927083333333,0.4652777777777778
223091.20000000298,Move,0.4016927083333333,0.4652777777777778
223117,Move,0.4016927083333333,0.4652777777777778
223187.6000000015,Move,0.4016927083333333,0.46296296296296297
223195.1000000015,Move,0.4016927083333333,0.46296296296296297
223216.70000000298,Move,0.4029947916666667,0.46064814814814814
223229.6000000015,Move,0.404296875,0.4583333333333333
223242.90000000224,Move,0.404296875,0.4583333333333333
223266.20000000298,Move,0.4055989583333333,0.45601851851851855
223285,Move,0.408203125,0.4513888888888889
223305.6000000015,Move,0.412109375,0.44212962962962965
223321.1000000015,Move,0.416015625,0.4305555555555556
223334.30000000075,Move,0.4186197916666667,0.4236111111111111
223349.20000000298,Move,0.423828125,0.4097222222222222
223369.5,Move,0.4381510416666667,0.3819444444444444
223383.1000000015,Move,0.451171875,0.36574074074074076
223404.6000000015,Move,0.466796875,0.35185185185185186
223419.20000000298,Move,0.4720052083333333,0.3472222222222222
223432.70000000298,Move,0.474609375,0.3449074074074074
223453.90000000224,Move,0.4759114583333333,0.3472222222222222
223468.1000000015,Move,0.4759114583333333,0.3449074074074074
223481.70000000298,Move,0.478515625,0.3449074074074074
223502.20000000298,Move,0.478515625,0.3425925925925926
223516.70000000298,Move,0.4798177083333333,0.3425925925925926
223536.80000000075,Move,0.482421875,0.33796296296296297
223550.6000000015,Move,0.4837239583333333,0.3333333333333333
223631.40000000224,Move,0.4837239583333333,0.3333333333333333
223645.70000000298,Move,0.482421875,0.33101851851851855
223656.6000000015,Move,0.482421875,0.33101851851851855
223680.20000000298,Move,0.4811197916666667,0.33101851851851855
223704.70000000298,Move,0.4798177083333333,0.3287037037037037
223728.1000000015,Move,0.4798177083333333,0.3263888888888889
223751.20000000298,Move,0.478515625,0.32407407407407407
223763.5,Move,0.478515625,0.32407407407407407
223788.20000000298,Move,0.4772135416666667,0.32175925925925924
223803.40000000224,Move,0.4772135416666667,0.32175925925925924
223812.5,Move,0.4759114583333333,0.3194444444444444
223837.90000000224,Move,0.4772135416666667,0.3194444444444444
223859.70000000298,Move,0.4772135416666667,0.31712962962962965
223887.40000000224,Move,0.4772135416666667,0.3148148148148148
223903.5,Move,0.4772135416666667,0.3125
223916.6000000015,Move,0.4772135416666667,0.3101851851851852
223936.1000000015,Move,0.478515625,0.3055555555555556
223950.90000000224,Move,0.478515625,0.30092592592592593
223972.1000000015,Move,0.478515625,0.29398148148148145
223985.20000000298,Move,0.478515625,0.2916666666666667
223999.40000000224,Move,0.478515625,0.28703703703703703
224019.80000000075,Move,0.478515625,0.2824074074074074
224035.20000000298,Move,0.4798177083333333,0.2777777777777778
224049.6000000015,Move,0.4798177083333333,0.27546296296296297
224068.90000000224,Move,0.4798177083333333,0.26851851851851855
224084.20000000298,Move,0.4811197916666667,0.2638888888888889
224104.80000000075,Move,0.482421875,0.25
224118.6000000015,Move,0.4837239583333333,0.24074074074074073
224132.5,Move,0.4850260416666667,0.23148148148148148
224153.70000000298,Move,0.4889322916666667,0.2013888888888889
224167.80000000075,Move,0.490234375,0.18518518518518517
224173.80000000075,Move,0.490234375,0.18287037037037038
224238.20000000298,Move,0.490234375,0.18287037037037038
224323.90000000224,Move,0.4889322916666667,0.18287037037037038
224350.20000000298,Move,0.4889322916666667,0.18287037037037038
224380.80000000075,Move,0.4876302083333333,0.18287037037037038
224410,Move,0.486328125,0.18287037037037038
224435.6000000015,Move,0.4850260416666667,0.18287037037037038
224688.40000000224,Released,0.4850260416666667,0.18287037037037038
224753.40000000224,Released,0.4869791666666667,0.6331018518518519