resolution:1920,1080
1035635.5,Pressed,846,173
1035673.0999999996,Move,846,173
1035683.0999999996,Move,846,173
1035901.2999999989,Move,847,172
1035914.7999999989,Move,855,171
1035929,Move,869,170
1035936.0999999996,Move,873,169
1036034.6999999993,Move,874,169
1036049.4000000004,Move,873,170
1036258.9000000004,Move,873,171
1036273.5,Move,875,170
1036280.0999999996,Move,876,170
1036296.7999999989,Move,884,168
1036310.1999999993,Move,898,166
1036329.0999999996,Move,913,163
1036343.5,Move,921,161
1036357.2999999989,Move,926,161
1036391.0999999996,Move,924,161
1036710,Move,923,161
1036869.5,Move,924,162
1036879.6999999993,Move,926,162
1036899,Move,934,164
1036909.5999999996,Move,939,165
1036930.1999999993,Move,947,166
1036939.0999999996,Move,948,166
1037088.1999999993,Move,947,168
1037112.6999999993,Move,948,168
1037479.7999999989,Move,949,169
1037489.2999999989,Move,950,169
1037509.6999999993,Move,951,169
1037518.4000000004,Move,953,169
1037531.2999999989,Move,956,170
1037549.5,Move,968,174
1037559.9000000004,Move,973,175
1037568.7999999989,Move,977,177
1037599.0999999996,Move,987,181
1037609.4000000004,Move,990,182
1037629.4000000004,Move,996,183
1037639.4000000004,Move,997,183
1037712.2999999989,Move,998,182
1037843.1999999993,Move,999,181
1037896.4000000004,Move,1000,180
1038018.9000000004,Move,1002,180
1038028.7999999989,Move,1003,180
1038049.7999999989,Move,1005,179
1038079.0999999996,Move,1006,179
1038088.7999999989,Move,1007,180
1038098.7999999989,Move,1009,181
1038108.5999999996,Move,1010,182
1038129.5,Move,1012,182
1038149.6999999993,Move,1014,184
1038159.2999999989,Move,1015,184
1038179,Move,1017,186
1038198.2999999989,Move,1019,187
1038207.1999999993,Move,1020,187
1038227.7999999989,Move,1022,188
1038249.1999999993,Move,1024,190
1038258.9000000004,Move,1025,191
1038267.7999999989,Move,1027,192
1038287.9000000004,Move,1028,193
1038312.1999999993,Move,1030,194
1038318,Move,1031,195
1038348,Move,1035,199
1038358,Move,1037,201
1038379.6999999993,Move,1041,204
1038399.4000000004,Move,1045,207
1038408.6999999993,Move,1046,209
1038428.0999999996,Move,1050,212
1038448.1999999993,Move,1054,215
1038458.5999999996,Move,1055,216
1038477.5,Move,1058,217
1038498.2999999989,Move,1059,218
1038508.7999999989,Move,1060,218
1038517.9000000004,Move,1063,218
1038548.7999999989,Move,1064,220
1038558.7999999989,Move,1065,220
1038587.5999999996,Move,1065,221
1038608.1999999993,Move,1066,219
1038649.0999999996,Move,1068,220
1038669.2999999989,Move,1068,221
1038688.4000000004,Move,1067,222
1038712.1999999993,Move,1067,223
1038728,Move,1066,223
1038743.4000000004,Move,1066,224
1038747.6999999993,Move,1065,224
1038767.5999999996,Move,1065,225
1038799.5999999996,Move,1065,226
1038945.5999999996,Move,1066,227
1039058.6999999993,Move,1067,227
1039170.1999999993,Move,1067,228
1039282.9000000004,Move,1068,229
1039507.6999999993,Move,1069,230
1039543.5999999996,Move,1070,231
1039552.5,Move,1070,232
1039569.6999999993,Move,1070,233
1039588.6999999993,Move,1071,233
1039607.0999999996,Move,1071,234
1039624.7999999989,Move,1072,236
1039642.1999999993,Move,1073,239
1039660.7999999989,Move,1075,243
1039678.5,Move,1076,248
1039687.0999999996,Move,1076,251
1039706,Move,1077,252
1039731.9000000004,Move,1077,253
1039751.4000000004,Move,1079,253
1039759.0999999996,Move,1079,254
1039777.4000000004,Move,1078,257
1039794.5999999996,Move,1078,258
1039814.1999999993,Move,1079,259
1039822.0999999996,Move,1079,260
1039832.5,Move,1079,258
1039858.0999999996,Move,1079,260
1039876.4000000004,Move,1080,263
1039895,Move,1081,266
1039911.2999999989,Move,1083,270
1039921.6999999993,Move,1083,271
1039939.7999999989,Move,1085,275
1039957.7999999989,Move,1088,279
1039975.5,Move,1090,282
1039993.7999999989,Move,1092,284
1040003.2999999989,Move,1093,284
1040020.5999999996,Move,1094,284
1040039.2999999989,Move,1097,284
1040057.6999999993,Move,1099,285
1040075.4000000004,Move,1102,287
1040092.6999999993,Move,1106,288
1040110.6999999993,Move,1109,290
1040127.6999999993,Move,1113,294
1040138.2999999989,Move,1114,295
1040155.5,Move,1116,297
1040173.6999999993,Move,1118,299
1040182.2999999989,Move,1118,300
1040208,Move,1118,301
1040227,Move,1117,300
1040236.5,Move,1117,301
1040252.9000000004,Move,1117,302
1040271.1999999993,Move,1117,303
1040290.2999999989,Move,1118,303
1040307.4000000004,Move,1118,305
1040315.9000000004,Move,1118,306
1040470.5,Move,1118,305
1040575.9000000004,Move,1117,305
1040680.7999999989,Move,1117,304
1040787.2999999989,Move,1116,304
1040891.6999999993,Move,1115,303
1040997.6999999993,Move,1116,304
1041016.5999999996,Move,1116,305
1041020.1999999993,Move,1115,308
1041043.2999999989,Move,1116,310
1041053.0999999996,Move,1116,311
1041075.7999999989,Move,1115,313
1041094.5,Move,1115,314
1041109.6999999993,Move,1116,316
1041119,Move,1116,317
1041142.2999999989,Move,1116,319
1041152.7999999989,Move,1116,320
1041175.2999999989,Move,1117,322
1041187.2999999989,Move,1117,323
1041195.6999999993,Move,1117,324
1041220.1999999993,Move,1117,326
1041229.4000000004,Move,1117,327
1041251.4000000004,Move,1117,329
1041273.1999999993,Move,1117,331
1041296.2999999989,Move,1118,333
1041307.9000000004,Move,1118,334
1041328.0999999996,Move,1118,336
1041342.2999999989,Move,1118,337
1041349.6999999993,Move,1118,338
1041375.0999999996,Move,1118,342
1041394.6999999993,Move,1118,344
1041405.7999999989,Move,1118,345
1041427.5999999996,Move,1119,347
1041452.4000000004,Move,1119,349
1041460.2999999989,Move,1120,350
1041482.6999999993,Move,1120,352
1041526.2999999989,Move,1121,354
1041543.7999999989,Move,1121,355
1041560.1999999993,Move,1122,357
1041570,Move,1123,357
1041593.6999999993,Move,1124,359
1041603.4000000004,Move,1124,360
1041624.9000000004,Move,1125,362
1041637.5999999996,Move,1125,363
1041649.4000000004,Move,1126,364
1041669.4000000004,Move,1127,365
1041691.6999999993,Move,1128,367
1041716.2999999989,Move,1127,368
1041725.9000000004,Move,1126,367
1041735.6999999993,Move,1127,368
1041762.0999999996,Move,1128,371
1041767.6999999993,Move,1129,372
1041793.5999999996,Move,1130,374
1041801.2999999989,Move,1131,375
1041825.2999999989,Move,1133,376
1041834.1999999993,Move,1134,377
1041856.7999999989,Move,1135,379
1041878.7999999989,Move,1137,380
1041902.9000000004,Move,1139,382
1041912.0999999996,Move,1140,383
1041934,Move,1141,385
1041945.5999999996,Move,1142,386
1042071.2999999989,Move,1141,387
1042280.5999999996,Move,1140,388
1042385.5999999996,Move,1139,389
1042593.7999999989,Move,1138,390
1042664.9000000004,Move,1137,390
1042684.0999999996,Move,1137,391
1042715.4000000004,Move,1137,392
1042745,Move,1137,393
1042764.7999999989,Move,1137,394
1042813,Move,1137,396
1042837.7999999989,Move,1137,397
1042846,Move,1137,398
1042853.5999999996,Move,1138,399
1042869,Move,1138,400
1042894.5,Move,1138,402
1042904.4000000004,Move,1136,401
1042924.0999999996,Move,1136,403
1042944.2999999989,Move,1136,404
1042954.1999999993,Move,1136,405
1042974,Move,1137,406
1042994.0999999996,Move,1137,408
1043005.5,Move,1137,409
1043024.0999999996,Move,1137,410
1043045,Move,1137,412
1043063.5,Move,1137,413
1043085.9000000004,Move,1137,415
1043104.5,Move,1137,416
1043114.5999999996,Move,1137,417
1043135.5,Move,1137,418
1043144,Move,1137,419
1043164.2999999989,Move,1138,420
1043174.7999999989,Move,1138,421
1043183.1999999993,Move,1138,422
1043214.4000000004,Move,1138,424
1043223.5999999996,Move,1138,425
1043255.6999999993,Move,1138,427
1043262.5999999996,Move,1138,428
1043286.6999999993,Move,1138,430
1043293.4000000004,Move,1138,432
1043319,Move,1138,435
1043325.2999999989,Move,1138,436
1043344.5,Move,1137,440
1043353.7999999989,Move,1137,442
1043374.2999999989,Move,1137,445
1043395,Move,1137,448
1043403.1999999993,Move,1136,450
1043427.1999999993,Move,1136,456
1043444.6999999993,Move,1136,463
1043454.0999999996,Move,1136,467
1043475.5999999996,Move,1136,474
1043495,Move,1136,479
1043505.4000000004,Move,1136,481
1043548.4000000004,Move,1137,479
1043894.1999999993,Move,1137,480
1044010.1999999993,Move,1139,478
1044124.9000000004,Move,1138,479
1044146.9000000004,Move,1138,480
1044161.0999999996,Move,1136,481
1044188.5999999996,Move,1136,482
1044195.9000000004,Move,1136,483
1044208.9000000004,Move,1135,484
1044231.1999999993,Move,1133,489
1044244.5,Move,1132,492
1044250.5999999996,Move,1131,494
1044286.2999999989,Move,1131,493
1044293.2999999989,Move,1130,493
1044299.2999999989,Move,1130,494
1044320.6999999993,Move,1130,495
1044348.1999999993,Move,1129,496
1044362.0999999996,Move,1128,496
1044377,Move,1127,498
1044397.2999999989,Move,1125,502
1044411.9000000004,Move,1124,505
1044426.5,Move,1123,509
1044446.7999999989,Move,1121,515
1044460.0999999996,Move,1119,519
1044481.0999999996,Move,1117,521
1044495.9000000004,Move,1116,524
1044508.2999999989,Move,1115,528
1044530.5999999996,Move,1112,537
1044545.1999999993,Move,1112,541
1044559.0999999996,Move,1111,547
1044580.2999999989,Move,1109,553
1044593.6999999993,Move,1109,556
1044600.7999999989,Move,1110,557
1044622.2999999989,Move,1111,557
1044649.5999999996,Move,1112,557
1044656.0999999996,Move,1112,558
1044677.4000000004,Move,1112,559
1044810.1999999993,Move,1111,559
1045311.5,Move,1109,559
1045562.5999999996,Move,1108,560
1045598.2999999989,Move,1105,563
1045611.5,Move,1102,567
1045631.6999999993,Move,1099,571
1045645.1999999993,Move,1096,575
1045660.5999999996,Move,1093,579
1045681.6999999993,Move,1090,584
1045696.6999999993,Move,1087,588
1045716.5,Move,1084,592
1045730.5999999996,Move,1082,595
1045744.2999999989,Move,1079,598
1045765,Move,1074,604
1045779.5999999996,Move,1071,608
1045793.5999999996,Move,1068,611
1045814,Move,1064,615
1045829.5999999996,Move,1062,619
1045842.7999999989,Move,1061,621
1045855.5999999996,Move,1061,622
1045877.6999999993,Move,1060,623
1045883.4000000004,Move,1061,623
1045919.5,Move,1059,624
1045925.5,Move,1060,624
1045953.5,Move,1060,623
1045961.1999999993,Move,1061,623
1046026.6999999993,Move,1060,623
1046169.6999999993,Move,1058,623
1046461.1999999993,Move,1057,624
1046537.9000000004,Move,1056,624
1046540.5,Move,1054,624
1046553.1999999993,Move,1055,626
1046581.6999999993,Move,1056,624
1046620.5999999996,Move,1055,625
1046641,Move,1053,626
1046661.7999999989,Move,1052,627
1046681.5999999996,Move,1051,627
1046690.5,Move,1050,628
1046711.2999999989,Move,1048,629
1046731.5,Move,1045,631
1046741.5,Move,1043,632
1046761.9000000004,Move,1040,634
1046781.9000000004,Move,1038,635
1046791,Move,1036,636
1046811.1999999993,Move,1031,639
1046822.4000000004,Move,1027,641
1046841.0999999996,Move,1021,644
1046861.5,Move,1014,648
1046871.4000000004,Move,1011,650
1046891.1999999993,Move,1005,653
1046911.1999999993,Move,1001,656
1046931.2999999989,Move,998,658
1046941.5,Move,996,659
1048915.5999999996,Move,850,657
1048925.2999999989,Move,848,657
1048959.0999999996,Move,845,655
1048992,Move,843,655
1049028.5999999996,Move,842,655
1049046.0999999996,Move,841,655
1049059.1999999993,Move,840,654
1049067.7999999989,Move,839,654
1049090.5,Move,838,654
1049106.5999999996,Move,837,654
1049150,Move,838,654
1049528.6999999993,Move,840,654
1049727.6999999993,Move,838,652
1049738.7999999989,Move,835,650
1049749,Move,832,648
1049775.9000000004,Move,822,641
1049792.7999999989,Move,817,637
1049991.6999999993,Move,816,637
1050444.1999999993,Move,816,636
1050464.9000000004,Move,814,635
1050475.5999999996,Move,813,635
1050497.7999999989,Move,809,631
1050508.9000000004,Move,804,628
1050518.5,Move,800,624
1050541.4000000004,Move,792,618
1050563.6999999993,Move,787,613
1050574.9000000004,Move,784,611
1050585.0999999996,Move,782,609
1050607.9000000004,Move,776,605
1050617.9000000004,Move,774,603
1050690.5999999996,Move,774,604
1050794,Move,774,605
1050897.4000000004,Move,774,606
1051001.1999999993,Move,773,605
1051065.5,Move,772,605
1051072.2999999989,Move,772,604
1051099,Move,771,603
1051105.5999999996,Move,771,602
1051128.4000000004,Move,769,599
1051148,Move,767,598
1051154.5999999996,Move,767,597
1051176,Move,766,595
1051198.7999999989,Move,764,594
1051212.6999999993,Move,763,592
1051231.9000000004,Move,760,590
1051246.5,Move,759,589
1051253.1999999993,Move,757,587
1051281.6999999993,Move,755,585
1051295.6999999993,Move,754,584
1051310.1999999993,Move,755,581
1051331.2999999989,Move,754,581
1051343.9000000004,Move,753,579
1051365,Move,751,577
1051371.7999999989,Move,750,576
1051393.5,Move,749,575
1051414.7999999989,Move,747,572
1051428.5,Move,745,569
1051442.0999999996,Move,744,566
1051463.5,Move,742,562
1051477.5999999996,Move,742,559
1051497.7999999989,Move,738,551
1051511.6999999993,Move,735,544
1051527.4000000004,Move,732,538
1051540.5,Move,730,535
1051687.0999999996,Move,729,535
1051864.0999999996,Move,728,535
1052040.5,Move,727,535
1052218.4000000004,Move,726,534
1052247,Move,726,532
1052260.4000000004,Move,726,531
1052281.0999999996,Move,725,530
1052288,Move,725,529
1052315.5,Move,724,522
1052330.7999999989,Move,724,518
1052344.4000000004,Move,724,514
1052365,Move,723,513
1052371.9000000004,Move,723,512
1052387.0999999996,Move,722,511
1052413.5999999996,Move,722,509
1052448.6999999993,Move,722,507
1052465,Move,722,506
1052478.6999999993,Move,721,502
1052497.7999999989,Move,720,496
1052513.0999999996,Move,718,492
1052526.1999999993,Move,715,486
1052547.5999999996,Move,714,481
1052560.9000000004,Move,713,479
1052582.0999999996,Move,712,475
1052595.9000000004,Move,710,471
1052610.9000000004,Move,709,467
1052624.2999999989,Move,707,462
1052645.0999999996,Move,703,453
1052660.1999999993,Move,702,450
1052673.0999999996,Move,702,446
1052708.6999999993,Move,702,447
1052721.9000000004,Move,702,448
1052844.5,Move,702,449
1053012.4000000004,Move,702,450
1053179.7999999989,Move,702,451
1053346.9000000004,Move,703,450
1053361.7999999989,Move,704,450
1053377,Move,704,449
1053392.5,Move,704,448
1053422.0999999996,Move,704,447
1053437.1999999993,Move,704,446
1053454.0999999996,Move,703,444
1053482.7999999989,Move,703,443
1053512.5,Move,703,442
1053530,Move,703,441
1053543.2999999989,Move,703,440
1053558.2999999989,Move,703,438
1053572.9000000004,Move,704,436
1053588.4000000004,Move,704,433
1053603,Move,705,430
1053617.9000000004,Move,705,427
1053646.1999999993,Move,705,422
1053662.7999999989,Move,705,421
1053722.6999999993,Move,705,420
1053767.4000000004,Move,705,419
1053782.5999999996,Move,707,421
1053812.0999999996,Move,707,420
1053843.0999999996,Move,707,418
1053932.1999999993,Move,707,417
1054022.2999999989,Move,708,417
1054036.9000000004,Move,709,417
1054050.9000000004,Move,707,416
1054069.9000000004,Move,707,415
1054097.4000000004,Move,707,414
1054127.9000000004,Move,707,413
1054157.0999999996,Move,707,412
1054171.9000000004,Move,707,411
1054188.2999999989,Move,707,410
1054203.4000000004,Move,707,408
1054232.5,Move,708,406
1054247.5,Move,708,403
1054263.9000000004,Move,708,401
1054276.9000000004,Move,708,399
1054292.0999999996,Move,708,396
1054307,Move,708,393
1054322.9000000004,Move,708,390
1054336.2999999989,Move,707,387
1054351.5999999996,Move,707,384
1054382,Move,706,375
1054397.9000000004,Move,706,372
1054412,Move,706,370
1054427.2999999989,Move,706,368
1054442.6999999993,Move,706,365
1054456.9000000004,Move,706,364
1054470.9000000004,Move,706,363
1054485.7999999989,Move,706,362
1054547.5,Move,705,362
1054651.1999999993,Move,705,361
1054696.4000000004,Move,705,360
1054763.6999999993,Move,704,361
1054961.7999999989,Move,703,362
1055027.6999999993,Move,702,363
1055094.6999999993,Move,703,362
1055111.1999999993,Move,705,357
1055127.1999999993,Move,710,347
1055143.9000000004,Move,714,338
1055159.2999999989,Move,716,338
1055167.4000000004,Move,715,339
1055280,Move,714,341
1055295.1999999993,Move,715,340
1055615.1999999993,Move,716,339
1055631,Move,715,336
1055647.5,Move,718,327
1055663.6999999993,Move,722,314
1055679.5999999996,Move,724,303
1055695,Move,726,295
1055713.6999999993,Move,728,287
1055727.4000000004,Move,731,280
1055738.0999999996,Move,731,279
1055822.4000000004,Move,731,280
1055980.6999999993,Move,731,282
1056294.5,Move,732,281
1056385.9000000004,Move,732,280
1056414.7999999989,Move,733,279
1056445.9000000004,Move,734,278
1056476.0999999996,Move,734,276
1056485,Move,734,275
1056504.1999999993,Move,735,274
1056525.1999999993,Move,735,273
1056544.7999999989,Move,736,272
1056564.9000000004,Move,736,271
1056575,Move,737,270
1056596.5,Move,737,269
1056615.0999999996,Move,738,268
1056626.4000000004,Move,737,268
1056644.5999999996,Move,737,266
1056664.2999999989,Move,737,264
1056685.0999999996,Move,738,263
1056709.7999999989,Move,738,262
1056725.4000000004,Move,739,261
1056735.2999999989,Move,739,260
1056765.5999999996,Move,740,259
1056775.9000000004,Move,740,258
1056794.5,Move,739,257
1056824.5,Move,740,256
1056855.5999999996,Move,741,254
1056874.7999999989,Move,741,253
1056896.4000000004,Move,742,251
1056914.6999999993,Move,744,249
1056925.4000000004,Move,745,248
1056944.7999999989,Move,747,245
1056954.5999999996,Move,746,242
1056975,Move,750,240
1056984.5999999996,Move,751,239
1057015.5,Move,757,235
1057025,Move,760,232
1057045.0999999996,Move,767,226
1057065.4000000004,Move,772,220
1057075.5999999996,Move,775,218
1057096.0999999996,Move,778,215
1057185.5,Move,779,216
1057301.4000000004,Move,781,218
1057477.5,Move,783,218
1057510.0999999996,Move,783,217
1057518.1999999993,Move,784,217
1057542.4000000004,Move,785,216
1057550.9000000004,Move,786,216
1057581.5999999996,Move,786,215
1057590.6999999993,Move,788,214
1057614.9000000004,Move,789,214
1057630.5,Move,790,213
1057638.2999999989,Move,790,212
1057663.2999999989,Move,791,212
1057686.5999999996,Move,792,211
1057710.0999999996,Move,793,210
1057727,Move,792,211
1057741.9000000004,Move,793,210
1057765.5999999996,Move,796,208
1057782.1999999993,Move,797,206
1057798,Move,799,205
1057814.5999999996,Move,800,203
1057831.5,Move,802,202
1057847.6999999993,Move,803,200
1057862.5999999996,Move,804,199
1057878.0999999996,Move,806,198
1057893.2999999989,Move,806,197
1057910.5999999996,Move,809,196
1057926.1999999993,Move,813,194
1057942,Move,816,191
1057958.5999999996,Move,820,189
1057981.9000000004,Move,828,185
1057997.6999999993,Move,834,182
1058015.5,Move,836,180
1058030.7999999989,Move,840,178
1058038.5999999996,Move,841,177
1058063,Move,842,176
1058069.6999999993,Move,843,174
1058220.9000000004,Move,844,174
1058386.1999999993,Move,845,174
1058551.6999999993,Move,846,174
1058943,Released,846,174
1058993.6999999993,Released,940,673
