resolution:1536,864
1304427,Pressed,0.5553385416666666,0.36342592592592593
1304514.5,Move,0.5553385416666666,0.36342592592592593
1304529.1999999993,Move,0.5553385416666666,0.36342592592592593
1304663.1999999993,Move,0.5553385416666666,0.36342592592592593
1304785.1000000015,Move,0.5553385416666666,0.3611111111111111
1304805.8000000007,Move,0.556640625,0.3611111111111111
1304812.3999999985,Move,0.5553385416666666,0.3611111111111111
1304825.6000000015,Move,0.5579427083333334,0.3587962962962963
1304841.3000000007,Move,0.5592447916666666,0.35648148148148145
1304848.3999999985,Move,0.5592447916666666,0.35648148148148145
1304876.6999999993,Move,0.5618489583333334,0.3541666666666667
1304891.1000000015,Move,0.5631510416666666,0.3541666666666667
1304896.6999999993,Move,0.564453125,0.35185185185185186
1304926,Move,0.564453125,0.35185185185185186
1304940.5,Move,0.5670572916666666,0.34953703703703703
1304960.5,Move,0.5696614583333334,0.3472222222222222
1304975,Move,0.5735677083333334,0.3449074074074074
1304989.3000000007,Move,0.5774739583333334,0.3402777777777778
1305010.1999999993,Move,0.5826822916666666,0.33564814814814814
1305024.3000000007,Move,0.5852864583333334,0.33101851851851855
1305044.8000000007,Move,0.5904947916666666,0.3263888888888889
1305059.6000000015,Move,0.5944010416666666,0.32407407407407407
1305072.8000000007,Move,0.5983072916666666,0.32175925925925924
1305086.6999999993,Move,0.6022135416666666,0.31712962962962965
1305107.5,Move,0.611328125,0.30787037037037035
1305121.8999999985,Move,0.6178385416666666,0.30324074074074076
1305142.6999999993,Move,0.634765625,0.28703703703703703
1305157,Move,0.6412760416666666,0.2824074074074074
1305177.1000000015,Move,0.646484375,0.2777777777777778
1305191,Move,0.650390625,0.27314814814814814
1305241.8999999985,Move,0.650390625,0.27314814814814814
1305271,Move,0.6490885416666666,0.2708333333333333
1305291,Move,0.6490885416666666,0.2708333333333333
1305298.6999999993,Move,0.6490885416666666,0.26851851851851855
1305305.8999999985,Move,0.6477864583333334,0.26851851851851855
1305326.3000000007,Move,0.646484375,0.2662037037037037
1305342.3000000007,Move,0.6451822916666666,0.25925925925925924
1305356.1999999993,Move,0.642578125,0.25462962962962965
1305370.3000000007,Move,0.6412760416666666,0.2569444444444444
1305392.6000000015,Move,0.6360677083333334,0.25925925925925924
1305405.6000000015,Move,0.6321614583333334,0.26157407407407407
1305427.3000000007,Move,0.626953125,0.26157407407407407
1305441.6000000015,Move,0.623046875,0.2638888888888889
1305456.1999999993,Move,0.6217447916666666,0.2638888888888889
1305476.6999999993,Move,0.611328125,0.26851851851851855
1305491,Move,0.6022135416666666,0.2708333333333333
1305511.5,Move,0.5865885416666666,0.27546296296296297
1305525.8000000007,Move,0.576171875,0.2800925925925926
1305538.8999999985,Move,0.564453125,0.2847222222222222
1305560.6000000015,Move,0.5423177083333334,0.2962962962962963
1305574.1000000015,Move,0.517578125,0.3101851851851852
1305588,Move,0.4720052083333333,0.33564814814814814
1305609.5,Move,0.4446614583333333,0.34953703703703703
1305622.1000000015,Move,0.4342447916666667,0.3541666666666667
1305748.3000000007,Move,0.4329427083333333,0.35648148148148145
1305758.1000000015,Move,0.4342447916666667,0.35648148148148145
1305769,Move,0.4329427083333333,0.3587962962962963
1305789.1000000015,Move,0.431640625,0.3611111111111111
1305808.8000000007,Move,0.4303385416666667,0.36342592592592593
1305818.8999999985,Move,0.4303385416666667,0.36574074074074076
1305838.6999999993,Move,0.4290364583333333,0.3680555555555556
1305859.8999999985,Move,0.4264322916666667,0.37037037037037035
1305870.1000000015,Move,0.4251302083333333,0.37037037037037035
1305889.1999999993,Move,0.4225260416666667,0.3726851851851852
1305909.8000000007,Move,0.4212239583333333,0.3726851851851852
1305938.5,Move,0.4212239583333333,0.3726851851851852
1306008.1999999993,Move,0.423828125,0.37962962962962965
1306023.8000000007,Move,0.427734375,0.38657407407407407
1306044.3000000007,Move,0.4329427083333333,0.3958333333333333
1306057.6000000015,Move,0.4368489583333333,0.4074074074074074
1306077.8000000007,Move,0.443359375,0.4212962962962963
1306092.8000000007,Move,0.4485677083333333,0.4305555555555556
1306107.8999999985,Move,0.4537760416666667,0.44212962962962965
1306121.3999999985,Move,0.458984375,0.4537037037037037
1306142.3999999985,Move,0.466796875,0.4675925925925926
1306156.3000000007,Move,0.470703125,0.4791666666666667
1306176.6000000015,Move,0.4772135416666667,0.49074074074074076
1306191.8999999985,Move,0.4811197916666667,0.4976851851851852
1306205.3999999985,Move,0.4837239583333333,0.5046296296296297
1306226.6999999993,Move,0.4876302083333333,0.5138888888888888
1306240.3999999985,Move,0.490234375,0.5185185185185185
1306261,Move,0.4967447916666667,0.5300925925925926
1306275.6999999993,Move,0.4993489583333333,0.5347222222222222
1306289.5,Move,0.5006510416666666,0.5393518518518519
1306309.6999999993,Move,0.505859375,0.5462962962962963
1306324.1000000015,Move,0.5071614583333334,0.5486111111111112
1306338.3000000007,Move,0.5110677083333334,0.5555555555555556
1306359.1000000015,Move,0.5149739583333334,0.5625
1306373.8000000007,Move,0.517578125,0.5648148148148148
1306394.1000000015,Move,0.5227864583333334,0.5740740740740741
1306408.3999999985,Move,0.525390625,0.5787037037037037
1306414.6000000015,Move,0.5279947916666666,0.5833333333333334
1306537.1000000015,Move,0.5266927083333334,0.5833333333333334
1306579.6000000015,Move,0.5266927083333334,0.5833333333333334
1306621.5,Move,0.525390625,0.5833333333333334
1306636.1000000015,Move,0.525390625,0.5833333333333334
1306648.8999999985,Move,0.5240885416666666,0.5833333333333334
1306663.8000000007,Move,0.5240885416666666,0.5833333333333334
1306692.1000000015,Move,0.5227864583333334,0.5833333333333334
1306706.8999999985,Move,0.521484375,0.5833333333333334
1306720.1000000015,Move,0.5188802083333334,0.5833333333333334
1306734.3999999985,Move,0.517578125,0.5833333333333334
1306762.1000000015,Move,0.525390625,0.5671296296296297
1306776.8999999985,Move,0.5305989583333334,0.5532407407407407
1306790.3000000007,Move,0.5384114583333334,0.5347222222222222
1306804.6999999993,Move,0.544921875,0.5138888888888888
1306824.8000000007,Move,0.5540364583333334,0.4791666666666667
1306838.1999999993,Move,0.5618489583333334,0.4513888888888889
1306860.1000000015,Move,0.5748697916666666,0.41435185185185186
1306873.5,Move,0.5813802083333334,0.39814814814814814
1306895.1999999993,Move,0.5930989583333334,0.375
1306909.6000000015,Move,0.603515625,0.3611111111111111
1306923.1999999993,Move,0.6217447916666666,0.3425925925925926
1306944.3999999985,Move,0.638671875,0.33101851851851855
1306958,Move,0.654296875,0.31712962962962965
1306973,Move,0.6686197916666666,0.30324074074074076
1306992.8000000007,Move,0.6842447916666666,0.2824074074074074
1307007.8999999985,Move,0.6920572916666666,0.2662037037037037
1307022.1000000015,Move,0.701171875,0.2523148148148148
1307103.6000000015,Move,0.7024739583333334,0.2523148148148148
1307111.1999999993,Move,0.7024739583333334,0.25
1307125.8999999985,Move,0.705078125,0.25
1307142,Move,0.7076822916666666,0.2523148148148148
1307159.6999999993,Move,0.7102864583333334,0.25462962962962965
1307174.8999999985,Move,0.712890625,0.25462962962962965
1307189.6999999993,Move,0.7141927083333334,0.25462962962962965
1307210.8999999985,Move,0.7194010416666666,0.2523148148148148
1307217.1999999993,Move,0.7194010416666666,0.2523148148148148
1307238.5,Move,0.720703125,0.25462962962962965
1307258.5,Move,0.7220052083333334,0.25462962962962965
1307279.6999999993,Move,0.7220052083333334,0.25462962962962965
1307294.8999999985,Move,0.7220052083333334,0.2569444444444444
1307315.6000000015,Move,0.720703125,0.25925925925925924
1307323.1000000015,Move,0.720703125,0.26157407407407407
1307343.6000000015,Move,0.7194010416666666,0.2638888888888889
1307358.6999999993,Move,0.716796875,0.2708333333333333
1307372.6000000015,Move,0.7141927083333334,0.2800925925925926
1307391.6999999993,Move,0.7076822916666666,0.2962962962962963
1307406.6999999993,Move,0.7024739583333334,0.30787037037037035
1307428.6000000015,Move,0.6946614583333334,0.33101851851851855
1307441,Move,0.689453125,0.3449074074074074
1307456.1000000015,Move,0.6842447916666666,0.3587962962962963
1307478.1999999993,Move,0.6764322916666666,0.37962962962962965
1307490.1999999993,Move,0.6712239583333334,0.39351851851851855
1307511.8999999985,Move,0.6647135416666666,0.4097222222222222
1307525.3999999985,Move,0.658203125,0.42592592592592593
1307540.8999999985,Move,0.6477864583333334,0.44907407407407407
1307560.8000000007,Move,0.634765625,0.48148148148148145
1307574,Move,0.6139322916666666,0.5324074074074074
1307589.1999999993,Move,0.591796875,0.5856481481481481
1307596.3000000007,Move,0.5891927083333334,0.5949074074074074
1307722.1999999993,Move,0.5891927083333334,0.5925925925925926
1307758.6999999993,Move,0.5904947916666666,0.5925925925925926
1307773,Move,0.5930989583333334,0.5902777777777778
1307792.3999999985,Move,0.5983072916666666,0.5856481481481481
1307807.3999999985,Move,0.6022135416666666,0.5787037037037037
1307813,Move,0.603515625,0.5763888888888888
1307856.6999999993,Move,0.6048177083333334,0.5763888888888888
1307877.6999999993,Move,0.603515625,0.5740740740740741
1307892.8999999985,Move,0.603515625,0.5740740740740741
1307913.3999999985,Move,0.6022135416666666,0.5740740740740741
1307928.3000000007,Move,0.6009114583333334,0.5717592592592593
1307942.8999999985,Move,0.5983072916666666,0.5717592592592593
1307956.3999999985,Move,0.5970052083333334,0.5694444444444444
1307977.8999999985,Move,0.5930989583333334,0.5648148148148148
1307991.6999999993,Move,0.5891927083333334,0.5625
1308005.5,Move,0.5865885416666666,0.5601851851851852
1308025.8999999985,Move,0.5813802083333334,0.5578703703703703
1308040.6999999993,Move,0.5787760416666666,0.5555555555555556
1308061.6999999993,Move,0.5735677083333334,0.5532407407407407
1308075.6999999993,Move,0.5709635416666666,0.5509259259259259
1308090.1999999993,Move,0.568359375,0.5486111111111112
1308110.3999999985,Move,0.564453125,0.5439814814814815
1308123.3000000007,Move,0.5592447916666666,0.5393518518518519
1308144.3000000007,Move,0.5501302083333334,0.5277777777777778
1308160.3000000007,Move,0.544921875,0.5208333333333334
1308172.6000000015,Move,0.533203125,0.5069444444444444
1308194.6999999993,Move,0.5149739583333334,0.48842592592592593
1308200.8999999985,Move,0.5123697916666666,0.4861111111111111
1308273.3999999985,Move,0.513671875,0.48842592592592593
1308288,Move,0.513671875,0.48842592592592593
1308303.6999999993,Move,0.5149739583333334,0.49074074074074076
1308319.3999999985,Move,0.5149739583333334,0.4930555555555556
1308333.1000000015,Move,0.5149739583333334,0.4930555555555556
1308348.8000000007,Move,0.5162760416666666,0.4930555555555556
1308364.6000000015,Move,0.5162760416666666,0.49537037037037035
1308378.8999999985,Move,0.5162760416666666,0.49537037037037035
1308395,Move,0.517578125,0.49537037037037035
1308409.8000000007,Move,0.517578125,0.4976851851851852
1308424.8000000007,Move,0.517578125,0.4976851851851852
1308438.8999999985,Move,0.517578125,0.4976851851851852
1308454.5,Move,0.5188802083333334,0.4976851851851852
1308469.3000000007,Move,0.5188802083333334,0.5
1308482.8999999985,Move,0.5201822916666666,0.5
1308499.3000000007,Move,0.5201822916666666,0.5
1308529.8000000007,Move,0.5201822916666666,0.5023148148148148
1308627,Move,0.5188802083333334,0.5023148148148148
1308689.1999999993,Move,0.5188802083333334,0.5046296296296297
1308754.3000000007,Move,0.517578125,0.5046296296296297
1308801.8999999985,Move,0.5162760416666666,0.5069444444444444
1308817.8000000007,Move,0.5162760416666666,0.5069444444444444
1308859.8000000007,Move,0.5149739583333334,0.5046296296296297
1308873.3000000007,Move,0.5123697916666666,0.5
1308894.8000000007,Move,0.5006510416666666,0.48148148148148145
1308908.1999999993,Move,0.4889322916666667,0.4675925925925926
1308922.1999999993,Move,0.4811197916666667,0.45601851851851855
1308943.3999999985,Move,0.4654947916666667,0.4351851851851852
1308958.3000000007,Move,0.4602864583333333,0.42592592592592593
1308970.6999999993,Move,0.455078125,0.41435185185185186
1308991.3999999985,Move,0.4446614583333333,0.3819444444444444
1309007,Move,0.439453125,0.3611111111111111
1309028.3000000007,Move,0.4342447916666667,0.33796296296296297
1309040.6999999993,Move,0.4303385416666667,0.3263888888888889
1309062.1000000015,Move,0.427734375,0.3194444444444444
1309076.8999999985,Move,0.4264322916666667,0.31712962962962965
1309090.6999999993,Move,0.4264322916666667,0.3148148148148148
1309110.5,Move,0.4251302083333333,0.3125
1309132.8000000007,Move,0.423828125,0.3125
1309139.1000000015,Move,0.423828125,0.3101851851851852
1309217.8999999985,Move,0.423828125,0.3125
1309228,Move,0.423828125,0.3125
1309237.3000000007,Move,0.423828125,0.3148148148148148
1309255.3999999985,Move,0.423828125,0.3194444444444444
1309273.6000000015,Move,0.423828125,0.32407407407407407
1309291.5,Move,0.423828125,0.3263888888888889
1309308.1999999993,Move,0.423828125,0.3287037037037037
1309363.5,Move,0.4251302083333333,0.3287037037037037
1309377.8999999985,Move,0.4251302083333333,0.3263888888888889
1309391.8999999985,Move,0.4290364583333333,0.32407407407407407
1309398,Move,0.4290364583333333,0.32175925925925924
1309427.1000000015,Move,0.4329427083333333,0.31712962962962965
1309441.1000000015,Move,0.4342447916666667,0.3148148148148148
1309461.3999999985,Move,0.4368489583333333,0.3101851851851852
1309475.3999999985,Move,0.4407552083333333,0.3055555555555556
1309489.3000000007,Move,0.4459635416666667,0.30092592592592593
1309511,Move,0.455078125,0.2916666666666667
1309525,Move,0.4602864583333333,0.2847222222222222
1309539.3999999985,Move,0.4654947916666667,0.2800925925925926
1309560.1000000015,Move,0.4772135416666667,0.2638888888888889
1309575.1000000015,Move,0.4876302083333333,0.24768518518518517
1309588.8000000007,Move,0.5084635416666666,0.2199074074074074
1309610,Move,0.5201822916666666,0.2037037037037037
1309623.5,Move,0.525390625,0.19675925925925927
1309738.1000000015,Move,0.5240885416666666,0.19907407407407407
1309806.8999999985,Move,0.5240885416666666,0.19907407407407407
1309824.6000000015,Move,0.5227864583333334,0.19907407407407407
1309840.8000000007,Move,0.521484375,0.2013888888888889
1309858.8999999985,Move,0.5188802083333334,0.2037037037037037
1309875.3999999985,Move,0.517578125,0.20601851851851852
1309893.1999999993,Move,0.517578125,0.20601851851851852
1309994.3999999985,Move,0.5162760416666666,0.20833333333333334
1310002.1000000015,Move,0.5149739583333334,0.20833333333333334
1310023.8000000007,Move,0.513671875,0.21064814814814814
1310043.6999999993,Move,0.5084635416666666,0.2175925925925926
1310058.1000000015,Move,0.5032552083333334,0.22453703703703703
1310072.5,Move,0.4967447916666667,0.23148148148148148
1310093.1000000015,Move,0.486328125,0.24768518518518517
1310108.1999999993,Move,0.4772135416666667,0.25925925925925924
1310128.1999999993,Move,0.4654947916666667,0.2777777777777778
1310142.3999999985,Move,0.4563802083333333,0.28935185185185186
1310156.3000000007,Move,0.4485677083333333,0.30324074074074076
1310177.8000000007,Move,0.4368489583333333,0.3194444444444444
1310190.3000000007,Move,0.427734375,0.3333333333333333
1310211.5,Move,0.416015625,0.3472222222222222
1310226.3000000007,Move,0.4095052083333333,0.3541666666666667
1310240.6999999993,Move,0.3938802083333333,0.37037037037037035
1310255.3000000007,Move,0.3782552083333333,0.38657407407407407
1310276.3000000007,Move,0.353515625,0.41203703703703703
1310290,Move,0.3157552083333333,0.4537037037037037
1310310.1999999993,Move,0.279296875,0.4976851851851852
1310435.8999999985,Move,0.2805989583333333,0.49537037037037035
1310446.8000000007,Move,0.2805989583333333,0.49537037037037035
1310463.1000000015,Move,0.2819010416666667,0.4930555555555556
1310473.3999999985,Move,0.2819010416666667,0.4930555555555556
1310491.5,Move,0.283203125,0.49074074074074076
1310508.6000000015,Move,0.283203125,0.48842592592592593
1310528.1999999993,Move,0.2845052083333333,0.4861111111111111
1310545,Move,0.2845052083333333,0.4837962962962963
1310554.1999999993,Move,0.2845052083333333,0.4837962962962963
1310572.3999999985,Move,0.2858072916666667,0.48148148148148145
1310594.3000000007,Move,0.2884114583333333,0.48148148148148145
1310608.8000000007,Move,0.2936197916666667,0.48148148148148145
1310622.8999999985,Move,0.2962239583333333,0.4791666666666667
1310643.3999999985,Move,0.3040364583333333,0.4791666666666667
1310656.1999999993,Move,0.3092447916666667,0.47685185185185186
1310677.8999999985,Move,0.3313802083333333,0.4675925925925926
1310691.6000000015,Move,0.3561197916666667,0.4583333333333333
1310706.3999999985,Move,0.373046875,0.44907407407407407
1310726.8999999985,Move,0.427734375,0.4236111111111111
1310741.6000000015,Move,0.4811197916666667,0.41435185185185186
1310755.3999999985,Move,0.5345052083333334,0.4166666666666667
1310777,Move,0.587890625,0.41898148148148145
1310790,Move,0.6022135416666666,0.41898148148148145
1310811,Move,0.607421875,0.41898148148148145
1310826,Move,0.6100260416666666,0.41898148148148145
1310840.1000000015,Move,0.6139322916666666,0.41898148148148145
1310860.3999999985,Move,0.6165364583333334,0.41898148148148145
1310873.8000000007,Move,0.6217447916666666,0.41898148148148145
1310895.1000000015,Move,0.6360677083333334,0.4166666666666667
1310908.3999999985,Move,0.6399739583333334,0.4166666666666667
1310994.8000000007,Move,0.6399739583333334,0.4166666666666667
1311024,Move,0.6412760416666666,0.41898148148148145
1311031.6000000015,Move,0.6412760416666666,0.41898148148148145
1311045.3000000007,Move,0.642578125,0.41898148148148145
1311059,Move,0.6438802083333334,0.4212962962962963
1311073.3000000007,Move,0.6451822916666666,0.4236111111111111
1311093.5,Move,0.646484375,0.42824074074074076
1311108.3000000007,Move,0.6477864583333334,0.42824074074074076
1311122.3999999985,Move,0.6490885416666666,0.4305555555555556
1311142.5,Move,0.6516927083333334,0.43287037037037035
1311157.5,Move,0.654296875,0.4351851851851852
1311178.8000000007,Move,0.662109375,0.4444444444444444
1311184.6999999993,Move,0.6634114583333334,0.4444444444444444
1311285.6999999993,Move,0.6634114583333334,0.44675925925925924
1311351.3999999985,Move,0.6634114583333334,0.44907407407407407
1311478.6999999993,Move,0.6647135416666666,0.44675925925925924
1311493,Move,0.6634114583333334,0.44675925925925924
1311506.8000000007,Move,0.6634114583333334,0.4444444444444444
1311528.3999999985,Move,0.6647135416666666,0.4375
1311541.8000000007,Move,0.666015625,0.43287037037037035
1311556.3999999985,Move,0.6686197916666666,0.42592592592592593
1311576.8999999985,Move,0.6712239583333334,0.4166666666666667
1311591.1000000015,Move,0.673828125,0.4074074074074074
1311611.8000000007,Move,0.677734375,0.39814814814814814
1311626.6000000015,Move,0.6803385416666666,0.3912037037037037
1311640.8000000007,Move,0.6829427083333334,0.38657407407407407
1311660.6999999993,Move,0.6868489583333334,0.375
1311676.3999999985,Move,0.6868489583333334,0.3680555555555556
1311689.8000000007,Move,0.6881510416666666,0.35648148148148145
1311710.3999999985,Move,0.6907552083333334,0.3333333333333333
1311724.5,Move,0.6920572916666666,0.31712962962962965
1311739.3999999985,Move,0.697265625,0.2847222222222222
1311758.5,Move,0.7037760416666666,0.24768518518518517
1311789.3999999985,Move,0.7037760416666666,0.24768518518518517
1311900.3000000007,Move,0.7024739583333334,0.25
1311938.1000000015,Move,0.7024739583333334,0.25
1311975,Move,0.701171875,0.2523148148148148
1312012.8999999985,Move,0.6998697916666666,0.25
1312026.8999999985,Move,0.6985677083333334,0.25
1312040.3999999985,Move,0.693359375,0.24768518518518517
1312061.5,Move,0.681640625,0.24305555555555555
1312076.6999999993,Move,0.6712239583333334,0.2361111111111111
1312089.6000000015,Move,0.6608072916666666,0.22916666666666666
1312111.3000000007,Move,0.642578125,0.21064814814814814
1312124.6999999993,Move,0.6321614583333334,0.19907407407407407
1312139.1000000015,Move,0.6217447916666666,0.1875
1312160.3000000007,Move,0.6061197916666666,0.16898148148148148
1312174,Move,0.591796875,0.16666666666666666
1312195.3999999985,Move,0.5670572916666666,0.16666666666666666
1312209.1000000015,Move,0.537109375,0.16435185185185186
1312222.5,Move,0.5006510416666666,0.16666666666666666
1312244.5,Move,0.4225260416666667,0.16435185185185186
1312258.8000000007,Move,0.353515625,0.15046296296296297
1312265.1000000015,Move,0.341796875,0.14583333333333334
1312355,Move,0.3391927083333333,0.14814814814814814
1312361.8999999985,Move,0.3391927083333333,0.14814814814814814
1312376.3999999985,Move,0.337890625,0.15046296296296297
1312390.5,Move,0.3352864583333333,0.1527777777777778
1312410.8000000007,Move,0.3313802083333333,0.1550925925925926
1312425.1000000015,Move,0.3287760416666667,0.1574074074074074
1312440.3000000007,Move,0.3274739583333333,0.16203703703703703
1312459.6999999993,Move,0.3248697916666667,0.16666666666666666
1312473.5,Move,0.3235677083333333,0.16898148148148148
1312495.3000000007,Move,0.3209635416666667,0.1736111111111111
1312509.5,Move,0.3196614583333333,0.17592592592592593
1312523.1000000015,Move,0.318359375,0.17824074074074073
1312545.1999999993,Move,0.3196614583333333,0.18055555555555555
1312558.6999999993,Move,0.3209635416666667,0.18055555555555555
1312573.6000000015,Move,0.3248697916666667,0.18055555555555555
1312594.1000000015,Move,0.3313802083333333,0.18055555555555555
1312607.8000000007,Move,0.3365885416666667,0.18287037037037038
1312621.1999999993,Move,0.341796875,0.18518518518518517
1312643.1999999993,Move,0.3522135416666667,0.18981481481481483
1312657.8999999985,Move,0.357421875,0.19212962962962962
1312671.1999999993,Move,0.3639322916666667,0.19444444444444445
1312691.3000000007,Move,0.373046875,0.19907407407407407
1312706.5,Move,0.3795572916666667,0.2013888888888889
1312727.3999999985,Move,0.388671875,0.2013888888888889
1312741.5,Move,0.3938802083333333,0.19907407407407407
1312755.3999999985,Move,0.4055989583333333,0.19675925925925927
1312776.3000000007,Move,0.4225260416666667,0.18981481481481483
1312790.1000000015,Move,0.4407552083333333,0.18518518518518517
1312810.6000000015,Move,0.4811197916666667,0.18055555555555555
1312818.5,Move,0.4850260416666667,0.18055555555555555
1312878.5,Move,0.486328125,0.18287037037037038
1312894.6000000015,Move,0.486328125,0.18287037037037038
1312919.3999999985,Move,0.4876302083333333,0.18287037037037038
1312935.1999999993,Move,0.486328125,0.18055555555555555
1312943.3999999985,Move,0.4876302083333333,0.18055555555555555
1312959.1000000015,Move,0.4889322916666667,0.18055555555555555
1312976,Move,0.490234375,0.18287037037037038
1312991.1999999993,Move,0.4928385416666667,0.18287037037037038
1313008.3999999985,Move,0.498046875,0.18518518518518517
1313024.5,Move,0.5006510416666666,0.18518518518518517
1313039.6000000015,Move,0.501953125,0.1875
1313059.6000000015,Move,0.5071614583333334,0.19675925925925927
1313073.8999999985,Move,0.521484375,0.2152777777777778
1313095.1000000015,Move,0.5384114583333334,0.2361111111111111
1313110,Move,0.5501302083333334,0.24768518518518517
1313123.3999999985,Move,0.5618489583333334,0.26157407407407407
1313144,Move,0.5813802083333334,0.28703703703703703
1313157.8999999985,Move,0.591796875,0.3055555555555556
1313171.1999999993,Move,0.607421875,0.3333333333333333
1313192.8000000007,Move,0.634765625,0.3888888888888889
1313207.6999999993,Move,0.6529947916666666,0.4236111111111111
1313228.1999999993,Move,0.6712239583333334,0.46064814814814814
1313241.1999999993,Move,0.6803385416666666,0.47685185185185186
1313256,Move,0.6842447916666666,0.4861111111111111
1313277.1000000015,Move,0.6868489583333334,0.49074074074074076
1313291,Move,0.6881510416666666,0.4930555555555556
1313305.8999999985,Move,0.6907552083333334,0.49537037037037035
1313319.3999999985,Move,0.6920572916666666,0.4976851851851852
1313339.8000000007,Move,0.693359375,0.5
1313459.1999999993,Move,0.6920572916666666,0.4976851851851852
1313474,Move,0.6920572916666666,0.4976851851851852
1313509.1000000015,Move,0.6920572916666666,0.5
1313522.6999999993,Move,0.6907552083333334,0.5
1313544.3000000007,Move,0.689453125,0.4976851851851852
1313558.1999999993,Move,0.6881510416666666,0.4976851851851852
1313577.8000000007,Move,0.685546875,0.4930555555555556
1313593.1000000015,Move,0.6829427083333334,0.49074074074074076
1313606.8000000007,Move,0.677734375,0.48148148148148145
1313628.3000000007,Move,0.6725260416666666,0.47685185185185186
1313642.8999999985,Move,0.6725260416666666,0.47453703703703703
1313658.5,Move,0.673828125,0.47453703703703703
1313678.8000000007,Move,0.6829427083333334,0.4652777777777778
1313692.5,Move,0.689453125,0.45601851851851855
1313706.8999999985,Move,0.697265625,0.44675925925925924
1313727.8999999985,Move,0.708984375,0.43287037037037035
1313741.8999999985,Move,0.7141927083333334,0.42592592592592593
1313756.6999999993,Move,0.7180989583333334,0.4212962962962963
1313777.1999999993,Move,0.7272135416666666,0.41435185185185186
1313790.8000000007,Move,0.732421875,0.4097222222222222
1313805.8000000007,Move,0.736328125,0.4074074074074074
1313826.5,Move,0.7415364583333334,0.4027777777777778
1313840,Move,0.7428385416666666,0.40046296296296297
1313861,Move,0.7428385416666666,0.39814814814814814
1313867.8999999985,Move,0.744140625,0.39814814814814814
1313889.6999999993,Move,0.7454427083333334,0.39814814814814814
1313903.1000000015,Move,0.7454427083333334,0.39814814814814814
1313917.1000000015,Move,0.7467447916666666,0.39814814814814814
1314045.5,Move,0.7467447916666666,0.39814814814814814
1314094.3999999985,Move,0.748046875,0.40046296296296297
1314126,Move,0.748046875,0.40046296296296297
1314141.6999999993,Move,0.748046875,0.4027777777777778
1314158,Move,0.7493489583333334,0.4050925925925926
1314175,Move,0.7493489583333334,0.4074074074074074
1314191,Move,0.728515625,0.41435185185185186
1314207.3999999985,Move,0.712890625,0.4212962962962963
1314227.1999999993,Move,0.6790364583333334,0.44212962962962965
1314241.1000000015,Move,0.658203125,0.45601851851851855
1314261.3000000007,Move,0.6217447916666666,0.4837962962962963
1314276.1000000015,Move,0.595703125,0.5
1314290.1999999993,Move,0.5748697916666666,0.5092592592592593
1314310.6999999993,Move,0.541015625,0.5208333333333334
1314324.5,Move,0.517578125,0.5231481481481481
1314340.1000000015,Move,0.4837239583333333,0.5185185185185185
1314360.5,Move,0.4524739583333333,0.5115740740740741
1314373.8999999985,Move,0.4225260416666667,0.5069444444444444
1314395.1000000015,Move,0.3782552083333333,0.5092592592592593
1314408.3000000007,Move,0.3587239583333333,0.5138888888888888
1314423.3999999985,Move,0.3430989583333333,0.5162037037037037
1314429.6000000015,Move,0.326171875,0.5208333333333334
1314534.5,Move,0.326171875,0.5185185185185185
1314543,Move,0.3248697916666667,0.5162037037037037
1314557.3000000007,Move,0.3248697916666667,0.5162037037037037
1314577.3999999985,Move,0.322265625,0.5162037037037037
1314592.1999999993,Move,0.3209635416666667,0.5138888888888888
1314605.5,Move,0.3196614583333333,0.5092592592592593
1314627,Move,0.314453125,0.5069444444444444
1314641,Move,0.3118489583333333,0.5023148148148148
1314655.1999999993,Move,0.3092447916666667,0.5023148148148148
1314675.8000000007,Move,0.306640625,0.5023148148148148
1314690.8999999985,Move,0.3053385416666667,0.5023148148148148
1314710.6999999993,Move,0.3001302083333333,0.5
1314725.1000000015,Move,0.2962239583333333,0.5
1314739.1000000015,Move,0.2884114583333333,0.49537037037037035
1314761.8999999985,Move,0.283203125,0.49074074074074076
1314782.8999999985,Move,0.283203125,0.49074074074074076
1314789.5,Move,0.2845052083333333,0.48842592592592593
1314810.8999999985,Move,0.2858072916666667,0.4837962962962963
1314825.3999999985,Move,0.287109375,0.48148148148148145
1314839.8999999985,Move,0.287109375,0.4791666666666667
1314860.1999999993,Move,0.291015625,0.4675925925925926
1314873.8999999985,Move,0.2962239583333333,0.45601851851851855
1314894.8999999985,Move,0.3014322916666667,0.4398148148148148
1314909.6000000015,Move,0.3092447916666667,0.41898148148148145
1314923.3000000007,Move,0.3196614583333333,0.3912037037037037
1314943.8000000007,Move,0.341796875,0.3333333333333333
1314958.3999999985,Move,0.353515625,0.30324074074074076
1314972.6999999993,Move,0.3600260416666667,0.2847222222222222
1314993.3000000007,Move,0.3626302083333333,0.2800925925925926
1315006.8000000007,Move,0.3626302083333333,0.2777777777777778
1315028,Move,0.3639322916666667,0.27546296296296297
1315042.6000000015,Move,0.365234375,0.27314814814814814
1315055.6999999993,Move,0.365234375,0.2708333333333333
1315077.3000000007,Move,0.369140625,0.26157407407407407
1315091,Move,0.3704427083333333,0.2569444444444444
1315097.6000000015,Move,0.3704427083333333,0.2569444444444444
1315151.8999999985,Move,0.3717447916666667,0.25462962962962965
1315166,Move,0.3717447916666667,0.25462962962962965
1315194.1999999993,Move,0.373046875,0.25462962962962965
1315208.1000000015,Move,0.3743489583333333,0.25462962962962965
1315221.8999999985,Move,0.3743489583333333,0.25462962962962965
1315235.8999999985,Move,0.3756510416666667,0.2523148148148148
1315249.8999999985,Move,0.376953125,0.2523148148148148
1315277.8999999985,Move,0.376953125,0.2523148148148148
1315292.3999999985,Move,0.3782552083333333,0.2523148148148148
1315306,Move,0.3782552083333333,0.2523148148148148
1315320.3999999985,Move,0.3795572916666667,0.2523148148148148
1315332.8999999985,Move,0.3795572916666667,0.2523148148148148
1315361.6999999993,Move,0.380859375,0.2523148148148148
1315391.1000000015,Move,0.380859375,0.25462962962962965
1315405.1000000015,Move,0.380859375,0.25462962962962965
1315412.6999999993,Move,0.380859375,0.2569444444444444
1315425.8000000007,Move,0.3795572916666667,0.2638888888888889
1315433.1000000015,Move,0.3795572916666667,0.26851851851851855
1315461.3000000007,Move,0.3782552083333333,0.27314814814814814
1315474.8999999985,Move,0.376953125,0.2800925925925926
1315489.3999999985,Move,0.376953125,0.28703703703703703
1315509.1999999993,Move,0.376953125,0.28935185185185186
1315524,Move,0.3756510416666667,0.2962962962962963
1315544.8000000007,Move,0.3743489583333333,0.30787037037037035
1315559.1999999993,Move,0.3743489583333333,0.32175925925925924
1315573.3000000007,Move,0.373046875,0.3333333333333333
1315594.3000000007,Move,0.3704427083333333,0.35185185185185186
1315608.1999999993,Move,0.3704427083333333,0.36342592592592593
1315622.1000000015,Move,0.369140625,0.3773148148148148
1315642.6000000015,Move,0.3678385416666667,0.3958333333333333
1315657.6000000015,Move,0.3665364583333333,0.41898148148148145
1315677.8999999985,Move,0.3639322916666667,0.46064814814814814
1315693,Move,0.361328125,0.5185185185185185
1315706.3000000007,Move,0.3587239583333333,0.5509259259259259
1315727.3999999985,Move,0.357421875,0.5856481481481481
1315742,Move,0.3561197916666667,0.6018518518518519
1315748.1999999993,Move,0.3561197916666667,0.6041666666666666
1315777.6999999993,Move,0.357421875,0.6018518518518519
1315822.6000000015,Move,0.357421875,0.6018518518518519
1315841.5,Move,0.3587239583333333,0.6018518518518519
1315859.3000000007,Move,0.3600260416666667,0.6018518518518519
1315876.6000000015,Move,0.3626302083333333,0.5995370370370371
1315895.1999999993,Move,0.3665364583333333,0.5972222222222222
1315904.3999999985,Move,0.369140625,0.5949074074074074
1315922.1999999993,Move,0.3704427083333333,0.5949074074074074
1315966.6999999993,Move,0.3717447916666667,0.5949074074074074
1315985.6999999993,Move,0.3717447916666667,0.5949074074074074
1316012.6000000015,Move,0.373046875,0.5925925925925926
1316034.8999999985,Move,0.373046875,0.5902777777777778
1316040.8000000007,Move,0.373046875,0.5879629629629629
1316061.6000000015,Move,0.3743489583333333,0.5787037037037037
1316076.1999999993,Move,0.3743489583333333,0.5717592592592593
1316090.5,Move,0.3756510416666667,0.5625
1316111,Move,0.376953125,0.5439814814814815
1316124.8000000007,Move,0.376953125,0.5324074074074074
1316139.1999999993,Move,0.3782552083333333,0.5208333333333334
1316160.1000000015,Move,0.3782552083333333,0.5023148148148148
1316174.8999999985,Move,0.3795572916666667,0.49074074074074076
1316189.8999999985,Move,0.380859375,0.48148148148148145
1316209.3000000007,Move,0.3821614583333333,0.4675925925925926
1316222.8000000007,Move,0.384765625,0.44907407407407407
1316244.8000000007,Move,0.3899739583333333,0.4212962962962963
1316258.1000000015,Move,0.3951822916666667,0.38425925925925924
1316271.8000000007,Move,0.400390625,0.3402777777777778
1316279.3999999985,Move,0.400390625,0.3333333333333333
1316344.3000000007,Move,0.4016927083333333,0.3333333333333333
1316376.5,Move,0.4029947916666667,0.3333333333333333
1316393.6999999993,Move,0.404296875,0.3333333333333333
1316410.8999999985,Move,0.404296875,0.33564814814814814
1316417.5,Move,0.404296875,0.33564814814814814
1316440.8999999985,Move,0.4069010416666667,0.33564814814814814
1316453.5,Move,0.4069010416666667,0.3333333333333333
1316465.6000000015,Move,0.408203125,0.3333333333333333
1316489,Move,0.4095052083333333,0.3333333333333333
1316501.1999999993,Move,0.4095052083333333,0.3333333333333333
1316513.5,Move,0.4108072916666667,0.3333333333333333
1316537.8000000007,Move,0.412109375,0.3333333333333333
1316548,Move,0.4134114583333333,0.3333333333333333
1316563.1999999993,Move,0.4134114583333333,0.3333333333333333
1316596.1999999993,Move,0.412109375,0.33101851851851855
1316618.3999999985,Move,0.412109375,0.33101851851851855
1316632.6999999993,Move,0.4108072916666667,0.33101851851851855
1316639.3000000007,Move,0.4108072916666667,0.33101851851851855
1316660.3000000007,Move,0.4069010416666667,0.33101851851851855
1316674.6000000015,Move,0.404296875,0.33101851851851855
1316694.8999999985,Move,0.3990885416666667,0.3287037037037037
1316709.6999999993,Move,0.3951822916666667,0.3287037037037037
1316723.3000000007,Move,0.3899739583333333,0.3263888888888889
1316744.6999999993,Move,0.3834635416666667,0.3263888888888889
1316757.6000000015,Move,0.3782552083333333,0.3263888888888889
1316772,Move,0.3743489583333333,0.32407407407407407
1316792.3999999985,Move,0.3678385416666667,0.32407407407407407
1316807.3999999985,Move,0.3626302083333333,0.32175925925925924
1316822.3999999985,Move,0.3587239583333333,0.32175925925925924
1316841.6999999993,Move,0.3522135416666667,0.3194444444444444
1316857,Move,0.3470052083333333,0.3194444444444444
1316877.1000000015,Move,0.3404947916666667,0.3194444444444444
1316890.8000000007,Move,0.3352864583333333,0.31712962962962965
1316911.8999999985,Move,0.3209635416666667,0.3148148148148148
1316926.8999999985,Move,0.310546875,0.3125
1316941.1999999993,Move,0.3001302083333333,0.3101851851851852
1316961.6999999993,Move,0.2740885416666667,0.3055555555555556
1316975.6999999993,Move,0.24934895833333334,0.2986111111111111
1316995.6999999993,Move,0.23111979166666666,0.2962962962962963
1317048.1999999993,Move,0.23111979166666666,0.2962962962962963
1317082,Move,0.232421875,0.2986111111111111
1317114.3000000007,Move,0.232421875,0.2986111111111111
1317147.6000000015,Move,0.23372395833333334,0.30092592592592593
1317246.1999999993,Move,0.236328125,0.30324074074074076
1317261,Move,0.244140625,0.30787037037037035
1317275.6999999993,Move,0.2805989583333333,0.3333333333333333
1317289.5,Move,0.310546875,0.3587962962962963
1317309.8999999985,Move,0.3665364583333333,0.41203703703703703
1317323.6000000015,Move,0.4016927083333333,0.44675925925925924
1317344.3999999985,Move,0.455078125,0.4837962962962963
1317359.3000000007,Move,0.4889322916666667,0.5023148148148148
1317373.3000000007,Move,0.541015625,0.5208333333333334
1317393.6999999993,Move,0.6165364583333334,0.5416666666666666
1317409.6000000015,Move,0.650390625,0.5509259259259259
1317428.6000000015,Move,0.6920572916666666,0.5671296296296297
1317442.5,Move,0.7024739583333334,0.5717592592592593
1317457.3999999985,Move,0.7063802083333334,0.5740740740740741
1317477.8999999985,Move,0.7141927083333334,0.5787037037037037
1317491.8000000007,Move,0.716796875,0.5810185185185185
1317506.6000000015,Move,0.7180989583333334,0.5810185185185185
1317520.1999999993,Move,0.7220052083333334,0.5833333333333334
1317638.3999999985,Move,0.7220052083333334,0.5810185185185185
1317653.1000000015,Move,0.7220052083333334,0.5810185185185185
1317660.6000000015,Move,0.7233072916666666,0.5787037037037037
1317674.1999999993,Move,0.7233072916666666,0.5787037037037037
1317695.6000000015,Move,0.7272135416666666,0.5648148148148148
1317709.6000000015,Move,0.732421875,0.5486111111111112
1317724,Move,0.7389322916666666,0.5277777777777778
1317744.6000000015,Move,0.7415364583333334,0.5185185185185185
1317758.3999999985,Move,0.7415364583333334,0.5185185185185185
1317778.8000000007,Move,0.7428385416666666,0.5162037037037037
1317786.1000000015,Move,0.7428385416666666,0.5138888888888888
1317904.5,Move,0.744140625,0.5138888888888888
1317962.8999999985,Move,0.7454427083333334,0.5138888888888888
1318076.8999999985,Move,0.744140625,0.5138888888888888
1318104.6000000015,Move,0.744140625,0.5138888888888888
1318111.5,Move,0.744140625,0.5138888888888888
1318126.6999999993,Move,0.744140625,0.5162037037037037
1318153.8999999985,Move,0.7415364583333334,0.5185185185185185
1318175.1999999993,Move,0.740234375,0.5185185185185185
1318195.3000000007,Move,0.7376302083333334,0.5208333333333334
1318209.5,Move,0.7350260416666666,0.5208333333333334
1318224.1000000015,Move,0.7311197916666666,0.5208333333333334
1318245.1000000015,Move,0.7272135416666666,0.5231481481481481
1318259.1000000015,Move,0.7220052083333334,0.5254629629629629
1318274.3000000007,Move,0.7141927083333334,0.5300925925925926
1318294.1999999993,Move,0.697265625,0.5416666666666666
1318308.1000000015,Move,0.6868489583333334,0.5509259259259259
1318329.3999999985,Move,0.6764322916666666,0.5578703703703703
1318343.1999999993,Move,0.673828125,0.5601851851851852
1318350,Move,0.673828125,0.5601851851851852
1318371.1000000015,Move,0.6725260416666666,0.5625
1318385.5,Move,0.6712239583333334,0.5625
1318399.5,Move,0.6712239583333334,0.5625
1318427.5,Move,0.669921875,0.5625
1318441.8999999985,Move,0.669921875,0.5648148148148148
1318455.8999999985,Move,0.6673177083333334,0.5648148148148148
1318476.3000000007,Move,0.6647135416666666,0.5671296296296297
1318482.8000000007,Move,0.6647135416666666,0.5671296296296297
1318603.3000000007,Move,0.6647135416666666,0.5648148148148148
1318633.8000000007,Move,0.6647135416666666,0.5625
1318664.1000000015,Move,0.666015625,0.5625
1318691.3999999985,Move,0.666015625,0.5601851851851852
1318720.3000000007,Move,0.6673177083333334,0.5578703703703703
1318749.8000000007,Move,0.6673177083333334,0.5578703703703703
1318866.3000000007,Move,0.6647135416666666,0.5555555555555556
1318873.5,Move,0.662109375,0.5532407407407407
1318894.1000000015,Move,0.6334635416666666,0.5300925925925926
1318909.1000000015,Move,0.6126302083333334,0.5069444444444444
1318923.1999999993,Move,0.5930989583333334,0.4837962962962963
1318945.1000000015,Move,0.5540364583333334,0.44907407407407407
1318958.8999999985,Move,0.5345052083333334,0.4351851851851852
1318978.8999999985,Move,0.4772135416666667,0.4074074074074074
1318992.8000000007,Move,0.4342447916666667,0.3912037037037037
1319006.6000000015,Move,0.404296875,0.37962962962962965
1319028,Move,0.3717447916666667,0.36574074074074076
1319042.1000000015,Move,0.365234375,0.3611111111111111
1319057.1000000015,Move,0.3626302083333333,0.3611111111111111
1319077.1000000015,Move,0.3561197916666667,0.35648148148148145
1319091.6000000015,Move,0.3548177083333333,0.35648148148148145
1319105,Move,0.353515625,0.3541666666666667
1319196.8000000007,Move,0.3522135416666667,0.35648148148148145
1319219.8999999985,Move,0.3522135416666667,0.35648148148148145
1319229.3999999985,Move,0.3509114583333333,0.35648148148148145
1319245.1999999993,Move,0.349609375,0.35648148148148145
1319260.3999999985,Move,0.3470052083333333,0.3587962962962963
1319277.3999999985,Move,0.345703125,0.3587962962962963
1319293,Move,0.3444010416666667,0.3587962962962963
1319308.8999999985,Move,0.341796875,0.3587962962962963
1319325,Move,0.337890625,0.3587962962962963
1319341.6000000015,Move,0.3313802083333333,0.3587962962962963
1319358.5,Move,0.330078125,0.3611111111111111
1319379.1000000015,Move,0.3326822916666667,0.3611111111111111
1319392.8999999985,Move,0.3404947916666667,0.36342592592592593
1319407.1999999993,Move,0.3430989583333333,0.36574074074074076
1319428.8999999985,Move,0.3522135416666667,0.3680555555555556
1319442.1000000015,Move,0.357421875,0.37037037037037035
1319456.1999999993,Move,0.3743489583333333,0.3773148148148148
1319476.8999999985,Move,0.4173177083333333,0.39351851851851855
1319491.1000000015,Move,0.4407552083333333,0.4050925925925926
1319512.1000000015,Move,0.5110677083333334,0.43287037037037035
1319525.6000000015,Move,0.5696614583333334,0.4537037037037037
1319540.1999999993,Move,0.623046875,0.4652777777777778
1319561.8999999985,Move,0.6712239583333334,0.4722222222222222
1319576.1000000015,Move,0.689453125,0.47685185185185186
1319588.8000000007,Move,0.693359375,0.47685185185185186
1319610.8000000007,Move,0.6959635416666666,0.47685185185185186
1319624,Move,0.6998697916666666,0.47685185185185186
1319638.6000000015,Move,0.7024739583333334,0.4791666666666667
1319658.3999999985,Move,0.705078125,0.4791666666666667
1319673.8999999985,Move,0.7154947916666666,0.48148148148148145
1319693.5,Move,0.7272135416666666,0.4861111111111111
1319701.1999999993,Move,0.728515625,0.4861111111111111
1319787.6000000015,Move,0.7298177083333334,0.4837962962962963
1319794.8999999985,Move,0.728515625,0.4861111111111111
1319808.3000000007,Move,0.7298177083333334,0.4837962962962963
1319815.8999999985,Move,0.7311197916666666,0.4837962962962963
1319837.1999999993,Move,0.7311197916666666,0.4837962962962963
1319857.8000000007,Move,0.732421875,0.4861111111111111
1319872.8000000007,Move,0.7337239583333334,0.4837962962962963
1319893.8999999985,Move,0.7350260416666666,0.4837962962962963
1319906.6000000015,Move,0.736328125,0.4837962962962963
1319927.3000000007,Move,0.7389322916666666,0.4837962962962963
1319942.3000000007,Move,0.7415364583333334,0.48148148148148145
1319962.6000000015,Move,0.748046875,0.48148148148148145
1319978,Move,0.7532552083333334,0.48148148148148145
1319990.8999999985,Move,0.7545572916666666,0.48148148148148145
1320006.3999999985,Move,0.7545572916666666,0.4791666666666667
1320021.8999999985,Move,0.751953125,0.4791666666666667
1320042.1999999993,Move,0.744140625,0.47685185185185186
1320055.5,Move,0.7259114583333334,0.4722222222222222
1320077.3000000007,Move,0.6803385416666666,0.4537037037037037
1320091.3999999985,Move,0.6569010416666666,0.43287037037037035
1320112,Move,0.6516927083333334,0.4305555555555556
1320127.5,Move,0.650390625,0.42824074074074076
1320140.3000000007,Move,0.6451822916666666,0.42592592592592593
1320154.8000000007,Move,0.642578125,0.42592592592592593
1320176.1999999993,Move,0.6412760416666666,0.4305555555555556
1320190.6000000015,Move,0.6399739583333334,0.43287037037037035
1320211.8999999985,Move,0.638671875,0.4375
1320219.3999999985,Move,0.6373697916666666,0.4398148148148148
1320240.8000000007,Move,0.6373697916666666,0.4398148148148148
1320261.1999999993,Move,0.6334635416666666,0.44675925925925924
1320267.6999999993,Move,0.6321614583333334,0.4513888888888889
1320289.3999999985,Move,0.626953125,0.46064814814814814
1320311,Move,0.6217447916666666,0.4722222222222222
1320324.6000000015,Move,0.619140625,0.47685185185185186
1320345.5,Move,0.6139322916666666,0.49074074074074076
1320359.5,Move,0.6100260416666666,0.5023148148148148
1320373.3000000007,Move,0.6009114583333334,0.5254629629629629
1320394.3000000007,Move,0.5944010416666666,0.5393518518518519
1320408.3000000007,Move,0.591796875,0.5439814814814815
1320457.8999999985,Move,0.591796875,0.5462962962962963
1320474.6999999993,Move,0.591796875,0.5462962962962963
1320504.3999999985,Move,0.5930989583333334,0.5486111111111112
1320549.3999999985,Move,0.5930989583333334,0.5486111111111112
1320564.8999999985,Move,0.5944010416666666,0.5486111111111112
1320593.3999999985,Move,0.595703125,0.5509259259259259
1320609.8000000007,Move,0.595703125,0.5532407407407407
1320623.8000000007,Move,0.5970052083333334,0.5532407407407407
1320640.1000000015,Move,0.5970052083333334,0.5532407407407407
1320655.3000000007,Move,0.595703125,0.5509259259259259
1320662,Move,0.595703125,0.5509259259259259
1320675.8999999985,Move,0.5930989583333334,0.5462962962962963
1320690.1999999993,Move,0.5930989583333334,0.5439814814814815
1320710.3999999985,Move,0.5891927083333334,0.5370370370370371
1320725.6999999993,Move,0.583984375,0.5277777777777778
1320739.1000000015,Move,0.5735677083333334,0.5115740740740741
1320760.1999999993,Move,0.556640625,0.4861111111111111
1320773.6999999993,Move,0.5358072916666666,0.4537037037037037
1320795.6000000015,Move,0.505859375,0.3912037037037037
1320809.1000000015,Move,0.494140625,0.3611111111111111
1320829.1999999993,Move,0.4837239583333333,0.33564814814814814
1320843.1000000015,Move,0.482421875,0.3333333333333333
1320858.5,Move,0.4811197916666667,0.3333333333333333
1320878.6000000015,Move,0.4798177083333333,0.3287037037037037
1320892.3999999985,Move,0.4798177083333333,0.3263888888888889
1320907.1999999993,Move,0.4772135416666667,0.32175925925925924
1320928.3999999985,Move,0.4720052083333333,0.3125
1320935.1000000015,Move,0.4720052083333333,0.3125
1321043.3000000007,Move,0.470703125,0.3125
1321076.6999999993,Move,0.470703125,0.3148148148148148
1321099.3999999985,Move,0.4694010416666667,0.3148148148148148
1321132.3000000007,Move,0.4680989583333333,0.31712962962962965
1321147.6000000015,Move,0.4680989583333333,0.31712962962962965
1321172.3999999985,Move,0.466796875,0.3194444444444444
1321195.1999999993,Move,0.466796875,0.32175925925925924
1321212.3999999985,Move,0.4654947916666667,0.32407407407407407
1321228.6999999993,Move,0.462890625,0.3287037037037037
1321244.5,Move,0.458984375,0.3333333333333333
1321260.3999999985,Move,0.458984375,0.33564814814814814
1321276.3999999985,Move,0.455078125,0.3402777777777778
1321291.5,Move,0.4498697916666667,0.3472222222222222
1321311.8000000007,Move,0.4420572916666667,0.3587962962962963
1321326,Move,0.4368489583333333,0.36342592592592593
1321340.6000000015,Move,0.4303385416666667,0.3726851851851852
1321361.5,Move,0.419921875,0.38425925925925924
1321376,Move,0.4134114583333333,0.39351851851851855
1321389.8000000007,Move,0.4055989583333333,0.4027777777777778
1321410,Move,0.3990885416666667,0.41203703703703703
1321424.1999999993,Move,0.3951822916666667,0.4166666666666667
1321444.6999999993,Move,0.388671875,0.42824074074074076
1321459.1000000015,Move,0.3834635416666667,0.4375
1321472.8000000007,Move,0.380859375,0.4444444444444444
1321494.6999999993,Move,0.376953125,0.4537037037037037
1321507.6000000015,Move,0.3743489583333333,0.46064814814814814
1321528.6000000015,Move,0.3678385416666667,0.4722222222222222
1321543.6999999993,Move,0.365234375,0.4791666666666667
1321557.3000000007,Move,0.361328125,0.4837962962962963
1321570.6000000015,Move,0.357421875,0.49074074074074076
1321693.5,Move,0.3561197916666667,0.49074074074074076
1321730.1000000015,Move,0.3561197916666667,0.4930555555555556
1321762.6999999993,Move,0.3561197916666667,0.4930555555555556
1321766.8999999985,Move,0.3561197916666667,0.49537037037037035
1321789.1999999993,Move,0.3561197916666667,0.49537037037037035
1321802.1000000015,Move,0.3561197916666667,0.4976851851851852
1321829.8999999985,Move,0.3561197916666667,0.4976851851851852
1321838.3999999985,Move,0.3548177083333333,0.5
1321863.3000000007,Move,0.3548177083333333,0.5023148148148148
1321875.3000000007,Move,0.3548177083333333,0.5069444444444444
1321896.3999999985,Move,0.3548177083333333,0.5092592592592593
1321907.8000000007,Move,0.3548177083333333,0.5046296296296297
1321928.8999999985,Move,0.353515625,0.5023148148148148
1321942.3999999985,Move,0.3548177083333333,0.4976851851851852
1321957,Move,0.3548177083333333,0.49537037037037035
1321977.3999999985,Move,0.3561197916666667,0.4930555555555556
1321983.6999999993,Move,0.357421875,0.4930555555555556
1322012.1000000015,Move,0.3600260416666667,0.4861111111111111
1322026.8000000007,Move,0.361328125,0.47685185185185186
1322040.6000000015,Move,0.365234375,0.46296296296296297
1322060.5,Move,0.369140625,0.4444444444444444
1322074.8999999985,Move,0.373046875,0.42592592592592593
1322089.5,Move,0.3795572916666667,0.40046296296296297
1322110.8000000007,Move,0.392578125,0.36574074074074076
1322124.6000000015,Move,0.404296875,0.3472222222222222
1322145.5,Move,0.4173177083333333,0.33101851851851855
1322158.8999999985,Move,0.4212239583333333,0.32407407407407407
1322172.8000000007,Move,0.4225260416666667,0.32175925925925924
1322193.3999999985,Move,0.423828125,0.3194444444444444
1322208.1000000015,Move,0.423828125,0.3194444444444444
1322229,Move,0.4251302083333333,0.3194444444444444
1322242.3999999985,Move,0.4264322916666667,0.31712962962962965
1322257.1000000015,Move,0.4264322916666667,0.31712962962962965
1322278.1999999993,Move,0.4290364583333333,0.3125
1322292.1999999993,Move,0.4303385416666667,0.3101851851851852
1322306.6000000015,Move,0.431640625,0.30787037037037035
1322427.6999999993,Move,0.4329427083333333,0.30787037037037035
1322452.5,Move,0.4329427083333333,0.30787037037037035
1322528.5,Move,0.4329427083333333,0.3055555555555556
1322552.6999999993,Move,0.4329427083333333,0.3055555555555556
1322578.1999999993,Move,0.4342447916666667,0.30324074074074076
1322602.6000000015,Move,0.4342447916666667,0.30092592592592593
1322628.1000000015,Move,0.4342447916666667,0.2986111111111111
1322653.8999999985,Move,0.435546875,0.2986111111111111
1322674.8999999985,Move,0.4368489583333333,0.2986111111111111
1322682.3000000007,Move,0.435546875,0.2986111111111111
1322689.3999999985,Move,0.4368489583333333,0.2986111111111111
1322703.3999999985,Move,0.4381510416666667,0.2986111111111111
1322716.6999999993,Move,0.439453125,0.2986111111111111
1322738.3000000007,Move,0.4407552083333333,0.2986111111111111
1322758.5,Move,0.443359375,0.2986111111111111
1322779.5,Move,0.4498697916666667,0.2986111111111111
1322794.5,Move,0.455078125,0.2962962962962963
1322808,Move,0.4641927083333333,0.29398148148148145
1322828.8999999985,Move,0.4733072916666667,0.28935185185185186
1322843.1999999993,Move,0.4850260416666667,0.2847222222222222
1322856.8000000007,Move,0.4993489583333333,0.2824074074074074
1322878.8000000007,Move,0.5240885416666666,0.28935185185185186
1322892.3000000007,Move,0.537109375,0.2962962962962963
1322905.8000000007,Move,0.5475260416666666,0.30324074074074076
1322927,Move,0.5553385416666666,0.3055555555555556
1322941.8000000007,Move,0.556640625,0.30787037037037035
1322955.3000000007,Move,0.5579427083333334,0.30787037037037035
1322968.6999999993,Move,0.5579427083333334,0.30787037037037035
1322989.8000000007,Move,0.5592447916666666,0.30787037037037035
1323004.5,Move,0.560546875,0.3101851851851852
1323018.6000000015,Move,0.560546875,0.3101851851851852
1323045.5,Move,0.5657552083333334,0.3101851851851852
1323060.1999999993,Move,0.5670572916666666,0.3101851851851852
1323074.8000000007,Move,0.5696614583333334,0.3101851851851852
1323197.5,Move,0.5696614583333334,0.30787037037037035
1323211.8999999985,Move,0.5696614583333334,0.3101851851851852
1323251.1000000015,Move,0.568359375,0.3125
1323277.6000000015,Move,0.5696614583333334,0.3101851851851852
1323290.3000000007,Move,0.5709635416666666,0.3101851851851852
1323304,Move,0.572265625,0.30787037037037035
1323315.3999999985,Move,0.5748697916666666,0.3055555555555556
1323341.6999999993,Move,0.5774739583333334,0.2986111111111111
1323355.6000000015,Move,0.5787760416666666,0.2986111111111111
1323393.6999999993,Move,0.5787760416666666,0.2962962962962963
1323432,Move,0.580078125,0.2962962962962963
1323459.1999999993,Move,0.580078125,0.2962962962962963
1323473.5,Move,0.5813802083333334,0.2986111111111111
1323493.3000000007,Move,0.583984375,0.30324074074074076
1323508.8000000007,Move,0.5852864583333334,0.30787037037037035
1323528.8999999985,Move,0.5944010416666666,0.3263888888888889
1323542.6999999993,Move,0.603515625,0.3472222222222222
1323556.8000000007,Move,0.6165364583333334,0.3773148148148148
1323578.3999999985,Move,0.650390625,0.43287037037037035
1323592.6000000015,Move,0.6686197916666666,0.4513888888888889
1323606.1000000015,Move,0.673828125,0.46064814814814814
1323626,Move,0.6764322916666666,0.46296296296296297
1323641.3000000007,Move,0.677734375,0.4652777777777778
1323661.8999999985,Move,0.6803385416666666,0.4699074074074074
1323676.3000000007,Move,0.6842447916666666,0.47453703703703703
1323683.8999999985,Move,0.6842447916666666,0.47685185185185186
1323751.8999999985,Move,0.685546875,0.47685185185185186
1323772.8999999985,Move,0.685546875,0.47685185185185186
1323780.1000000015,Move,0.685546875,0.4791666666666667
1323795.6000000015,Move,0.6868489583333334,0.4791666666666667
1323816.1000000015,Move,0.6868489583333334,0.4791666666666667
1323830,Move,0.6881510416666666,0.48148148148148145
1323844.6000000015,Move,0.689453125,0.48148148148148145
1323858.1999999993,Move,0.6907552083333334,0.4837962962962963
1323879,Move,0.693359375,0.48842592592592593
1323893.6999999993,Move,0.697265625,0.49537037037037035
1323908.1999999993,Move,0.6998697916666666,0.5
1323921.8999999985,Move,0.6803385416666666,0.49537037037037035
1323942.8999999985,Move,0.6555989583333334,0.49537037037037035
1323957.5,Move,0.634765625,0.4976851851851852
1323977.6999999993,Move,0.603515625,0.5046296296296297
1323992,Move,0.5787760416666666,0.5092592592592593
1324006.3000000007,Move,0.5540364583333334,0.5092592592592593
1324027.3999999985,Move,0.5240885416666666,0.5046296296296297
1324041.1999999993,Move,0.5045572916666666,0.5
1324062.3999999985,Move,0.451171875,0.4699074074074074
1324075.5,Move,0.4290364583333333,0.45601851851851855
1324090.3000000007,Move,0.3951822916666667,0.4375
1324111.8000000007,Move,0.349609375,0.4166666666666667
1324125.1999999993,Move,0.3287760416666667,0.4097222222222222
1324146.1999999993,Move,0.2962239583333333,0.4027777777777778
1324218.8000000007,Move,0.2962239583333333,0.40046296296296297
1324227.1000000015,Move,0.294921875,0.40046296296296297
1324241.8999999985,Move,0.2936197916666667,0.39814814814814814
1324262,Move,0.291015625,0.39351851851851855
1324276,Move,0.2884114583333333,0.3912037037037037
1324291,Move,0.2858072916666667,0.38657407407407407
1324304.1000000015,Move,0.2845052083333333,0.38425925925925924
1324318.1000000015,Move,0.283203125,0.38425925925925924
1324360.1999999993,Move,0.2845052083333333,0.38425925925925924
1324380.8000000007,Move,0.2845052083333333,0.38425925925925924
1324394.5,Move,0.287109375,0.38425925925925924
1324409.6999999993,Move,0.2884114583333333,0.38657407407407407
1324415.3000000007,Move,0.2897135416666667,0.38657407407407407
1324444.3999999985,Move,0.2923177083333333,0.38657407407407407
1324452.3999999985,Move,0.2936197916666667,0.38657407407407407
1324479.1000000015,Move,0.3001302083333333,0.38657407407407407
1324493.3000000007,Move,0.3053385416666667,0.3888888888888889
1324506.3000000007,Move,0.3131510416666667,0.3888888888888889
1324528.3999999985,Move,0.3235677083333333,0.3888888888888889
1324542.6999999993,Move,0.3326822916666667,0.3888888888888889
1324556.6999999993,Move,0.3470052083333333,0.3888888888888889
1324577,Move,0.3795572916666667,0.3958333333333333
1324590.1000000015,Move,0.4069010416666667,0.4074074074074074
1324612.3999999985,Move,0.4381510416666667,0.4236111111111111
1324626.8000000007,Move,0.4524739583333333,0.4305555555555556
1324641,Move,0.458984375,0.43287037037037035
1324661.3999999985,Move,0.4615885416666667,0.43287037037037035
1324675.1999999993,Move,0.462890625,0.43287037037037035
1324688.8999999985,Move,0.4641927083333333,0.43287037037037035
1324703.1999999993,Move,0.4654947916666667,0.43287037037037035
1324724.6000000015,Move,0.466796875,0.4351851851851852
1324744.3000000007,Move,0.4694010416666667,0.4351851851851852
1324759.5,Move,0.474609375,0.4375
1324773.3999999985,Move,0.4772135416666667,0.4398148148148148
1324792.8999999985,Move,0.4811197916666667,0.4398148148148148
1324910.6000000015,Move,0.4811197916666667,0.4398148148148148
1324944.3000000007,Move,0.4811197916666667,0.4398148148148148
1324959.3999999985,Move,0.482421875,0.44212962962962965
1324976.1999999993,Move,0.482421875,0.44212962962962965
1324992,Move,0.4837239583333333,0.4444444444444444
1325008.5,Move,0.4850260416666667,0.44675925925925924
1325024.5,Move,0.486328125,0.44907407407407407
1325040.3000000007,Move,0.4889322916666667,0.4537037037037037
1325061.8000000007,Move,0.4915364583333333,0.4537037037037037
1325076.3000000007,Move,0.5006510416666666,0.45601851851851855
1325090.8999999985,Move,0.509765625,0.45601851851851855
1325111.6000000015,Move,0.5240885416666666,0.45601851851851855
1325125.1999999993,Move,0.5358072916666666,0.4583333333333333
1325139.8999999985,Move,0.5423177083333334,0.4583333333333333
1325160.5,Move,0.556640625,0.46296296296296297
1325174.1000000015,Move,0.5670572916666666,0.4652777777777778
1325188,Move,0.5748697916666666,0.4675925925925926
1325208.8999999985,Move,0.583984375,0.4699074074074074
1325222.6000000015,Move,0.5865885416666666,0.4699074074074074
1325236.6999999993,Move,0.587890625,0.4699074074074074
1325258.3999999985,Move,0.5891927083333334,0.4699074074074074
1325265.1999999993,Move,0.5904947916666666,0.4699074074074074
1325285.6999999993,Move,0.5904947916666666,0.4699074074074074
1325337.3000000007,Move,0.591796875,0.4699074074074074
1325394.6999999993,Move,0.591796875,0.4675925925925926
1325414.8000000007,Move,0.591796875,0.4675925925925926
1325452.5,Move,0.591796875,0.4652777777777778
1325471.1999999993,Move,0.591796875,0.4652777777777778
1325508.1999999993,Move,0.591796875,0.46296296296296297
1325527.3999999985,Move,0.5930989583333334,0.46064814814814814
1325546.6999999993,Move,0.5930989583333334,0.4583333333333333
1325565.6000000015,Move,0.5930989583333334,0.45601851851851855
1325594.8999999985,Move,0.5944010416666666,0.4537037037037037
1325608.6999999993,Move,0.595703125,0.44907407407407407
1325629,Move,0.5983072916666666,0.43287037037037035
1325643.8000000007,Move,0.6022135416666666,0.4166666666666667
1325657.1999999993,Move,0.6048177083333334,0.4050925925925926
1325677.8999999985,Move,0.6100260416666666,0.3819444444444444
1325692.3000000007,Move,0.6126302083333334,0.3726851851851852
1325712.6999999993,Move,0.6165364583333334,0.3587962962962963
1325727.6000000015,Move,0.6204427083333334,0.34953703703703703
1325740.6999999993,Move,0.623046875,0.3402777777777778
1325762.6999999993,Move,0.6256510416666666,0.33101851851851855
1325776.3999999985,Move,0.626953125,0.3263888888888889
1325790.1000000015,Move,0.6282552083333334,0.32407407407407407
1325810.8999999985,Move,0.6295572916666666,0.3194444444444444
1325832.8999999985,Move,0.6295572916666666,0.3194444444444444
1325961.8999999985,Move,0.6295572916666666,0.31712962962962965
1326019.8000000007,Move,0.6295572916666666,0.31712962962962965
1326038.8999999985,Move,0.6295572916666666,0.3148148148148148
1326058.8999999985,Move,0.6295572916666666,0.3101851851851852
1326076.1000000015,Move,0.6295572916666666,0.30787037037037035
1326095.8000000007,Move,0.6295572916666666,0.3055555555555556
1326114.8999999985,Move,0.6295572916666666,0.3055555555555556
1326191.1999999993,Move,0.6282552083333334,0.3055555555555556
1326199.5,Move,0.6295572916666666,0.3055555555555556
1326212.3000000007,Move,0.626953125,0.30787037037037035
1326226.3999999985,Move,0.6256510416666666,0.30787037037037035
1326241.5,Move,0.6243489583333334,0.30787037037037035
1326262.6999999993,Move,0.6204427083333334,0.3125
1326276.5,Move,0.6126302083333334,0.3148148148148148
1326291.3000000007,Move,0.6061197916666666,0.3194444444444444
1326311.5,Move,0.5852864583333334,0.33796296296296297
1326325.3999999985,Move,0.5735677083333334,0.35648148148148145
1326339.8999999985,Move,0.5670572916666666,0.36574074074074076
1326360.5,Move,0.5657552083333334,0.37037037037037035
1326374.8999999985,Move,0.564453125,0.37037037037037035
1326388.3999999985,Move,0.564453125,0.3726851851851852
1326409.1000000015,Move,0.5618489583333334,0.375
1326422.1000000015,Move,0.560546875,0.3773148148148148
1326508.3999999985,Move,0.5592447916666666,0.375
1326545.6999999993,Move,0.560546875,0.3773148148148148
1326581,Move,0.5592447916666666,0.375
1326599.8000000007,Move,0.5592447916666666,0.375
1326618.3000000007,Move,0.5579427083333334,0.3726851851851852
1326635,Move,0.556640625,0.3680555555555556
1326653.1999999993,Move,0.5553385416666666,0.36574074074074076
1326671.1000000015,Move,0.5553385416666666,0.36342592592592593
1326688.6000000015,Move,0.5553385416666666,0.36342592592592593
1326724.6999999993,Move,0.5553385416666666,0.36342592592592593
1327003.1000000015,Released,0.5553385416666666,0.36342592592592593
1327078,Released,0.4869791666666667,0.6331018518518519