resolution:1536,864
397963,Pressed,0.7447916666666666,0.5011574074074074
397979.80000000075,Move,0.7447916666666666,0.5011574074074074
397989,Move,0.7447916666666666,0.5011574074074074
398189,Move,0.7447916666666666,0.5011574074074074
398205,Move,0.7447916666666666,0.5011574074074074
398249.80000000075,Move,0.744140625,0.5
398265.40000000224,Move,0.7415364583333334,0.4976851851851852
398282.30000000075,Move,0.736328125,0.49074074074074076
398297,Move,0.7337239583333334,0.49074074074074076
398313.90000000224,Move,0.728515625,0.4837962962962963
398330,Move,0.7233072916666666,0.4791666666666667
398353.30000000075,Move,0.6985677083333334,0.45601851851851855
398362.5,Move,0.6842447916666666,0.4444444444444444
398385.5,Move,0.650390625,0.41435185185185186
398402.200000003,Move,0.607421875,0.3773148148148148
398419.40000000224,Move,0.5553385416666666,0.32407407407407407
398435.1000000015,Move,0.5071614583333334,0.2638888888888889
398450.40000000224,Move,0.4733072916666667,0.2222222222222222
398467.6000000015,Move,0.4563802083333333,0.2013888888888889
398483.40000000224,Move,0.4524739583333333,0.19675925925925927
398499.700000003,Move,0.4498697916666667,0.19444444444444445
398514.5,Move,0.4459635416666667,0.18981481481481483
398530.6000000015,Move,0.443359375,0.1875
398546.1000000015,Move,0.4420572916666667,0.18518518518518517
398570.6000000015,Move,0.4290364583333333,0.1712962962962963
398587.5,Move,0.423828125,0.16435185185185186
398594.700000003,Move,0.4212239583333333,0.16435185185185186
398720.200000003,Move,0.4225260416666667,0.16435185185185186
398735.700000003,Move,0.4225260416666667,0.16435185185185186
398753.200000003,Move,0.4225260416666667,0.16666666666666666
398768.6000000015,Move,0.423828125,0.16666666666666666
398785.200000003,Move,0.427734375,0.1712962962962963
398800,Move,0.4329427083333333,0.1736111111111111
398818.1000000015,Move,0.439453125,0.18055555555555555
398832.40000000224,Move,0.443359375,0.19212962962962962
398849.90000000224,Move,0.4459635416666667,0.19444444444444445
398865.700000003,Move,0.4459635416666667,0.19444444444444445
398872.1000000015,Move,0.4459635416666667,0.19444444444444445
398903.90000000224,Move,0.447265625,0.19675925925925927
398921.80000000075,Move,0.4498697916666667,0.19444444444444445
398929.80000000075,Move,0.4498697916666667,0.19675925925925927
398950.5,Move,0.451171875,0.19675925925925927
398964.1000000015,Move,0.455078125,0.19675925925925927
398985.1000000015,Move,0.4615885416666667,0.19675925925925927
399000,Move,0.4680989583333333,0.19675925925925927
399020.30000000075,Move,0.4798177083333333,0.19444444444444445
399032.80000000075,Move,0.4889322916666667,0.19212962962962962
399049.80000000075,Move,0.498046875,0.19212962962962962
399068,Move,0.5110677083333334,0.18981481481481483
399083,Move,0.5201822916666666,0.18518518518518517
399103.6000000015,Move,0.533203125,0.18287037037037038
399118.40000000224,Move,0.5423177083333334,0.18055555555555555
399132.30000000075,Move,0.5514322916666666,0.17824074074074073
399153.700000003,Move,0.564453125,0.17592592592592593
399167.80000000075,Move,0.5735677083333334,0.1736111111111111
399187.5,Move,0.5904947916666666,0.1736111111111111
399200.700000003,Move,0.6100260416666666,0.17592592592592593
399216.200000003,Move,0.6295572916666666,0.18055555555555555
399230,Move,0.6490885416666666,0.18287037037037038
399250.40000000224,Move,0.7037760416666666,0.18981481481481483
399264.6000000015,Move,0.7506510416666666,0.18981481481481483
399278.90000000224,Move,0.7701822916666666,0.18981481481481483
399382.1000000015,Move,0.7688802083333334,0.18981481481481483
399418,Move,0.767578125,0.19212962962962962
399432.30000000075,Move,0.767578125,0.19444444444444445
399454.200000003,Move,0.7662760416666666,0.19907407407407407
399469.200000003,Move,0.7649739583333334,0.2013888888888889
399487.5,Move,0.763671875,0.2037037037037037
399501.6000000015,Move,0.7623697916666666,0.20601851851851852
399516.700000003,Move,0.7623697916666666,0.20833333333333334
399537.40000000224,Move,0.759765625,0.2175925925925926
399551.30000000075,Move,0.7584635416666666,0.22453703703703703
399565.30000000075,Move,0.7545572916666666,0.23842592592592593
399580.80000000075,Move,0.7532552083333334,0.23842592592592593
399602.5,Move,0.751953125,0.23842592592592593
399617,Move,0.7493489583333334,0.23842592592592593
399629.700000003,Move,0.7454427083333334,0.23842592592592593
399652,Move,0.7428385416666666,0.2361111111111111
399666,Move,0.7389322916666666,0.2361111111111111
399685.40000000224,Move,0.732421875,0.2337962962962963
399701.1000000015,Move,0.7233072916666666,0.22916666666666666
399720.5,Move,0.6985677083333334,0.2222222222222222
399736,Move,0.6868489583333334,0.2175925925925926
399750,Move,0.6686197916666666,0.21296296296296297
399763.1000000015,Move,0.6399739583333334,0.2037037037037037
399785,Move,0.5891927083333334,0.1875
399804.5,Move,0.5475260416666666,0.1736111111111111
399818.40000000224,Move,0.5279947916666666,0.16898148148148148
399834.700000003,Move,0.5149739583333334,0.16435185185185186
399847.700000003,Move,0.5123697916666666,0.16435185185185186
399869,Move,0.509765625,0.16435185185185186
399883.30000000075,Move,0.5084635416666666,0.16435185185185186
399903,Move,0.505859375,0.16203703703703703
399917.40000000224,Move,0.5045572916666666,0.16203703703703703
399937.30000000075,Move,0.5006510416666666,0.1597222222222222
399952.700000003,Move,0.494140625,0.1574074074074074
399967,Move,0.490234375,0.1550925925925926
399981.200000003,Move,0.4876302083333333,0.1550925925925926
400071.40000000224,Move,0.486328125,0.1574074074074074
400086.1000000015,Move,0.486328125,0.1574074074074074
400099.6000000015,Move,0.486328125,0.1574074074074074
400115,Move,0.4850260416666667,0.1597222222222222
400127.5,Move,0.4837239583333333,0.1597222222222222
400142.1000000015,Move,0.4837239583333333,0.16203703703703703
400158.200000003,Move,0.482421875,0.16203703703703703
400184.40000000224,Move,0.4811197916666667,0.16435185185185186
400198.90000000224,Move,0.4798177083333333,0.16435185185185186
400227.90000000224,Move,0.4798177083333333,0.16435185185185186
400283.30000000075,Move,0.478515625,0.16666666666666666
400292.5,Move,0.478515625,0.16898148148148148
400303.700000003,Move,0.478515625,0.1712962962962963
400319.5,Move,0.4772135416666667,0.17824074074074073
400332.90000000224,Move,0.4772135416666667,0.1875
400353.6000000015,Move,0.4759114583333333,0.2037037037037037
400368.1000000015,Move,0.4759114583333333,0.2175925925925926
400382.40000000224,Move,0.4759114583333333,0.22916666666666666
400402.30000000075,Move,0.4772135416666667,0.24768518518518517
400416.700000003,Move,0.4772135416666667,0.2569444444444444
400436.700000003,Move,0.478515625,0.27546296296296297
400450.30000000075,Move,0.4759114583333333,0.2916666666666667
400466.30000000075,Move,0.4720052083333333,0.3101851851851852
400485.80000000075,Move,0.462890625,0.35648148148148145
400500.6000000015,Move,0.455078125,0.3958333333333333
400514.90000000224,Move,0.4459635416666667,0.44212962962962965
400535.6000000015,Move,0.427734375,0.5601851851851852
400542.80000000075,Move,0.4264322916666667,0.5740740740740741
400649.30000000075,Move,0.427734375,0.5740740740740741
400670.80000000075,Move,0.427734375,0.5740740740740741
400699.5,Move,0.427734375,0.5717592592592593
400704.90000000224,Move,0.4290364583333333,0.5717592592592593
400726.40000000224,Move,0.4290364583333333,0.5717592592592593
400748.200000003,Move,0.4303385416666667,0.5694444444444444
400767.1000000015,Move,0.4329427083333333,0.5671296296296297
400782.6000000015,Move,0.4342447916666667,0.5648148148148148
400804.40000000224,Move,0.435546875,0.5625
400817.1000000015,Move,0.4381510416666667,0.5601851851851852
400832,Move,0.4407552083333333,0.5555555555555556
400852.80000000075,Move,0.443359375,0.5509259259259259
400859.90000000224,Move,0.4446614583333333,0.5509259259259259
400886.700000003,Move,0.447265625,0.5509259259259259
400903.200000003,Move,0.4524739583333333,0.5532407407407407
400917.5,Move,0.455078125,0.5532407407407407
400936.1000000015,Move,0.4641927083333333,0.5532407407407407
400951.30000000075,Move,0.482421875,0.5532407407407407
400965.40000000224,Move,0.5123697916666666,0.5509259259259259
400985.40000000224,Move,0.5631510416666666,0.5439814814814815
401000.80000000075,Move,0.6178385416666666,0.5486111111111112
401014.700000003,Move,0.666015625,0.5787037037037037
401034.30000000075,Move,0.705078125,0.6064814814814815
401049.700000003,Move,0.708984375,0.6111111111111112
401064.1000000015,Move,0.7115885416666666,0.6134259259259259
401085.5,Move,0.716796875,0.6157407407407407
401100.200000003,Move,0.7180989583333334,0.6157407407407407
401183.5,Move,0.7337239583333334,0.6157407407407407
401198.1000000015,Move,0.732421875,0.6157407407407407
401218.30000000075,Move,0.7298177083333334,0.6111111111111112
401234.30000000075,Move,0.728515625,0.6111111111111112
401253,Move,0.7259114583333334,0.6087962962962963
401267.200000003,Move,0.7233072916666666,0.6064814814814815
401280.40000000224,Move,0.7220052083333334,0.6064814814814815
401303,Move,0.7194010416666666,0.6041666666666666
401317.30000000075,Move,0.7180989583333334,0.6018518518518519
401338,Move,0.7141927083333334,0.5949074074074074
401351.90000000224,Move,0.708984375,0.5902777777777778
401368.30000000075,Move,0.689453125,0.5671296296296297
401381.40000000224,Move,0.6764322916666666,0.5509259259259259
401402.40000000224,Move,0.6477864583333334,0.5185185185185185
401416.40000000224,Move,0.6334635416666666,0.5046296296296297
401436.5,Move,0.6048177083333334,0.4722222222222222
401451.30000000075,Move,0.5865885416666666,0.44907407407407407
401466.1000000015,Move,0.5696614583333334,0.42824074074074076
401487,Move,0.5319010416666666,0.37962962962962965
401501.80000000075,Move,0.501953125,0.33796296296296297
401516,Move,0.4694010416666667,0.29398148148148145
401535.90000000224,Move,0.4342447916666667,0.24537037037037038
401549,Move,0.416015625,0.2199074074074074
401571.1000000015,Move,0.3977864583333333,0.19675925925925927
401586.40000000224,Move,0.392578125,0.1875
401598.6000000015,Move,0.3899739583333333,0.18518518518518517
401619.80000000075,Move,0.3860677083333333,0.18055555555555555
401635,Move,0.3834635416666667,0.17824074074074073
401654.700000003,Move,0.3821614583333333,0.17592592592592593
401667.1000000015,Move,0.380859375,0.1736111111111111
401676.700000003,Move,0.3795572916666667,0.1712962962962963
401743.700000003,Move,0.3795572916666667,0.1736111111111111
401765,Move,0.3795572916666667,0.1736111111111111
401780.200000003,Move,0.3795572916666667,0.17592592592592593
401794.6000000015,Move,0.3782552083333333,0.17592592592592593
401798.700000003,Move,0.3782552083333333,0.17824074074074073
401815.5,Move,0.3782552083333333,0.18518518518518517
401836.90000000224,Move,0.376953125,0.19907407407407407
401850.90000000224,Move,0.3782552083333333,0.2152777777777778
401864.6000000015,Move,0.3795572916666667,0.22453703703703703
401870.90000000224,Move,0.3795572916666667,0.22685185185185186
401891.5,Move,0.3795572916666667,0.22685185185185186
401921.30000000075,Move,0.3795572916666667,0.22916666666666666
401932.90000000224,Move,0.3795572916666667,0.23148148148148148
401948.30000000075,Move,0.3782552083333333,0.2337962962962963
401970.1000000015,Move,0.3756510416666667,0.24074074074074073
401982.90000000224,Move,0.3704427083333333,0.2569444444444444
401998.30000000075,Move,0.3639322916666667,0.27546296296296297
402020.200000003,Move,0.353515625,0.30787037037037035
402034.5,Move,0.345703125,0.33101851851851855
402054.30000000075,Move,0.3365885416666667,0.3611111111111111
402069.40000000224,Move,0.3287760416666667,0.38657407407407407
402083.1000000015,Move,0.322265625,0.4027777777777778
402104,Move,0.314453125,0.42592592592592593
402117.1000000015,Move,0.3040364583333333,0.44907407407407407
402132.40000000224,Move,0.2936197916666667,0.4699074074074074
402153.80000000075,Move,0.279296875,0.5
402168.200000003,Move,0.271484375,0.5162037037037037
402182.30000000075,Move,0.2649739583333333,0.5300925925925926
402201.90000000224,Move,0.2571614583333333,0.5486111111111112
402216.30000000075,Move,0.2545572916666667,0.5555555555555556
402230.700000003,Move,0.251953125,0.5578703703703703
402251.30000000075,Move,0.251953125,0.5601851851851852
402264.90000000224,Move,0.2506510416666667,0.5625
402284.6000000015,Move,0.24934895833333334,0.5671296296296297
402292.1000000015,Move,0.24934895833333334,0.5671296296296297
402320.200000003,Move,0.248046875,0.5694444444444444
402393.1000000015,Move,0.248046875,0.5671296296296297
402429.5,Move,0.248046875,0.5671296296296297
402447.700000003,Move,0.248046875,0.5648148148148148
402483.6000000015,Move,0.248046875,0.5648148148148148
402502,Move,0.248046875,0.5625
402519.5,Move,0.248046875,0.5601851851851852
402552,Move,0.2506510416666667,0.5532407407407407
402565,Move,0.2571614583333333,0.5300925925925926
402587.200000003,Move,0.2662760416666667,0.48842592592592593
402601.5,Move,0.2740885416666667,0.4513888888888889
402615.6000000015,Move,0.279296875,0.4236111111111111
402636.5,Move,0.291015625,0.375
402650.90000000224,Move,0.2975260416666667,0.35648148148148145
402664.700000003,Move,0.306640625,0.3333333333333333
402684.5,Move,0.326171875,0.30324074074074076
402699.90000000224,Move,0.3391927083333333,0.2847222222222222
402721.1000000015,Move,0.3522135416666667,0.2662037037037037
402734.80000000075,Move,0.357421875,0.2523148148148148
402754.6000000015,Move,0.361328125,0.24537037037037038
402769.5,Move,0.361328125,0.24537037037037038
402782.30000000075,Move,0.3626302083333333,0.24074074074074073
402803.6000000015,Move,0.3639322916666667,0.23842592592592593
402825.6000000015,Move,0.365234375,0.2361111111111111
402931.700000003,Move,0.365234375,0.2337962962962963
402941.30000000075,Move,0.365234375,0.2361111111111111
402954,Move,0.365234375,0.2361111111111111
402973.90000000224,Move,0.3665364583333333,0.2337962962962963
403002.80000000075,Move,0.3665364583333333,0.2337962962962963
403010.200000003,Move,0.3665364583333333,0.2337962962962963
403015.90000000224,Move,0.3665364583333333,0.23148148148148148
403036.700000003,Move,0.369140625,0.23148148148148148
403051.90000000224,Move,0.3704427083333333,0.22916666666666666
403066.30000000075,Move,0.3717447916666667,0.22685185185185186
403087.1000000015,Move,0.376953125,0.2222222222222222
403100.30000000075,Move,0.3834635416666667,0.2175925925925926
403121.200000003,Move,0.3860677083333333,0.2175925925925926
403128.200000003,Move,0.384765625,0.2152777777777778
403152,Move,0.3821614583333333,0.21064814814814814
403165.40000000224,Move,0.3782552083333333,0.2013888888888889
403186.30000000075,Move,0.373046875,0.18981481481481483
403199.30000000075,Move,0.3704427083333333,0.18287037037037038
403220.40000000224,Move,0.3665364583333333,0.1736111111111111
403234.80000000075,Move,0.3639322916666667,0.16666666666666666
403254.6000000015,Move,0.3626302083333333,0.16203703703703703
403262.6000000015,Move,0.361328125,0.1597222222222222
403276.90000000224,Move,0.361328125,0.1597222222222222
403346.5,Move,0.3626302083333333,0.1597222222222222
403368.90000000224,Move,0.365234375,0.16203703703703703
403382.80000000075,Move,0.3704427083333333,0.16666666666666666
403403.700000003,Move,0.3821614583333333,0.1736111111111111
403417.90000000224,Move,0.3912760416666667,0.17824074074074073
403431.6000000015,Move,0.400390625,0.18518518518518517
403452.90000000224,Move,0.4147135416666667,0.19212962962962962
403467.90000000224,Move,0.4225260416666667,0.19675925925925927
403480.700000003,Move,0.4329427083333333,0.2037037037037037
403501.40000000224,Move,0.4498697916666667,0.2175925925925926
403515.40000000224,Move,0.4615885416666667,0.22685185185185186
403536.90000000224,Move,0.4967447916666667,0.2523148148148148
403551.40000000224,Move,0.521484375,0.27314814814814814
403565.5,Move,0.576171875,0.3148148148148148
403578.30000000075,Move,0.6087239583333334,0.33796296296296297
403687.5,Move,0.6087239583333334,0.33796296296296297
403734.700000003,Move,0.6100260416666666,0.33796296296296297
403743.6000000015,Move,0.6087239583333334,0.33796296296296297
403759.6000000015,Move,0.6087239583333334,0.33796296296296297
403776.700000003,Move,0.6100260416666666,0.3402777777777778
403791.30000000075,Move,0.6100260416666666,0.3402777777777778
403817.1000000015,Move,0.611328125,0.3425925925925926
403832.1000000015,Move,0.611328125,0.3449074074074074
403847.1000000015,Move,0.611328125,0.3472222222222222
403863.6000000015,Move,0.6126302083333334,0.34953703703703703
403880.30000000075,Move,0.6126302083333334,0.35185185185185186
403895.90000000224,Move,0.6139322916666666,0.3541666666666667
403918.40000000224,Move,0.6165364583333334,0.3611111111111111
403935.700000003,Move,0.619140625,0.3680555555555556
403952.6000000015,Move,0.6165364583333334,0.3680555555555556
403962.30000000075,Move,0.6165364583333334,0.3680555555555556
403986.200000003,Move,0.6139322916666666,0.3680555555555556
403999.80000000075,Move,0.611328125,0.36574074074074076
404016.80000000075,Move,0.6048177083333334,0.36342592592592593
404033.6000000015,Move,0.5983072916666666,0.3611111111111111
404049.90000000224,Move,0.5904947916666666,0.3587962962962963
404065.40000000224,Move,0.5813802083333334,0.3541666666666667
404081.1000000015,Move,0.5696614583333334,0.34953703703703703
404104.200000003,Move,0.5514322916666666,0.3402777777777778
404120.200000003,Move,0.5384114583333334,0.3333333333333333
404128,Move,0.5319010416666666,0.33101851851851855
404151.80000000075,Move,0.5123697916666666,0.32175925925925924
404169.5,Move,0.5006510416666666,0.3148148148148148
404185.200000003,Move,0.4876302083333333,0.30787037037037035
404201.200000003,Move,0.4759114583333333,0.30092592592592593
404217.200000003,Move,0.462890625,0.2962962962962963
404233,Move,0.451171875,0.28935185185185186
404249.90000000224,Move,0.439453125,0.2847222222222222
404264.1000000015,Move,0.4290364583333333,0.2824074074074074
404280.40000000224,Move,0.4108072916666667,0.2800925925925926
404298.40000000224,Move,0.3912760416666667,0.2777777777777778
404312.90000000224,Move,0.3743489583333333,0.27546296296296297
404335.80000000075,Move,0.3313802083333333,0.2708333333333333
404351.5,Move,0.2805989583333333,0.25925925925925924
404368.200000003,Move,0.24283854166666666,0.24537037037037038
404377.90000000224,Move,0.236328125,0.24537037037037038
404496.700000003,Move,0.236328125,0.24537037037037038
404547,Move,0.236328125,0.24768518518518517
404597.6000000015,Move,0.236328125,0.24768518518518517
404646.90000000224,Move,0.236328125,0.25
404699.30000000075,Move,0.240234375,0.24768518518518517
404706.80000000075,Move,0.248046875,0.24768518518518517
404721.6000000015,Move,0.2532552083333333,0.24537037037037038
404734.5,Move,0.2584635416666667,0.24537037037037038
404749.700000003,Move,0.2662760416666667,0.24537037037037038
404768.6000000015,Move,0.2779947916666667,0.24537037037037038
404783.6000000015,Move,0.2858072916666667,0.24537037037037038
404798.200000003,Move,0.2962239583333333,0.24768518518518517
404817.40000000224,Move,0.3131510416666667,0.24768518518518517
404833,Move,0.3196614583333333,0.24768518518518517
404852.1000000015,Move,0.333984375,0.24768518518518517
404867.90000000224,Move,0.3430989583333333,0.24768518518518517
404887.5,Move,0.353515625,0.24537037037037038
404902.30000000075,Move,0.3600260416666667,0.24537037037037038
404917.6000000015,Move,0.3639322916666667,0.24305555555555555
404931.30000000075,Move,0.3704427083333333,0.24074074074074073
404952.200000003,Move,0.3795572916666667,0.23842592592592593
404966.1000000015,Move,0.388671875,0.23148148148148148
404987.700000003,Move,0.3951822916666667,0.22685185185185186
405001.90000000224,Move,0.3990885416666667,0.22453703703703703
405016.200000003,Move,0.4069010416666667,0.2175925925925926
405035.1000000015,Move,0.412109375,0.21064814814814814
405049.80000000075,Move,0.4186197916666667,0.20601851851851852
405070.30000000075,Move,0.4264322916666667,0.2013888888888889
405087.1000000015,Move,0.431640625,0.19907407407407407
405099.1000000015,Move,0.4381510416666667,0.19675925925925927
405119.5,Move,0.4459635416666667,0.19444444444444445
405126.5,Move,0.4498697916666667,0.19444444444444445
405217.30000000075,Move,0.4485677083333333,0.19675925925925927
405258.5,Move,0.4485677083333333,0.19675925925925927
405293.40000000224,Move,0.4485677083333333,0.19675925925925927
405308.90000000224,Move,0.4485677083333333,0.19907407407407407
405318.6000000015,Move,0.447265625,0.19675925925925927
405337,Move,0.447265625,0.2013888888888889
405354.5,Move,0.447265625,0.2013888888888889
405367.90000000224,Move,0.4459635416666667,0.2037037037037037
405378.5,Move,0.4459635416666667,0.20601851851851852
405397.30000000075,Move,0.4446614583333333,0.20833333333333334
405417.6000000015,Move,0.443359375,0.21064814814814814
405437.30000000075,Move,0.4407552083333333,0.2152777777777778
405447.30000000075,Move,0.439453125,0.2175925925925926
405478.30000000075,Move,0.4381510416666667,0.2175925925925926
405486.1000000015,Move,0.4381510416666667,0.2175925925925926
405499.90000000224,Move,0.435546875,0.2175925925925926
405521,Move,0.431640625,0.2152777777777778
405535.30000000075,Move,0.4264322916666667,0.2152777777777778
405549,Move,0.4225260416666667,0.21296296296296297
405569.200000003,Move,0.4029947916666667,0.20833333333333334
405582.6000000015,Move,0.3795572916666667,0.19907407407407407
405603.80000000075,Move,0.3404947916666667,0.1875
405618.5,Move,0.3001302083333333,0.17592592592592593
405632.30000000075,Move,0.2649739583333333,0.1712962962962963
405652.700000003,Move,0.23502604166666666,0.16898148148148148
405667.200000003,Move,0.228515625,0.16666666666666666
405681.90000000224,Move,0.22721354166666666,0.16666666666666666
405702.80000000075,Move,0.224609375,0.16666666666666666
405717,Move,0.22200520833333334,0.16666666666666666
405737.700000003,Move,0.216796875,0.16435185185185186
405751.700000003,Move,0.21028645833333334,0.16435185185185186
405766.40000000224,Move,0.20768229166666666,0.16435185185185186
405887.30000000075,Move,0.20768229166666666,0.16435185185185186
405906.5,Move,0.20768229166666666,0.16435185185185186
405914.80000000075,Move,0.20768229166666666,0.16435185185185186
405924.200000003,Move,0.20768229166666666,0.16666666666666666
405951.1000000015,Move,0.20768229166666666,0.16898148148148148
405968.40000000224,Move,0.20768229166666666,0.16898148148148148
405978,Move,0.20768229166666666,0.1712962962962963
406004,Move,0.20768229166666666,0.1736111111111111
406013.90000000224,Move,0.20768229166666666,0.1736111111111111
406031.80000000075,Move,0.20768229166666666,0.17592592592592593
406050.5,Move,0.208984375,0.17824074074074073
406069.90000000224,Move,0.208984375,0.18518518518518517
406086.80000000075,Move,0.21028645833333334,0.18981481481481483
406094.1000000015,Move,0.21028645833333334,0.19212962962962962
406113.80000000075,Move,0.21158854166666666,0.19212962962962962
406134.40000000224,Move,0.224609375,0.2037037037037037
406149.6000000015,Move,0.22981770833333334,0.20833333333333334
406169.90000000224,Move,0.251953125,0.22453703703703703
406185.5,Move,0.2936197916666667,0.25925925925925924
406198,Move,0.353515625,0.3101851851851852
406218.90000000224,Move,0.498046875,0.4305555555555556
406233.700000003,Move,0.607421875,0.5092592592592593
406252.90000000224,Move,0.689453125,0.5625
406268.80000000075,Move,0.6985677083333334,0.5671296296296297
406282.6000000015,Move,0.7037760416666666,0.5717592592592593
406303.6000000015,Move,0.7115885416666666,0.5787037037037037
406318.40000000224,Move,0.724609375,0.5879629629629629
406337.5,Move,0.7467447916666666,0.6041666666666666
406438.1000000015,Move,0.7467447916666666,0.5995370370370371
406451.200000003,Move,0.7467447916666666,0.5949074074074074
406465.90000000224,Move,0.7467447916666666,0.5902777777777778
406486.5,Move,0.7454427083333334,0.5810185185185185
406500.1000000015,Move,0.7454427083333334,0.5740740740740741
406516.1000000015,Move,0.7454427083333334,0.5671296296296297
406536.200000003,Move,0.7454427083333334,0.5601851851851852
406550.30000000075,Move,0.7454427083333334,0.5532407407407407
406570.30000000075,Move,0.7467447916666666,0.5416666666666666
406586.30000000075,Move,0.7467447916666666,0.5370370370370371
406599.6000000015,Move,0.7467447916666666,0.5300925925925926
406621.30000000075,Move,0.7467447916666666,0.5208333333333334
406635.90000000224,Move,0.7467447916666666,0.5162037037037037
406648.6000000015,Move,0.7467447916666666,0.5115740740740741
406664.200000003,Move,0.744140625,0.5092592592592593
406686.1000000015,Move,0.744140625,0.5092592592592593
406700.700000003,Move,0.7415364583333334,0.5069444444444444
406720.5,Move,0.7337239583333334,0.5023148148148148
406736,Move,0.7272135416666666,0.4976851851851852
406754.30000000075,Move,0.716796875,0.49074074074074076
406770.90000000224,Move,0.7063802083333334,0.4861111111111111
406782.80000000075,Move,0.6959635416666666,0.4791666666666667
406804.30000000075,Move,0.677734375,0.4722222222222222
406818.5,Move,0.6647135416666666,0.4652777777777778
406832.40000000224,Move,0.6529947916666666,0.46064814814814814
406853.6000000015,Move,0.6334635416666666,0.4513888888888889
406868.90000000224,Move,0.6217447916666666,0.44675925925925924
406887.200000003,Move,0.603515625,0.4398148148148148
406902.6000000015,Move,0.591796875,0.43287037037037035
406915.90000000224,Move,0.580078125,0.42824074074074076
406937.1000000015,Move,0.5631510416666666,0.41898148148148145
406951.30000000075,Move,0.552734375,0.41435185185185186
406965.40000000224,Move,0.537109375,0.40046296296296297
406986.6000000015,Move,0.517578125,0.3726851851851852
407000.40000000224,Move,0.505859375,0.3541666666666667
407015,Move,0.4928385416666667,0.33564814814814814
407035.5,Move,0.4407552083333333,0.2800925925925926
407049.80000000075,Move,0.400390625,0.24537037037037038
407063.40000000224,Move,0.3821614583333333,0.23148148148148148
407187.5,Move,0.380859375,0.23148148148148148
407202.200000003,Move,0.3795572916666667,0.23148148148148148
407216.5,Move,0.3782552083333333,0.22685185185185186
407231.40000000224,Move,0.376953125,0.22685185185185186
407251,Move,0.3756510416666667,0.2222222222222222
407265.1000000015,Move,0.373046875,0.2199074074074074
407285.6000000015,Move,0.369140625,0.2175925925925926
407301,Move,0.361328125,0.20833333333333334
407320.30000000075,Move,0.3509114583333333,0.19212962962962962
407334,Move,0.349609375,0.18981481481481483
407340.80000000075,Move,0.349609375,0.18981481481481483
407363.80000000075,Move,0.3483072916666667,0.18981481481481483
407383.700000003,Move,0.349609375,0.18981481481481483
407398.700000003,Move,0.3483072916666667,0.1875
407493.30000000075,Move,0.3483072916666667,0.1875
407541.80000000075,Move,0.3483072916666667,0.18518518518518517
407637.5,Move,0.3522135416666667,0.18518518518518517
407650.80000000075,Move,0.361328125,0.18518518518518517
407666.200000003,Move,0.3990885416666667,0.18518518518518517
407681.200000003,Move,0.443359375,0.17592592592592593
407701.700000003,Move,0.5084635416666666,0.16435185185185186
407715.200000003,Move,0.5501302083333334,0.1597222222222222
407736.30000000075,Move,0.5930989583333334,0.16898148148148148
407750.90000000224,Move,0.6243489583333334,0.18518518518518517
407770.700000003,Move,0.662109375,0.21296296296296297
407786.200000003,Move,0.681640625,0.2222222222222222
407800.200000003,Move,0.6946614583333334,0.22685185185185186
407819.6000000015,Move,0.6998697916666666,0.22685185185185186
407834.5,Move,0.705078125,0.22916666666666666
407848.1000000015,Move,0.7076822916666666,0.22916666666666666
407868.200000003,Move,0.7102864583333334,0.22916666666666666
407970.40000000224,Move,0.7102864583333334,0.22916666666666666
407985.700000003,Move,0.708984375,0.23148148148148148
407999.5,Move,0.705078125,0.2337962962962963
408021.5,Move,0.6985677083333334,0.24074074074074073
408035.200000003,Move,0.6946614583333334,0.24537037037037038
408050.200000003,Move,0.6920572916666666,0.24768518518518517
408069.80000000075,Move,0.6868489583333334,0.2569444444444444
408084,Move,0.6842447916666666,0.26157407407407407
408098,Move,0.6829427083333334,0.2662037037037037
408118.200000003,Move,0.6803385416666666,0.26851851851851855
408124.40000000224,Move,0.6803385416666666,0.26851851851851855
408153.80000000075,Move,0.6790364583333334,0.2708333333333333
408204.200000003,Move,0.6790364583333334,0.27546296296296297
408216.6000000015,Move,0.6790364583333334,0.27546296296296297
408232.30000000075,Move,0.6764322916666666,0.2824074074074074
408252.5,Move,0.673828125,0.29398148148148145
408267.40000000224,Move,0.6712239583333334,0.3055555555555556
408287.200000003,Move,0.6673177083333334,0.32175925925925924
408301.5,Move,0.6647135416666666,0.33101851851851855
408316,Move,0.662109375,0.3425925925925926
408336.40000000224,Move,0.658203125,0.3541666666666667
408350.30000000075,Move,0.6555989583333334,0.3611111111111111
408371.30000000075,Move,0.650390625,0.3726851851851852
408386.40000000224,Move,0.646484375,0.37962962962962965
408399.700000003,Move,0.642578125,0.38657407407407407
408420.30000000075,Move,0.6373697916666666,0.3958333333333333
408427.200000003,Move,0.6360677083333334,0.39814814814814814
408448.5,Move,0.6334635416666666,0.4050925925925926
408470.200000003,Move,0.630859375,0.4097222222222222
408483.40000000224,Move,0.630859375,0.41203703703703703
408491,Move,0.6295572916666666,0.41435185185185186
408518.30000000075,Move,0.6295572916666666,0.41435185185185186
408533.40000000224,Move,0.6295572916666666,0.4166666666666667
408539.30000000075,Move,0.6282552083333334,0.4166666666666667
408562.40000000224,Move,0.6282552083333334,0.4166666666666667
408576.200000003,Move,0.6282552083333334,0.41898148148148145
408588.90000000224,Move,0.6282552083333334,0.41898148148148145
408678.700000003,Move,0.6282552083333334,0.41898148148148145
408702.5,Move,0.6282552083333334,0.4166666666666667
408720.1000000015,Move,0.6282552083333334,0.41435185185185186
408764.5,Move,0.6282552083333334,0.41435185185185186
408779.30000000075,Move,0.6282552083333334,0.41203703703703703
408799.90000000224,Move,0.6282552083333334,0.41203703703703703
408820.200000003,Move,0.6282552083333334,0.4097222222222222
408839.6000000015,Move,0.6256510416666666,0.41203703703703703
408848.700000003,Move,0.6243489583333334,0.41203703703703703
408871.6000000015,Move,0.5970052083333334,0.41203703703703703
408887.30000000075,Move,0.5709635416666666,0.4097222222222222
408902.40000000224,Move,0.5462239583333334,0.4050925925925926
408919.90000000224,Move,0.517578125,0.4027777777777778
408936.700000003,Move,0.4993489583333333,0.4027777777777778
408953.80000000075,Move,0.4811197916666667,0.41203703703703703
408967.6000000015,Move,0.4615885416666667,0.42592592592592593
408985.40000000224,Move,0.4446614583333333,0.4444444444444444
409000.200000003,Move,0.431640625,0.45601851851851855
409016.40000000224,Move,0.419921875,0.46296296296296297
409033.6000000015,Move,0.416015625,0.46296296296296297
409054.40000000224,Move,0.4134114583333333,0.4652777777777778
409063.80000000075,Move,0.4108072916666667,0.4652777777777778
409087.1000000015,Move,0.4095052083333333,0.4652777777777778
409104,Move,0.408203125,0.4652777777777778
409155.80000000075,Move,0.4069010416666667,0.4652777777777778
409172.90000000224,Move,0.4055989583333333,0.4652777777777778
409183.1000000015,Move,0.4055989583333333,0.46296296296296297
409203,Move,0.4029947916666667,0.46296296296296297
409218.700000003,Move,0.400390625,0.46064814814814814
409236.6000000015,Move,0.3990885416666667,0.46064814814814814
409253.30000000075,Move,0.396484375,0.4583333333333333
409271.5,Move,0.3951822916666667,0.45601851851851855
409292.5,Move,0.3951822916666667,0.45601851851851855
409354.200000003,Move,0.408203125,0.4583333333333333
409368,Move,0.423828125,0.4583333333333333
409382.5,Move,0.4342447916666667,0.46064814814814814
409403.5,Move,0.4576822916666667,0.46064814814814814
409416.40000000224,Move,0.4720052083333333,0.46296296296296297
409432.1000000015,Move,0.4876302083333333,0.4652777777777778
409453.700000003,Move,0.513671875,0.4675925925925926
409467.5,Move,0.5319010416666666,0.4675925925925926
409481,Move,0.5436197916666666,0.4699074074074074
409501.1000000015,Move,0.5670572916666666,0.4699074074074074
409516.90000000224,Move,0.5826822916666666,0.4722222222222222
409535.6000000015,Move,0.615234375,0.4722222222222222
409551.40000000224,Move,0.6334635416666666,0.4722222222222222
409571.5,Move,0.6647135416666666,0.4722222222222222
409584.90000000224,Move,0.6881510416666666,0.4722222222222222
409599.90000000224,Move,0.712890625,0.4722222222222222
409620.700000003,Move,0.7389322916666666,0.4722222222222222
409634.6000000015,Move,0.755859375,0.4722222222222222
409648.200000003,Move,0.767578125,0.4722222222222222
409768.1000000015,Move,0.7701822916666666,0.48148148148148145
409787.40000000224,Move,0.7662760416666666,0.4837962962962963
409801.40000000224,Move,0.7623697916666666,0.4861111111111111
409815.6000000015,Move,0.755859375,0.4930555555555556
409830,Move,0.7454427083333334,0.5
410057.30000000075,Released,0.7454427083333334,0.5
410123.80000000075,Released,0.4869791666666667,0.6331018518518519