resolution:1536,864
113710.90000000224,Pressed,0.5026041666666666,0.5081018518518519
113736.30000000075,Move,0.5026041666666666,0.5081018518518519
113953.5,Move,0.5026041666666666,0.5081018518518519
113969.30000000075,Move,0.5026041666666666,0.5081018518518519
114016.10000000149,Move,0.5032552083333334,0.5092592592592593
114022.5,Move,0.5032552083333334,0.5069444444444444
114050.10000000149,Move,0.5045572916666666,0.5092592592592593
114064.40000000224,Move,0.505859375,0.5092592592592593
114084.5,Move,0.5084635416666666,0.5092592592592593
114098,Move,0.5110677083333334,0.5092592592592593
114113.20000000298,Move,0.5149739583333334,0.5092592592592593
114133,Move,0.5188802083333334,0.5115740740740741
114148.10000000149,Move,0.5227864583333334,0.5115740740740741
114161.90000000224,Move,0.525390625,0.5138888888888888
114182.90000000224,Move,0.5305989583333334,0.5138888888888888
114196.10000000149,Move,0.5345052083333334,0.5162037037037037
114217.10000000149,Move,0.5384114583333334,0.5162037037037037
114231.90000000224,Move,0.5423177083333334,0.5185185185185185
114245.5,Move,0.544921875,0.5185185185185185
114267.30000000075,Move,0.5501302083333334,0.5185185185185185
114281.90000000224,Move,0.556640625,0.5185185185185185
114301.60000000149,Move,0.568359375,0.5162037037037037
114316.40000000224,Move,0.576171875,0.5162037037037037
114329.70000000298,Move,0.5891927083333334,0.5138888888888888
114351.60000000149,Move,0.615234375,0.5138888888888888
114365.5,Move,0.623046875,0.5138888888888888
114437.90000000224,Move,0.6217447916666666,0.5162037037037037
114482.5,Move,0.6217447916666666,0.5162037037037037
114498.30000000075,Move,0.6217447916666666,0.5162037037037037
114516.10000000149,Move,0.6204427083333334,0.5185185185185185
114526.10000000149,Move,0.6204427083333334,0.5185185185185185
114548.40000000224,Move,0.6204427083333334,0.5208333333333334
114570.90000000224,Move,0.6204427083333334,0.5231481481481481
114592.60000000149,Move,0.619140625,0.5231481481481481
114594.40000000224,Move,0.619140625,0.5254629629629629
114603.70000000298,Move,0.619140625,0.5277777777777778
114625.90000000224,Move,0.6178385416666666,0.5324074074074074
114648.40000000224,Move,0.615234375,0.5324074074074074
114667.60000000149,Move,0.6087239583333334,0.5300925925925926
114681.30000000075,Move,0.6009114583333334,0.5277777777777778
114696.60000000149,Move,0.5970052083333334,0.5254629629629629
114717,Move,0.5944010416666666,0.5254629629629629
114730.70000000298,Move,0.5865885416666666,0.5231481481481481
114751.90000000224,Move,0.5787760416666666,0.5185185185185185
114765.70000000298,Move,0.5774739583333334,0.5162037037037037
114780.20000000298,Move,0.572265625,0.5138888888888888
114800.10000000149,Move,0.560546875,0.5092592592592593
114814.70000000298,Move,0.5501302083333334,0.5046296296296297
114834.70000000298,Move,0.5319010416666666,0.4930555555555556
114849.80000000075,Move,0.5201822916666666,0.4861111111111111
114864.70000000298,Move,0.5084635416666666,0.4791666666666667
114883,Move,0.490234375,0.4699074074074074
114898.30000000075,Move,0.478515625,0.4652777777777778
114913.20000000298,Move,0.4654947916666667,0.4583333333333333
114934.60000000149,Move,0.431640625,0.44907407407407407
114948.30000000075,Move,0.3977864583333333,0.4444444444444444
114968.20000000298,Move,0.3092447916666667,0.4375
114983.70000000298,Move,0.263671875,0.43287037037037035
114995.5,Move,0.22591145833333334,0.42592592592592593
115017.5,Move,0.20638020833333334,0.4236111111111111
115285.20000000298,Move,0.20377604166666666,0.45601851851851855
115301.30000000075,Move,0.20638020833333334,0.46064814814814814
115314.10000000149,Move,0.21158854166666666,0.4722222222222222
115329,Move,0.21419270833333334,0.48148148148148145
115367.80000000075,Move,0.21419270833333334,0.4837962962962963
115417.30000000075,Move,0.21419270833333334,0.4837962962962963
115517,Move,0.21419270833333334,0.4837962962962963
115532.5,Move,0.216796875,0.48148148148148145
115551.60000000149,Move,0.22591145833333334,0.47685185185185186
115566.30000000075,Move,0.232421875,0.4722222222222222
115582.30000000075,Move,0.240234375,0.4699074074074074
115600.20000000298,Move,0.2727864583333333,0.45601851851851855
115615.70000000298,Move,0.3001302083333333,0.44907407407407407
115630.5,Move,0.3391927083333333,0.4375
115650.80000000075,Move,0.4498697916666667,0.3726851851851852
115664.80000000075,Move,0.5227864583333334,0.3125
115685.10000000149,Move,0.5709635416666666,0.27314814814814814
115699.60000000149,Move,0.576171875,0.26851851851851855
115717,Move,0.580078125,0.2638888888888889
115734.20000000298,Move,0.5865885416666666,0.25925925925925924
115749.60000000149,Move,0.5930989583333334,0.2569444444444444
115762.5,Move,0.607421875,0.24768518518518517
115776.5,Move,0.6139322916666666,0.24305555555555555
115846.5,Move,0.615234375,0.24305555555555555
115867.30000000075,Move,0.6204427083333334,0.24305555555555555
115882.20000000298,Move,0.6243489583333334,0.24305555555555555
115897.20000000298,Move,0.6282552083333334,0.24305555555555555
115916.5,Move,0.6321614583333334,0.24074074074074073
115931.5,Move,0.6360677083333334,0.23842592592592593
115944.40000000224,Move,0.638671875,0.2361111111111111
115965.30000000075,Move,0.6451822916666666,0.23148148148148148
115982.10000000149,Move,0.6477864583333334,0.23148148148148148
115987.20000000298,Move,0.6490885416666666,0.23148148148148148
116076.80000000075,Move,0.6490885416666666,0.23148148148148148
116123.80000000075,Move,0.6477864583333334,0.2337962962962963
116218.80000000075,Move,0.6477864583333334,0.2337962962962963
116312.60000000149,Move,0.6451822916666666,0.2337962962962963
116328.60000000149,Move,0.638671875,0.2337962962962963
116344.30000000075,Move,0.6178385416666666,0.22685185185185186
116360.90000000224,Move,0.5944010416666666,0.2175925925925926
116384,Move,0.5540364583333334,0.18981481481481483
116400.80000000075,Move,0.5345052083333334,0.1736111111111111
116416.10000000149,Move,0.5045572916666666,0.1574074074074074
116432.60000000149,Move,0.478515625,0.14814814814814814
116447.10000000149,Move,0.455078125,0.14583333333333334
116466,Move,0.4186197916666667,0.14814814814814814
116481.10000000149,Move,0.3756510416666667,0.1597222222222222
116496.5,Move,0.3313802083333333,0.17592592592592593
116511.90000000224,Move,0.2962239583333333,0.1875
116535.10000000149,Move,0.2584635416666667,0.19675925925925927
116544.20000000298,Move,0.24934895833333334,0.19675925925925927
116567.90000000224,Move,0.236328125,0.19675925925925927
116584.40000000224,Move,0.23372395833333334,0.19675925925925927
116600.80000000075,Move,0.22981770833333334,0.19675925925925927
116617.10000000149,Move,0.22591145833333334,0.19675925925925927
116624.40000000224,Move,0.224609375,0.19675925925925927
116650.20000000298,Move,0.22330729166666666,0.19675925925925927
116656.30000000075,Move,0.220703125,0.19675925925925927
116786.5,Move,0.220703125,0.19675925925925927
116816.5,Move,0.22200520833333334,0.19675925925925927
116823.20000000298,Move,0.22330729166666666,0.19675925925925927
116836,Move,0.224609375,0.19675925925925927
116856.60000000149,Move,0.224609375,0.19444444444444445
116871.10000000149,Move,0.22591145833333334,0.19444444444444445
116899.60000000149,Move,0.22721354166666666,0.19212962962962962
116913.30000000075,Move,0.22981770833333334,0.1875
116927.80000000075,Move,0.232421875,0.18518518518518517
116949.10000000149,Move,0.23502604166666666,0.18518518518518517
116963.20000000298,Move,0.23893229166666666,0.18981481481481483
116983.30000000075,Move,0.2545572916666667,0.21296296296296297
116996.90000000224,Move,0.267578125,0.23148148148148148
117019.10000000149,Move,0.2897135416666667,0.26851851851851855
117033.5,Move,0.302734375,0.28935185185185186
117046.5,Move,0.3157552083333333,0.3101851851851852
117068.40000000224,Move,0.3430989583333333,0.34953703703703703
117082,Move,0.353515625,0.36342592592592593
117096,Move,0.3678385416666667,0.37962962962962965
117116.90000000224,Move,0.4069010416666667,0.4212962962962963
117131,Move,0.431640625,0.44675925925925924
117152.30000000075,Move,0.4680989583333333,0.4837962962962963
117165.5,Move,0.482421875,0.4976851851851852
117180.20000000298,Move,0.498046875,0.5138888888888888
117201.40000000224,Move,0.5110677083333334,0.5300925925925926
117215.30000000075,Move,0.5149739583333334,0.5347222222222222
117228.60000000149,Move,0.5162760416666666,0.5347222222222222
117250.40000000224,Move,0.5188802083333334,0.5393518518518519
117265.10000000149,Move,0.521484375,0.5416666666666666
117285.30000000075,Move,0.5227864583333334,0.5416666666666666
117299.30000000075,Move,0.5240885416666666,0.5439814814814815
117306.20000000298,Move,0.525390625,0.5462962962962963
117381.90000000224,Move,0.525390625,0.5439814814814815
117418.30000000075,Move,0.5266927083333334,0.5416666666666666
117433.10000000149,Move,0.5266927083333334,0.5393518518518519
117445.60000000149,Move,0.5266927083333334,0.5370370370370371
117466,Move,0.5279947916666666,0.5231481481481481
117483,Move,0.5279947916666666,0.5162037037037037
117495.20000000298,Move,0.5279947916666666,0.5138888888888888
117531.10000000149,Move,0.5279947916666666,0.5138888888888888
117550.90000000224,Move,0.525390625,0.5115740740740741
117565.70000000298,Move,0.5201822916666666,0.5046296296296297
117579.80000000075,Move,0.498046875,0.4722222222222222
117600.90000000224,Move,0.4694010416666667,0.4097222222222222
117614.90000000224,Move,0.4537760416666667,0.375
117634.10000000149,Move,0.4212239583333333,0.3194444444444444
117649,Move,0.400390625,0.2986111111111111
117663.10000000149,Move,0.3639322916666667,0.27546296296296297
117685.40000000224,Move,0.306640625,0.25462962962962965
117698.60000000149,Move,0.2819010416666667,0.24305555555555555
117712.40000000224,Move,0.2610677083333333,0.22916666666666666
117733.10000000149,Move,0.2506510416666667,0.2222222222222222
117746.30000000075,Move,0.24934895833333334,0.2199074074074074
117768.20000000298,Move,0.244140625,0.2152777777777778
117782.5,Move,0.24283854166666666,0.2152777777777778
117796.70000000298,Move,0.24153645833333334,0.21296296296296297
117834.80000000075,Move,0.240234375,0.21296296296296297
117848.70000000298,Move,0.240234375,0.2152777777777778
117864,Move,0.240234375,0.2152777777777778
117884.70000000298,Move,0.240234375,0.2175925925925926
117897.80000000075,Move,0.23893229166666666,0.2175925925925926
117912.30000000075,Move,0.23763020833333334,0.2222222222222222
117933.30000000075,Move,0.236328125,0.22453703703703703
117947.40000000224,Move,0.23502604166666666,0.23148148148148148
117968.20000000298,Move,0.23111979166666666,0.24305555555555555
117982.60000000149,Move,0.23111979166666666,0.24537037037037038
117997.40000000224,Move,0.23372395833333334,0.24768518518518517
118018.40000000224,Move,0.244140625,0.26157407407407407
118032.40000000224,Move,0.2532552083333333,0.27314814814814814
118047.40000000224,Move,0.2610677083333333,0.2847222222222222
118067.10000000149,Move,0.275390625,0.30324074074074076
118081,Move,0.2819010416666667,0.3125
118102,Move,0.294921875,0.3263888888888889
118116,Move,0.3040364583333333,0.33564814814814814
118131,Move,0.314453125,0.3449074074074074
118150.80000000075,Move,0.3235677083333333,0.3541666666666667
118166,Move,0.3287760416666667,0.3587962962962963
118185.80000000075,Move,0.3313802083333333,0.36342592592592593
118200.30000000075,Move,0.3326822916666667,0.36342592592592593
118213.40000000224,Move,0.333984375,0.36574074074074076
118234.70000000298,Move,0.3352864583333333,0.36574074074074076
118241.5,Move,0.3352864583333333,0.3680555555555556
118293.90000000224,Move,0.3352864583333333,0.37037037037037035
118310.5,Move,0.3352864583333333,0.3680555555555556
118326.5,Move,0.3352864583333333,0.37037037037037035
118342.20000000298,Move,0.3365885416666667,0.37037037037037035
118358,Move,0.3365885416666667,0.3726851851851852
118374.40000000224,Move,0.3365885416666667,0.3726851851851852
118390.40000000224,Move,0.3365885416666667,0.375
118406.20000000298,Move,0.3365885416666667,0.375
118422.10000000149,Move,0.3365885416666667,0.3773148148148148
118437.70000000298,Move,0.3365885416666667,0.3773148148148148
118453.60000000149,Move,0.3365885416666667,0.37962962962962965
118469.60000000149,Move,0.337890625,0.37962962962962965
118486.20000000298,Move,0.337890625,0.3819444444444444
118518.30000000075,Move,0.337890625,0.38425925925925924
118534.20000000298,Move,0.337890625,0.38657407407407407
118565.70000000298,Move,0.341796875,0.3819444444444444
118580.40000000224,Move,0.3483072916666667,0.3773148148148148
118601.40000000224,Move,0.3548177083333333,0.3680555555555556
118615.60000000149,Move,0.3600260416666667,0.36342592592592593
118629.70000000298,Move,0.3639322916666667,0.35648148148148145
118650.40000000224,Move,0.3704427083333333,0.34953703703703703
118665.5,Move,0.3756510416666667,0.3425925925925926
118680.30000000075,Move,0.380859375,0.33564814814814814
118700.40000000224,Move,0.388671875,0.32407407407407407
118714,Move,0.3938802083333333,0.3194444444444444
118735,Move,0.4016927083333333,0.3101851851851852
118749,Move,0.408203125,0.3055555555555556
118763.90000000224,Move,0.4134114583333333,0.2986111111111111
118783.90000000224,Move,0.4212239583333333,0.29398148148148145
118798.40000000224,Move,0.4290364583333333,0.28703703703703703
118819.20000000298,Move,0.4420572916666667,0.2777777777777778
118833,Move,0.4498697916666667,0.27314814814814814
118847,Move,0.458984375,0.2662037037037037
118868,Move,0.4720052083333333,0.25925925925925924
118881.70000000298,Move,0.482421875,0.2523148148148148
118896.90000000224,Move,0.4954427083333333,0.24537037037037038
118917,Move,0.509765625,0.2361111111111111
118931.90000000224,Move,0.513671875,0.2337962962962963
118951.60000000149,Move,0.525390625,0.22685185185185186
118965.5,Move,0.5279947916666666,0.22453703703703703
118979.5,Move,0.537109375,0.2175925925925926
119068,Move,0.5358072916666666,0.2175925925925926
119081.30000000075,Move,0.5358072916666666,0.2175925925925926
119094.30000000075,Move,0.5345052083333334,0.2175925925925926
119107.10000000149,Move,0.533203125,0.2175925925925926
119133.10000000149,Move,0.5319010416666666,0.2175925925925926
119146.5,Move,0.5305989583333334,0.2175925925925926
119159.60000000149,Move,0.529296875,0.2175925925925926
119185,Move,0.5266927083333334,0.2175925925925926
119198.5,Move,0.5266927083333334,0.2175925925925926
119283.70000000298,Move,0.525390625,0.2175925925925926
119298.90000000224,Move,0.5227864583333334,0.2222222222222222
119318.80000000075,Move,0.517578125,0.22916666666666666
119332.60000000149,Move,0.513671875,0.2337962962962963
119346.30000000075,Move,0.5110677083333334,0.23842592592592593
119367.60000000149,Move,0.4967447916666667,0.2523148148148148
119381.5,Move,0.478515625,0.26851851851851855
119397.5,Move,0.4602864583333333,0.2824074074074074
119417.20000000298,Move,0.419921875,0.3125
119431.5,Move,0.3782552083333333,0.36342592592592593
119451.70000000298,Move,0.314453125,0.4837962962962963
119467.70000000298,Move,0.287109375,0.5393518518518519
119480.30000000075,Move,0.2740885416666667,0.5625
119501.10000000149,Move,0.2701822916666667,0.5694444444444444
119516.30000000075,Move,0.267578125,0.5740740740740741
119530.20000000298,Move,0.2649739583333333,0.5787037037037037
119549.5,Move,0.2623697916666667,0.5833333333333334
119565.20000000298,Move,0.255859375,0.5949074074074074
119584.70000000298,Move,0.24674479166666666,0.6064814814814815
119591.60000000149,Move,0.24544270833333334,0.6087962962962963
119657.10000000149,Move,0.244140625,0.6111111111111112
119685.40000000224,Move,0.24153645833333334,0.6134259259259259
119694.70000000298,Move,0.240234375,0.6134259259259259
119712.90000000224,Move,0.23763020833333334,0.6134259259259259
119732.80000000075,Move,0.236328125,0.6134259259259259
119749.20000000298,Move,0.23372395833333334,0.6134259259259259
119765.30000000075,Move,0.232421875,0.6134259259259259
119775.20000000298,Move,0.23111979166666666,0.6134259259259259
119792.70000000298,Move,0.22981770833333334,0.6134259259259259
119884.60000000149,Move,0.23111979166666666,0.6111111111111112
119907.30000000075,Move,0.23111979166666666,0.6111111111111112
119934.60000000149,Move,0.232421875,0.6064814814814815
119948.20000000298,Move,0.23372395833333334,0.6018518518518519
119967.5,Move,0.236328125,0.5949074074074074
119982.80000000075,Move,0.23893229166666666,0.5879629629629629
119997.40000000224,Move,0.24153645833333334,0.5833333333333334
120018.70000000298,Move,0.24674479166666666,0.5740740740740741
120031.5,Move,0.2506510416666667,0.5671296296296297
120047.20000000298,Move,0.2532552083333333,0.5601851851851852
120066.5,Move,0.2584635416666667,0.5532407407407407
120081.20000000298,Move,0.2610677083333333,0.5462962962962963
120096.40000000224,Move,0.2649739583333333,0.5416666666666666
120115.40000000224,Move,0.2701822916666667,0.5324074074074074
120129.90000000224,Move,0.271484375,0.5277777777777778
120150.5,Move,0.2740885416666667,0.5092592592592593
120166.40000000224,Move,0.275390625,0.49537037037037035
120180.70000000298,Move,0.2779947916666667,0.48148148148148145
120199.10000000149,Move,0.2845052083333333,0.4444444444444444
120214.70000000298,Move,0.2923177083333333,0.41203703703703703
120229.10000000149,Move,0.2962239583333333,0.39814814814814814
120289.90000000224,Move,0.2975260416666667,0.3958333333333333
120331.60000000149,Move,0.2975260416666667,0.3958333333333333
120347.20000000298,Move,0.298828125,0.3958333333333333
120362.80000000075,Move,0.3001302083333333,0.39351851851851855
120379.10000000149,Move,0.302734375,0.3888888888888889
120401.70000000298,Move,0.3079427083333333,0.3819444444444444
120411.10000000149,Move,0.3079427083333333,0.3819444444444444
120419.10000000149,Move,0.3079427083333333,0.37962962962962965
120441.90000000224,Move,0.3092447916666667,0.37962962962962965
120468,Move,0.3092447916666667,0.37962962962962965
120474.70000000298,Move,0.3092447916666667,0.37962962962962965
120499.5,Move,0.3118489583333333,0.3773148148148148
120516.70000000298,Move,0.3170572916666667,0.3773148148148148
120531.20000000298,Move,0.3248697916666667,0.3773148148148148
120548.20000000298,Move,0.353515625,0.37962962962962965
120564.30000000075,Move,0.373046875,0.38425925925925924
120579.5,Move,0.4029947916666667,0.3912037037037037
120595.80000000075,Move,0.4342447916666667,0.4027777777777778
120611.90000000224,Move,0.4563802083333333,0.4097222222222222
120635.10000000149,Move,0.501953125,0.41898148148148145
120651.30000000075,Move,0.529296875,0.4236111111111111
120667.70000000298,Move,0.5475260416666666,0.4212962962962963
120683.40000000224,Move,0.5670572916666666,0.41898148148148145
120701.60000000149,Move,0.599609375,0.4097222222222222
120716.70000000298,Move,0.6282552083333334,0.3958333333333333
120732.20000000298,Move,0.6569010416666666,0.3819444444444444
120748.60000000149,Move,0.6829427083333334,0.3680555555555556
120764.70000000298,Move,0.7024739583333334,0.3587962962962963
120780.40000000224,Move,0.720703125,0.34953703703703703
120795.90000000224,Move,0.7376302083333334,0.3449074074074074
120812.5,Move,0.7467447916666666,0.3425925925925926
120827.10000000149,Move,0.7532552083333334,0.3425925925925926
120852.40000000224,Move,0.755859375,0.3402777777777778
120868,Move,0.7584635416666666,0.3402777777777778
120883.90000000224,Move,0.7623697916666666,0.3402777777777778
120898.70000000298,Move,0.7649739583333334,0.3402777777777778
120915.20000000298,Move,0.7662760416666666,0.3402777777777778
120931.80000000075,Move,0.7662760416666666,0.3402777777777778
120948.20000000298,Move,0.7701822916666666,0.3402777777777778
121070.40000000224,Move,0.7688802083333334,0.33796296296296297
121095,Move,0.767578125,0.33564814814814814
121110.5,Move,0.7662760416666666,0.33564814814814814
121135.5,Move,0.7623697916666666,0.3287037037037037
121151.40000000224,Move,0.755859375,0.3194444444444444
121166.30000000075,Move,0.751953125,0.31712962962962965
121174.30000000075,Move,0.751953125,0.31712962962962965
121214.60000000149,Move,0.751953125,0.31712962962962965
121231.70000000298,Move,0.7493489583333334,0.3148148148148148
121252.10000000149,Move,0.748046875,0.3148148148148148
121267.80000000075,Move,0.7467447916666666,0.3148148148148148
121279.90000000224,Move,0.7428385416666666,0.3148148148148148
121295.40000000224,Move,0.7376302083333334,0.3148148148148148
121315.5,Move,0.728515625,0.3125
121330,Move,0.7220052083333334,0.3101851851851852
121351.30000000075,Move,0.7102864583333334,0.3101851851851852
121365.5,Move,0.701171875,0.30787037037037035
121385.5,Move,0.6881510416666666,0.3055555555555556
121402.10000000149,Move,0.6803385416666666,0.3055555555555556
121413.60000000149,Move,0.6725260416666666,0.30324074074074076
121435,Move,0.6595052083333334,0.30324074074074076
121448.40000000224,Move,0.6516927083333334,0.30092592592592593
121463.5,Move,0.6438802083333334,0.30092592592592593
121484.10000000149,Move,0.630859375,0.2986111111111111
121499,Move,0.6217447916666666,0.2962962962962963
121519,Move,0.6100260416666666,0.29398148148148145
121533.40000000224,Move,0.5944010416666666,0.2916666666666667
121546.60000000149,Move,0.5735677083333334,0.28703703703703703
121567.80000000075,Move,0.541015625,0.2800925925925926
121583.60000000149,Move,0.5188802083333334,0.27546296296296297
121595,Move,0.4759114583333333,0.26851851851851855
121617.5,Move,0.4069010416666667,0.25462962962962965
121631.60000000149,Move,0.388671875,0.2523148148148148
121723.5,Move,0.3873697916666667,0.2523148148148148
121749.60000000149,Move,0.3860677083333333,0.25462962962962965
121762.5,Move,0.384765625,0.25462962962962965
121776.40000000224,Move,0.3834635416666667,0.2569444444444444
121802.40000000224,Move,0.3821614583333333,0.2569444444444444
121815.30000000075,Move,0.380859375,0.25925925925925924
121827.60000000149,Move,0.380859375,0.25925925925925924
121839.60000000149,Move,0.3795572916666667,0.25925925925925924
121868,Move,0.3782552083333333,0.26157407407407407
121906.90000000224,Move,0.3782552083333333,0.26157407407407407
121967.40000000224,Move,0.3834635416666667,0.2708333333333333
121980.90000000224,Move,0.3860677083333333,0.27546296296296297
121995.80000000075,Move,0.3899739583333333,0.2847222222222222
122016.80000000075,Move,0.3951822916666667,0.30092592592592593
122031.10000000149,Move,0.3990885416666667,0.30787037037037035
122051.30000000075,Move,0.404296875,0.32175925925925924
122064.90000000224,Move,0.408203125,0.3263888888888889
122080.60000000149,Move,0.4134114583333333,0.33101851851851855
122101,Move,0.4225260416666667,0.33796296296296297
122116.20000000298,Move,0.427734375,0.3402777777777778
122129.80000000075,Move,0.4342447916666667,0.3449074074074074
122149.60000000149,Move,0.4407552083333333,0.3541666666666667
122162.40000000224,Move,0.4459635416666667,0.3587962962962963
122178.20000000298,Move,0.4498697916666667,0.36574074074074076
122268.20000000298,Move,0.4498697916666667,0.36342592592592593
122326.10000000149,Move,0.451171875,0.36342592592592593
122345.20000000298,Move,0.451171875,0.36342592592592593
122383.40000000224,Move,0.4524739583333333,0.3611111111111111
122401.5,Move,0.4524739583333333,0.3611111111111111
122440.40000000224,Move,0.4524739583333333,0.3587962962962963
122458.20000000298,Move,0.4537760416666667,0.35648148148148145
122478.90000000224,Move,0.455078125,0.35648148148148145
122498,Move,0.4537760416666667,0.35648148148148145
122513.90000000224,Move,0.451171875,0.35648148148148145
122534.10000000149,Move,0.4459635416666667,0.3611111111111111
122548.60000000149,Move,0.4381510416666667,0.3680555555555556
122567.70000000298,Move,0.4290364583333333,0.37962962962962965
122581.90000000224,Move,0.4225260416666667,0.3888888888888889
122602.30000000075,Move,0.4147135416666667,0.40046296296296297
122616,Move,0.4055989583333333,0.4097222222222222
122631.10000000149,Move,0.3990885416666667,0.4166666666666667
122651.80000000075,Move,0.3899739583333333,0.4212962962962963
122666.90000000224,Move,0.3821614583333333,0.42592592592592593
122679.80000000075,Move,0.3717447916666667,0.42824074074074076
122701.20000000298,Move,0.3561197916666667,0.42824074074074076
122715.90000000224,Move,0.3470052083333333,0.4305555555555556
122730.60000000149,Move,0.3391927083333333,0.4305555555555556
122752.30000000075,Move,0.330078125,0.43287037037037035
122765.90000000224,Move,0.326171875,0.43287037037037035
122780,Move,0.3235677083333333,0.4351851851851852
122800.40000000224,Move,0.3209635416666667,0.43287037037037035
122835.10000000149,Move,0.318359375,0.4351851851851852
122849.20000000298,Move,0.318359375,0.4375
122989.90000000224,Move,0.318359375,0.4351851851851852
123005.10000000149,Move,0.318359375,0.4351851851851852
123034.5,Move,0.3196614583333333,0.4305555555555556
123046.20000000298,Move,0.3196614583333333,0.42824074074074076
123062.10000000149,Move,0.3209635416666667,0.42592592592592593
123075.80000000075,Move,0.3209635416666667,0.42592592592592593
123088.30000000075,Move,0.322265625,0.4236111111111111
123116.5,Move,0.322265625,0.4212962962962963
123131.90000000224,Move,0.3235677083333333,0.41898148148148145
123145.40000000224,Move,0.3235677083333333,0.41898148148148145
123243.70000000298,Move,0.3235677083333333,0.41898148148148145
123265.20000000298,Move,0.3248697916666667,0.4166666666666667
123285.80000000075,Move,0.3287760416666667,0.41898148148148145
123300.60000000149,Move,0.330078125,0.41898148148148145
123313.90000000224,Move,0.3326822916666667,0.41898148148148145
123334.90000000224,Move,0.3352864583333333,0.4212962962962963
123348.80000000075,Move,0.337890625,0.4212962962962963
123362.90000000224,Move,0.3444010416666667,0.42592592592592593
123382.90000000224,Move,0.3561197916666667,0.4351851851851852
123397.90000000224,Move,0.3639322916666667,0.4398148148148148
123418,Move,0.3782552083333333,0.4513888888888889
123432.80000000075,Move,0.396484375,0.46296296296296297
123446,Move,0.419921875,0.47453703703703703
123466.80000000075,Move,0.458984375,0.4837962962962963
123482,Move,0.478515625,0.48842592592592593
123501.90000000224,Move,0.4954427083333333,0.4930555555555556
123517,Move,0.4967447916666667,0.4930555555555556
123531.80000000075,Move,0.498046875,0.4930555555555556
123551.5,Move,0.5006510416666666,0.49537037037037035
123565.60000000149,Move,0.501953125,0.49537037037037035
123580.60000000149,Move,0.5032552083333334,0.4976851851851852
123600.5,Move,0.5045572916666666,0.4976851851851852
123615.30000000075,Move,0.5084635416666666,0.5
123630.30000000075,Move,0.5123697916666666,0.5023148148148148
123649.90000000224,Move,0.5149739583333334,0.5046296296296297
123741.70000000298,Move,0.5149739583333334,0.5046296296296297
123780,Move,0.513671875,0.5046296296296297
123798.90000000224,Move,0.5123697916666666,0.5046296296296297
123805.20000000298,Move,0.5123697916666666,0.5046296296296297
123832.80000000075,Move,0.5110677083333334,0.5046296296296297
123850,Move,0.5110677083333334,0.5069444444444444
123867.40000000224,Move,0.509765625,0.5069444444444444
123877.40000000224,Move,0.5084635416666666,0.5069444444444444
123896.20000000298,Move,0.5071614583333334,0.5069444444444444
123913.10000000149,Move,0.5032552083333334,0.5092592592592593
123924.70000000298,Move,0.501953125,0.5092592592592593
124154.80000000075,Released,0.501953125,0.5092592592592593
124210.10000000149,Released,0.4869791666666667,0.6331018518518519