resolution:1536,864
641991,Pressed,0.3782552083333333,0.3425925925925926
642469,Move,0.3795572916666667,0.3414351851851852
642477,Move,0.380859375,0.3414351851851852
642500,Move,0.38671875,0.3402777777777778
642516,Move,0.3912760416666667,0.3402777777777778
642533,Move,0.3938802083333333,0.3402777777777778
642550,Move,0.3958333333333333,0.3414351851851852
642573,Move,0.4049479166666667,0.3414351851851852
642587,Move,0.4147135416666667,0.3425925925925926
642606,Move,0.4231770833333333,0.3449074074074074
642611,Move,0.4427083333333333,0.3472222222222222
642636,Move,0.48046875,0.35532407407407407
642651,Move,0.48828125,0.3576388888888889
642668,Move,0.490234375,0.3576388888888889
642684,Move,0.4928385416666667,0.3576388888888889
642699,Move,0.494140625,0.3587962962962963
642716,Move,0.49609375,0.3587962962962963
642731,Move,0.498046875,0.3587962962962963
642741,Move,0.4993489583333333,0.3587962962962963
642766,Move,0.5032552083333334,0.3587962962962963
642780,Move,0.50390625,0.3587962962962963
642806,Move,0.505859375,0.3587962962962963
642812,Move,0.5065104166666666,0.3587962962962963
642836,Move,0.509765625,0.3599537037037037
642851,Move,0.5110677083333334,0.3599537037037037
642867,Move,0.5130208333333334,0.3599537037037037
642884,Move,0.5149739583333334,0.3587962962962963
642902,Move,0.517578125,0.3587962962962963
642917,Move,0.5208333333333334,0.3587962962962963
642930,Move,0.5260416666666666,0.3587962962962963
642946,Move,0.5305989583333334,0.3587962962962963
642972,Move,0.5436197916666666,0.3576388888888889
642980,Move,0.5481770833333334,0.35648148148148145
643002,Move,0.5657552083333334,0.34953703703703703
643019,Move,0.576171875,0.3425925925925926
643036,Move,0.5872395833333334,0.33217592592592593
643052,Move,0.599609375,0.32175925925925924
643069,Move,0.61328125,0.3090277777777778
643084,Move,0.6223958333333334,0.30324074074074076
643100,Move,0.6328125,0.2986111111111111
643124,Move,0.6373697916666666,0.2951388888888889
643135,Move,0.6380208333333334,0.2951388888888889
643148,Move,0.638671875,0.2951388888888889
643172,Move,0.6393229166666666,0.2951388888888889
643188,Move,0.6399739583333334,0.2951388888888889
643204,Move,0.6419270833333334,0.29398148148148145
643220,Move,0.6432291666666666,0.29398148148148145
643235,Move,0.646484375,0.29282407407407407
643252,Move,0.6497395833333334,0.29282407407407407
643312,Move,0.650390625,0.29050925925925924
643323,Move,0.6510416666666666,0.29050925925925924
643334,Move,0.6510416666666666,0.28935185185185186
643355,Move,0.6510416666666666,0.28935185185185186
643367,Move,0.6516927083333334,0.2881944444444444
643378,Move,0.6516927083333334,0.28703703703703703
643402,Move,0.6516927083333334,0.2847222222222222
643410,Move,0.65234375,0.2835648148148148
643433,Move,0.65234375,0.28125
643454,Move,0.65234375,0.2800925925925926
643469,Move,0.65234375,0.2800925925925926
643477,Move,0.6529947916666666,0.2789351851851852
643500,Move,0.6529947916666666,0.27546296296296297
643521,Move,0.6536458333333334,0.27546296296296297
643534,Move,0.6536458333333334,0.2743055555555556
643547,Move,0.6536458333333334,0.2743055555555556
643567,Move,0.654296875,0.27199074074074076
643587,Move,0.6549479166666666,0.2708333333333333
643608,Move,0.6549479166666666,0.26967592592592593
643622,Move,0.6555989583333334,0.26851851851851855
643631,Move,0.6555989583333334,0.26851851851851855
643653,Move,0.6569010416666666,0.2662037037037037
643666,Move,0.6575520833333334,0.2662037037037037
643686,Move,0.658203125,0.2650462962962963
643696,Move,0.6588541666666666,0.2638888888888889
643718,Move,0.6595052083333334,0.26157407407407407
643730,Move,0.66015625,0.26157407407407407
643751,Move,0.66015625,0.25925925925925924
643763,Move,0.66015625,0.25810185185185186
643783,Move,0.6608072916666666,0.2569444444444444
643796,Move,0.6608072916666666,0.2569444444444444
643817,Move,0.66015625,0.25578703703703703
643825,Move,0.6595052083333334,0.25578703703703703
643853,Move,0.6575520833333334,0.25462962962962965
643873,Move,0.6510416666666666,0.2511574074074074
643887,Move,0.64453125,0.2465277777777778
643903,Move,0.6393229166666666,0.24305555555555555
643916,Move,0.6360677083333334,0.23842592592592593
643936,Move,0.626953125,0.22916666666666666
643950,Move,0.62109375,0.22337962962962962
643970,Move,0.6139322916666666,0.2152777777777778
643984,Move,0.6100260416666666,0.21064814814814814
644002,Move,0.60546875,0.2048611111111111
644020,Move,0.5950520833333334,0.19560185185185186
644034,Move,0.587890625,0.1909722222222222
644048,Move,0.583984375,0.1875
644069,Move,0.5768229166666666,0.1840277777777778
644076,Move,0.57421875,0.18287037037037038
644106,Move,0.5618489583333334,0.18055555555555555
644119,Move,0.552734375,0.17939814814814814
644132,Move,0.5436197916666666,0.17939814814814814
644162,Move,0.5260416666666666,0.18055555555555555
644189,Move,0.5091145833333334,0.18287037037037038
644204,Move,0.5013020833333334,0.18287037037037038
644232,Move,0.4908854166666667,0.18287037037037038
644252,Move,0.4830729166666667,0.18171296296296297
644268,Move,0.478515625,0.18171296296296297
644287,Move,0.4752604166666667,0.18055555555555555
644301,Move,0.4733072916666667,0.17939814814814814
644316,Move,0.4720052083333333,0.17939814814814814
644336,Move,0.4713541666666667,0.17824074074074073
644350,Move,0.470703125,0.17824074074074073
644372,Move,0.4700520833333333,0.17824074074074073
644385,Move,0.46875,0.17824074074074073
644399,Move,0.4674479166666667,0.17824074074074073
644420,Move,0.4661458333333333,0.17708333333333334
644433,Move,0.4661458333333333,0.17708333333333334
644454,Move,0.46484375,0.17824074074074073
644471,Move,0.46484375,0.17708333333333334
644476,Move,0.46484375,0.17824074074074073
644506,Move,0.4641927083333333,0.17708333333333334
644518,Move,0.4641927083333333,0.17708333333333334
644623,Move,0.46484375,0.17592592592592593
644634,Move,0.46484375,0.17592592592592593
644656,Move,0.46484375,0.17476851851851852
644667,Move,0.46484375,0.17476851851851852
644689,Move,0.46484375,0.17476851851851852
644699,Move,0.46484375,0.17476851851851852
644723,Move,0.46484375,0.1736111111111111
644733,Move,0.46484375,0.1736111111111111
644745,Move,0.4654947916666667,0.1736111111111111
644765,Move,0.4654947916666667,0.1724537037037037
644788,Move,0.4654947916666667,0.1701388888888889
644799,Move,0.4654947916666667,0.16898148148148148
644820,Move,0.466796875,0.16666666666666666
644834,Move,0.4674479166666667,0.16550925925925927
644855,Move,0.4694010416666667,0.1597222222222222
644864,Move,0.4700520833333333,0.15856481481481483
644886,Move,0.4700520833333333,0.1574074074074074
644904,Move,0.4700520833333333,0.15856481481481483
644918,Move,0.4700520833333333,0.15856481481481483
644938,Move,0.4694010416666667,0.1597222222222222
644955,Move,0.4674479166666667,0.1597222222222222
644967,Move,0.46484375,0.16319444444444445
644988,Move,0.462890625,0.16666666666666666
645002,Move,0.4622395833333333,0.16666666666666666
645015,Move,0.4609375,0.16782407407407407
645036,Move,0.4576822916666667,0.1736111111111111
645049,Move,0.4563802083333333,0.17592592592592593
645071,Move,0.4544270833333333,0.17939814814814814
645086,Move,0.451171875,0.1863425925925926
645099,Move,0.4466145833333333,0.19560185185185186
645116,Move,0.44140625,0.20601851851851852
645136,Move,0.4309895833333333,0.22916666666666666
645149,Move,0.421875,0.2488425925925926
645170,Move,0.4134114583333333,0.2662037037037037
645184,Move,0.4055989583333333,0.2847222222222222
645199,Move,0.3938802083333333,0.3125
645209,Move,0.38671875,0.3263888888888889
645228,Move,0.365234375,0.3715277777777778
645254,Move,0.3313802083333333,0.42824074074074076
645268,Move,0.3157552083333333,0.44907407407407407
645282,Move,0.302734375,0.4652777777777778
645302,Move,0.287109375,0.4837962962962963
645318,Move,0.2779947916666667,0.49421296296296297
645338,Move,0.2708333333333333,0.5046296296296297
645352,Move,0.26953125,0.5069444444444444
645373,Move,0.2682291666666667,0.5092592592592593
645381,Move,0.267578125,0.5092592592592593
645400,Move,0.2669270833333333,0.5115740740740741
645422,Move,0.2662760416666667,0.5138888888888888
645437,Move,0.2649739583333333,0.5150462962962963
645451,Move,0.263671875,0.5162037037037037
645464,Move,0.2630208333333333,0.5162037037037037
645487,Move,0.2623697916666667,0.5185185185185185
645499,Move,0.2623697916666667,0.5196759259259259
645520,Move,0.2584635416666667,0.5266203703703703
645535,Move,0.2552083333333333,0.5335648148148148
645548,Move,0.2532552083333333,0.5381944444444444
645570,Move,0.2513020833333333,0.5428240740740741
645583,Move,0.25,0.5451388888888888
645650,Move,0.2506510416666667,0.5462962962962963
645658,Move,0.2513020833333333,0.5474537037037037
645666,Move,0.2513020833333333,0.5486111111111112
645676,Move,0.251953125,0.5486111111111112
645697,Move,0.2526041666666667,0.5497685185185185
645721,Move,0.2545572916666667,0.5509259259259259
645738,Move,0.255859375,0.5532407407407407
645754,Move,0.2565104166666667,0.5543981481481481
645770,Move,0.2571614583333333,0.5555555555555556
645784,Move,0.2584635416666667,0.5578703703703703
645802,Move,0.2591145833333333,0.5578703703703703
645817,Move,0.259765625,0.5590277777777778
645825,Move,0.2604166666666667,0.5590277777777778
645852,Move,0.26171875,0.5613425925925926
645865,Move,0.26171875,0.5625
645882,Move,0.2623697916666667,0.5625
645899,Move,0.263671875,0.5659722222222222
645922,Move,0.2643229166666667,0.5671296296296297
645938,Move,0.2643229166666667,0.5671296296296297
645954,Move,0.2649739583333333,0.5694444444444444
645970,Move,0.2662760416666667,0.5706018518518519
645978,Move,0.2662760416666667,0.5717592592592593
645996,Move,0.2669270833333333,0.5729166666666666
646020,Move,0.2682291666666667,0.5717592592592593
646033,Move,0.2688802083333333,0.5717592592592593
646055,Move,0.2701822916666667,0.5717592592592593
646069,Move,0.2740885416666667,0.5717592592592593
646091,Move,0.279296875,0.5717592592592593
646104,Move,0.2799479166666667,0.5717592592592593
646118,Move,0.2825520833333333,0.5717592592592593
646139,Move,0.2877604166666667,0.5717592592592593
646155,Move,0.2916666666666667,0.5717592592592593
646170,Move,0.2936197916666667,0.5717592592592593
646188,Move,0.3020833333333333,0.5729166666666666
646202,Move,0.3125,0.5740740740740741
646217,Move,0.32421875,0.5763888888888888
646237,Move,0.349609375,0.5810185185185185
646253,Move,0.3704427083333333,0.5868055555555556
646265,Move,0.3841145833333333,0.5902777777777778
646286,Move,0.4095052083333333,0.5995370370370371
646300,Move,0.4388020833333333,0.6064814814814815
646320,Move,0.4876302083333333,0.6145833333333334
646356,Move,0.5729166666666666,0.5995370370370371
646371,Move,0.6002604166666666,0.5856481481481481
646384,Move,0.6223958333333334,0.5717592592592593
646400,Move,0.6412760416666666,0.5601851851851852
646417,Move,0.6640625,0.5486111111111112
646432,Move,0.6712239583333334,0.5439814814814815
646452,Move,0.6751302083333334,0.5439814814814815
646461,Move,0.67578125,0.5428240740740741
646484,Move,0.6783854166666666,0.5439814814814815
646503,Move,0.6809895833333334,0.5428240740740741
646517,Move,0.6829427083333334,0.5416666666666666
646539,Move,0.6861979166666666,0.5405092592592593
646552,Move,0.6875,0.5405092592592593
646565,Move,0.6888020833333334,0.5393518518518519
646587,Move,0.6901041666666666,0.5393518518518519
646600,Move,0.6940104166666666,0.5381944444444444
646614,Move,0.701171875,0.5358796296296297
646635,Move,0.7096354166666666,0.5347222222222222
646652,Move,0.712890625,0.5347222222222222
646670,Move,0.716796875,0.5347222222222222
646757,Move,0.7161458333333334,0.5358796296296297
646766,Move,0.71484375,0.5393518518518519
646785,Move,0.7109375,0.5520833333333334
646798,Move,0.7096354166666666,0.5543981481481481
646820,Move,0.7096354166666666,0.5543981481481481
646835,Move,0.7096354166666666,0.5543981481481481
646850,Move,0.7096354166666666,0.5543981481481481
646870,Move,0.7096354166666666,0.5543981481481481
646885,Move,0.7096354166666666,0.5543981481481481
646904,Move,0.7096354166666666,0.5543981481481481
646919,Move,0.7096354166666666,0.5543981481481481
646933,Move,0.7096354166666666,0.5543981481481481
646954,Move,0.7096354166666666,0.5543981481481481
646968,Move,0.7096354166666666,0.5543981481481481
646990,Move,0.7096354166666666,0.5543981481481481
647003,Move,0.7096354166666666,0.5543981481481481
647019,Move,0.7096354166666666,0.5543981481481481
647038,Move,0.7096354166666666,0.5532407407407407
647051,Move,0.7096354166666666,0.5543981481481481
647066,Move,0.7096354166666666,0.5578703703703703
647087,Move,0.7044270833333334,0.5740740740740741
647103,Move,0.7024739583333334,0.5810185185185185
647122,Move,0.7005208333333334,0.5902777777777778
647156,Move,0.69921875,0.5902777777777778
647332,Move,0.69921875,0.5902777777777778
647506,Move,0.6985677083333334,0.5879629629629629
647520,Move,0.6966145833333334,0.5856481481481481
647534,Move,0.693359375,0.5810185185185185
647553,Move,0.6888020833333334,0.5752314814814815
647569,Move,0.6881510416666666,0.5717592592592593
647582,Move,0.6848958333333334,0.5671296296296297
647604,Move,0.6783854166666666,0.5578703703703703
647617,Move,0.669921875,0.5439814814814815
647633,Move,0.6588541666666666,0.5254629629629629
647652,Move,0.64453125,0.5
647666,Move,0.642578125,0.4976851851851852
647689,Move,0.640625,0.4930555555555556
647709,Move,0.6373697916666666,0.48842592592592593
647719,Move,0.63671875,0.48726851851851855
647736,Move,0.6334635416666666,0.48032407407407407
647751,Move,0.6315104166666666,0.47685185185185186
647765,Move,0.62890625,0.47337962962962965
647785,Move,0.6256510416666666,0.4675925925925926
647803,Move,0.6204427083333334,0.45949074074074076
647822,Move,0.6087239583333334,0.4398148148148148
647836,Move,0.6002604166666666,0.42592592592592593
647851,Move,0.5885416666666666,0.4097222222222222
647871,Move,0.5677083333333334,0.3784722222222222
647885,Move,0.556640625,0.36342592592592593
647899,Move,0.5455729166666666,0.34953703703703703
647919,Move,0.5377604166666666,0.33912037037037035
647934,Move,0.53125,0.33101851851851855
647947,Move,0.51953125,0.3159722222222222
647969,Move,0.5013020833333334,0.2916666666666667
647982,Move,0.4850260416666667,0.2708333333333333
648002,Move,0.4576822916666667,0.2361111111111111
648016,Move,0.4407552083333333,0.21296296296296297
648030,Move,0.4296875,0.19791666666666666
648051,Move,0.41796875,0.18287037037037038
648065,Move,0.416015625,0.17939814814814814
648080,Move,0.4153645833333333,0.17939814814814814
648101,Move,0.4153645833333333,0.17824074074074073
648119,Move,0.4147135416666667,0.17824074074074073
648135,Move,0.4127604166666667,0.17476851851851852
648150,Move,0.41015625,0.1736111111111111
648171,Move,0.40625,0.16666666666666666
648202,Move,0.4069010416666667,0.16550925925925927
648215,Move,0.408203125,0.16550925925925927
648227,Move,0.41015625,0.16435185185185186
648241,Move,0.4127604166666667,0.16435185185185186
648255,Move,0.4127604166666667,0.16435185185185186
648266,Move,0.4127604166666667,0.16435185185185186
648281,Move,0.4127604166666667,0.16435185185185186
648294,Move,0.4127604166666667,0.16435185185185186
648320,Move,0.4127604166666667,0.16435185185185186
648333,Move,0.4127604166666667,0.16435185185185186
648345,Move,0.4127604166666667,0.16435185185185186
648371,Move,0.4127604166666667,0.16435185185185186
648382,Move,0.4127604166666667,0.16435185185185186
648397,Move,0.4127604166666667,0.16435185185185186
648410,Move,0.4127604166666667,0.16435185185185186
648437,Move,0.4127604166666667,0.16435185185185186
648450,Move,0.4127604166666667,0.16435185185185186
648462,Move,0.4127604166666667,0.16435185185185186
648475,Move,0.4127604166666667,0.16435185185185186
648502,Move,0.4127604166666667,0.16435185185185186
648514,Move,0.4127604166666667,0.16435185185185186
648527,Move,0.4127604166666667,0.16435185185185186
648555,Move,0.4127604166666667,0.16435185185185186
648566,Move,0.4127604166666667,0.16435185185185186
648578,Move,0.4127604166666667,0.16435185185185186
648605,Move,0.4127604166666667,0.16435185185185186
648617,Move,0.4127604166666667,0.16435185185185186
648630,Move,0.4127604166666667,0.16435185185185186
648643,Move,0.4127604166666667,0.16435185185185186
648670,Move,0.4127604166666667,0.16435185185185186
648682,Move,0.4127604166666667,0.16435185185185186
648695,Move,0.4127604166666667,0.16435185185185186
648709,Move,0.4134114583333333,0.16435185185185186
648734,Move,0.4140625,0.16435185185185186
648747,Move,0.4153645833333333,0.16319444444444445
648760,Move,0.4186197916666667,0.16087962962962962
648786,Move,0.4251302083333333,0.15856481481481483
648800,Move,0.4270833333333333,0.1574074074074074
648813,Move,0.4283854166666667,0.15625
648840,Move,0.4309895833333333,0.1550925925925926
648856,Move,0.431640625,0.1550925925925926
648868,Move,0.4329427083333333,0.1550925925925926
648885,Move,0.4342447916666667,0.1550925925925926
648904,Move,0.4361979166666667,0.1550925925925926
648919,Move,0.4375,0.1550925925925926
648934,Move,0.4388020833333333,0.15393518518518517
648952,Move,0.4420572916666667,0.1550925925925926
648968,Move,0.4466145833333333,0.1527777777777778
648986,Move,0.4544270833333333,0.15046296296296297
649002,Move,0.4596354166666667,0.14814814814814814
649018,Move,0.4615885416666667,0.14699074074074073
649036,Move,0.4622395833333333,0.14699074074074073
649058,Move,0.4641927083333333,0.14583333333333334
649072,Move,0.46484375,0.14583333333333334
649086,Move,0.4661458333333333,0.14583333333333334
649100,Move,0.4674479166666667,0.14583333333333334
649121,Move,0.46875,0.14583333333333334
649135,Move,0.4700520833333333,0.14583333333333334
649149,Move,0.4720052083333333,0.14467592592592593
649170,Move,0.4772135416666667,0.1423611111111111
649188,Move,0.4811197916666667,0.1412037037037037
649205,Move,0.4895833333333333,0.1412037037037037
649219,Move,0.49609375,0.1400462962962963
649233,Move,0.501953125,0.1400462962962963
649248,Move,0.5071614583333334,0.1400462962962963
649268,Move,0.5130208333333334,0.1400462962962963
649289,Move,0.5169270833333334,0.1412037037037037
649303,Move,0.521484375,0.1412037037037037
649318,Move,0.52734375,0.1412037037037037
649337,Move,0.537109375,0.1412037037037037
649354,Move,0.5442708333333334,0.1423611111111111
649365,Move,0.5533854166666666,0.14351851851851852
649388,Move,0.5631510416666666,0.14467592592592593
649402,Move,0.5677083333333334,0.14467592592592593
649415,Move,0.5696614583333334,0.14467592592592593
649432,Move,0.5709635416666666,0.14467592592592593
649449,Move,0.5709635416666666,0.14351851851851852
649470,Move,0.5716145833333334,0.14351851851851852
649485,Move,0.5716145833333334,0.1423611111111111
649501,Move,0.5729166666666666,0.1423611111111111
649512,Move,0.5735677083333334,0.1412037037037037
649534,Move,0.5755208333333334,0.1412037037037037
649676,Move,0.57421875,0.1412037037037037
649780,Move,0.57421875,0.1412037037037037
649888,Move,0.57421875,0.1412037037037037
649994,Move,0.5729166666666666,0.1423611111111111
650003,Move,0.572265625,0.14351851851851852
650018,Move,0.5716145833333334,0.14467592592592593
650034,Move,0.5709635416666666,0.14583333333333334
650050,Move,0.5696614583333334,0.14583333333333334
650066,Move,0.5690104166666666,0.14699074074074073
650090,Move,0.5670572916666666,0.14930555555555555
650105,Move,0.56640625,0.15046296296296297
650114,Move,0.5651041666666666,0.15046296296296297
650137,Move,0.5631510416666666,0.15393518518518517
650154,Move,0.5618489583333334,0.1550925925925926
650169,Move,0.560546875,0.1574074074074074
650186,Move,0.5592447916666666,0.1574074074074074
650194,Move,0.55859375,0.15856481481481483
650201,Move,0.55859375,0.1597222222222222
650233,Move,0.5559895833333334,0.16087962962962962
650250,Move,0.5553385416666666,0.16087962962962962
650266,Move,0.5546875,0.16203703703703703
650285,Move,0.5533854166666666,0.16319444444444445
650305,Move,0.5533854166666666,0.16319444444444445
650323,Move,0.552734375,0.16319444444444445
650337,Move,0.5514322916666666,0.16435185185185186
650354,Move,0.55078125,0.16435185185185186
650369,Move,0.5494791666666666,0.16435185185185186
650384,Move,0.5481770833333334,0.16550925925925927
650402,Move,0.5481770833333334,0.16550925925925927
650419,Move,0.5475260416666666,0.16666666666666666
650434,Move,0.546875,0.16550925925925927
650453,Move,0.5455729166666666,0.16550925925925927
650466,Move,0.544921875,0.16550925925925927
650490,Move,0.54296875,0.16666666666666666
650506,Move,0.5423177083333334,0.16550925925925927
650516,Move,0.5416666666666666,0.16666666666666666
650537,Move,0.5403645833333334,0.16898148148148148
650554,Move,0.5397135416666666,0.16898148148148148
650570,Move,0.5390625,0.1701388888888889
650586,Move,0.5384114583333334,0.1712962962962963
650602,Move,0.5377604166666666,0.1724537037037037
650619,Move,0.537109375,0.1736111111111111
650657,Move,0.5377604166666666,0.1736111111111111
650726,Move,0.5377604166666666,0.17476851851851852
650796,Move,0.5377604166666666,0.17476851851851852
650866,Move,0.5384114583333334,0.17592592592592593
650933,Move,0.5384114583333334,0.17592592592592593
651006,Move,0.5397135416666666,0.17708333333333334
651020,Move,0.541015625,0.17824074074074073
651038,Move,0.5416666666666666,0.17824074074074073
651052,Move,0.54296875,0.17824074074074073
651071,Move,0.5436197916666666,0.17824074074074073
651084,Move,0.5436197916666666,0.17824074074074073
651100,Move,0.5455729166666666,0.17824074074074073
651117,Move,0.5462239583333334,0.17824074074074073
651132,Move,0.5475260416666666,0.17824074074074073
651151,Move,0.5481770833333334,0.17824074074074073
651165,Move,0.5501302083333334,0.17824074074074073
651180,Move,0.55078125,0.17824074074074073
651197,Move,0.5520833333333334,0.17824074074074073
651212,Move,0.5540364583333334,0.17824074074074073
651220,Move,0.5546875,0.17824074074074073
651252,Move,0.556640625,0.17824074074074073
651270,Move,0.5579427083333334,0.17939814814814814
651288,Move,0.5592447916666666,0.17939814814814814
651302,Move,0.560546875,0.18055555555555555
651317,Move,0.5611979166666666,0.18055555555555555
651331,Move,0.5625,0.18171296296296297
651349,Move,0.5638020833333334,0.18171296296296297
651365,Move,0.564453125,0.18287037037037038
651380,Move,0.5651041666666666,0.18287037037037038
651396,Move,0.56640625,0.18287037037037038
651421,Move,0.568359375,0.1863425925925926
651437,Move,0.568359375,0.1875
651453,Move,0.5696614583333334,0.1886574074074074
651469,Move,0.5716145833333334,0.18981481481481483
651478,Move,0.572265625,0.1909722222222222
651500,Move,0.5735677083333334,0.19212962962962962
651516,Move,0.57421875,0.19212962962962962
651534,Move,0.5748697916666666,0.19212962962962962
651551,Move,0.576171875,0.19328703703703703
651566,Move,0.5774739583333334,0.19560185185185186
651588,Move,0.5794270833333334,0.19675925925925927
651596,Move,0.5794270833333334,0.19791666666666666
651621,Move,0.58203125,0.20023148148148148
651641,Move,0.58203125,0.20023148148148148
651654,Move,0.583984375,0.2025462962962963
651670,Move,0.5846354166666666,0.2037037037037037
651685,Move,0.5852864583333334,0.20601851851851852
651701,Move,0.5865885416666666,0.20601851851851852
651718,Move,0.587890625,0.20717592592592593
651733,Move,0.587890625,0.20717592592592593
651749,Move,0.58984375,0.20949074074074073
651757,Move,0.58984375,0.20949074074074073
651864,Move,0.5911458333333334,0.20949074074074073
651970,Move,0.5911458333333334,0.20949074074074073
652076,Move,0.591796875,0.20949074074074073
652186,Move,0.5891927083333334,0.21064814814814814
652193,Move,0.5872395833333334,0.21296296296296297
652201,Move,0.5846354166666666,0.21412037037037038
652222,Move,0.578125,0.2199074074074074
652236,Move,0.5735677083333334,0.22337962962962962
652252,Move,0.5690104166666666,0.22685185185185186
652271,Move,0.5618489583333334,0.2337962962962963
652285,Move,0.5572916666666666,0.23842592592592593
652300,Move,0.552734375,0.24305555555555555
652319,Move,0.5455729166666666,0.2511574074074074
652336,Move,0.5403645833333334,0.25578703703703703
652349,Move,0.53515625,0.26157407407407407
652370,Move,0.5279947916666666,0.26851851851851855
652384,Move,0.5234375,0.2743055555555556
652391,Move,0.5208333333333334,0.27662037037037035
652416,Move,0.5104166666666666,0.28703703703703703
652433,Move,0.505859375,0.2916666666666667
652452,Move,0.4986979166666667,0.2986111111111111
652459,Move,0.49609375,0.3020833333333333
652470,Move,0.4934895833333333,0.30324074074074076
652502,Move,0.482421875,0.3136574074074074
652516,Move,0.4778645833333333,0.31712962962962965
652537,Move,0.470703125,0.3229166666666667
652551,Move,0.466796875,0.3263888888888889
652569,Move,0.4622395833333333,0.3287037037037037
652572,Move,0.4602864583333333,0.3298611111111111
652600,Move,0.4518229166666667,0.33449074074074076
652622,Move,0.4459635416666667,0.3368055555555556
652638,Move,0.4420572916666667,0.33796296296296297
652656,Move,0.4361979166666667,0.3402777777777778
652671,Move,0.4322916666666667,0.3402777777777778
652685,Move,0.4283854166666667,0.3402777777777778
652699,Move,0.4244791666666667,0.3414351851851852
652719,Move,0.4192708333333333,0.3425925925925926
652733,Move,0.4153645833333333,0.3425925925925926
652754,Move,0.41015625,0.34375
652768,Move,0.40625,0.34375
652789,Move,0.400390625,0.3449074074074074
652803,Move,0.3971354166666667,0.3449074074074074
652819,Move,0.3932291666666667,0.3449074074074074
652838,Move,0.3880208333333333,0.3460648148148148
652852,Move,0.3841145833333333,0.3472222222222222
652868,Move,0.380859375,0.34837962962962965
652887,Move,0.3743489583333333,0.35185185185185186
652901,Move,0.3704427083333333,0.3541666666666667
652914,Move,0.3665364583333333,0.35648148148148145
652930,Move,0.3626302083333333,0.3587962962962963
653004,Move,0.36328125,0.3587962962962963
653015,Move,0.36328125,0.3587962962962963
653031,Move,0.36328125,0.3587962962962963
653050,Move,0.36328125,0.3587962962962963
653067,Move,0.3639322916666667,0.3576388888888889
653086,Move,0.3639322916666667,0.3576388888888889
653104,Move,0.3645833333333333,0.35648148148148145
653122,Move,0.365234375,0.35648148148148145
653131,Move,0.365234375,0.35532407407407407
653148,Move,0.3658854166666667,0.3541666666666667
653165,Move,0.3665364583333333,0.35185185185185186
653184,Move,0.3665364583333333,0.3506944444444444
653203,Move,0.3678385416666667,0.34953703703703703
653221,Move,0.3684895833333333,0.34953703703703703
653230,Move,0.3697916666666667,0.34953703703703703
653257,Move,0.373046875,0.3460648148148148
653266,Move,0.375,0.3449074074074074
653283,Move,0.376953125,0.34375
653302,Move,0.3782552083333333,0.3425925925925926
653310,Move,0.3782552083333333,0.3425925925925926
653351,Move,0.3782552083333333,0.3425925925925926
653352,Move,0.3782552083333333,0.3425925925925926
653354,Released,0.3782552083333333,0.3425925925925926
653383,Released,0.486328125,0.6331018518518519