resolution:1920,1080
84180.5,Pressed,1001,472
84197.5,Move,1001,472
84208.29999999888,Move,1001,472
84408.19999999925,Move,1001,472
84431.69999999925,Move,1000,474
84445.69999999925,Move,999,474
84459.59999999963,Move,999,475
84473.59999999963,Move,998,476
84487.69999999925,Move,997,477
84501.29999999888,Move,996,479
84515.5,Move,995,480
84529.09999999963,Move,994,481
84556.79999999888,Move,993,484
84571.79999999888,Move,993,485
84585.5,Move,992,486
84612.90000000037,Move,991,487
84640.69999999925,Move,990,488
84670,Move,989,489
84684.5,Move,988,490
84712,Move,988,491
84725.59999999963,Move,987,491
84740,Move,987,492
84753.09999999963,Move,986,493
84767.59999999963,Move,986,494
84782.09999999963,Move,985,495
84795.79999999888,Move,984,495
84823.40000000037,Move,983,496
84852.69999999925,Move,982,497
84970,Move,982,496
85085.19999999925,Move,982,498
85260.79999999888,Move,981,498
85319,Move,981,499
85375.09999999963,Move,980,499
85434,Move,979,500
85491.59999999963,Move,978,500
85549.69999999925,Move,976,502
85609.5,Move,974,503
85665.5,Move,971,505
85723.69999999925,Move,967,507
85781.09999999963,Move,964,509
85840.5,Move,962,510
85954.5,Move,961,510
86013.90000000037,Move,960,511
86303.69999999925,Move,959,511
86678.40000000037,Move,957,511
86992.69999999925,Move,956,511
87148.29999999888,Move,954,513
87203.90000000037,Move,953,513
87255.69999999925,Move,953,514
87308.40000000037,Move,952,514
87361.59999999963,Move,951,514
87414.90000000037,Move,950,514
87467.40000000037,Move,949,514
87520.5,Move,948,514
87627,Move,947,514
87680.19999999925,Move,945,514
87784.29999999888,Move,944,514
87838.5,Move,941,514
87943.40000000037,Move,940,514
87998,Move,939,514
88050.40000000037,Move,938,514
88103.59999999963,Move,937,514
88157,Move,936,514
88210.40000000037,Move,935,514
88263,Move,934,514
88314.59999999963,Move,933,514
88367.90000000037,Move,932,514
88420.69999999925,Move,931,514
88473.69999999925,Move,930,514
88527.29999999888,Move,929,514
88633.90000000037,Move,928,514
88868.90000000037,Move,927,514
89282.59999999963,Move,925,514
89490.19999999925,Move,924,513
89502.90000000037,Move,923,513
89526.5,Move,922,513
89538.59999999963,Move,921,513
89551.79999999888,Move,919,513
89575.29999999888,Move,914,512
89593.79999999888,Move,913,514
89599,Move,912,514
89670.90000000037,Move,911,514
89706.09999999963,Move,910,514
89729.59999999963,Move,908,513
89742.19999999925,Move,908,511
89754.29999999888,Move,906,510
89780.40000000037,Move,900,508
89790.59999999963,Move,897,507
89811.19999999925,Move,895,506
89826.40000000037,Move,895,506
89862.09999999963,Move,894,506
89885.79999999888,Move,892,505
89952.09999999963,Move,892,504
90018.59999999963,Move,891,504
90082.90000000037,Move,890,503
90147.19999999925,Move,889,503
90212.59999999963,Move,888,502
90278,Move,888,503
90341.90000000037,Move,887,502
90407.40000000037,Move,886,501
90472.79999999888,Move,885,501
90538.19999999925,Move,884,500
90601.59999999963,Move,883,500
90667.40000000037,Move,883,499
90733.5,Move,882,499
90797.59999999963,Move,881,498
90863,Move,880,498
90927.19999999925,Move,880,497
90992.29999999888,Move,879,496
91058.79999999888,Move,878,496
91123.09999999963,Move,877,495
91187.40000000037,Move,877,494
91252.40000000037,Move,875,494
91318.09999999963,Move,874,493
91447.09999999963,Move,873,492
91511.59999999963,Move,872,491
91578.19999999925,Move,871,490
91707.19999999925,Move,870,489
91772.40000000037,Move,870,488
91837.59999999963,Move,869,488
92056.90000000037,Move,867,488
92338.09999999963,Move,866,488
92478.69999999925,Move,865,487
92543.5,Move,866,485
92607.29999999888,Move,865,485
92639.19999999925,Move,864,484
92671.69999999925,Move,863,483
92704.09999999963,Move,861,481
92740.79999999888,Move,860,481
92800,Move,859,480
92863.59999999963,Move,858,480
92928.19999999925,Move,855,480
92959.29999999888,Move,855,478
92991.59999999963,Move,854,477
93023.59999999963,Move,852,477
93055.40000000037,Move,850,476
93087.69999999925,Move,849,474
93130,Move,848,473
93161.40000000037,Move,847,471
93222.90000000037,Move,847,470
93246.29999999888,Move,847,468
93279.09999999963,Move,847,466
93312.09999999963,Move,846,464
93348.40000000037,Move,845,462
93375.19999999925,Move,844,460
93408.5,Move,844,459
93847.40000000037,Move,844,460
93980.90000000037,Move,844,461
94116.09999999963,Move,844,462
94250,Move,843,460
94355.29999999888,Move,842,459
94410.09999999963,Move,841,458
94462.29999999888,Move,841,457
94568.5,Move,841,456
94621.69999999925,Move,841,457
94673.40000000037,Move,841,456
94728.79999999888,Move,840,455
94781.69999999925,Move,840,454
94835.29999999888,Move,839,453
94939.40000000037,Move,839,452
94993.69999999925,Move,838,451
95046.5,Move,838,450
95097.79999999888,Move,838,449
95151.29999999888,Move,837,448
95257.90000000037,Move,836,448
95310.40000000037,Move,836,447
95362.69999999925,Move,835,446
95416.40000000037,Move,836,445
95469.79999999888,Move,836,444
95523.19999999925,Move,835,443
95575.5,Move,835,441
95629.79999999888,Move,835,440
95683.19999999925,Move,834,438
95745.69999999925,Move,834,437
95787.40000000037,Move,833,435
95839.5,Move,833,434
95892.19999999925,Move,832,433
95946.59999999963,Move,832,432
96008.09999999963,Move,832,431
96052.29999999888,Move,831,430
96106.59999999963,Move,831,429
96163.59999999963,Move,831,428
96331.59999999963,Move,831,429
96641.90000000037,Move,831,431
96795.90000000037,Move,830,430
96847,Move,831,430
96951.40000000037,Move,831,429
97004.79999999888,Move,831,428
97065.69999999925,Move,831,426
97109,Move,831,423
97159.79999999888,Move,831,422
97263.79999999888,Move,831,421
97369.5,Move,831,420
97423.19999999925,Move,831,419
97473.59999999963,Move,831,418
97532.79999999888,Move,831,416
97576.19999999925,Move,831,414
97630.90000000037,Move,831,412
97679.90000000037,Move,830,411
97732.19999999925,Move,830,410
97834.69999999925,Move,830,409
97889,Move,829,407
97950.59999999963,Move,829,406
97995.40000000037,Move,829,404
98043,Move,829,402
98200,Move,829,401
98583.19999999925,Move,829,400
98772.29999999888,Move,829,398
99124.90000000037,Move,830,397
99142.09999999963,Move,830,396
99159.19999999925,Move,830,395
99176.19999999925,Move,830,394
99195.59999999963,Move,830,393
99210.19999999925,Move,830,392
99227.5,Move,830,391
99244.90000000037,Move,830,390
99261,Move,830,389
99278.59999999963,Move,832,390
99295.19999999925,Move,832,389
99312.59999999963,Move,832,388
99329.79999999888,Move,832,387
99346.19999999925,Move,833,387
99363.5,Move,833,386
99381,Move,833,385
99414,Move,833,384
99431.69999999925,Move,833,383
99450.29999999888,Move,834,382
99464.79999999888,Move,834,381
99483.09999999963,Move,835,379
99502,Move,834,380
99518,Move,835,379
99532.40000000037,Move,835,377
99553,Move,836,375
99568.5,Move,836,374
99585.09999999963,Move,837,372
99601.09999999963,Move,837,371
99619,Move,837,370
99635.09999999963,Move,837,369
99652.29999999888,Move,837,368
99670.29999999888,Move,838,367
99734.19999999925,Move,838,366
99747,Move,839,366
99773.40000000037,Move,839,365
99786.09999999963,Move,840,364
99800.29999999888,Move,841,362
99813.09999999963,Move,842,361
99826.29999999888,Move,844,358
99839.19999999925,Move,845,356
99851.90000000037,Move,848,353
99877.90000000037,Move,852,349
99891.59999999963,Move,853,348
99904.29999999888,Move,854,347
99918.40000000037,Move,854,348
99938.40000000037,Move,855,346
100008.29999999888,Move,856,346
100021,Move,856,345
100060.79999999888,Move,857,344
100116.5,Move,858,344
100173.69999999925,Move,859,343
100229.90000000037,Move,860,343
100285.19999999925,Move,861,342
100341.40000000037,Move,862,342
100397.79999999888,Move,863,342
100453.29999999888,Move,864,341
100510.69999999925,Move,863,343
100565.40000000037,Move,864,342
100622,Move,865,342
100732.79999999888,Move,866,341
100790.19999999925,Move,867,341
100844.90000000037,Move,868,340
100901.5,Move,869,341
100957.90000000037,Move,870,340
101015.19999999925,Move,872,340
101069.5,Move,873,339
101125.19999999925,Move,874,338
101180.90000000037,Move,875,337
101237.09999999963,Move,876,336
101293.5,Move,877,335
101350,Move,878,335
101405.59999999963,Move,878,334
101462.09999999963,Move,879,334
101675.69999999925,Move,880,333
102224.69999999925,Move,882,331
102362,Move,884,331
102426.40000000037,Move,883,331
102491,Move,884,330
102555.40000000037,Move,885,330
102618.69999999925,Move,887,330
102683,Move,889,331
102811.69999999925,Move,891,331
102873.59999999963,Move,893,330
102938.29999999888,Move,895,330
103001.59999999963,Move,896,330
103065.59999999963,Move,897,331
103131.79999999888,Move,898,331
103257.90000000037,Move,899,331
103321.79999999888,Move,900,331
103450.90000000037,Move,901,331
103513.90000000037,Move,902,331
103642.59999999963,Move,904,331
103770.69999999925,Move,905,331
103834.5,Move,906,331
103899.29999999888,Move,907,331
103962.69999999925,Move,908,331
104025.69999999925,Move,910,331
104089.69999999925,Move,911,331
104154.5,Move,912,331
104283,Move,913,331
104547.69999999925,Move,913,330
104727.59999999963,Move,913,328
105089,Move,915,329
105101.19999999925,Move,916,329
105114.79999999888,Move,917,329
105126.79999999888,Move,918,330
105137.09999999963,Move,919,330
105150.69999999925,Move,920,330
105174.19999999925,Move,924,332
105186.69999999925,Move,927,331
105209.09999999963,Move,930,332
105221.5,Move,931,333
105233.79999999888,Move,932,333
105246.69999999925,Move,933,333
105270.09999999963,Move,934,332
105296.40000000037,Move,934,331
105305.29999999888,Move,935,331
105329.59999999963,Move,936,332
105343.59999999963,Move,937,332
105353.90000000037,Move,938,333
105377.90000000037,Move,939,333
105389.40000000037,Move,940,334
105401.29999999888,Move,941,334
105435.90000000037,Move,942,335
105451.79999999888,Move,943,335
105462.5,Move,944,336
105482.40000000037,Move,945,337
105486.19999999925,Move,946,337
105509.09999999963,Move,950,340
105530,Move,951,341
105544.5,Move,952,342
105551.40000000037,Move,952,343
105576.69999999925,Move,954,344
105586,Move,954,345
105606.59999999963,Move,956,347
105640.19999999925,Move,957,348
105650.5,Move,958,348
105673.79999999888,Move,959,348
105683.69999999925,Move,960,349
105693.90000000037,Move,961,349
105716.5,Move,963,349
105727.5,Move,964,350
105746.09999999963,Move,965,350
105748.69999999925,Move,966,350
105771.59999999963,Move,968,351
105793.40000000037,Move,970,352
105815.5,Move,971,353
105841.29999999888,Move,972,354
105980.19999999925,Move,973,355
106051.40000000037,Move,974,355
106120.59999999963,Move,974,356
106156.5,Move,975,357
106191.59999999963,Move,976,359
106228.09999999963,Move,978,361
106261.40000000037,Move,979,362
106296.69999999925,Move,980,365
106331.5,Move,983,368
106366.90000000037,Move,985,372
106401.40000000037,Move,987,374
106436,Move,987,376
106471.29999999888,Move,988,377
106506.5,Move,989,378
106541.59999999963,Move,987,379
106578.29999999888,Move,988,379
106646.29999999888,Move,988,378
106681.59999999963,Move,988,379
106751.40000000037,Move,988,378
106821.90000000037,Move,989,379
107141.59999999963,Move,991,379
107275.59999999963,Move,992,379
107542.59999999963,Move,993,381
107557,Move,993,382
107592.59999999963,Move,994,384
107619.09999999963,Move,994,386
107627.59999999963,Move,995,386
107639.5,Move,995,387
107651.29999999888,Move,995,388
107676.40000000037,Move,995,391
107695.19999999925,Move,995,392
107711.79999999888,Move,996,393
107723.79999999888,Move,996,394
107741.69999999925,Move,996,395
107748.5,Move,997,396
107773,Move,997,399
107795.40000000037,Move,999,401
107819.79999999888,Move,1000,402
107832.59999999963,Move,1001,403
107850.79999999888,Move,1001,404
107855.69999999925,Move,1002,405
107868.59999999963,Move,1003,406
107891.59999999963,Move,1003,407
107903.79999999888,Move,1004,408
107928.90000000037,Move,1004,409
107940.79999999888,Move,1005,411
107977.79999999888,Move,1005,412
108052.69999999925,Move,1005,413
108089.09999999963,Move,1004,415
108125.59999999963,Move,1004,416
108165.19999999925,Move,1004,417
108201.69999999925,Move,1004,418
108238.09999999963,Move,1004,419
108273.90000000037,Move,1004,420
108312.09999999963,Move,1004,421
108347.40000000037,Move,1005,422
108386.09999999963,Move,1005,423
108422.90000000037,Move,1005,424
108459.79999999888,Move,1005,425
108496.5,Move,1005,426
108570.5,Move,1005,427
108607.69999999925,Move,1005,428
108644.40000000037,Move,1006,429
108681.90000000037,Move,1006,430
108718.69999999925,Move,1006,433
108756.90000000037,Move,1007,434
108791.69999999925,Move,1007,435
108830.19999999925,Move,1008,436
108902.69999999925,Move,1008,437
108939.5,Move,1009,438
108977,Move,1009,440
109050.79999999888,Move,1009,441
109087.5,Move,1009,442
109124.09999999963,Move,1010,442
109161.19999999925,Move,1010,443
109236.79999999888,Move,1010,444
109378.09999999963,Move,1009,443
109546.69999999925,Move,1008,442
109619.19999999925,Move,1007,441
109782.79999999888,Move,1004,442
109827.09999999963,Move,1004,445
109872.09999999963,Move,1003,447
109959.79999999888,Move,1003,448
110575.69999999925,Move,1004,449
110883.59999999963,Move,1004,450
110927.69999999925,Move,1004,451
110971.90000000037,Move,1004,456
111015.5,Move,1004,462
111059.19999999925,Move,1004,467
111103.5,Move,1004,470
111147.69999999925,Move,1004,472
111297,Move,1003,472
111431,Move,1001,472
111913.79999999888,Released,1001,472
111986.29999999888,Released,940,673
