resolution:1920,1080
1023917.1999999993,Pressed,635,397
1023919.5,Move,635,397
1023935.5999999996,Move,635,397
1024135.9000000004,Move,635,397
1024152.0999999996,Move,635,397
1024164.1999999993,Move,636,402
1024172.1999999993,Move,634,402
1024199.6999999993,Move,633,404
1024214.7999999989,Move,633,406
1024234,Move,634,409
1024248.0999999996,Move,633,411
1024261.9000000004,Move,633,413
1024284,Move,633,418
1024297.9000000004,Move,633,420
1024311.0999999996,Move,632,425
1024332.1999999993,Move,632,429
1024345,Move,631,431
1024367,Move,631,436
1024380.5,Move,631,438
1024395.7999999989,Move,632,439
1024417.1999999993,Move,632,443
1024430.6999999993,Move,632,445
1024445.2999999989,Move,633,447
1024465.5,Move,633,452
1024480.1999999993,Move,634,455
1024500.5,Move,634,463
1024514.6999999993,Move,634,465
1024529.5,Move,634,468
1024549.5999999996,Move,636,474
1024563.5,Move,636,478
1024584.5,Move,636,484
1024598.6999999993,Move,638,488
1024612.0999999996,Move,639,492
1024632.6999999993,Move,639,495
1024646.6999999993,Move,640,498
1024660.5,Move,641,501
1024681.5,Move,641,504
1024697.2999999989,Move,641,508
1024829.5999999996,Move,641,509
1024915.4000000004,Move,641,510
1025000.1999999993,Move,641,512
1025170,Move,643,514
1025191.5,Move,644,514
1025213.6999999993,Move,644,515
1025221.5,Move,645,515
1025226.2999999989,Move,645,516
1025240.2999999989,Move,646,517
1025276.5,Move,647,517
1025288.5,Move,649,518
1025303.0999999996,Move,650,518
1025317.4000000004,Move,651,519
1025338.4000000004,Move,653,522
1025352.4000000004,Move,654,524
1025366.5,Move,656,528
1025388.1999999993,Move,660,534
1025401.2999999989,Move,661,537
1025422.6999999993,Move,665,543
1025436.9000000004,Move,669,549
1025451.2999999989,Move,674,556
1025471.5999999996,Move,684,569
1025486.7999999989,Move,692,578
1025499,Move,699,586
1025520.2999999989,Move,708,595
1025535.7999999989,Move,712,600
1025555.5,Move,715,603
1025563.5,Move,715,604
1025584.1999999993,Move,716,605
1025604.2999999989,Move,716,606
1025632.5,Move,716,607
1025639.0999999996,Move,717,607
1025661.6999999993,Move,717,608
1025667.2999999989,Move,717,607
1025688.6999999993,Move,717,606
1025695.5999999996,Move,717,607
1025723.2999999989,Move,718,610
1025738.5999999996,Move,718,611
1025751.6999999993,Move,718,612
1025858.4000000004,Move,717,611
1025905.4000000004,Move,717,610
1025995.6999999993,Move,716,608
1026039.6999999993,Move,715,605
1026084.5999999996,Move,714,604
1026265,Move,715,605
1026271.9000000004,Move,716,605
1026286.1999999993,Move,717,605
1026300.7999999989,Move,721,606
1026314.4000000004,Move,727,609
1026335.5,Move,735,614
1026349.1999999993,Move,741,618
1026363.9000000004,Move,746,622
1026385.4000000004,Move,756,628
1026398.0999999996,Move,761,630
1026412.9000000004,Move,767,632
1026433.4000000004,Move,779,636
1026447.6999999993,Move,788,638
1026467.9000000004,Move,803,640
1026483.1999999993,Move,811,642
1026497,Move,817,643
1026517.5999999996,Move,825,645
1026531.7999999989,Move,827,646
1026545.1999999993,Move,830,646
1026574.7999999989,Move,831,645
1026587.5,Move,832,646
1026601.5,Move,832,647
1026622.5,Move,832,648
1026789.7999999989,Move,832,650
1026825.1999999993,Move,832,652
1026857.9000000004,Move,832,651
1026892.0999999996,Move,832,652
1026960.7999999989,Move,832,655
1026993.9000000004,Move,832,656
1027062.7999999989,Move,834,655
1027071.9000000004,Move,838,655
1027085.9000000004,Move,853,655
1027106.4000000004,Move,873,654
1027211.6999999993,Move,872,655
1027218.1999999993,Move,873,655
1027226.2999999989,Move,872,654
1027463.6999999993,Move,873,654
1027470.1999999993,Move,875,654
1027477.2999999989,Move,877,654
1027499,Move,901,654
1027512.1999999993,Move,924,654
1027533.4000000004,Move,949,654
1027546.2999999989,Move,964,654
1027562,Move,972,654
1027583.6999999993,Move,979,652
1027599.1999999993,Move,981,651
1027603.9000000004,Move,983,650
1027633.0999999996,Move,986,649
1027646.5,Move,990,647
1027667.7999999989,Move,995,645
1027681.4000000004,Move,998,644
1027695.6999999993,Move,1000,644
1027716.2999999989,Move,1007,638
1027730.6999999993,Move,1009,637
1027744.5999999996,Move,1016,634
1027765.7999999989,Move,1020,633
1027779.5999999996,Move,1024,631
1027793.9000000004,Move,1026,631
1027815.5,Move,1031,628
1027828.5,Move,1032,628
1027850.0999999996,Move,1037,626
1027863.5,Move,1039,625
1027877.1999999993,Move,1041,624
1027898.5999999996,Move,1044,623
1027912.5,Move,1047,621
1027934,Move,1050,618
1027947.6999999993,Move,1053,616
1027968.1999999993,Move,1056,616
1027982.5,Move,1057,615
1027996.7999999989,Move,1058,613
1028011.5999999996,Move,1060,612
1028032,Move,1063,609
1028045.4000000004,Move,1064,608
1028065.7999999989,Move,1068,607
1028073,Move,1069,606
1028100.9000000004,Move,1073,605
1028121.1999999993,Move,1075,605
1028130.6999999993,Move,1076,605
1028150,Move,1080,604
1028162.7999999989,Move,1082,604
1028179.9000000004,Move,1084,605
1028184.9000000004,Move,1087,604
1028233.2999999989,Move,1088,603
1028270.7999999989,Move,1089,603
1028287.2999999989,Move,1090,602
1028308.0999999996,Move,1091,602
1028324.7999999989,Move,1091,601
1028342,Move,1092,601
1028360.1999999993,Move,1094,600
1028379.9000000004,Move,1095,599
1028396.7999999989,Move,1096,598
1028415.0999999996,Move,1097,597
1028432.5999999996,Move,1099,596
1028504.7999999989,Move,1100,595
1028511.6999999993,Move,1102,593
1028530.5999999996,Move,1103,589
1028545.4000000004,Move,1105,587
1028554,Move,1106,587
1028578.9000000004,Move,1108,585
1028593.1999999993,Move,1110,583
1028617,Move,1114,581
1028633.4000000004,Move,1116,579
1028649.6999999993,Move,1117,579
1028665.9000000004,Move,1119,578
1028681.2999999989,Move,1124,575
1028697.7999999989,Move,1126,573
1028712.5,Move,1129,571
1028729,Move,1133,568
1028745.6999999993,Move,1135,567
1028761.9000000004,Move,1138,565
1028777.9000000004,Move,1140,562
1028801.4000000004,Move,1144,559
1028817.1999999993,Move,1147,557
1028833.7999999989,Move,1149,556
1028849.1999999993,Move,1150,554
1028865.6999999993,Move,1153,552
1028873.0999999996,Move,1154,551
1028897.1999999993,Move,1155,548
1028914.0999999996,Move,1156,547
1028920.2999999989,Move,1157,546
1028945.7999999989,Move,1159,543
1028953.6999999993,Move,1160,542
1028977.5,Move,1161,541
1028993.5999999996,Move,1163,538
1029017.1999999993,Move,1165,534
1029025,Move,1166,533
1029049.1999999993,Move,1166,529
1029065,Move,1166,529
1029081.5999999996,Move,1168,526
1029096.9000000004,Move,1169,523
1029113.1999999993,Move,1169,520
1029131.5999999996,Move,1170,518
1029145.6999999993,Move,1171,516
1029162.0999999996,Move,1173,513
1029177.9000000004,Move,1174,511
1029192.9000000004,Move,1175,508
1029209.1999999993,Move,1177,508
1029233.9000000004,Move,1179,506
1029249.5,Move,1181,504
1029257.5,Move,1182,502
1029282.1999999993,Move,1184,500
1029297.5,Move,1186,498
1029306.6999999993,Move,1188,496
1029361.4000000004,Move,1188,497
1029437.4000000004,Move,1188,498
1029512.6999999993,Move,1188,500
1029663.1999999993,Move,1189,499
1029677.1999999993,Move,1189,498
1029683.9000000004,Move,1189,497
1029698,Move,1190,494
1029712.5,Move,1190,493
1029734.0999999996,Move,1191,490
1029756.0999999996,Move,1193,489
1029768.5,Move,1193,487
1029782.9000000004,Move,1194,484
1029803.5,Move,1194,477
1029817.5,Move,1196,472
1029838.7999999989,Move,1199,464
1029853,Move,1200,458
1029865.9000000004,Move,1202,453
1029887.0999999996,Move,1204,443
1029901.5,Move,1206,433
1029922.9000000004,Move,1211,405
1029936.9000000004,Move,1213,393
1029951.1999999993,Move,1214,389
1029972.1999999993,Move,1214,383
1029987,Move,1215,381
1030001.9000000004,Move,1214,378
1030023.0999999996,Move,1212,372
1030036.5,Move,1208,361
1030050.4000000004,Move,1203,346
1030070.6999999993,Move,1202,344
1030084.1999999993,Move,1202,345
1030105.2999999989,Move,1200,342
1030127.1999999993,Move,1201,341
1030133.2999999989,Move,1200,340
1030154.6999999993,Move,1199,338
1030168.5999999996,Move,1198,336
1030181.7999999989,Move,1197,333
1030203.4000000004,Move,1194,324
1030217.5999999996,Move,1191,314
1030239.0999999996,Move,1183,296
1030252.9000000004,Move,1179,284
1030267.6999999993,Move,1176,277
1030287.1999999993,Move,1176,275
1030294.4000000004,Move,1175,275
1030315.7999999989,Move,1174,273
1030330.1999999993,Move,1174,271
1030420.7999999989,Move,1174,272
1030512.6999999993,Move,1174,274
1030603.2999999989,Move,1174,275
1030787.6999999993,Move,1173,274
1030804.7999999989,Move,1172,273
1030819.7999999989,Move,1170,271
1030836.2999999989,Move,1168,270
1030852,Move,1165,270
1030868.6999999993,Move,1162,268
1030885.1999999993,Move,1155,263
1030908.5,Move,1138,256
1030924.1999999993,Move,1131,252
1030932.5999999996,Move,1130,252
1030947.9000000004,Move,1129,252
1030964.0999999996,Move,1128,251
1030987.4000000004,Move,1127,251
1030998,Move,1126,250
1031013.5,Move,1125,250
1031036.2999999989,Move,1125,249
1031052.9000000004,Move,1123,249
1031067.5,Move,1123,248
1031091.7999999989,Move,1121,248
1031107.5999999996,Move,1120,247
1031123.2999999989,Move,1118,246
1031139.5,Move,1116,244
1031155.6999999993,Move,1112,241
1031172,Move,1107,238
1031187.0999999996,Move,1101,232
1031203.2999999989,Move,1095,226
1031219.4000000004,Move,1089,218
1031235.6999999993,Move,1081,208
1031251.6999999993,Move,1076,203
1031275,Move,1072,199
1031307.7999999989,Move,1073,199
1031323.4000000004,Move,1072,199
1031330.7999999989,Move,1072,198
1031355.7999999989,Move,1070,197
1031371.2999999989,Move,1069,196
1031406.4000000004,Move,1070,197
1031450.5,Move,1071,198
1031536.5,Move,1072,199
1031580.7999999989,Move,1073,200
1031665,Move,1072,199
1031672.4000000004,Move,1071,199
1031680.9000000004,Move,1070,199
1031700.7999999989,Move,1063,198
1031722.0999999996,Move,1053,193
1031735.4000000004,Move,1045,188
1031758,Move,1035,182
1031771,Move,1027,178
1031791.2999999989,Move,1015,172
1031806.1999999993,Move,1009,171
1031820.4000000004,Move,1003,169
1031840.9000000004,Move,987,168
1031854.4000000004,Move,976,169
1031869.0999999996,Move,966,169
1031889.1999999993,Move,956,169
1031903.5999999996,Move,949,169
1031917.5999999996,Move,944,169
1031938.9000000004,Move,943,170
1031944.5999999996,Move,942,170
1031966.2999999989,Move,941,169
1031986.4000000004,Move,939,168
1032008.5999999996,Move,938,167
1032028.9000000004,Move,937,167
1032176.2999999989,Move,937,169
1032331.4000000004,Move,937,170
1032639,Move,937,171
1032716.5999999996,Move,937,175
1032794.6999999993,Move,937,174
1032819.6999999993,Move,938,173
1032826.5999999996,Move,939,174
1032834.7999999989,Move,938,174
1032859.1999999993,Move,936,173
1032875.5,Move,934,174
1032891.1999999993,Move,932,175
1032907.4000000004,Move,931,175
1032923.1999999993,Move,928,176
1032939.7999999989,Move,923,177
1032955,Move,916,177
1032971.7999999989,Move,910,178
1032988,Move,904,179
1033003.4000000004,Move,893,180
1033019.5,Move,879,183
1033034.9000000004,Move,861,189
1033059.2999999989,Move,838,199
1033075.2999999989,Move,827,204
1033090.6999999993,Move,822,206
1033106.9000000004,Move,820,207
1033124,Move,819,207
1033140.5,Move,818,207
1033156.0999999996,Move,817,208
1033171.4000000004,Move,816,209
1033187.5,Move,814,209
1033204.1999999993,Move,813,210
1033219,Move,810,211
1033234.6999999993,Move,807,212
1033251.4000000004,Move,805,213
1033330,Move,804,212
1033384.0999999996,Move,803,211
1033419.7999999989,Move,802,210
1033456.2999999989,Move,801,209
1033491.5999999996,Move,800,208
1033510.9000000004,Move,798,206
1033528,Move,797,205
1033547.6999999993,Move,795,206
1033554.2999999989,Move,793,208
1033570.2999999989,Move,791,210
1033591,Move,788,212
1033603.5,Move,786,213
1033625.4000000004,Move,783,214
1033639.6999999993,Move,779,216
1033653.5999999996,Move,777,218
1033667.1999999993,Move,775,219
1033688.2999999989,Move,771,222
1033703.5,Move,768,224
1033725.6999999993,Move,764,226
1033738.4000000004,Move,760,229
1033758.0999999996,Move,759,230
1033772.1999999993,Move,756,232
1033787.5,Move,754,234
1033807.5999999996,Move,749,237
1033821,Move,749,237
1033835.0999999996,Move,747,238
1033856.5,Move,743,242
1033862.7999999989,Move,741,243
1033891.0999999996,Move,738,245
1033904.7999999989,Move,736,246
1033920,Move,732,250
1033939.7999999989,Move,729,252
1033953.7999999989,Move,727,254
1033975.5,Move,722,255
1033990.6999999993,Move,720,257
1034005,Move,719,258
1034025.5,Move,716,260
1034038.6999999993,Move,713,262
1034052.0999999996,Move,711,263
1034073.0999999996,Move,705,267
1034079.6999999993,Move,704,268
1034108,Move,700,271
1034114.9000000004,Move,700,272
1034136.4000000004,Move,699,274
1034157.5,Move,697,276
1034172.1999999993,Move,696,278
1034185.4000000004,Move,696,279
1034198.6999999993,Move,693,282
1034294.2999999989,Move,692,283
1034320.7999999989,Move,690,284
1034346.5999999996,Move,688,284
1034370.1999999993,Move,687,285
1034397.4000000004,Move,685,286
1034520.7999999989,Move,683,289
1034527.7999999989,Move,682,292
1034542.5999999996,Move,681,295
1034555.6999999993,Move,679,298
1034570.4000000004,Move,677,304
1034590.5,Move,675,308
1034605.7999999989,Move,672,315
1034626.5,Move,668,324
1034640.7999999989,Move,667,328
1034655.5999999996,Move,664,334
1034674.7999999989,Move,661,340
1034690.1999999993,Move,659,345
1034704.7999999989,Move,658,348
1034724.1999999993,Move,655,351
1034738.1999999993,Move,652,354
1034759.5999999996,Move,649,361
1034773.9000000004,Move,647,363
1034787.2999999989,Move,646,366
1034808.2999999989,Move,644,371
1034822.9000000004,Move,642,375
1034836.7999999989,Move,642,378
1034857.2999999989,Move,640,384
1034872,Move,638,387
1034885.7999999989,Move,638,390
1034898.9000000004,Move,636,394
1034998.9000000004,Move,636,396
1035159.5999999996,Move,636,398
1035543.4000000004,Released,636,398
1035594.1999999993,Released,940,673
