resolution:1536,864
56407.800000000745,Pressed,0.251953125,0.4988425925925926
56679.60000000149,Move,0.2571614583333333,0.49074074074074076
56692.20000000298,Move,0.2610677083333333,0.4861111111111111
56705,Move,0.2662760416666667,0.4791666666666667
56720.300000000745,Move,0.271484375,0.4722222222222222
56740.10000000149,Move,0.2805989583333333,0.46064814814814814
56754.60000000149,Move,0.2884114583333333,0.4513888888888889
56775.60000000149,Move,0.2962239583333333,0.44212962962962965
56789.900000002235,Move,0.3001302083333333,0.4351851851851852
56803.10000000149,Move,0.306640625,0.42824074074074076
56824.400000002235,Move,0.314453125,0.4166666666666667
56838.5,Move,0.3209635416666667,0.4074074074074074
56852.5,Move,0.3274739583333333,0.39814814814814814
56874.20000000298,Move,0.3352864583333333,0.38657407407407407
56886.400000002235,Move,0.3391927083333333,0.3819444444444444
56894.20000000298,Move,0.3430989583333333,0.3773148148148148
56970.900000002235,Move,0.341796875,0.3773148148148148
57018.5,Move,0.341796875,0.37962962962962965
57041.60000000149,Move,0.341796875,0.3819444444444444
57063.10000000149,Move,0.3404947916666667,0.38425925925925924
57087.10000000149,Move,0.3404947916666667,0.38657407407407407
57110.5,Move,0.3404947916666667,0.38657407407407407
57179.10000000149,Move,0.3391927083333333,0.38657407407407407
57201.60000000149,Move,0.3391927083333333,0.38425925925925924
57206.900000002235,Move,0.3404947916666667,0.38425925925925924
57221.900000002235,Move,0.3404947916666667,0.3819444444444444
57228.300000000745,Move,0.3404947916666667,0.3819444444444444
57256,Move,0.3404947916666667,0.37962962962962965
57271.5,Move,0.3404947916666667,0.375
57291.300000000745,Move,0.3391927083333333,0.36574074074074076
57306,Move,0.337890625,0.3541666666666667
57321.20000000298,Move,0.337890625,0.3449074074074074
57340.900000002235,Move,0.3352864583333333,0.31712962962962965
57356.10000000149,Move,0.3326822916666667,0.2986111111111111
57375.70000000298,Move,0.3287760416666667,0.2824074074074074
57389.70000000298,Move,0.3274739583333333,0.27546296296296297
57404.70000000298,Move,0.3274739583333333,0.27314814814814814
57410.400000002235,Move,0.3274739583333333,0.2708333333333333
57439.20000000298,Move,0.326171875,0.2708333333333333
57453.300000000745,Move,0.326171875,0.26851851851851855
57473.60000000149,Move,0.326171875,0.26851851851851855
57488.60000000149,Move,0.3248697916666667,0.2662037037037037
57508.60000000149,Move,0.3235677083333333,0.26157407407407407
57515.800000000745,Move,0.3235677083333333,0.26157407407407407
57603.5,Move,0.3235677083333333,0.26157407407407407
57669.900000002235,Move,0.322265625,0.26157407407407407
57692.20000000298,Move,0.322265625,0.2638888888888889
57736,Move,0.3209635416666667,0.2638888888888889
57758.300000000745,Move,0.3196614583333333,0.2662037037037037
57780.10000000149,Move,0.318359375,0.2662037037037037
57802.300000000745,Move,0.3209635416666667,0.2638888888888889
57818.300000000745,Move,0.3209635416666667,0.2638888888888889
57831.300000000745,Move,0.322265625,0.2638888888888889
57837,Move,0.3235677083333333,0.2638888888888889
57851.800000000745,Move,0.3274739583333333,0.26157407407407407
57873,Move,0.333984375,0.25925925925925924
57887.60000000149,Move,0.3404947916666667,0.25462962962962965
57908.20000000298,Move,0.3509114583333333,0.25
57921.20000000298,Move,0.3587239583333333,0.24305555555555555
57941,Move,0.3704427083333333,0.2337962962962963
57948.70000000298,Move,0.3756510416666667,0.22916666666666666
57969.70000000298,Move,0.3873697916666667,0.2199074074074074
57985.5,Move,0.3951822916666667,0.21064814814814814
58006.400000002235,Move,0.4069010416666667,0.2013888888888889
58019.800000000745,Move,0.4147135416666667,0.19444444444444445
58039.900000002235,Move,0.4264322916666667,0.18287037037037038
58053.900000002235,Move,0.4342447916666667,0.17824074074074073
58074.5,Move,0.4459635416666667,0.1712962962962963
58089.400000002235,Move,0.4615885416666667,0.16898148148148148
58103.5,Move,0.4811197916666667,0.1712962962962963
58117.20000000298,Move,0.501953125,0.1712962962962963
58177,Move,0.6334635416666666,0.1550925925925926
58179.900000002235,Move,0.638671875,0.1550925925925926
58230.5,Move,0.638671875,0.1550925925925926
58258.400000002235,Move,0.6373697916666666,0.1550925925925926
58272.300000000745,Move,0.6373697916666666,0.1574074074074074
58286.60000000149,Move,0.6360677083333334,0.1574074074074074
58294.5,Move,0.6360677083333334,0.1574074074074074
58323.20000000298,Move,0.634765625,0.1574074074074074
58342.70000000298,Move,0.6334635416666666,0.1597222222222222
58349.5,Move,0.6334635416666666,0.16203703703703703
58427.10000000149,Move,0.6204427083333334,0.16898148148148148
58440,Move,0.6139322916666666,0.1736111111111111
58454.70000000298,Move,0.6061197916666666,0.18055555555555555
58470.60000000149,Move,0.595703125,0.18981481481481483
58490.20000000298,Move,0.5826822916666666,0.19907407407407407
58504.800000000745,Move,0.5696614583333334,0.20601851851851852
58521.20000000298,Move,0.560546875,0.21064814814814814
58540.400000002235,Move,0.5436197916666666,0.2175925925925926
58553.70000000298,Move,0.5319010416666666,0.2222222222222222
58569.60000000149,Move,0.517578125,0.22916666666666666
58589.10000000149,Move,0.4993489583333333,0.23842592592592593
58603.10000000149,Move,0.4850260416666667,0.24537037037037038
58624,Move,0.4720052083333333,0.2569444444444444
58638.5,Move,0.4615885416666667,0.2662037037037037
58652.900000002235,Move,0.455078125,0.27314814814814814
58673.20000000298,Move,0.4407552083333333,0.2916666666666667
58688.300000000745,Move,0.4303385416666667,0.30787037037037035
58708.900000002235,Move,0.4173177083333333,0.33101851851851855
58723.10000000149,Move,0.408203125,0.3449074074074074
58737.900000002235,Move,0.3990885416666667,0.36342592592592593
58758,Move,0.3860677083333333,0.39351851851851855
58771.5,Move,0.3756510416666667,0.41435185185185186
58786.800000000745,Move,0.365234375,0.4305555555555556
58807.300000000745,Move,0.353515625,0.44675925925925924
58821.400000002235,Move,0.345703125,0.45601851851851855
58842.10000000149,Move,0.3326822916666667,0.4699074074074074
58870.800000000745,Move,0.3313802083333333,0.4699074074074074
58907.70000000298,Move,0.330078125,0.4675925925925926
58921,Move,0.330078125,0.4652777777777778
58941.70000000298,Move,0.3274739583333333,0.46064814814814814
58956.300000000745,Move,0.326171875,0.4583333333333333
58970.20000000298,Move,0.3248697916666667,0.45601851851851855
58992.10000000149,Move,0.3235677083333333,0.4513888888888889
59005.10000000149,Move,0.322265625,0.44907407407407407
59024.900000002235,Move,0.3196614583333333,0.4444444444444444
59039.60000000149,Move,0.3170572916666667,0.4398148148148148
59056.10000000149,Move,0.314453125,0.4375
59075.20000000298,Move,0.3040364583333333,0.4212962962962963
59080.900000002235,Move,0.302734375,0.4212962962962963
59112.70000000298,Move,0.302734375,0.4212962962962963
59182.5,Move,0.3014322916666667,0.4236111111111111
59253.60000000149,Move,0.3014322916666667,0.4236111111111111
59288.70000000298,Move,0.3131510416666667,0.42824074074074076
59304.10000000149,Move,0.3313802083333333,0.4375
59324.60000000149,Move,0.3483072916666667,0.44675925925925924
59338.20000000298,Move,0.365234375,0.4583333333333333
59353.70000000298,Move,0.3782552083333333,0.4699074074074074
59373.800000000745,Move,0.4029947916666667,0.4930555555555556
59387.900000002235,Move,0.4212239583333333,0.5092592592592593
59401.400000002235,Move,0.4342447916666667,0.5208333333333334
59422.300000000745,Move,0.4615885416666667,0.5393518518518519
59437.10000000149,Move,0.4733072916666667,0.5462962962962963
59457,Move,0.4993489583333333,0.5578703703703703
59472.20000000298,Move,0.5123697916666666,0.5601851851851852
59486.5,Move,0.5319010416666666,0.5625
59507.10000000149,Move,0.564453125,0.5648148148148148
59520.900000002235,Move,0.583984375,0.5625
59541.70000000298,Move,0.6126302083333334,0.5601851851851852
59557,Move,0.6412760416666666,0.5532407407407407
59570.300000000745,Move,0.6634114583333334,0.5486111111111112
59590.70000000298,Move,0.7024739583333334,0.5486111111111112
59606.20000000298,Move,0.716796875,0.5486111111111112
59624.60000000149,Move,0.7428385416666666,0.5532407407407407
59639.900000002235,Move,0.7571614583333334,0.5578703703703703
59645.400000002235,Move,0.767578125,0.5601851851851852
59721.20000000298,Move,0.7662760416666666,0.5625
59727.5,Move,0.7649739583333334,0.5648148148148148
59736.800000000745,Move,0.7649739583333334,0.5671296296296297
59756.10000000149,Move,0.7623697916666666,0.5740740740740741
59771.300000000745,Move,0.7610677083333334,0.5810185185185185
59791.400000002235,Move,0.7584635416666666,0.5902777777777778
59804.900000002235,Move,0.7571614583333334,0.5949074074074074
59819,Move,0.7545572916666666,0.5995370370370371
59840.70000000298,Move,0.7506510416666666,0.6018518518518519
59854,Move,0.7493489583333334,0.6041666666666666
59874.70000000298,Move,0.7454427083333334,0.6087962962962963
59889.10000000149,Move,0.7428385416666666,0.6134259259259259
59903.5,Move,0.7415364583333334,0.6157407407407407
60074.60000000149,Move,0.7389322916666666,0.6157407407407407
60165.20000000298,Move,0.7389322916666666,0.6157407407407407
60256.60000000149,Move,0.7376302083333334,0.6134259259259259
60265.10000000149,Move,0.7376302083333334,0.6111111111111112
60270.5,Move,0.7376302083333334,0.6111111111111112
60291.70000000298,Move,0.7350260416666666,0.6041666666666666
60305.70000000298,Move,0.7337239583333334,0.5949074074074074
60320.10000000149,Move,0.7311197916666666,0.5925925925925926
60341,Move,0.7298177083333334,0.5879629629629629
60354.800000000745,Move,0.7272135416666666,0.5787037037037037
60375.20000000298,Move,0.724609375,0.5694444444444444
60389.60000000149,Move,0.724609375,0.5671296296296297
60404.5,Move,0.7220052083333334,0.5625
60424,Move,0.7180989583333334,0.5486111111111112
60437.60000000149,Move,0.7141927083333334,0.5347222222222222
60459.300000000745,Move,0.7063802083333334,0.5115740740740741
60472.70000000298,Move,0.701171875,0.49537037037037035
60492.60000000149,Move,0.693359375,0.4675925925925926
60508.10000000149,Move,0.6881510416666666,0.4513888888888889
60521.5,Move,0.6829427083333334,0.4351851851851852
60542.60000000149,Move,0.6751302083333334,0.4097222222222222
60557.5,Move,0.669921875,0.39351851851851855
60573,Move,0.662109375,0.36574074074074076
60585.800000000745,Move,0.658203125,0.33796296296296297
60606.900000002235,Move,0.650390625,0.2708333333333333
60620.5,Move,0.6438802083333334,0.2222222222222222
60640.10000000149,Move,0.6360677083333334,0.18055555555555555
60654.70000000298,Move,0.6334635416666666,0.16898148148148148
60671,Move,0.6295572916666666,0.14814814814814814
60676.900000002235,Move,0.6295572916666666,0.14583333333333334
60766.400000002235,Move,0.6282552083333334,0.14814814814814814
60773.60000000149,Move,0.6295572916666666,0.14814814814814814
60783.20000000298,Move,0.6295572916666666,0.14814814814814814
60796.20000000298,Move,0.6295572916666666,0.15046296296296297
60823.10000000149,Move,0.6295572916666666,0.1527777777777778
60837.300000000745,Move,0.6295572916666666,0.1550925925925926
60857.800000000745,Move,0.6282552083333334,0.1574074074074074
60871.900000002235,Move,0.6282552083333334,0.1597222222222222
60877.800000000745,Move,0.6282552083333334,0.1597222222222222
60905.60000000149,Move,0.626953125,0.16435185185185186
60921,Move,0.626953125,0.16898148148148148
60941.60000000149,Move,0.626953125,0.17824074074074073
60957.800000000745,Move,0.623046875,0.19907407407407407
60971.5,Move,0.6217447916666666,0.20833333333333334
60991.400000002235,Move,0.619140625,0.2222222222222222
61006.900000002235,Move,0.615234375,0.2361111111111111
61021,Move,0.6126302083333334,0.24537037037037038
61039.800000000745,Move,0.6061197916666666,0.2662037037037037
61054.20000000298,Move,0.603515625,0.2777777777777778
61069.60000000149,Move,0.5983072916666666,0.29398148148148145
61089.5,Move,0.5930989583333334,0.3125
61103.400000002235,Move,0.5891927083333334,0.33101851851851855
61118,Move,0.5865885416666666,0.3402777777777778
61139.900000002235,Move,0.583984375,0.35648148148148145
61153.20000000298,Move,0.5826822916666666,0.3680555555555556
61173.5,Move,0.5813802083333334,0.38425925925925924
61187.5,Move,0.580078125,0.3958333333333333
61208.900000002235,Move,0.580078125,0.4236111111111111
61222.70000000298,Move,0.580078125,0.43287037037037035
61242.70000000298,Move,0.580078125,0.44907407407407407
61257.60000000149,Move,0.580078125,0.4675925925925926
61271.20000000298,Move,0.5813802083333334,0.4791666666666667
61287.10000000149,Move,0.5826822916666666,0.4976851851851852
61307.400000002235,Move,0.5826822916666666,0.5162037037037037
61321.20000000298,Move,0.5813802083333334,0.5254629629629629
61334.300000000745,Move,0.5813802083333334,0.5393518518518519
61355.70000000298,Move,0.5787760416666666,0.5555555555555556
61362.5,Move,0.5787760416666666,0.5601851851851852
61454.60000000149,Move,0.580078125,0.5601851851851852
61469.10000000149,Move,0.580078125,0.5601851851851852
61478.300000000745,Move,0.5813802083333334,0.5601851851851852
61491.10000000149,Move,0.5826822916666666,0.5601851851851852
61504.900000002235,Move,0.583984375,0.5578703703703703
61524.70000000298,Move,0.5852864583333334,0.5578703703703703
61540.400000002235,Move,0.5865885416666666,0.5555555555555556
61546.300000000745,Move,0.587890625,0.5555555555555556
61574.400000002235,Move,0.5891927083333334,0.5532407407407407
61587.5,Move,0.5904947916666666,0.5509259259259259
61595.800000000745,Move,0.591796875,0.5509259259259259
61623.800000000745,Move,0.5657552083333334,0.5462962962962963
61638,Move,0.556640625,0.5439814814814815
61659.5,Move,0.537109375,0.5370370370370371
61673.10000000149,Move,0.525390625,0.5324074074074074
61686.900000002235,Move,0.5110677083333334,0.5254629629629629
61709,Move,0.486328125,0.5138888888888888
61721.800000000745,Move,0.474609375,0.5092592592592593
61737.300000000745,Move,0.4602864583333333,0.5046296296296297
61757.900000002235,Move,0.439453125,0.4976851851851852
61772.400000002235,Move,0.4251302083333333,0.49537037037037035
61791.10000000149,Move,0.408203125,0.4930555555555556
61806.5,Move,0.3938802083333333,0.4930555555555556
61820.900000002235,Move,0.3782552083333333,0.49074074074074076
61840.300000000745,Move,0.3522135416666667,0.49074074074074076
61856.20000000298,Move,0.337890625,0.4930555555555556
61876.10000000149,Move,0.310546875,0.49537037037037035
61890.60000000149,Move,0.294921875,0.4976851851851852
61905.400000002235,Move,0.275390625,0.4976851851851852
61918.800000000745,Move,0.2584635416666667,0.4976851851851852
61940,Move,0.240234375,0.49537037037037035
61953.800000000745,Move,0.23111979166666666,0.49537037037037035
61967.10000000149,Move,0.21419270833333334,0.4930555555555556
62083.70000000298,Move,0.21419270833333334,0.4930555555555556
62099.300000000745,Move,0.21549479166666666,0.4930555555555556
62106.300000000745,Move,0.21549479166666666,0.49074074074074076
62119.900000002235,Move,0.21549479166666666,0.49074074074074076
62140.400000002235,Move,0.21809895833333334,0.4930555555555556
62154.20000000298,Move,0.21940104166666666,0.4930555555555556
62170.10000000149,Move,0.21940104166666666,0.4930555555555556
62182.5,Move,0.220703125,0.4930555555555556
62203.70000000298,Move,0.22330729166666666,0.49537037037037035
62226.20000000298,Move,0.22591145833333334,0.49537037037037035
62239.20000000298,Move,0.22981770833333334,0.4976851851851852
62254.70000000298,Move,0.23502604166666666,0.49537037037037035
62269.5,Move,0.240234375,0.49074074074074076
62290,Move,0.279296875,0.47453703703703703
62303.5,Move,0.298828125,0.4675925925925926
62324.400000002235,Move,0.3430989583333333,0.4513888888888889
62339.300000000745,Move,0.365234375,0.44212962962962965
62353.800000000745,Move,0.3912760416666667,0.43287037037037035
62372.900000002235,Move,0.4368489583333333,0.41203703703703703
62389.400000002235,Move,0.4576822916666667,0.4050925925925926
62403.70000000298,Move,0.4811197916666667,0.39351851851851855
62423.800000000745,Move,0.544921875,0.36574074074074076
62438.60000000149,Move,0.5852864583333334,0.3472222222222222
62457.10000000149,Move,0.6412760416666666,0.32175925925925924
62471.20000000298,Move,0.666015625,0.3101851851851852
62492.20000000298,Move,0.7024739583333334,0.29398148148148145
62505.900000002235,Move,0.7141927083333334,0.28935185185185186
62520.300000000745,Move,0.720703125,0.28703703703703703
62541.5,Move,0.724609375,0.2824074074074074
62555.60000000149,Move,0.728515625,0.2824074074074074
62572.400000002235,Move,0.732421875,0.2800925925925926
62591.20000000298,Move,0.736328125,0.2800925925925926
62605.10000000149,Move,0.736328125,0.2800925925925926
62618.300000000745,Move,0.740234375,0.2777777777777778
62682.900000002235,Move,0.7389322916666666,0.2777777777777778
62704.400000002235,Move,0.740234375,0.2777777777777778
62710.900000002235,Move,0.740234375,0.2777777777777778
62725.900000002235,Move,0.740234375,0.27546296296296297
62739.900000002235,Move,0.740234375,0.27314814814814814
62753.800000000745,Move,0.740234375,0.26851851851851855
62774.70000000298,Move,0.7389322916666666,0.26157407407407407
62791.10000000149,Move,0.7389322916666666,0.25925925925925924
62803.300000000745,Move,0.7389322916666666,0.25462962962962965
62823.400000002235,Move,0.7376302083333334,0.25
62837.300000000745,Move,0.736328125,0.24537037037037038
62852.5,Move,0.7350260416666666,0.2361111111111111
62873.300000000745,Move,0.732421875,0.2222222222222222
62888.400000002235,Move,0.7298177083333334,0.2037037037037037
62893.70000000298,Move,0.7298177083333334,0.19907407407407407
62990,Move,0.7311197916666666,0.19907407407407407
63087.300000000745,Move,0.732421875,0.19907407407407407
63264.400000002235,Move,0.7154947916666666,0.2037037037037037
63273.400000002235,Move,0.705078125,0.2037037037037037
63279.10000000149,Move,0.6920572916666666,0.20601851851851852
63299.800000000745,Move,0.6647135416666666,0.2037037037037037
63312.20000000298,Move,0.6360677083333334,0.19907407407407407
63334.300000000745,Move,0.599609375,0.19212962962962962
63349.10000000149,Move,0.5696614583333334,0.18518518518518517
63363.20000000298,Move,0.541015625,0.18055555555555555
63383.60000000149,Move,0.4954427083333333,0.1736111111111111
63397.800000000745,Move,0.4772135416666667,0.1736111111111111
63412.5,Move,0.4563802083333333,0.17592592592592593
63434.60000000149,Move,0.4303385416666667,0.18287037037037038
63448.20000000298,Move,0.4095052083333333,0.19212962962962962
63467.300000000745,Move,0.376953125,0.2175925925925926
63482.10000000149,Move,0.365234375,0.22916666666666666
63501.300000000745,Move,0.3444010416666667,0.2638888888888889
63516,Move,0.330078125,0.2824074074074074
63530.400000002235,Move,0.3118489583333333,0.2986111111111111
63551.20000000298,Move,0.2845052083333333,0.3148148148148148
63565,Move,0.2662760416666667,0.32175925925925924
63580.20000000298,Move,0.251953125,0.32407407407407407
63585.5,Move,0.23893229166666666,0.3287037037037037
63619.20000000298,Move,0.240234375,0.32407407407407407
63634.5,Move,0.240234375,0.3194444444444444
63649,Move,0.24153645833333334,0.3148148148148148
63663.800000000745,Move,0.24153645833333334,0.30787037037037035
63682.5,Move,0.24283854166666666,0.2986111111111111
63697.20000000298,Move,0.24283854166666666,0.29398148148148145
63717.800000000745,Move,0.244140625,0.28703703703703703
63732.5,Move,0.244140625,0.2824074074074074
63748.300000000745,Move,0.24544270833333334,0.2800925925925926
63767.5,Move,0.24544270833333334,0.2708333333333333
63782.60000000149,Move,0.24674479166666666,0.2662037037037037
63795.60000000149,Move,0.24674479166666666,0.2638888888888889
63836.300000000745,Move,0.24544270833333334,0.2638888888888889
63900.20000000298,Move,0.24544270833333334,0.2638888888888889
63957.70000000298,Move,0.244140625,0.2638888888888889
64022.300000000745,Move,0.244140625,0.2638888888888889
64037.900000002235,Move,0.24283854166666666,0.2662037037037037
64051.20000000298,Move,0.24153645833333334,0.26851851851851855
64065.20000000298,Move,0.240234375,0.27314814814814814
64080.20000000298,Move,0.23893229166666666,0.2777777777777778
64100.5,Move,0.236328125,0.2847222222222222
64114.20000000298,Move,0.23372395833333334,0.28935185185185186
64134.300000000745,Move,0.23111979166666666,0.29398148148148145
64148.70000000298,Move,0.22981770833333334,0.29398148148148145
64163.900000002235,Move,0.22981770833333334,0.2962962962962963
64212.300000000745,Move,0.22981770833333334,0.2916666666666667
64234.400000002235,Move,0.228515625,0.2847222222222222
64248.60000000149,Move,0.22721354166666666,0.2777777777777778
64261.5,Move,0.22591145833333334,0.27314814814814814
64282.900000002235,Move,0.224609375,0.2638888888888889
64297.10000000149,Move,0.224609375,0.25925925925925924
64311.10000000149,Move,0.22330729166666666,0.25462962962962965
64332.900000002235,Move,0.22330729166666666,0.2523148148148148
64347.60000000149,Move,0.22330729166666666,0.24768518518518517
64366.20000000298,Move,0.22330729166666666,0.24305555555555555
64381.400000002235,Move,0.22330729166666666,0.23842592592592593
64396.900000002235,Move,0.22330729166666666,0.2337962962962963
64416.300000000745,Move,0.22200520833333334,0.22916666666666666
64429.400000002235,Move,0.22330729166666666,0.22916666666666666
64451.300000000745,Move,0.22330729166666666,0.22916666666666666
64464.900000002235,Move,0.22330729166666666,0.2337962962962963
64479.20000000298,Move,0.22330729166666666,0.23842592592592593
64499,Move,0.22330729166666666,0.25
64513.60000000149,Move,0.22330729166666666,0.2569444444444444
64534.10000000149,Move,0.22200520833333334,0.2708333333333333
64548.10000000149,Move,0.220703125,0.2800925925925926
64562.20000000298,Move,0.220703125,0.28703703703703703
64583.60000000149,Move,0.21940104166666666,0.30092592592592593
64598.300000000745,Move,0.21809895833333334,0.30787037037037035
64611.900000002235,Move,0.21940104166666666,0.3194444444444444
64632.10000000149,Move,0.22200520833333334,0.33564814814814814
64647.5,Move,0.224609375,0.35648148148148145
64667.300000000745,Move,0.23111979166666666,0.3888888888888889
64681.400000002235,Move,0.236328125,0.4305555555555556
64695.70000000298,Move,0.24153645833333334,0.4722222222222222
64701.900000002235,Move,0.24153645833333334,0.4791666666666667
64741.800000000745,Move,0.24153645833333334,0.48148148148148145
64802.60000000149,Move,0.24283854166666666,0.48148148148148145
64813.300000000745,Move,0.24283854166666666,0.4837962962962963
64832.900000002235,Move,0.24544270833333334,0.4861111111111111
64842.60000000149,Move,0.24674479166666666,0.49074074074074076
64862.60000000149,Move,0.24934895833333334,0.49537037037037035
64881.5,Move,0.2506510416666667,0.4976851851851852
64902.10000000149,Move,0.2506510416666667,0.49537037037037035
64911.5,Move,0.2506510416666667,0.4976851851851852
64942.900000002235,Move,0.251953125,0.4976851851851852
65199.900000002235,Released,0.251953125,0.4976851851851852
65266.20000000298,Released,0.4869791666666667,0.6331018518518519