resolution:1536,864
170665.80000000075,Pressed,0.4036458333333333,0.5393518518518519
170700.40000000224,Move,0.4036458333333333,0.5393518518518519
170714.80000000075,Move,0.4036458333333333,0.5393518518518519
170954.40000000224,Move,0.404296875,0.5416666666666666
170961,Move,0.404296875,0.5393518518518519
170975,Move,0.4055989583333333,0.5393518518518519
170997.1000000015,Move,0.4095052083333333,0.5416666666666666
171011.1000000015,Move,0.4108072916666667,0.5416666666666666
171024.30000000075,Move,0.4134114583333333,0.5439814814814815
171044.70000000298,Move,0.4173177083333333,0.5439814814814815
171059.20000000298,Move,0.4212239583333333,0.5439814814814815
171080.1000000015,Move,0.4303385416666667,0.5439814814814815
171094.70000000298,Move,0.4303385416666667,0.5439814814814815
171109.30000000075,Move,0.431640625,0.5439814814814815
171130.30000000075,Move,0.435546875,0.5439814814814815
171144.6000000015,Move,0.4381510416666667,0.5439814814814815
171157.6000000015,Move,0.4407552083333333,0.5439814814814815
171178.40000000224,Move,0.4446614583333333,0.5416666666666666
171191.6000000015,Move,0.4459635416666667,0.5416666666666666
171207.5,Move,0.451171875,0.5393518518518519
171228.70000000298,Move,0.462890625,0.5347222222222222
171242.90000000224,Move,0.466796875,0.5324074074074074
171251.1000000015,Move,0.466796875,0.5347222222222222
171278.80000000075,Move,0.470703125,0.5300925925925926
171292.5,Move,0.474609375,0.5254629629629629
171306.90000000224,Move,0.4811197916666667,0.5185185185185185
171327.80000000075,Move,0.4915364583333333,0.5092592592592593
171341.6000000015,Move,0.501953125,0.5
171361.30000000075,Move,0.5162760416666666,0.48842592592592593
171376.30000000075,Move,0.5266927083333334,0.4791666666666667
171392,Move,0.537109375,0.4699074074074074
171412.80000000075,Move,0.5514322916666666,0.45601851851851855
171426.5,Move,0.5618489583333334,0.44907407407407407
171446.40000000224,Move,0.576171875,0.4351851851851852
171461.40000000224,Move,0.5852864583333334,0.42592592592592593
171474.30000000075,Move,0.5930989583333334,0.4166666666666667
171495.5,Move,0.619140625,0.3912037037037037
171511.40000000224,Move,0.634765625,0.3726851851851852
171524.40000000224,Move,0.654296875,0.3541666666666667
171544.20000000298,Move,0.716796875,0.28935185185185186
171558.20000000298,Move,0.7376302083333334,0.26851851851851855
171593.80000000075,Move,0.7389322916666666,0.2708333333333333
171602.20000000298,Move,0.740234375,0.27314814814814814
171611.40000000224,Move,0.740234375,0.27314814814814814
171628.90000000224,Move,0.7415364583333334,0.27546296296296297
171643.20000000298,Move,0.744140625,0.2800925925925926
171659.1000000015,Move,0.7454427083333334,0.2824074074074074
171676.70000000298,Move,0.7467447916666666,0.2847222222222222
171690.70000000298,Move,0.7493489583333334,0.28703703703703703
171706.5,Move,0.7506510416666666,0.28935185185185186
171722.5,Move,0.751953125,0.2916666666666667
171746.6000000015,Move,0.7545572916666666,0.2962962962962963
171762.90000000224,Move,0.755859375,0.2986111111111111
171777.6000000015,Move,0.7571614583333334,0.30092592592592593
171794.1000000015,Move,0.7584635416666666,0.30092592592592593
171810.5,Move,0.7571614583333334,0.30324074074074076
171824.5,Move,0.7545572916666666,0.30324074074074076
171844.80000000075,Move,0.7415364583333334,0.3101851851851852
171860.1000000015,Move,0.7337239583333334,0.3148148148148148
171873.1000000015,Move,0.720703125,0.32407407407407407
171894.6000000015,Move,0.7063802083333334,0.3333333333333333
171908.20000000298,Move,0.6946614583333334,0.3425925925925926
171929.5,Move,0.6803385416666666,0.34953703703703703
171943.20000000298,Move,0.6725260416666666,0.34953703703703703
171957.1000000015,Move,0.6647135416666666,0.35185185185185186
171977.1000000015,Move,0.650390625,0.35185185185185186
171992.5,Move,0.6412760416666666,0.34953703703703703
172006.40000000224,Move,0.6334635416666666,0.34953703703703703
172026.70000000298,Move,0.6243489583333334,0.3472222222222222
172041.1000000015,Move,0.619140625,0.34953703703703703
172062,Move,0.615234375,0.34953703703703703
172076.20000000298,Move,0.615234375,0.34953703703703703
172090.70000000298,Move,0.6139322916666666,0.34953703703703703
172111,Move,0.6126302083333334,0.34953703703703703
172125.80000000075,Move,0.611328125,0.34953703703703703
172146,Move,0.6100260416666666,0.34953703703703703
172160.30000000075,Move,0.6100260416666666,0.34953703703703703
172253.6000000015,Move,0.6087239583333334,0.35185185185185186
172274.40000000224,Move,0.6087239583333334,0.35185185185185186
172294.20000000298,Move,0.607421875,0.35185185185185186
172314.90000000224,Move,0.607421875,0.35185185185185186
172335.5,Move,0.6061197916666666,0.35185185185185186
172353.80000000075,Move,0.6061197916666666,0.3541666666666667
172373,Move,0.6048177083333334,0.3541666666666667
172408.5,Move,0.6048177083333334,0.3541666666666667
172413.1000000015,Move,0.603515625,0.3541666666666667
172436.1000000015,Move,0.603515625,0.3541666666666667
172453.30000000075,Move,0.6022135416666666,0.3541666666666667
172473.70000000298,Move,0.6022135416666666,0.3541666666666667
172514.70000000298,Move,0.6022135416666666,0.3541666666666667
172522.1000000015,Move,0.603515625,0.3541666666666667
172537.40000000224,Move,0.6048177083333334,0.35185185185185186
172557.5,Move,0.6061197916666666,0.34953703703703703
172578.20000000298,Move,0.6087239583333334,0.3472222222222222
172592.30000000075,Move,0.6100260416666666,0.3425925925925926
172612.20000000298,Move,0.6139322916666666,0.3402777777777778
172627.5,Move,0.6165364583333334,0.33564814814814814
172642.5,Move,0.619140625,0.33101851851851855
172662.70000000298,Move,0.623046875,0.3263888888888889
172675.90000000224,Move,0.6256510416666666,0.32175925925925924
172696.6000000015,Move,0.6295572916666666,0.3148148148148148
172710.90000000224,Move,0.6321614583333334,0.3101851851851852
172725.80000000075,Move,0.634765625,0.3055555555555556
172745.70000000298,Move,0.638671875,0.30092592592592593
172759.20000000298,Move,0.6412760416666666,0.2962962962962963
172774.30000000075,Move,0.6438802083333334,0.2916666666666667
172794.30000000075,Move,0.6477864583333334,0.28703703703703703
172810,Move,0.6516927083333334,0.2824074074074074
172822.20000000298,Move,0.6569010416666666,0.27546296296296297
172843.5,Move,0.6686197916666666,0.2638888888888889
172863.6000000015,Move,0.6803385416666666,0.25462962962962965
172877.70000000298,Move,0.6920572916666666,0.24305555555555555
172892.40000000224,Move,0.708984375,0.22453703703703703
172912.90000000224,Move,0.7298177083333334,0.2013888888888889
172919.70000000298,Move,0.7311197916666666,0.2013888888888889
173003.1000000015,Move,0.7311197916666666,0.2013888888888889
173062.1000000015,Move,0.7311197916666666,0.2037037037037037
173176.5,Move,0.7311197916666666,0.20601851851851852
173235.6000000015,Move,0.7298177083333334,0.20601851851851852
173242.20000000298,Move,0.7298177083333334,0.20601851851851852
173262.90000000224,Move,0.7259114583333334,0.21296296296296297
173277.80000000075,Move,0.7220052083333334,0.2175925925925926
173291,Move,0.720703125,0.2199074074074074
173306.1000000015,Move,0.7154947916666666,0.22453703703703703
173328.6000000015,Move,0.7063802083333334,0.2361111111111111
173341.40000000224,Move,0.6907552083333334,0.2523148148148148
173361.20000000298,Move,0.654296875,0.2847222222222222
173377.90000000224,Move,0.6334635416666666,0.30324074074074076
173396.70000000298,Move,0.5709635416666666,0.36574074074074076
173410.70000000298,Move,0.5319010416666666,0.42592592592592593
173426.1000000015,Move,0.505859375,0.4837962962962963
173446.70000000298,Move,0.482421875,0.5416666666666666
173460.20000000298,Move,0.4772135416666667,0.5532407407407407
173474.5,Move,0.474609375,0.5578703703703703
173495.30000000075,Move,0.4720052083333333,0.5625
173509.30000000075,Move,0.470703125,0.5671296296296297
173529.70000000298,Move,0.4680989583333333,0.5694444444444444
173545,Move,0.4641927083333333,0.5763888888888888
173557.70000000298,Move,0.4563802083333333,0.5879629629629629
173578.40000000224,Move,0.451171875,0.5949074074074074
173643,Move,0.451171875,0.5949074074074074
173671.90000000224,Move,0.4498697916666667,0.5949074074074074
173693,Move,0.451171875,0.5995370370370371
173707.6000000015,Move,0.4498697916666667,0.5995370370370371
173728.20000000298,Move,0.4485677083333333,0.6018518518518519
173734.5,Move,0.447265625,0.6018518518518519
173762.90000000224,Move,0.4459635416666667,0.6041666666666666
173769.70000000298,Move,0.4446614583333333,0.6041666666666666
173790.90000000224,Move,0.443359375,0.6064814814814815
173812,Move,0.4381510416666667,0.6111111111111112
173827.90000000224,Move,0.435546875,0.6134259259259259
173840.1000000015,Move,0.4342447916666667,0.6087962962962963
173862.5,Move,0.4303385416666667,0.6041666666666666
173875.5,Move,0.4264322916666667,0.6018518518518519
173896,Move,0.416015625,0.5925925925925926
173910.20000000298,Move,0.3977864583333333,0.5763888888888888
173925.6000000015,Move,0.3795572916666667,0.5648148148148148
173945.30000000075,Move,0.322265625,0.5162037037037037
173960.6000000015,Move,0.2845052083333333,0.47453703703703703
173974.30000000075,Move,0.263671875,0.4537037037037037
173995.5,Move,0.259765625,0.44907407407407407
174008.90000000224,Move,0.2571614583333333,0.44907407407407407
174023.40000000224,Move,0.255859375,0.44675925925925924
174044.90000000224,Move,0.24674479166666666,0.4398148148148148
174059.1000000015,Move,0.24283854166666666,0.4375
174086.5,Move,0.244140625,0.4375
174094.90000000224,Move,0.244140625,0.4375
174111.5,Move,0.24544270833333334,0.4375
174127.20000000298,Move,0.24674479166666666,0.4375
174144.20000000298,Move,0.248046875,0.4398148148148148
174159.6000000015,Move,0.24934895833333334,0.4398148148148148
174176.40000000224,Move,0.2506510416666667,0.4398148148148148
174191.90000000224,Move,0.251953125,0.4398148148148148
174207.6000000015,Move,0.2532552083333333,0.4398148148148148
174223.20000000298,Move,0.2545572916666667,0.4398148148148148
174239.5,Move,0.255859375,0.4375
174263.6000000015,Move,0.2584635416666667,0.4375
174279.90000000224,Move,0.259765625,0.4375
174286.1000000015,Move,0.259765625,0.4375
174312.90000000224,Move,0.2623697916666667,0.4398148148148148
174327.40000000224,Move,0.263671875,0.4398148148148148
174341.40000000224,Move,0.2688802083333333,0.44212962962962965
174362,Move,0.2819010416666667,0.4513888888888889
174375.80000000075,Move,0.294921875,0.45601851851851855
174396.80000000075,Move,0.3196614583333333,0.46296296296296297
174411.90000000224,Move,0.3365885416666667,0.4675925925925926
174426.1000000015,Move,0.3548177083333333,0.4699074074074074
174446.1000000015,Move,0.3782552083333333,0.4791666666666667
174460.5,Move,0.3912760416666667,0.48842592592592593
174474.40000000224,Move,0.4016927083333333,0.5
174496.30000000075,Move,0.4290364583333333,0.5324074074074074
174509,Move,0.4498697916666667,0.5625
174523.40000000224,Move,0.486328125,0.6041666666666666
174711.30000000075,Move,0.560546875,0.6134259259259259
174717.80000000075,Move,0.560546875,0.6134259259259259
174740.1000000015,Move,0.560546875,0.6111111111111112
174760.5,Move,0.560546875,0.6111111111111112
174774.6000000015,Move,0.560546875,0.6087962962962963
174796.5,Move,0.5709635416666666,0.5995370370370371
174811.40000000224,Move,0.5787760416666666,0.5949074074074074
174830.1000000015,Move,0.5904947916666666,0.5879629629629629
174845.40000000224,Move,0.5983072916666666,0.5833333333333334
174859,Move,0.6061197916666666,0.5810185185185185
174874.40000000224,Move,0.615234375,0.5763888888888888
174893.80000000075,Move,0.630859375,0.5671296296296297
174908,Move,0.6373697916666666,0.5625
174929.5,Move,0.650390625,0.5532407407407407
174943.30000000075,Move,0.6595052083333334,0.5439814814814815
174957.40000000224,Move,0.6712239583333334,0.5324074074074074
174978,Move,0.6868489583333334,0.5138888888888888
174992.80000000075,Move,0.6985677083333334,0.5023148148148148
175013.30000000075,Move,0.7180989583333334,0.48148148148148145
175028.6000000015,Move,0.7298177083333334,0.4722222222222222
175041,Move,0.736328125,0.4652777777777778
175061.90000000224,Move,0.748046875,0.45601851851851855
175068.80000000075,Move,0.7532552083333334,0.4513888888888889
175179.20000000298,Move,0.7532552083333334,0.44675925925925924
175196.30000000075,Move,0.7532552083333334,0.44675925925925924
175202.6000000015,Move,0.7532552083333334,0.4444444444444444
175227.6000000015,Move,0.7532552083333334,0.4444444444444444
175243.1000000015,Move,0.7532552083333334,0.44212962962962965
175260.80000000075,Move,0.751953125,0.4398148148148148
175275.70000000298,Move,0.751953125,0.4375
175291.70000000298,Move,0.7506510416666666,0.4375
175308.5,Move,0.7506510416666666,0.43287037037037035
175323.70000000298,Move,0.7493489583333334,0.4305555555555556
175346.90000000224,Move,0.7493489583333334,0.42592592592592593
175362.90000000224,Move,0.748046875,0.4236111111111111
175371,Move,0.748046875,0.4212962962962963
175387.6000000015,Move,0.748046875,0.41898148148148145
175412,Move,0.7467447916666666,0.4212962962962963
175426.5,Move,0.7428385416666666,0.42824074074074076
175441.90000000224,Move,0.7311197916666666,0.4537037037037037
175460.80000000075,Move,0.716796875,0.5023148148148148
175475.40000000224,Move,0.7063802083333334,0.5324074074074074
175495.6000000015,Move,0.6881510416666666,0.5671296296296297
175510.6000000015,Move,0.669921875,0.5856481481481481
175524.20000000298,Move,0.646484375,0.6018518518518519
175943.30000000075,Move,0.5865885416666666,0.6134259259259259
175958.30000000075,Move,0.5826822916666666,0.6087962962962963
175979.70000000298,Move,0.5748697916666666,0.5972222222222222
175993.80000000075,Move,0.5709635416666666,0.5925925925925926
176013.90000000224,Move,0.5631510416666666,0.5810185185185185
176029.20000000298,Move,0.5592447916666666,0.5763888888888888
176043.40000000224,Move,0.5501302083333334,0.5671296296296297
176056.80000000075,Move,0.537109375,0.5532407407407407
176077.1000000015,Move,0.517578125,0.5347222222222222
176091.90000000224,Move,0.5045572916666666,0.5162037037037037
176112.90000000224,Move,0.4850260416666667,0.4837962962962963
176126.70000000298,Move,0.4615885416666667,0.4375
176146.90000000224,Move,0.396484375,0.30092592592592593
176160.5,Move,0.3665364583333333,0.24537037037037038
176176.90000000224,Move,0.353515625,0.22453703703703703
176182.90000000224,Move,0.349609375,0.2152777777777778
176221.80000000075,Move,0.3483072916666667,0.2152777777777778
176263.1000000015,Move,0.3483072916666667,0.21296296296296297
176278.30000000075,Move,0.3483072916666667,0.21064814814814814
176295.20000000298,Move,0.3483072916666667,0.20833333333333334
176311.1000000015,Move,0.3470052083333333,0.20601851851851852
176317.1000000015,Move,0.3470052083333333,0.20601851851851852
176342.90000000224,Move,0.3470052083333333,0.2037037037037037
176360.40000000224,Move,0.3470052083333333,0.2013888888888889
176366.6000000015,Move,0.3470052083333333,0.19907407407407407
176392.90000000224,Move,0.3470052083333333,0.19907407407407407
176407.30000000075,Move,0.3470052083333333,0.19675925925925927
176422.70000000298,Move,0.3470052083333333,0.19444444444444445
176445.6000000015,Move,0.3470052083333333,0.18981481481481483
176454.40000000224,Move,0.3470052083333333,0.1875
176477.90000000224,Move,0.3470052083333333,0.17824074074074073
176496.80000000075,Move,0.349609375,0.19907407407407407
176511.20000000298,Move,0.3522135416666667,0.2152777777777778
176523.80000000075,Move,0.353515625,0.2361111111111111
176545,Move,0.3548177083333333,0.25925925925925924
176558.6000000015,Move,0.3561197916666667,0.2800925925925926
176579.40000000224,Move,0.3587239583333333,0.3125
176593.1000000015,Move,0.361328125,0.3333333333333333
176613.40000000224,Move,0.3639322916666667,0.3587962962962963
176629,Move,0.3665364583333333,0.3773148148148148
176643,Move,0.3678385416666667,0.3912037037037037
176663.5,Move,0.373046875,0.4212962962962963
176678.90000000224,Move,0.376953125,0.4398148148148148
176692.20000000298,Move,0.3821614583333333,0.45601851851851855
176711.30000000075,Move,0.388671875,0.4837962962962963
176725.40000000224,Move,0.3938802083333333,0.5069444444444444
176741.1000000015,Move,0.396484375,0.5254629629629629
176761.40000000224,Move,0.400390625,0.5486111111111112
176775.70000000298,Move,0.4029947916666667,0.5601851851851852
176782,Move,0.404296875,0.5717592592592593
176892.5,Move,0.404296875,0.5694444444444444
176909.20000000298,Move,0.404296875,0.5671296296296297
176925.5,Move,0.404296875,0.5671296296296297
176941.90000000224,Move,0.404296875,0.5625
176956.90000000224,Move,0.4055989583333333,0.5601851851851852
176965.6000000015,Move,0.4055989583333333,0.5601851851851852
176997.20000000298,Move,0.4055989583333333,0.5555555555555556
177012.70000000298,Move,0.404296875,0.5532407407407407
177028.90000000224,Move,0.404296875,0.5509259259259259
177045.5,Move,0.404296875,0.5462962962962963
177061.1000000015,Move,0.404296875,0.5439814814814815
177076.90000000224,Move,0.404296875,0.5416666666666666
177084.5,Move,0.404296875,0.5416666666666666
177100.5,Move,0.404296875,0.5393518518518519
177341.70000000298,Released,0.404296875,0.5393518518518519
177390.5,Released,0.4869791666666667,0.6331018518518519