resolution:1920,1080
137865.90000000037,Pressed,893,314
137882.59999999963,Move,893,314
137893.69999999925,Move,893,314
138093.29999999888,Move,893,314
138109.90000000037,Move,893,314
138131,Move,896,313
138186.09999999963,Move,899,314
138541.5,Move,899,313
138746.09999999963,Move,904,312
138788.59999999963,Move,908,311
138839.19999999925,Move,910,311
138872.09999999963,Move,913,310
138912.69999999925,Move,915,310
139068.09999999963,Move,915,311
139420.19999999925,Move,916,311
139458.09999999963,Move,920,312
139497,Move,925,312
139536.40000000037,Move,927,312
139576,Move,928,313
139631.29999999888,Move,929,313
139657.90000000037,Move,930,314
139686,Move,931,314
139711.59999999963,Move,933,314
139793.59999999963,Move,934,314
139821,Move,936,315
139847.19999999925,Move,937,316
139875.90000000037,Move,938,316
139903,Move,940,317
139927.59999999963,Move,942,317
139955.90000000037,Move,944,318
140091.29999999888,Move,945,319
140134.5,Move,947,320
140177.59999999963,Move,948,320
140197.40000000037,Move,948,321
140220.40000000037,Move,949,322
140240.40000000037,Move,949,324
140260.40000000037,Move,951,326
140283,Move,954,328
140303.19999999925,Move,956,329
140323.79999999888,Move,958,329
140407.40000000037,Move,959,329
140501.19999999925,Move,960,330
140541.59999999963,Move,960,329
140561.29999999888,Move,961,330
140581.40000000037,Move,962,331
140601.69999999925,Move,964,329
140641.40000000037,Move,964,330
140681.09999999963,Move,964,331
140701.19999999925,Move,965,332
140761.79999999888,Move,967,334
140781.79999999888,Move,969,336
140802.09999999963,Move,971,340
140821.5,Move,973,342
140841.59999999963,Move,973,343
140882.19999999925,Move,973,344
140923,Move,974,345
140998.79999999888,Move,975,347
141023.79999999888,Move,977,349
141048.29999999888,Move,978,350
141147.5,Move,978,351
141198.29999999888,Move,979,351
141224.19999999925,Move,978,353
141247.79999999888,Move,979,354
141272.79999999888,Move,980,356
141299.19999999925,Move,981,358
141324.19999999925,Move,983,360
141349.29999999888,Move,985,362
141474.40000000037,Move,986,363
141551.5,Move,986,364
141588.90000000037,Move,986,365
141607.69999999925,Move,989,366
141627.09999999963,Move,989,368
141646.09999999963,Move,989,369
141665.59999999963,Move,989,371
141684.79999999888,Move,990,375
141705.19999999925,Move,992,378
141722.5,Move,992,380
141741.79999999888,Move,993,381
141760.79999999888,Move,993,382
141855.19999999925,Move,993,383
141913.69999999925,Move,994,384
141965.29999999888,Move,993,383
142070,Move,993,384
142121.19999999925,Move,994,385
142174.09999999963,Move,995,386
142226,Move,995,387
142338.79999999888,Move,994,386
142381.90000000037,Move,994,387
142435.19999999925,Move,995,388
142485.59999999963,Move,996,389
142537.79999999888,Move,996,392
142590.69999999925,Move,997,394
142650.19999999925,Move,997,395
142693.19999999925,Move,998,396
142745.5,Move,998,398
142797.90000000037,Move,999,401
142851.40000000037,Move,999,403
142901.40000000037,Move,1000,404
142953.09999999963,Move,1000,405
143005.59999999963,Move,1001,405
143276.79999999888,Move,1000,405
143471.79999999888,Move,998,405
143818.09999999963,Move,997,407
143903.69999999925,Move,997,408
143990.29999999888,Move,997,409
144076.90000000037,Move,998,410
144163,Move,998,411
144247.79999999888,Move,998,412
144334.09999999963,Move,998,413
144420.09999999963,Move,998,414
144506.5,Move,998,415
144593.5,Move,998,416
144678.79999999888,Move,998,417
144765.09999999963,Move,998,418
144850.5,Move,997,419
144937,Move,997,420
145022.29999999888,Move,997,421
145109,Move,996,422
145194,Move,996,423
145452.40000000037,Move,996,424
145539.19999999925,Move,996,425
145624.40000000037,Move,996,426
145710.59999999963,Move,996,427
145899.09999999963,Move,997,427
146031.29999999888,Move,999,427
146298.79999999888,Move,998,428
146316.29999999888,Move,998,429
146351,Move,998,431
146366.5,Move,999,434
146385,Move,999,436
146400.59999999963,Move,999,437
146435.29999999888,Move,998,436
146503.90000000037,Move,998,438
146521.09999999963,Move,998,439
146537.29999999888,Move,998,440
146555.5,Move,998,441
146573.09999999963,Move,998,443
146588.09999999963,Move,998,446
146604.90000000037,Move,998,448
146621.69999999925,Move,998,449
146638.59999999963,Move,998,450
146707.69999999925,Move,997,451
146744.09999999963,Move,999,453
146761.79999999888,Move,998,454
146780,Move,997,456
146798.69999999925,Move,996,457
146816.40000000037,Move,995,457
146835.5,Move,995,458
146870,Move,995,459
146888.09999999963,Move,994,460
146907.40000000037,Move,994,462
146924.59999999963,Move,993,463
146942.79999999888,Move,993,464
146961.79999999888,Move,993,466
146979.09999999963,Move,993,468
146996.09999999963,Move,993,470
147013.90000000037,Move,993,471
147104.59999999963,Move,992,469
147144.40000000037,Move,992,470
147181.59999999963,Move,991,470
147199.79999999888,Move,991,471
147218.40000000037,Move,990,472
147238,Move,990,473
147257.5,Move,989,475
147276.09999999963,Move,988,477
147295.29999999888,Move,987,481
147313.90000000037,Move,986,484
147333.19999999925,Move,985,487
147352.19999999925,Move,985,488
147409.19999999925,Move,985,489
147466.79999999888,Move,985,490
147504.90000000037,Move,984,491
147525.40000000037,Move,983,492
147545.79999999888,Move,983,493
147565.69999999925,Move,984,495
147585.19999999925,Move,983,496
147607.19999999925,Move,982,497
147625.59999999963,Move,981,498
147646.90000000037,Move,981,499
147665.40000000037,Move,980,499
147685.29999999888,Move,980,500
147704.79999999888,Move,979,500
147724.59999999963,Move,978,501
147744.5,Move,978,502
147764.5,Move,977,502
147784.40000000037,Move,977,503
147804.29999999888,Move,976,504
147824.09999999963,Move,976,505
147843.69999999925,Move,975,505
147865.29999999888,Move,974,506
147904.59999999963,Move,973,507
147933.09999999963,Move,972,508
147959.79999999888,Move,972,509
147985.40000000037,Move,971,510
148013.09999999963,Move,970,511
148039.40000000037,Move,970,512
148067,Move,969,512
148093.90000000037,Move,968,513
148121.19999999925,Move,968,514
148147,Move,969,513
148174,Move,968,514
148201.79999999888,Move,966,515
148229.19999999925,Move,965,515
148255.5,Move,964,516
148337.40000000037,Move,963,517
148365.5,Move,962,518
148391.69999999925,Move,961,518
148419.09999999963,Move,960,519
148445.29999999888,Move,959,520
148490.69999999925,Move,958,521
148518.29999999888,Move,955,522
148535.19999999925,Move,954,522
148563.79999999888,Move,954,523
148622.40000000037,Move,953,523
148672.5,Move,953,524
148690.5,Move,951,524
148710.5,Move,949,526
148732.79999999888,Move,946,527
148754.69999999925,Move,945,528
148843,Move,944,529
148887.5,Move,944,527
148909.90000000037,Move,944,529
148935.29999999888,Move,943,529
148953.5,Move,942,529
148998,Move,941,528
149027.5,Move,939,528
149041.29999999888,Move,937,528
149063.79999999888,Move,936,528
149086.09999999963,Move,934,528
149120.90000000037,Move,932,529
149128.79999999888,Move,930,529
149151.69999999925,Move,929,530
149195.79999999888,Move,928,530
149238.09999999963,Move,927,529
149327.69999999925,Move,926,529
149349.59999999963,Move,925,529
149371.90000000037,Move,923,529
149398.09999999963,Move,921,529
149414.79999999888,Move,918,528
149436.90000000037,Move,915,528
149460.40000000037,Move,913,528
149491.69999999925,Move,912,528
149570.29999999888,Move,911,528
149648.79999999888,Move,910,527
149698.90000000037,Move,909,527
149723.90000000037,Move,907,526
149775.40000000037,Move,906,526
149823.79999999888,Move,905,525
149849,Move,903,524
149875.29999999888,Move,901,524
149900,Move,900,523
149924.09999999963,Move,899,524
149948.90000000037,Move,898,523
149975.40000000037,Move,896,522
150000.59999999963,Move,895,521
150100.29999999888,Move,894,520
150147.90000000037,Move,893,520
150171.79999999888,Move,892,519
150195.69999999925,Move,891,518
150221.29999999888,Move,890,518
150244.40000000037,Move,890,517
150292.69999999925,Move,889,517
150317.59999999963,Move,889,516
150339,Move,887,515
150364,Move,886,514
150390.5,Move,885,513
150412.5,Move,884,512
150438.19999999925,Move,882,511
150459.69999999925,Move,880,511
150484.19999999925,Move,879,510
150581.09999999963,Move,876,511
150601.69999999925,Move,876,510
150621.5,Move,875,510
150641.79999999888,Move,874,508
150664,Move,873,507
150701.69999999925,Move,872,506
150741.40000000037,Move,872,505
150761.69999999925,Move,870,504
150781.5,Move,869,502
150801.59999999963,Move,868,501
150841.5,Move,867,500
150862.29999999888,Move,865,498
150882.09999999963,Move,865,497
150921.90000000037,Move,865,496
150982.09999999963,Move,864,494
151017,Move,863,491
151215.19999999925,Move,862,491
151545,Move,861,490
151576.69999999925,Move,860,488
151611.29999999888,Move,857,483
151644.19999999925,Move,855,480
151675.40000000037,Move,854,478
151710.59999999963,Move,852,475
151734.09999999963,Move,851,475
151803.69999999925,Move,851,474
151826.79999999888,Move,850,474
151850.19999999925,Move,850,473
151873.69999999925,Move,848,471
151895.59999999963,Move,848,470
151920.40000000037,Move,847,469
151946.79999999888,Move,847,467
151964.69999999925,Move,845,463
151987.5,Move,845,460
152010.19999999925,Move,844,458
152032.59999999963,Move,844,457
152080.29999999888,Move,845,457
152240.5,Move,844,456
152274.5,Move,844,455
152291.59999999963,Move,844,454
152310.90000000037,Move,843,451
152327.79999999888,Move,842,450
152360.40000000037,Move,842,449
152395.29999999888,Move,841,450
152410.79999999888,Move,842,449
152428.09999999963,Move,842,447
152445.69999999925,Move,841,445
152462.59999999963,Move,841,444
152481.29999999888,Move,841,443
152496.29999999888,Move,841,441
152513.90000000037,Move,841,440
152531,Move,840,437
152546.69999999925,Move,840,436
152598.79999999888,Move,840,435
152633.69999999925,Move,839,433
152656.90000000037,Move,839,432
152679.90000000037,Move,839,431
152703.69999999925,Move,839,430
152726.29999999888,Move,839,426
152749.09999999963,Move,838,427
152771.5,Move,838,426
152865.90000000037,Move,838,425
152933,Move,838,424
152955.59999999963,Move,839,423
152978.79999999888,Move,839,421
153003.09999999963,Move,839,418
153026.40000000037,Move,839,415
153048.59999999963,Move,838,414
153071.79999999888,Move,839,414
153118.5,Move,839,413
153164.40000000037,Move,840,414
153180.69999999925,Move,840,413
153198.09999999963,Move,841,413
153214,Move,842,413
153228.79999999888,Move,842,411
153244.5,Move,842,410
153260.09999999963,Move,841,410
153276.29999999888,Move,841,409
153292.29999999888,Move,839,409
153309,Move,839,408
153326.5,Move,839,407
153342.40000000037,Move,839,405
153358.5,Move,840,403
153371.79999999888,Move,840,401
153388.19999999925,Move,840,400
153404.59999999963,Move,840,399
153437.79999999888,Move,841,395
153453.29999999888,Move,841,393
153469.69999999925,Move,841,392
153484.19999999925,Move,841,391
153517.19999999925,Move,841,390
153550.09999999963,Move,842,389
153670.5,Move,842,388
153789.69999999925,Move,843,387
153908.09999999963,Move,843,385
154027.79999999888,Move,843,383
154384.19999999925,Move,841,381
154742.09999999963,Move,841,380
154860.40000000037,Move,842,380
155097.90000000037,Move,842,378
155217.5,Move,842,376
155336.90000000037,Move,843,372
155455,Move,843,370
156182,Move,844,370
156365.09999999963,Move,846,370
156729.90000000037,Move,847,368
156751.19999999925,Move,848,365
156862.79999999888,Move,849,365
157082.19999999925,Move,849,364
157104.29999999888,Move,850,363
157125.69999999925,Move,852,358
157148.79999999888,Move,854,354
157171.69999999925,Move,855,352
157203.09999999963,Move,856,351
157252.90000000037,Move,857,350
157277.19999999925,Move,858,348
157302.29999999888,Move,860,347
157378.19999999925,Move,860,346
157477.79999999888,Move,861,345
157503.29999999888,Move,861,344
157529.29999999888,Move,863,342
157552.90000000037,Move,864,339
157577.69999999925,Move,866,337
157603.59999999963,Move,866,336
157703.79999999888,Move,867,335
157748,Move,868,334
157770,Move,869,332
157793.29999999888,Move,870,332
157858.40000000037,Move,871,332
157880.40000000037,Move,872,331
157923.69999999925,Move,873,330
157947.09999999963,Move,874,329
157977.69999999925,Move,876,328
157991.90000000037,Move,878,326
158012.40000000037,Move,879,325
158100.90000000037,Move,880,324
158131.59999999963,Move,881,323
158165.19999999925,Move,882,323
158209.40000000037,Move,883,322
158227.09999999963,Move,884,322
158257.5,Move,885,321
158269.09999999963,Move,884,320
158302.69999999925,Move,885,319
158310.69999999925,Move,886,318
158333.59999999963,Move,887,317
158352.69999999925,Move,888,317
158374.19999999925,Move,890,317
158426.5,Move,891,317
158442.19999999925,Move,892,316
158459.5,Move,893,315
158479.90000000037,Move,894,315
158717.40000000037,Released,894,315
158767.79999999888,Released,940,673
