resolution:1536,864
263712.30000000075,Pressed,0.21354166666666666,0.49421296296296297
263729.80000000075,Move,0.21354166666666666,0.49421296296296297
263745,Move,0.21354166666666666,0.49421296296296297
263993.6000000015,Move,0.220703125,0.49074074074074076
264007.80000000075,Move,0.22981770833333334,0.4837962962962963
264023.1000000015,Move,0.23893229166666666,0.4791666666666667
264038.30000000075,Move,0.24674479166666666,0.47453703703703703
264058.200000003,Move,0.263671875,0.46296296296296297
264070.90000000224,Move,0.2740885416666667,0.45601851851851855
264092,Move,0.2936197916666667,0.44212962962962965
264107.1000000015,Move,0.3053385416666667,0.4351851851851852
264120.700000003,Move,0.318359375,0.42592592592592593
264141.40000000224,Move,0.3365885416666667,0.41203703703703703
264154.6000000015,Move,0.3509114583333333,0.4027777777777778
264170.30000000075,Move,0.3587239583333333,0.39814814814814814
264190.200000003,Move,0.3717447916666667,0.3912037037037037
264206.6000000015,Move,0.3795572916666667,0.38657407407407407
264218.90000000224,Move,0.3873697916666667,0.38425925925925924
264239.80000000075,Move,0.3990885416666667,0.3773148148148148
264253.200000003,Move,0.4108072916666667,0.375
264276,Move,0.4225260416666667,0.37037037037037035
264289,Move,0.4290364583333333,0.37037037037037035
264308.700000003,Move,0.4420572916666667,0.36574074074074076
264323.80000000075,Move,0.447265625,0.36574074074074076
264338.700000003,Move,0.4576822916666667,0.36342592592592593
264357.80000000075,Move,0.4694010416666667,0.3611111111111111
264373.1000000015,Move,0.474609375,0.3587962962962963
264387.200000003,Move,0.482421875,0.35648148148148145
264408.200000003,Move,0.4915364583333333,0.35185185185185186
264422.30000000075,Move,0.5032552083333334,0.3472222222222222
264521.700000003,Move,0.505859375,0.3449074074074074
264529.40000000224,Move,0.505859375,0.3449074074074074
264536.5,Move,0.505859375,0.3425925925925926
264557.1000000015,Move,0.5084635416666666,0.3402777777777778
264572,Move,0.509765625,0.33796296296296297
264591.1000000015,Move,0.513671875,0.3333333333333333
264606.5,Move,0.5149739583333334,0.3333333333333333
264621.5,Move,0.5162760416666666,0.33101851851851855
264641.700000003,Move,0.517578125,0.33101851851851855
264655.200000003,Move,0.5201822916666666,0.33101851851851855
264670,Move,0.521484375,0.33101851851851855
264690.90000000224,Move,0.5240885416666666,0.3287037037037037
264705.5,Move,0.525390625,0.3263888888888889
264725.6000000015,Move,0.5279947916666666,0.32407407407407407
264739.40000000224,Move,0.529296875,0.32407407407407407
264754.5,Move,0.525390625,0.32407407407407407
264775.1000000015,Move,0.5032552083333334,0.3125
264789.6000000015,Move,0.4837239583333333,0.2986111111111111
264806.40000000224,Move,0.466796875,0.2847222222222222
264824.6000000015,Move,0.435546875,0.2662037037037037
264837.80000000075,Move,0.419921875,0.26157407407407407
264859.5,Move,0.3756510416666667,0.26157407407407407
264873.6000000015,Move,0.345703125,0.26157407407407407
264888.40000000224,Move,0.326171875,0.2638888888888889
264907.200000003,Move,0.306640625,0.26157407407407407
264922.40000000224,Move,0.3040364583333333,0.25925925925925924
264936.6000000015,Move,0.3014322916666667,0.26157407407407407
264956.80000000075,Move,0.2975260416666667,0.25925925925925924
264971,Move,0.2962239583333333,0.25925925925925924
264977.200000003,Move,0.2962239583333333,0.25925925925925924
265039.6000000015,Move,0.2962239583333333,0.25925925925925924
265060.90000000224,Move,0.2962239583333333,0.26157407407407407
265087.700000003,Move,0.2962239583333333,0.2638888888888889
265104.200000003,Move,0.2962239583333333,0.2662037037037037
265126.5,Move,0.2962239583333333,0.26851851851851855
265216.200000003,Move,0.3014322916666667,0.2638888888888889
265223.30000000075,Move,0.302734375,0.26157407407407407
265237.90000000224,Move,0.3053385416666667,0.26157407407407407
265259,Move,0.3131510416666667,0.25462962962962965
265271.700000003,Move,0.318359375,0.25
265287.40000000224,Move,0.3235677083333333,0.24305555555555555
265307.700000003,Move,0.3313802083333333,0.2361111111111111
265321.40000000224,Move,0.3365885416666667,0.23148148148148148
265342.6000000015,Move,0.3430989583333333,0.22685185185185186
265356.40000000224,Move,0.349609375,0.22453703703703703
265371.80000000075,Move,0.3600260416666667,0.2199074074074074
265391.40000000224,Move,0.3704427083333333,0.2152777777777778
265405.30000000075,Move,0.3795572916666667,0.21064814814814814
265420.200000003,Move,0.3873697916666667,0.20601851851851852
265440.700000003,Move,0.396484375,0.2013888888888889
265454.6000000015,Move,0.400390625,0.19907407407407407
265463.90000000224,Move,0.404296875,0.19675925925925927
265496.90000000224,Move,0.404296875,0.19675925925925927
265519.90000000224,Move,0.404296875,0.19444444444444445
265531.30000000075,Move,0.404296875,0.19675925925925927
265542.30000000075,Move,0.404296875,0.19907407407407407
265552.6000000015,Move,0.404296875,0.2013888888888889
265573.5,Move,0.4029947916666667,0.20601851851851852
265585.90000000224,Move,0.404296875,0.21064814814814814
265607.200000003,Move,0.404296875,0.21296296296296297
265641.80000000075,Move,0.404296875,0.2152777777777778
265674.30000000075,Move,0.404296875,0.2175925925925926
265683.1000000015,Move,0.4055989583333333,0.2175925925925926
265706.1000000015,Move,0.4055989583333333,0.2175925925925926
265722,Move,0.4069010416666667,0.2199074074074074
265736.90000000224,Move,0.408203125,0.22453703703703703
265754.80000000075,Move,0.4095052083333333,0.22916666666666666
265771.200000003,Move,0.412109375,0.2337962962962963
265793,Move,0.416015625,0.24074074074074073
265802.40000000224,Move,0.416015625,0.24537037037037038
265825.30000000075,Move,0.4212239583333333,0.25462962962962965
265842.40000000224,Move,0.4225260416666667,0.26157407407407407
265857.40000000224,Move,0.4251302083333333,0.2708333333333333
265874.1000000015,Move,0.427734375,0.2777777777777778
265890.6000000015,Move,0.4303385416666667,0.2824074074074074
265905.1000000015,Move,0.4329427083333333,0.28935185185185186
265923.6000000015,Move,0.435546875,0.2962962962962963
265937.30000000075,Move,0.4381510416666667,0.30324074074074076
265953.1000000015,Move,0.4407552083333333,0.3101851851851852
265969.90000000224,Move,0.443359375,0.31712962962962965
265986.30000000075,Move,0.4459635416666667,0.32407407407407407
266001.6000000015,Move,0.4485677083333333,0.33101851851851855
266025,Move,0.4576822916666667,0.35185185185185186
266042.200000003,Move,0.466796875,0.37037037037037035
266058.80000000075,Move,0.4759114583333333,0.38657407407407407
266073.80000000075,Move,0.4850260416666667,0.4027777777777778
266089,Move,0.501953125,0.4375
266104.80000000075,Move,0.521484375,0.47685185185185186
266122,Move,0.533203125,0.5046296296296297
266128.40000000224,Move,0.5358072916666666,0.5092592592592593
266179.5,Move,0.5345052083333334,0.5069444444444444
266232.1000000015,Move,0.5345052083333334,0.5069444444444444
266247.700000003,Move,0.533203125,0.5069444444444444
266265,Move,0.5319010416666666,0.5069444444444444
266281.5,Move,0.529296875,0.5046296296296297
266300.5,Move,0.5279947916666666,0.5046296296296297
266334.40000000224,Move,0.5279947916666666,0.5046296296296297
266402.700000003,Move,0.525390625,0.5046296296296297
266410,Move,0.525390625,0.5046296296296297
266423.5,Move,0.5201822916666666,0.5069444444444444
266438.1000000015,Move,0.513671875,0.5069444444444444
266452.80000000075,Move,0.5110677083333334,0.5069444444444444
266473,Move,0.4993489583333333,0.5092592592592593
266492.80000000075,Move,0.494140625,0.5092592592592593
266506.6000000015,Move,0.4850260416666667,0.5115740740740741
266519.90000000224,Move,0.470703125,0.5138888888888888
266542.200000003,Move,0.447265625,0.5185185185185185
266556.200000003,Move,0.4329427083333333,0.5231481481481481
266570.40000000224,Move,0.4186197916666667,0.5254629629629629
266591.30000000075,Move,0.3938802083333333,0.5277777777777778
266605.5,Move,0.3665364583333333,0.5324074074074074
266619.6000000015,Move,0.3170572916666667,0.5393518518518519
266640.40000000224,Move,0.267578125,0.5462962962962963
266653,Move,0.251953125,0.5486111111111112
266660.700000003,Move,0.248046875,0.5486111111111112
266692.1000000015,Move,0.248046875,0.5486111111111112
266709.30000000075,Move,0.24934895833333334,0.5486111111111112
266727,Move,0.24934895833333334,0.5486111111111112
266755.30000000075,Move,0.2506510416666667,0.5486111111111112
266762.40000000224,Move,0.2506510416666667,0.5486111111111112
266769.40000000224,Move,0.251953125,0.5486111111111112
266790.5,Move,0.2532552083333333,0.5486111111111112
266804.700000003,Move,0.255859375,0.5486111111111112
266826,Move,0.2610677083333333,0.5486111111111112
266839.200000003,Move,0.267578125,0.5486111111111112
266853.5,Move,0.2701822916666667,0.5486111111111112
266874.5,Move,0.2727864583333333,0.5462962962962963
266890.1000000015,Move,0.2766927083333333,0.5439814814814815
266904.40000000224,Move,0.283203125,0.5393518518518519
266924.700000003,Move,0.291015625,0.5347222222222222
266938.30000000075,Move,0.2962239583333333,0.5300925925925926
266952.90000000224,Move,0.3092447916666667,0.5231481481481481
266973.5,Move,0.3470052083333333,0.4930555555555556
266987.700000003,Move,0.376953125,0.4699074074074074
267008.6000000015,Move,0.439453125,0.41898148148148145
267022.200000003,Move,0.5084635416666666,0.3726851851851852
267042.700000003,Move,0.6204427083333334,0.3194444444444444
267056.30000000075,Move,0.6712239583333334,0.2962962962962963
267072.700000003,Move,0.6920572916666666,0.28703703703703703
267091.80000000075,Move,0.6998697916666666,0.2847222222222222
267105.5,Move,0.7037760416666666,0.2824074074074074
267125.80000000075,Move,0.7102864583333334,0.2777777777777778
267141.30000000075,Move,0.7141927083333334,0.2777777777777778
267155.1000000015,Move,0.7259114583333334,0.2708333333333333
267176.1000000015,Move,0.740234375,0.26157407407407407
267184.30000000075,Move,0.7428385416666666,0.25925925925925924
267254.5,Move,0.7428385416666666,0.25925925925925924
267264.200000003,Move,0.7428385416666666,0.2569444444444444
267276.1000000015,Move,0.7428385416666666,0.2569444444444444
267297.5,Move,0.7415364583333334,0.2569444444444444
267306.80000000075,Move,0.7415364583333334,0.25462962962962965
267318.40000000224,Move,0.7415364583333334,0.25462962962962965
267339.5,Move,0.740234375,0.2523148148148148
267354.200000003,Move,0.7389322916666666,0.25
267373.80000000075,Move,0.7376302083333334,0.24768518518518517
267388.5,Move,0.7350260416666666,0.24537037037037038
267409.6000000015,Move,0.732421875,0.24305555555555555
267425.40000000224,Move,0.7298177083333334,0.23842592592592593
267437,Move,0.7233072916666666,0.22685185185185186
267452.40000000224,Move,0.7194010416666666,0.2199074074074074
267473.1000000015,Move,0.716796875,0.2175925925925926
267489.200000003,Move,0.6920572916666666,0.22453703703703703
267502.700000003,Move,0.677734375,0.22685185185185186
267523.90000000224,Move,0.646484375,0.22685185185185186
267537,Move,0.630859375,0.22453703703703703
267559.40000000224,Move,0.599609375,0.2222222222222222
267573,Move,0.576171875,0.2175925925925926
267588.200000003,Move,0.556640625,0.2175925925925926
267607.200000003,Move,0.5227864583333334,0.2152777777777778
267621.1000000015,Move,0.509765625,0.2175925925925926
267642,Move,0.478515625,0.22453703703703703
267656.30000000075,Move,0.4641927083333333,0.22685185185185186
267670.40000000224,Move,0.4420572916666667,0.2361111111111111
267691.200000003,Move,0.4029947916666667,0.2569444444444444
267706,Move,0.3873697916666667,0.2662037037037037
267720,Move,0.3704427083333333,0.2777777777777778
267742.5,Move,0.3326822916666667,0.3055555555555556
267754.40000000224,Move,0.306640625,0.32175925925925924
267776,Move,0.2805989583333333,0.33564814814814814
267790,Move,0.259765625,0.3425925925925926
267804.200000003,Move,0.24544270833333334,0.3472222222222222
267817.5,Move,0.22330729166666666,0.3541666666666667
267930.6000000015,Move,0.224609375,0.35185185185185186
267945.1000000015,Move,0.224609375,0.35185185185185186
267958.200000003,Move,0.22591145833333334,0.34953703703703703
267972.80000000075,Move,0.228515625,0.3449074074074074
267987.5,Move,0.22981770833333334,0.3425925925925926
268007.80000000075,Move,0.23372395833333334,0.33564814814814814
268023.30000000075,Move,0.236328125,0.33101851851851855
268036.80000000075,Move,0.23893229166666666,0.3263888888888889
268058.30000000075,Move,0.24674479166666666,0.3125
268070.90000000224,Move,0.2545572916666667,0.2986111111111111
268087.1000000015,Move,0.259765625,0.30324074074074076
268102.90000000224,Move,0.2727864583333333,0.3148148148148148
268118.90000000224,Move,0.2975260416666667,0.3287037037037037
268136.6000000015,Move,0.3313802083333333,0.3472222222222222
268157.6000000015,Move,0.3743489583333333,0.3680555555555556
268173.1000000015,Move,0.4055989583333333,0.3888888888888889
268190.90000000224,Move,0.423828125,0.4050925925925926
268207.700000003,Move,0.4446614583333333,0.43287037037037035
268222.90000000224,Move,0.4654947916666667,0.4652777777777778
268239.30000000075,Move,0.4850260416666667,0.5
268254.80000000075,Move,0.498046875,0.5231481481481481
268270.80000000075,Move,0.5110677083333334,0.5416666666666666
268287.30000000075,Move,0.5188802083333334,0.5509259259259259
268302.30000000075,Move,0.521484375,0.5555555555555556
268325.80000000075,Move,0.525390625,0.5578703703703703
268342.200000003,Move,0.5279947916666666,0.5601851851851852
268357.80000000075,Move,0.5279947916666666,0.5625
268367.40000000224,Move,0.5305989583333334,0.5625
268441.5,Move,0.529296875,0.5625
268459,Move,0.5305989583333334,0.5648148148148148
268474.30000000075,Move,0.5305989583333334,0.5648148148148148
268490.80000000075,Move,0.5319010416666666,0.5671296296296297
268506.30000000075,Move,0.533203125,0.5694444444444444
268522.200000003,Move,0.533203125,0.5694444444444444
268540.200000003,Move,0.533203125,0.5717592592592593
268555.30000000075,Move,0.5345052083333334,0.5740740740740741
268571.1000000015,Move,0.5345052083333334,0.5740740740740741
268586.40000000224,Move,0.5345052083333334,0.5763888888888888
268603.1000000015,Move,0.5358072916666666,0.5763888888888888
268682.90000000224,Move,0.5345052083333334,0.5763888888888888
268690.80000000075,Move,0.5345052083333334,0.5740740740740741
268705.1000000015,Move,0.5305989583333334,0.5694444444444444
268718.5,Move,0.5279947916666666,0.5648148148148148
268739.700000003,Move,0.525390625,0.5601851851851852
268754.1000000015,Move,0.5227864583333334,0.5555555555555556
268774.200000003,Move,0.5188802083333334,0.5509259259259259
268789.40000000224,Move,0.5149739583333334,0.5416666666666666
268809.80000000075,Move,0.5071614583333334,0.5231481481481481
268823.5,Move,0.5006510416666666,0.5092592592592593
268836.90000000224,Move,0.494140625,0.4976851851851852
268858.1000000015,Move,0.482421875,0.48148148148148145
268873.1000000015,Move,0.4680989583333333,0.4652777777777778
268886.1000000015,Move,0.4485677083333333,0.4444444444444444
268907.40000000224,Move,0.4016927083333333,0.39351851851851855
268922.5,Move,0.3899739583333333,0.3773148148148148
268936.80000000075,Move,0.3821614583333333,0.36574074074074076
268997.40000000224,Move,0.3821614583333333,0.36574074074074076
269006.40000000224,Move,0.3834635416666667,0.36342592592592593
269014.1000000015,Move,0.3834635416666667,0.36342592592592593
269037.700000003,Move,0.384765625,0.36342592592592593
269054.1000000015,Move,0.384765625,0.36342592592592593
269070.5,Move,0.3860677083333333,0.36342592592592593
269085.700000003,Move,0.388671875,0.3611111111111111
269109.80000000075,Move,0.3951822916666667,0.35648148148148145
269118.30000000075,Move,0.396484375,0.35648148148148145
269150.700000003,Move,0.3977864583333333,0.35648148148148145
269157.1000000015,Move,0.396484375,0.35648148148148145
269174.700000003,Move,0.3977864583333333,0.35648148148148145
269207.6000000015,Move,0.3977864583333333,0.3587962962962963
269216.1000000015,Move,0.3990885416666667,0.3587962962962963
269221.40000000224,Move,0.3990885416666667,0.3587962962962963
269242,Move,0.4055989583333333,0.36574074074074076
269257.5,Move,0.4108072916666667,0.3680555555555556
269271.700000003,Move,0.4173177083333333,0.3726851851851852
269290.90000000224,Move,0.4251302083333333,0.375
269306.5,Move,0.431640625,0.37962962962962965
269319.6000000015,Move,0.439453125,0.38425925925925924
269341.40000000224,Move,0.4459635416666667,0.3912037037037037
269355.30000000075,Move,0.455078125,0.39814814814814814
269375.5,Move,0.4680989583333333,0.4097222222222222
269390.700000003,Move,0.4772135416666667,0.41898148148148145
269404.1000000015,Move,0.4837239583333333,0.4236111111111111
269426.200000003,Move,0.490234375,0.4305555555555556
269439.90000000224,Move,0.4928385416666667,0.43287037037037035
269453.6000000015,Move,0.4954427083333333,0.43287037037037035
269466.700000003,Move,0.4954427083333333,0.43287037037037035
269486.90000000224,Move,0.4967447916666667,0.43287037037037035
269509.1000000015,Move,0.498046875,0.43287037037037035
269515.40000000224,Move,0.4993489583333333,0.4351851851851852
269529.80000000075,Move,0.4993489583333333,0.4351851851851852
269598.1000000015,Move,0.5006510416666666,0.4351851851851852
269657.5,Move,0.5006510416666666,0.4351851851851852
269677.1000000015,Move,0.501953125,0.4351851851851852
269704.90000000224,Move,0.5045572916666666,0.4351851851851852
269718.30000000075,Move,0.505859375,0.4351851851851852
269738,Move,0.5071614583333334,0.4351851851851852
269777.80000000075,Move,0.5071614583333334,0.4351851851851852
269845.80000000075,Move,0.505859375,0.4351851851851852
269859.1000000015,Move,0.501953125,0.4351851851851852
269872.80000000075,Move,0.490234375,0.4398148148148148
269887.30000000075,Move,0.4694010416666667,0.44675925925925924
269908.90000000224,Move,0.4381510416666667,0.46296296296296297
269922.80000000075,Move,0.4186197916666667,0.47453703703703703
269943.200000003,Move,0.3860677083333333,0.48842592592592593
269957.1000000015,Move,0.365234375,0.4976851851851852
269972.200000003,Move,0.349609375,0.5
269992.200000003,Move,0.318359375,0.5
270006.5,Move,0.294921875,0.49537037037037035
270026.40000000224,Move,0.2610677083333333,0.48842592592592593
270041.30000000075,Move,0.24544270833333334,0.4837962962962963
270055.30000000075,Move,0.22981770833333334,0.4837962962962963
270076,Move,0.21549479166666666,0.4837962962962963
270090.80000000075,Move,0.21158854166666666,0.4837962962962963
270104.80000000075,Move,0.21028645833333334,0.4837962962962963
270124.40000000224,Move,0.20638020833333334,0.4837962962962963
270138.700000003,Move,0.205078125,0.4837962962962963
270152.90000000224,Move,0.20377604166666666,0.4837962962962963
270173.90000000224,Move,0.201171875,0.4837962962962963
270255.40000000224,Move,0.20247395833333334,0.4861111111111111
270276.1000000015,Move,0.20247395833333334,0.4861111111111111
270285.80000000075,Move,0.20377604166666666,0.4861111111111111
270305.40000000224,Move,0.205078125,0.48842592592592593
270327.40000000224,Move,0.205078125,0.48842592592592593
270337,Move,0.20638020833333334,0.48842592592592593
270345.90000000224,Move,0.20638020833333334,0.49074074074074076
270376.80000000075,Move,0.20768229166666666,0.4930555555555556
270386.5,Move,0.208984375,0.4930555555555556
270394.90000000224,Move,0.208984375,0.4930555555555556
270424.6000000015,Move,0.21028645833333334,0.4930555555555556
270438,Move,0.212890625,0.4930555555555556
270446.700000003,Move,0.212890625,0.4930555555555556
270468.1000000015,Move,0.21419270833333334,0.4930555555555556
270704.6000000015,Released,0.21419270833333334,0.4930555555555556
270759.6000000015,Released,0.4869791666666667,0.6331018518518519