resolution:1536,864
349978,Pressed,0.6022135416666666,0.4444444444444444
350555,Move,0.6028645833333334,0.44328703703703703
350569,Move,0.6041666666666666,0.4444444444444444
350590,Move,0.6048177083333334,0.44212962962962965
350604,Move,0.6061197916666666,0.4398148148148148
350618,Move,0.6080729166666666,0.4363425925925926
350639,Move,0.611328125,0.42824074074074076
350653,Move,0.6139322916666666,0.4236111111111111
350667,Move,0.6171875,0.4166666666666667
350681,Move,0.62109375,0.4097222222222222
350702,Move,0.6263020833333334,0.39699074074074076
350723,Move,0.6321614583333334,0.3854166666666667
350737,Move,0.6360677083333334,0.3773148148148148
350750,Move,0.6393229166666666,0.36921296296296297
350758,Move,0.6419270833333334,0.36574074074074076
350786,Move,0.6490885416666666,0.34953703703703703
350807,Move,0.6536458333333334,0.3402777777777778
350821,Move,0.6569010416666666,0.33449074074074076
350834,Move,0.6608072916666666,0.32523148148148145
350852,Move,0.666015625,0.3159722222222222
350869,Move,0.6725260416666666,0.30324074074074076
350884,Move,0.6809895833333334,0.2881944444444444
350905,Move,0.7005208333333334,0.2488425925925926
350920,Move,0.7063802083333334,0.23726851851851852
350972,Move,0.7057291666666666,0.23842592592592593
350990,Move,0.7057291666666666,0.23842592592592593
351006,Move,0.7057291666666666,0.23842592592592593
351023,Move,0.7057291666666666,0.23842592592592593
351040,Move,0.7057291666666666,0.23842592592592593
351058,Move,0.705078125,0.23842592592592593
351074,Move,0.7044270833333334,0.23842592592592593
351091,Move,0.7044270833333334,0.23842592592592593
351109,Move,0.7037760416666666,0.23842592592592593
351127,Move,0.7024739583333334,0.23842592592592593
351143,Move,0.701171875,0.24074074074074073
351159,Move,0.6998697916666666,0.24074074074074073
351177,Move,0.6998697916666666,0.24074074074074073
351203,Move,0.6985677083333334,0.24305555555555555
351216,Move,0.697265625,0.24305555555555555
351238,Move,0.6940104166666666,0.24305555555555555
351251,Move,0.6901041666666666,0.24768518518518517
351272,Move,0.68359375,0.2523148148148148
351286,Move,0.677734375,0.2569444444444444
351301,Move,0.6705729166666666,0.26157407407407407
351320,Move,0.6595052083333334,0.2708333333333333
351336,Move,0.6510416666666666,0.27662037037037035
351351,Move,0.642578125,0.2835648148148148
351370,Move,0.6302083333333334,0.29282407407407407
351385,Move,0.6217447916666666,0.2986111111111111
351406,Move,0.6100260416666666,0.30787037037037035
351420,Move,0.6022135416666666,0.3136574074074074
351434,Move,0.59375,0.32060185185185186
351440,Move,0.58984375,0.3229166666666667
351468,Move,0.5748697916666666,0.33449074074074076
351482,Move,0.5638020833333334,0.34375
351502,Move,0.5442708333333334,0.3611111111111111
351514,Move,0.5377604166666666,0.36574074074074076
351533,Move,0.5169270833333334,0.38425925925925924
351553,Move,0.466796875,0.42592592592592593
351567,Move,0.44140625,0.44675925925925924
351574,Move,0.4368489583333333,0.45023148148148145
351669,Move,0.4375,0.44907407407407407
351675,Move,0.4375,0.44907407407407407
351690,Move,0.4375,0.44907407407407407
351704,Move,0.4375,0.44675925925925924
351717,Move,0.4375,0.4444444444444444
351739,Move,0.4381510416666667,0.44212962962962965
351753,Move,0.4381510416666667,0.4386574074074074
351767,Move,0.4381510416666667,0.4375
351788,Move,0.4388020833333333,0.4351851851851852
351802,Move,0.4388020833333333,0.43287037037037035
351808,Move,0.4388020833333333,0.43171296296296297
351836,Move,0.4407552083333333,0.4224537037037037
351850,Move,0.44140625,0.4166666666666667
351867,Move,0.447265625,0.4201388888888889
351888,Move,0.458984375,0.4270833333333333
351896,Move,0.4622395833333333,0.42939814814814814
351919,Move,0.4752604166666667,0.4398148148148148
351937,Move,0.4908854166666667,0.4525462962962963
351950,Move,0.5,0.46064814814814814
351965,Move,0.51171875,0.4710648148148148
351978,Move,0.5221354166666666,0.48032407407407407
352006,Move,0.5403645833333334,0.49421296296296297
352020,Move,0.5494791666666666,0.4988425925925926
352035,Move,0.5553385416666666,0.5023148148148148
352051,Move,0.5618489583333334,0.5046296296296297
352056,Move,0.5670572916666666,0.5069444444444444
352068,Move,0.5755208333333334,0.5081018518518519
352101,Move,0.5911458333333334,0.5081018518518519
352105,Move,0.5944010416666666,0.5069444444444444
352133,Move,0.609375,0.5023148148148148
352169,Move,0.6282552083333334,0.5023148148148148
352181,Move,0.63671875,0.5057870370370371
352203,Move,0.646484375,0.5092592592592593
352210,Move,0.6516927083333334,0.5115740740740741
352331,Move,0.6510416666666666,0.5115740740740741
352344,Move,0.6510416666666666,0.5115740740740741
352360,Move,0.6497395833333334,0.5115740740740741
352372,Move,0.6497395833333334,0.5115740740740741
352383,Move,0.6497395833333334,0.5115740740740741
352398,Move,0.6497395833333334,0.5115740740740741
352408,Move,0.6497395833333334,0.5127314814814815
352436,Move,0.6490885416666666,0.5127314814814815
352448,Move,0.6484375,0.5127314814814815
352460,Move,0.6477864583333334,0.5138888888888888
352486,Move,0.6471354166666666,0.5138888888888888
352501,Move,0.6471354166666666,0.5150462962962963
352513,Move,0.646484375,0.5162037037037037
352525,Move,0.6458333333333334,0.5162037037037037
352553,Move,0.6432291666666666,0.5185185185185185
352569,Move,0.642578125,0.5162037037037037
352576,Move,0.6419270833333334,0.5115740740740741
352597,Move,0.6393229166666666,0.47337962962962965
352617,Move,0.6360677083333334,0.4131944444444444
352632,Move,0.6334635416666666,0.375
352653,Move,0.6295572916666666,0.33217592592592593
352659,Move,0.6276041666666666,0.31712962962962965
352688,Move,0.6178385416666666,0.25925925925925924
352701,Move,0.6145833333333334,0.23958333333333334
352722,Move,0.6119791666666666,0.2199074074074074
352738,Move,0.611328125,0.21643518518518517
352752,Move,0.611328125,0.21296296296296297
352772,Move,0.6106770833333334,0.20949074074074073
352785,Move,0.6106770833333334,0.20717592592592593
352794,Move,0.6106770833333334,0.20717592592592593
352854,Move,0.6106770833333334,0.20601851851851852
352862,Move,0.6106770833333334,0.20601851851851852
352885,Move,0.6106770833333334,0.20601851851851852
352897,Move,0.6100260416666666,0.2048611111111111
352919,Move,0.6087239583333334,0.2025462962962963
352939,Move,0.6080729166666666,0.20023148148148148
352952,Move,0.6080729166666666,0.19907407407407407
352966,Move,0.607421875,0.19675925925925927
352983,Move,0.6067708333333334,0.19675925925925927
353002,Move,0.60546875,0.19212962962962962
353023,Move,0.603515625,0.1863425925925926
353038,Move,0.6028645833333334,0.18171296296296297
353056,Move,0.6009114583333334,0.18287037037037038
353067,Move,0.6002604166666666,0.1840277777777778
353088,Move,0.5963541666666666,0.18518518518518517
353102,Move,0.5911458333333334,0.18981481481481483
353117,Move,0.5846354166666666,0.19444444444444445
353136,Move,0.5774739583333334,0.19907407407407407
353151,Move,0.5631510416666666,0.20717592592592593
353165,Move,0.5520833333333334,0.21180555555555555
353187,Move,0.53515625,0.21875
353201,Move,0.5240885416666666,0.22337962962962962
353214,Move,0.5130208333333334,0.22685185185185186
353236,Move,0.49609375,0.2337962962962963
353249,Move,0.4856770833333333,0.23842592592592593
353271,Move,0.4713541666666667,0.2488425925925926
353278,Move,0.4680989583333333,0.25462962962962965
353306,Move,0.4407552083333333,0.29398148148148145
353321,Move,0.42578125,0.3194444444444444
353333,Move,0.4088541666666667,0.3472222222222222
353355,Move,0.34765625,0.41898148148148145
353370,Move,0.3268229166666667,0.4386574074074074
353418,Move,0.3268229166666667,0.4398148148148148
353426,Move,0.3274739583333333,0.4398148148148148
353436,Move,0.330078125,0.4386574074074074
353446,Move,0.3346354166666667,0.4375
353468,Move,0.3411458333333333,0.4375
353482,Move,0.3444010416666667,0.4375
353503,Move,0.3483072916666667,0.44212962962962965
353519,Move,0.3502604166666667,0.44212962962962965
353538,Move,0.3509114583333333,0.44212962962962965
353553,Move,0.3515625,0.44212962962962965
353568,Move,0.3515625,0.44212962962962965
353584,Move,0.3528645833333333,0.4409722222222222
353605,Move,0.35546875,0.4375
353622,Move,0.3580729166666667,0.4351851851851852
353638,Move,0.3580729166666667,0.4340277777777778
353654,Move,0.3606770833333333,0.43287037037037035
353670,Move,0.36328125,0.42939814814814814
353685,Move,0.3639322916666667,0.42939814814814814
353702,Move,0.3658854166666667,0.42824074074074076
353717,Move,0.369140625,0.42476851851851855
353734,Move,0.373046875,0.4212962962962963
353742,Move,0.3756510416666667,0.41898148148148145
353766,Move,0.3821614583333333,0.41435185185185186
353782,Move,0.38671875,0.41087962962962965
353798,Move,0.3912760416666667,0.4074074074074074
353822,Move,0.3984375,0.39814814814814814
353830,Move,0.4029947916666667,0.3912037037037037
353853,Move,0.4192708333333333,0.36689814814814814
353869,Move,0.4420572916666667,0.33101851851851855
353886,Move,0.45703125,0.3090277777777778
353903,Move,0.4661458333333333,0.2951388888888889
353910,Move,0.4680989583333333,0.29282407407407407
353928,Move,0.4733072916666667,0.28587962962962965
354044,Move,0.4739583333333333,0.2847222222222222
354062,Move,0.4739583333333333,0.2847222222222222
354079,Move,0.474609375,0.2835648148148148
354098,Move,0.4752604166666667,0.28125
354115,Move,0.4752604166666667,0.2800925925925926
354133,Move,0.4752604166666667,0.2789351851851852
354152,Move,0.4752604166666667,0.27662037037037035
354171,Move,0.4752604166666667,0.27546296296296297
354188,Move,0.4752604166666667,0.27546296296296297
354206,Move,0.4752604166666667,0.27546296296296297
354225,Move,0.4752604166666667,0.27546296296296297
354242,Move,0.4752604166666667,0.27546296296296297
354260,Move,0.4752604166666667,0.27546296296296297
354279,Move,0.474609375,0.2743055555555556
354286,Move,0.474609375,0.27314814814814814
354301,Move,0.470703125,0.2673611111111111
354314,Move,0.4674479166666667,0.2650462962962963
354335,Move,0.4622395833333333,0.25925925925925924
354356,Move,0.4576822916666667,0.25462962962962965
354370,Move,0.4524739583333333,0.2488425925925926
354384,Move,0.4440104166666667,0.23842592592592593
354399,Move,0.4329427083333333,0.22569444444444445
354419,Move,0.4166666666666667,0.20717592592592593
354432,Move,0.4075520833333333,0.19791666666666666
354440,Move,0.40234375,0.19444444444444445
354470,Move,0.3717447916666667,0.16898148148148148
354476,Move,0.3548177083333333,0.1550925925925926
354505,Move,0.3111979166666667,0.11921296296296297
354518,Move,0.3020833333333333,0.1111111111111111
354590,Move,0.3014322916666667,0.11226851851851852
354603,Move,0.3014322916666667,0.11226851851851852
354611,Move,0.3014322916666667,0.11226851851851852
354638,Move,0.3014322916666667,0.11342592592592593
354652,Move,0.3020833333333333,0.11805555555555555
354666,Move,0.302734375,0.11921296296296297
354688,Move,0.3014322916666667,0.1284722222222222
354701,Move,0.30078125,0.13310185185185186
354714,Move,0.30078125,0.13541666666666666
354736,Move,0.30078125,0.13541666666666666
354750,Move,0.3001302083333333,0.13657407407407407
354770,Move,0.3001302083333333,0.13657407407407407
354778,Move,0.3001302083333333,0.13657407407407407
354802,Move,0.3020833333333333,0.1400462962962963
354818,Move,0.3033854166666667,0.1412037037037037
354837,Move,0.306640625,0.14699074074074073
354844,Move,0.30859375,0.15046296296296297
354866,Move,0.3151041666666667,0.1597222222222222
354887,Move,0.322265625,0.16898148148148148
354900,Move,0.3287760416666667,0.17824074074074073
354914,Move,0.3346354166666667,0.18518518518518517
354936,Move,0.34375,0.19675925925925927
354950,Move,0.349609375,0.2037037037037037
354970,Move,0.3580729166666667,0.2152777777777778
354985,Move,0.36328125,0.22106481481481483
354998,Move,0.3684895833333333,0.22916666666666666
355019,Move,0.3776041666666667,0.23958333333333334
355034,Move,0.3834635416666667,0.24768518518518517
355054,Move,0.392578125,0.25925925925925924
355069,Move,0.4016927083333333,0.27314814814814814
355082,Move,0.41796875,0.29976851851851855
355103,Move,0.4453125,0.3449074074074074
355118,Move,0.462890625,0.375
355132,Move,0.494140625,0.42476851851851855
355154,Move,0.5501302083333334,0.5115740740740741
355167,Move,0.564453125,0.5335648148148148
355273,Move,0.5638020833333334,0.5347222222222222
355288,Move,0.5638020833333334,0.5347222222222222
355300,Move,0.5631510416666666,0.5347222222222222
355321,Move,0.5618489583333334,0.5358796296296297
355335,Move,0.5618489583333334,0.5370370370370371
355349,Move,0.5611979166666666,0.5381944444444444
355371,Move,0.55859375,0.5393518518518519
355377,Move,0.5579427083333334,0.5405092592592593
355393,Move,0.5559895833333334,0.5428240740740741
355419,Move,0.5520833333333334,0.5439814814814815
355432,Move,0.5481770833333334,0.5486111111111112
355455,Move,0.5384114583333334,0.5567129629629629
355460,Move,0.5358072916666666,0.5578703703703703
355481,Move,0.533203125,0.5601851851851852
355595,Move,0.533203125,0.5613425925925926
355682,Move,0.533203125,0.5625
355770,Move,0.533203125,0.5625
355857,Move,0.5325520833333334,0.5613425925925926
355872,Move,0.5319010416666666,0.5601851851851852
355886,Move,0.5299479166666666,0.5590277777777778
355899,Move,0.5247395833333334,0.5567129629629629
355915,Move,0.5208333333333334,0.5532407407407407
355935,Move,0.5143229166666666,0.5486111111111112
355956,Move,0.5084635416666666,0.5451388888888888
355968,Move,0.5026041666666666,0.5416666666666666
355984,Move,0.4993489583333333,0.5393518518518519
355998,Move,0.4947916666666667,0.5381944444444444
356019,Move,0.484375,0.5335648148148148
356034,Move,0.4765625,0.5300925925925926
356054,Move,0.4654947916666667,0.5254629629629629
356061,Move,0.4622395833333333,0.5254629629629629
356088,Move,0.4537760416666667,0.5208333333333334
356103,Move,0.4518229166666667,0.5208333333333334
356110,Move,0.451171875,0.5208333333333334
356138,Move,0.4498697916666667,0.5208333333333334
356152,Move,0.44921875,0.5196759259259259
356173,Move,0.4479166666666667,0.5185185185185185
356187,Move,0.4479166666666667,0.5196759259259259
356201,Move,0.447265625,0.5208333333333334
356221,Move,0.4466145833333333,0.5208333333333334
356336,Move,0.4466145833333333,0.5208333333333334
356345,Move,0.4459635416666667,0.5196759259259259
356351,Move,0.4453125,0.5196759259259259
356362,Move,0.4453125,0.5185185185185185
356382,Move,0.4440104166666667,0.5162037037037037
356404,Move,0.4427083333333333,0.5150462962962963
356417,Move,0.4420572916666667,0.5138888888888888
356433,Move,0.44140625,0.5127314814814815
356449,Move,0.4407552083333333,0.5115740740740741
356472,Move,0.4388020833333333,0.5104166666666666
356488,Move,0.4388020833333333,0.5104166666666666
356502,Move,0.439453125,0.5081018518518519
356513,Move,0.4401041666666667,0.5069444444444444
356536,Move,0.4440104166666667,0.49421296296296297
356548,Move,0.4440104166666667,0.49074074074074076
356570,Move,0.4459635416666667,0.4849537037037037
356585,Move,0.4479166666666667,0.47685185185185186
356600,Move,0.4485677083333333,0.47453703703703703
356619,Move,0.4505208333333333,0.4675925925925926
356633,Move,0.4518229166666667,0.45949074074074076
356653,Move,0.455078125,0.44212962962962965
356662,Move,0.4563802083333333,0.4363425925925926
356675,Move,0.4583333333333333,0.4236111111111111
356702,Move,0.462890625,0.40046296296296297
356717,Move,0.4654947916666667,0.38657407407407407
356732,Move,0.4700520833333333,0.3726851851851852
356751,Move,0.4876302083333333,0.3263888888888889
356769,Move,0.50390625,0.28703703703703703
356787,Move,0.544921875,0.1875
356801,Move,0.55859375,0.15046296296296297
356815,Move,0.5625,0.13773148148148148
356828,Move,0.568359375,0.12152777777777778
356904,Move,0.568359375,0.12268518518518519
356914,Move,0.568359375,0.12268518518518519
356934,Move,0.568359375,0.12268518518518519
356952,Move,0.568359375,0.12268518518518519
356968,Move,0.568359375,0.125
356986,Move,0.5690104166666666,0.1261574074074074
357004,Move,0.5690104166666666,0.1284722222222222
357021,Move,0.5690104166666666,0.12962962962962962
357032,Move,0.5690104166666666,0.13078703703703703
357052,Move,0.568359375,0.13194444444444445
357070,Move,0.568359375,0.13310185185185186
357085,Move,0.568359375,0.13657407407407407
357104,Move,0.568359375,0.1423611111111111
357113,Move,0.568359375,0.14351851851851852
357137,Move,0.5690104166666666,0.14583333333333334
357152,Move,0.5696614583333334,0.14699074074074073
357172,Move,0.5709635416666666,0.1527777777777778
357188,Move,0.5716145833333334,0.15856481481481483
357201,Move,0.5729166666666666,0.16319444444444445
357215,Move,0.5735677083333334,0.1701388888888889
357236,Move,0.576171875,0.18055555555555555
357250,Move,0.578125,0.1875
357271,Move,0.5813802083333334,0.19791666666666666
357285,Move,0.5833333333333334,0.2048611111111111
357302,Move,0.5852864583333334,0.21064814814814814
357320,Move,0.5891927083333334,0.2199074074074074
357334,Move,0.5911458333333334,0.22685185185185186
357347,Move,0.5924479166666666,0.2337962962962963
357370,Move,0.5950520833333334,0.24421296296296297
357383,Move,0.5950520833333334,0.25578703703703703
357397,Move,0.595703125,0.27546296296296297
357418,Move,0.5950520833333334,0.30787037037037035
357431,Move,0.5950520833333334,0.33101851851851855
357445,Move,0.5970052083333334,0.3738425925925926
357455,Move,0.5983072916666666,0.39814814814814814
357477,Move,0.6022135416666666,0.4375
357545,Move,0.6022135416666666,0.4375
357576,Move,0.6022135416666666,0.4375
357603,Move,0.6022135416666666,0.4386574074074074
357633,Move,0.6022135416666666,0.4386574074074074
357663,Move,0.6022135416666666,0.4398148148148148
357692,Move,0.6022135416666666,0.4409722222222222
357720,Move,0.6022135416666666,0.44328703703703703
357749,Move,0.6022135416666666,0.4444444444444444
357815,Move,0.6022135416666666,0.4444444444444444
357816,Move,0.6022135416666666,0.4444444444444444
357816,Released,0.6022135416666666,0.4444444444444444
357845,Released,0.486328125,0.6331018518518519