resolution:1536,864
776094,Pressed,0.314453125,0.4050925925925926
776615,Move,0.3138020833333333,0.4039351851851852
776626,Move,0.3138020833333333,0.4039351851851852
776638,Move,0.3131510416666667,0.4039351851851852
776663,Move,0.3111979166666667,0.4050925925925926
776677,Move,0.310546875,0.4039351851851852
776699,Move,0.30859375,0.4050925925925926
776722,Move,0.30859375,0.4050925925925926
776745,Move,0.3072916666666667,0.4050925925925926
776760,Move,0.306640625,0.4050925925925926
776771,Move,0.3059895833333333,0.4050925925925926
776794,Move,0.3059895833333333,0.4050925925925926
776806,Move,0.3053385416666667,0.4050925925925926
776832,Move,0.3046875,0.4050925925925926
776844,Move,0.3040364583333333,0.4050925925925926
776854,Move,0.3033854166666667,0.4050925925925926
776877,Move,0.302734375,0.4039351851851852
776890,Move,0.302734375,0.4039351851851852
776915,Move,0.3014322916666667,0.4039351851851852
776927,Move,0.30078125,0.4039351851851852
776938,Move,0.30078125,0.4039351851851852
776951,Move,0.30078125,0.4039351851851852
776974,Move,0.2994791666666667,0.4027777777777778
776985,Move,0.298828125,0.4027777777777778
777010,Move,0.2981770833333333,0.4027777777777778
777021,Move,0.2975260416666667,0.40162037037037035
777034,Move,0.296875,0.40162037037037035
777058,Move,0.296875,0.40162037037037035
777071,Move,0.2962239583333333,0.40162037037037035
777094,Move,0.2955729166666667,0.40046296296296297
777105,Move,0.294921875,0.40046296296296297
777129,Move,0.29296875,0.40046296296296297
777143,Move,0.2923177083333333,0.40046296296296297
777155,Move,0.2916666666666667,0.40046296296296297
777179,Move,0.2903645833333333,0.3993055555555556
777190,Move,0.2903645833333333,0.3993055555555556
777215,Move,0.2890625,0.39814814814814814
777225,Move,0.2877604166666667,0.39814814814814814
777238,Move,0.2877604166666667,0.39699074074074076
777261,Move,0.2864583333333333,0.3958333333333333
777275,Move,0.2858072916666667,0.3958333333333333
777297,Move,0.28515625,0.39467592592592593
777309,Move,0.2845052083333333,0.39467592592592593
777323,Move,0.2838541666666667,0.39351851851851855
777346,Move,0.2825520833333333,0.3923611111111111
777359,Move,0.2825520833333333,0.3923611111111111
777382,Move,0.28125,0.3912037037037037
777393,Move,0.2805989583333333,0.3900462962962963
777404,Move,0.2799479166666667,0.3900462962962963
777429,Move,0.2799479166666667,0.3888888888888889
777441,Move,0.279296875,0.3888888888888889
777454,Move,0.2786458333333333,0.3888888888888889
777466,Move,0.2786458333333333,0.3888888888888889
777509,Move,0.2786458333333333,0.38657407407407407
777637,Move,0.2786458333333333,0.38657407407407407
777772,Move,0.2786458333333333,0.38657407407407407
777915,Move,0.2779947916666667,0.38657407407407407
777923,Move,0.279296875,0.38657407407407407
777929,Move,0.279296875,0.38657407407407407
777958,Move,0.2799479166666667,0.38657407407407407
777977,Move,0.2825520833333333,0.38657407407407407
777994,Move,0.28515625,0.38657407407407407
778013,Move,0.287109375,0.38657407407407407
778027,Move,0.2877604166666667,0.38657407407407407
778048,Move,0.2903645833333333,0.38657407407407407
778062,Move,0.29296875,0.3854166666666667
778077,Move,0.2942708333333333,0.3854166666666667
778097,Move,0.2975260416666667,0.38310185185185186
778112,Move,0.3014322916666667,0.3819444444444444
778128,Move,0.3072916666666667,0.38078703703703703
778152,Move,0.3203125,0.3773148148148148
778160,Move,0.3248697916666667,0.3761574074074074
778181,Move,0.3385416666666667,0.3726851851851852
778195,Move,0.34375,0.3715277777777778
778202,Move,0.3470052083333333,0.37037037037037035
778218,Move,0.3567708333333333,0.3680555555555556
778245,Move,0.384765625,0.3599537037037037
778265,Move,0.4127604166666667,0.35300925925925924
778279,Move,0.435546875,0.34837962962962965
778292,Move,0.458984375,0.3449074074074074
778326,Move,0.5065104166666666,0.33564814814814814
778341,Move,0.5201822916666666,0.3333333333333333
778364,Move,0.5364583333333334,0.33101851851851855
778376,Move,0.541015625,0.3298611111111111
778395,Move,0.54296875,0.3298611111111111
778412,Move,0.544921875,0.3287037037037037
778426,Move,0.5455729166666666,0.3287037037037037
778447,Move,0.5475260416666666,0.3298611111111111
778461,Move,0.5481770833333334,0.3298611111111111
778481,Move,0.5501302083333334,0.3298611111111111
778496,Move,0.55078125,0.3275462962962963
778511,Move,0.5514322916666666,0.3275462962962963
778532,Move,0.552734375,0.3275462962962963
778545,Move,0.5533854166666666,0.3263888888888889
778564,Move,0.5572916666666666,0.3263888888888889
778580,Move,0.564453125,0.32407407407407407
778594,Move,0.568359375,0.3229166666666667
778608,Move,0.5703125,0.32175925925925924
778629,Move,0.5735677083333334,0.32175925925925924
778637,Move,0.57421875,0.32175925925925924
778779,Move,0.57421875,0.32175925925925924
778802,Move,0.57421875,0.32407407407407407
778824,Move,0.57421875,0.32407407407407407
778845,Move,0.57421875,0.3263888888888889
778867,Move,0.57421875,0.3287037037037037
778890,Move,0.57421875,0.3287037037037037
778912,Move,0.57421875,0.3287037037037037
778934,Move,0.57421875,0.3298611111111111
778955,Move,0.57421875,0.3298611111111111
778979,Move,0.57421875,0.3298611111111111
778999,Move,0.57421875,0.3298611111111111
779022,Move,0.57421875,0.33101851851851855
779043,Move,0.57421875,0.33101851851851855
779065,Move,0.57421875,0.33217592592592593
779087,Move,0.57421875,0.33564814814814814
779111,Move,0.57421875,0.33796296296296297
779131,Move,0.57421875,0.3402777777777778
779153,Move,0.57421875,0.3402777777777778
779179,Move,0.57421875,0.3402777777777778
779198,Move,0.57421875,0.3402777777777778
779220,Move,0.57421875,0.3402777777777778
779245,Move,0.5729166666666666,0.3402777777777778
779252,Move,0.572265625,0.3402777777777778
779259,Move,0.5716145833333334,0.3402777777777778
779280,Move,0.568359375,0.33912037037037035
779295,Move,0.56640625,0.33796296296296297
779310,Move,0.55859375,0.3368055555555556
779329,Move,0.5397135416666666,0.33564814814814814
779343,Move,0.5319010416666666,0.33564814814814814
779364,Move,0.5162760416666666,0.3368055555555556
779380,Move,0.5032552083333334,0.3402777777777778
779399,Move,0.4817708333333333,0.34375
779413,Move,0.4720052083333333,0.3449074074074074
779427,Move,0.462890625,0.3460648148148148
779447,Move,0.4440104166666667,0.34953703703703703
779463,Move,0.4303385416666667,0.34953703703703703
779477,Move,0.4166666666666667,0.34953703703703703
779496,Move,0.40625,0.3472222222222222
779510,Move,0.3984375,0.3449074074074074
779528,Move,0.3899739583333333,0.3425925925925926
779538,Move,0.3834635416666667,0.3402777777777778
779560,Move,0.365234375,0.3287037037037037
779580,Move,0.3502604166666667,0.3159722222222222
779595,Move,0.3404947916666667,0.30787037037037035
779610,Move,0.3307291666666667,0.2974537037037037
779623,Move,0.3216145833333333,0.28703703703703703
779645,Move,0.3098958333333333,0.27546296296296297
779659,Move,0.3033854166666667,0.26967592592592593
779679,Move,0.294921875,0.26273148148148145
779693,Move,0.2877604166666667,0.2569444444444444
779707,Move,0.2819010416666667,0.2534722222222222
779721,Move,0.27734375,0.2511574074074074
779741,Move,0.2734375,0.2488425925925926
779763,Move,0.2701822916666667,0.24768518518518517
779776,Move,0.26953125,0.24768518518518517
779799,Move,0.2682291666666667,0.2465277777777778
779813,Move,0.267578125,0.2465277777777778
779826,Move,0.2669270833333333,0.2465277777777778
779846,Move,0.2643229166666667,0.24537037037037038
779864,Move,0.2630208333333333,0.24537037037037038
779877,Move,0.26171875,0.24537037037037038
779896,Move,0.26171875,0.24421296296296297
779910,Move,0.2610677083333333,0.24421296296296297
779931,Move,0.259765625,0.24305555555555555
779947,Move,0.2591145833333333,0.24305555555555555
779960,Move,0.2591145833333333,0.24305555555555555
779973,Move,0.2591145833333333,0.24305555555555555
780060,Move,0.2584635416666667,0.24305555555555555
780069,Move,0.2578125,0.24421296296296297
780077,Move,0.2571614583333333,0.24421296296296297
780096,Move,0.2565104166666667,0.24305555555555555
780113,Move,0.25390625,0.24305555555555555
780131,Move,0.2532552083333333,0.24189814814814814
780147,Move,0.2513020833333333,0.23958333333333334
780166,Move,0.25,0.23842592592592593
780175,Move,0.24869791666666666,0.23726851851851852
780192,Move,0.24739583333333334,0.2349537037037037
780211,Move,0.24609375,0.2361111111111111
780221,Move,0.24544270833333334,0.2361111111111111
780248,Move,0.24283854166666666,0.2349537037037037
780266,Move,0.24088541666666666,0.2337962962962963
780275,Move,0.23958333333333334,0.2337962962962963
780292,Move,0.23828125,0.2337962962962963
780302,Move,0.23697916666666666,0.2337962962962963
780328,Move,0.23567708333333334,0.2337962962962963
780348,Move,0.23567708333333334,0.2337962962962963
780358,Move,0.23502604166666666,0.2337962962962963
780377,Move,0.23502604166666666,0.2337962962962963
780394,Move,0.23502604166666666,0.2326388888888889
780409,Move,0.23502604166666666,0.2326388888888889
780428,Move,0.23502604166666666,0.23148148148148148
780447,Move,0.23502604166666666,0.23032407407407407
780456,Move,0.23502604166666666,0.23032407407407407
780473,Move,0.23502604166666666,0.22916666666666666
780491,Move,0.23502604166666666,0.22916666666666666
780565,Move,0.234375,0.22916666666666666
780818,Move,0.23372395833333334,0.22916666666666666
781073,Move,0.23567708333333334,0.22916666666666666
781080,Move,0.23567708333333334,0.22916666666666666
781101,Move,0.23567708333333334,0.22800925925925927
781115,Move,0.23893229166666666,0.22800925925925927
781128,Move,0.24283854166666666,0.22800925925925927
781150,Move,0.24739583333333334,0.22685185185185186
781169,Move,0.24869791666666666,0.22685185185185186
781184,Move,0.25,0.22685185185185186
781198,Move,0.25390625,0.22685185185185186
781206,Move,0.2552083333333333,0.22685185185185186
781234,Move,0.2591145833333333,0.22685185185185186
781254,Move,0.259765625,0.22569444444444445
781268,Move,0.2630208333333333,0.22569444444444445
781285,Move,0.2662760416666667,0.22569444444444445
781304,Move,0.2721354166666667,0.22569444444444445
781318,Move,0.27734375,0.22569444444444445
781339,Move,0.2858072916666667,0.22569444444444445
781354,Move,0.291015625,0.22453703703703703
781369,Move,0.296875,0.22453703703703703
781387,Move,0.3053385416666667,0.22453703703703703
781404,Move,0.3111979166666667,0.22453703703703703
781422,Move,0.3190104166666667,0.22453703703703703
781438,Move,0.3255208333333333,0.22453703703703703
781451,Move,0.33203125,0.22337962962962962
781472,Move,0.3450520833333333,0.22337962962962962
781486,Move,0.3580729166666667,0.2222222222222222
781500,Move,0.373046875,0.2222222222222222
781521,Move,0.4088541666666667,0.22106481481481483
781537,Move,0.4505208333333333,0.2199074074074074
781551,Move,0.474609375,0.2199074074074074
781557,Move,0.4811197916666667,0.2199074074074074
781584,Move,0.5091145833333334,0.2199074074074074
781605,Move,0.5221354166666666,0.2199074074074074
781620,Move,0.52734375,0.2199074074074074
781749,Move,0.5266927083333334,0.21875
781763,Move,0.525390625,0.21875
781777,Move,0.5247395833333334,0.21875
781793,Move,0.5247395833333334,0.2175925925925926
781808,Move,0.5240885416666666,0.21643518518518517
781825,Move,0.5234375,0.2152777777777778
781839,Move,0.5227864583333334,0.2152777777777778
781852,Move,0.5221354166666666,0.2152777777777778
781869,Move,0.5221354166666666,0.21412037037037038
781883,Move,0.521484375,0.21412037037037038
781900,Move,0.5208333333333334,0.21296296296296297
781912,Move,0.5201822916666666,0.21180555555555555
781928,Move,0.51953125,0.21064814814814814
781943,Move,0.51953125,0.21064814814814814
781958,Move,0.5188802083333334,0.21064814814814814
781988,Move,0.5188802083333334,0.21064814814814814
782003,Move,0.5182291666666666,0.20833333333333334
782017,Move,0.5182291666666666,0.20833333333333334
782033,Move,0.5188802083333334,0.20601851851851852
782047,Move,0.5182291666666666,0.20601851851851852
782063,Move,0.517578125,0.20601851851851852
782077,Move,0.517578125,0.2048611111111111
782092,Move,0.5169270833333334,0.2048611111111111
782124,Move,0.5169270833333334,0.2025462962962963
782139,Move,0.5162760416666666,0.2025462962962963
782152,Move,0.5162760416666666,0.2013888888888889
782167,Move,0.515625,0.2013888888888889
782183,Move,0.5149739583333334,0.2013888888888889
782198,Move,0.5143229166666666,0.20023148148148148
782212,Move,0.5143229166666666,0.20023148148148148
782236,Move,0.513671875,0.2013888888888889
782251,Move,0.513671875,0.2013888888888889
782266,Move,0.51171875,0.2025462962962963
782288,Move,0.5084635416666666,0.2048611111111111
782302,Move,0.5065104166666666,0.20601851851851852
782321,Move,0.5071614583333334,0.2048611111111111
782336,Move,0.505859375,0.20601851851851852
782350,Move,0.50390625,0.20601851851851852
782369,Move,0.5013020833333334,0.20717592592592593
782385,Move,0.5013020833333334,0.20717592592592593
782406,Move,0.4993489583333333,0.20833333333333334
782420,Move,0.498046875,0.20833333333333334
782435,Move,0.49609375,0.20949074074074073
782454,Move,0.4908854166666667,0.21064814814814814
782469,Move,0.48828125,0.21296296296296297
782476,Move,0.486328125,0.21296296296296297
782504,Move,0.4791666666666667,0.2152777777777778
782519,Move,0.4759114583333333,0.2175925925925926
782534,Move,0.47265625,0.2175925925925926
782546,Move,0.4700520833333333,0.2199074074074074
782565,Move,0.46484375,0.22106481481481483
782588,Move,0.4576822916666667,0.22453703703703703
782602,Move,0.451171875,0.22916666666666666
782616,Move,0.443359375,0.2337962962962963
782637,Move,0.4231770833333333,0.24768518518518517
782653,Move,0.4069010416666667,0.26157407407407407
782671,Move,0.3919270833333333,0.2708333333333333
782687,Move,0.3880208333333333,0.27314814814814814
782700,Move,0.3854166666666667,0.27546296296296297
782721,Move,0.37890625,0.2789351851851852
782848,Move,0.3795572916666667,0.2800925925925926
782876,Move,0.3795572916666667,0.2800925925925926
782902,Move,0.3795572916666667,0.2800925925925926
782931,Move,0.3795572916666667,0.2800925925925926
782957,Move,0.3802083333333333,0.2800925925925926
782985,Move,0.3815104166666667,0.2800925925925926
783011,Move,0.3821614583333333,0.2800925925925926
783037,Move,0.3841145833333333,0.2800925925925926
783063,Move,0.3854166666666667,0.2800925925925926
783091,Move,0.38671875,0.28125
783119,Move,0.38671875,0.28125
783144,Move,0.38671875,0.28125
783173,Move,0.38671875,0.28125
783198,Move,0.38671875,0.28125
783229,Move,0.38671875,0.28125
783254,Move,0.38671875,0.28125
783283,Move,0.3873697916666667,0.2800925925925926
783290,Move,0.3880208333333333,0.2824074074074074
783305,Move,0.3893229166666667,0.2824074074074074
783317,Move,0.390625,0.2824074074074074
783334,Move,0.392578125,0.28125
783353,Move,0.4036458333333333,0.2800925925925926
783367,Move,0.4114583333333333,0.2800925925925926
783388,Move,0.419921875,0.2789351851851852
783402,Move,0.4290364583333333,0.2777777777777778
783416,Move,0.4388020833333333,0.27662037037037035
783436,Move,0.4524739583333333,0.27546296296296297
783457,Move,0.4622395833333333,0.27546296296296297
783473,Move,0.470703125,0.2743055555555556
783487,Move,0.48046875,0.27314814814814814
783501,Move,0.4908854166666667,0.27199074074074076
783514,Move,0.49609375,0.2708333333333333
783534,Move,0.5032552083333334,0.2708333333333333
783555,Move,0.5110677083333334,0.26967592592592593
783570,Move,0.517578125,0.2673611111111111
783585,Move,0.525390625,0.2662037037037037
783597,Move,0.5319010416666666,0.2650462962962963
783621,Move,0.5403645833333334,0.26273148148148145
783640,Move,0.5501302083333334,0.26157407407407407
783653,Move,0.5553385416666666,0.25925925925925924
783668,Move,0.5598958333333334,0.25810185185185186
783682,Move,0.5638020833333334,0.2569444444444444
783704,Move,0.5690104166666666,0.2569444444444444
783717,Move,0.5735677083333334,0.25578703703703703
783738,Move,0.578125,0.25462962962962965
783752,Move,0.580078125,0.2534722222222222
783766,Move,0.58203125,0.2534722222222222
783787,Move,0.5826822916666666,0.2534722222222222
783800,Move,0.5833333333333334,0.2534722222222222
783823,Move,0.583984375,0.2534722222222222
783836,Move,0.5846354166666666,0.2534722222222222
783849,Move,0.5859375,0.2523148148148148
783871,Move,0.5872395833333334,0.2523148148148148
783885,Move,0.5872395833333334,0.2523148148148148
783899,Move,0.587890625,0.2534722222222222
783920,Move,0.587890625,0.2534722222222222
783942,Move,0.5891927083333334,0.2523148148148148
783955,Move,0.58984375,0.2523148148148148
783969,Move,0.58984375,0.2523148148148148
783976,Move,0.58984375,0.2523148148148148
784060,Move,0.58984375,0.2523148148148148
784078,Move,0.58984375,0.2523148148148148
784095,Move,0.58984375,0.2523148148148148
784111,Move,0.5904947916666666,0.2523148148148148
784131,Move,0.591796875,0.2523148148148148
784145,Move,0.5924479166666666,0.2523148148148148
784163,Move,0.5924479166666666,0.2523148148148148
784179,Move,0.5924479166666666,0.2523148148148148
784196,Move,0.5930989583333334,0.2523148148148148
784213,Move,0.5944010416666666,0.2534722222222222
784233,Move,0.5950520833333334,0.2534722222222222
784245,Move,0.595703125,0.2523148148148148
784264,Move,0.5970052083333334,0.2523148148148148
784282,Move,0.59765625,0.2523148148148148
784300,Move,0.59765625,0.2523148148148148
784315,Move,0.5983072916666666,0.2523148148148148
784334,Move,0.599609375,0.2523148148148148
784349,Move,0.6002604166666666,0.2523148148148148
784367,Move,0.6015625,0.2523148148148148
784383,Move,0.6022135416666666,0.2523148148148148
784400,Move,0.6022135416666666,0.2523148148148148
784419,Move,0.6022135416666666,0.2523148148148148
784451,Move,0.6022135416666666,0.2523148148148148
784471,Move,0.6002604166666666,0.2523148148148148
784491,Move,0.6002604166666666,0.2523148148148148
784506,Move,0.599609375,0.2523148148148148
784519,Move,0.59765625,0.2534722222222222
784540,Move,0.5924479166666666,0.25578703703703703
784554,Move,0.5891927083333334,0.2569444444444444
784562,Move,0.5872395833333334,0.2569444444444444
784586,Move,0.5859375,0.25810185185185186
784589,Move,0.5852864583333334,0.25810185185185186
784617,Move,0.5826822916666666,0.25925925925925924
784636,Move,0.5787760416666666,0.26273148148148145
784650,Move,0.57421875,0.2650462962962963
784667,Move,0.5716145833333334,0.2662037037037037
784681,Move,0.5716145833333334,0.2662037037037037
784701,Move,0.5703125,0.2673611111111111
784723,Move,0.56640625,0.26967592592592593
784736,Move,0.5638020833333334,0.2708333333333333
784750,Move,0.5598958333333334,0.27314814814814814
784772,Move,0.5533854166666666,0.27662037037037035
784784,Move,0.5475260416666666,0.2800925925925926
784798,Move,0.5416666666666666,0.2835648148148148
784819,Move,0.5319010416666666,0.28935185185185186
784840,Move,0.5221354166666666,0.2962962962962963
784855,Move,0.5149739583333334,0.30092592592592593
784869,Move,0.5091145833333334,0.3055555555555556
784885,Move,0.501953125,0.3090277777777778
784904,Move,0.4921875,0.3159722222222222
784918,Move,0.4856770833333333,0.32060185185185186
784938,Move,0.4759114583333333,0.3263888888888889
784954,Move,0.4700520833333333,0.3298611111111111
784969,Move,0.462890625,0.33217592592592593
784988,Move,0.451171875,0.33796296296296297
785002,Move,0.439453125,0.3425925925925926
785023,Move,0.4205729166666667,0.3472222222222222
785036,Move,0.4088541666666667,0.34837962962962965
785049,Move,0.3932291666666667,0.34837962962962965
785071,Move,0.35546875,0.3402777777777778
785087,Move,0.3359375,0.33449074074074076
785107,Move,0.3190104166666667,0.33101851851851855
785121,Move,0.3053385416666667,0.33101851851851855
785130,Move,0.302734375,0.33101851851851855
785156,Move,0.29296875,0.33217592592592593
785171,Move,0.2825520833333333,0.33449074074074076
785184,Move,0.2799479166666667,0.33449074074074076
785305,Move,0.2799479166666667,0.33564814814814814
785385,Move,0.2799479166666667,0.33564814814814814
785463,Move,0.2799479166666667,0.33564814814814814
785543,Move,0.2799479166666667,0.3368055555555556
785621,Move,0.2799479166666667,0.33796296296296297
785701,Move,0.2799479166666667,0.3402777777777778
785783,Move,0.2799479166666667,0.3414351851851852
785792,Move,0.2799479166666667,0.3414351851851852
785799,Move,0.2799479166666667,0.3425925925925926
785818,Move,0.2799479166666667,0.3425925925925926
785835,Move,0.2805989583333333,0.3414351851851852
785854,Move,0.2819010416666667,0.3449074074074074
785872,Move,0.2838541666666667,0.3472222222222222
785879,Move,0.2845052083333333,0.34837962962962965
785900,Move,0.28515625,0.34953703703703703
785919,Move,0.2864583333333333,0.35185185185185186
785934,Move,0.2884114583333333,0.3541666666666667
785953,Move,0.2903645833333333,0.3576388888888889
785971,Move,0.2916666666666667,0.3587962962962963
785988,Move,0.29296875,0.3611111111111111
785997,Move,0.2942708333333333,0.36226851851851855
786016,Move,0.2955729166666667,0.3645833333333333
786034,Move,0.2981770833333333,0.3680555555555556
786052,Move,0.2994791666666667,0.3680555555555556
786071,Move,0.2994791666666667,0.3715277777777778
786079,Move,0.3001302083333333,0.3726851851851852
786097,Move,0.30078125,0.375
786115,Move,0.30078125,0.3761574074074074
786133,Move,0.3020833333333333,0.3784722222222222
786151,Move,0.3033854166666667,0.3819444444444444
786169,Move,0.3040364583333333,0.38425925925925924
786187,Move,0.3053385416666667,0.38657407407407407
786204,Move,0.3059895833333333,0.3900462962962963
786215,Move,0.3059895833333333,0.3912037037037037
786233,Move,0.3072916666666667,0.3923611111111111
786251,Move,0.3079427083333333,0.3958333333333333
786268,Move,0.30859375,0.3958333333333333
786285,Move,0.3092447916666667,0.39814814814814814
786304,Move,0.3098958333333333,0.40046296296296297
786322,Move,0.3111979166666667,0.4027777777777778
786340,Move,0.3111979166666667,0.4039351851851852
786349,Move,0.3111979166666667,0.4039351851851852
786370,Move,0.3118489583333333,0.4050925925925926
786388,Move,0.3111979166666667,0.4050925925925926
786403,Move,0.3111979166666667,0.4050925925925926
786421,Move,0.3111979166666667,0.4050925925925926
786439,Move,0.3111979166666667,0.4050925925925926
786448,Move,0.3111979166666667,0.4050925925925926
786466,Move,0.3118489583333333,0.4050925925925926
786484,Move,0.3118489583333333,0.4050925925925926
786502,Move,0.3118489583333333,0.4050925925925926
786520,Move,0.3125,0.4050925925925926
786539,Move,0.3125,0.4050925925925926
786547,Move,0.3125,0.4050925925925926
786566,Move,0.3125,0.4050925925925926
786582,Move,0.3131510416666667,0.4050925925925926
786601,Move,0.3131510416666667,0.4050925925925926
786619,Move,0.3131510416666667,0.4050925925925926
786633,Move,0.3131510416666667,0.4050925925925926
786777,Move,0.3138020833333333,0.4050925925925926
786945,Move,0.314453125,0.4050925925925926
787112,Move,0.314453125,0.4050925925925926
787343,Move,0.314453125,0.4050925925925926
787345,Move,0.314453125,0.4050925925925926
787346,Released,0.314453125,0.4050925925925926
787387,Released,0.486328125,0.6331018518518519