resolution:1536,864
321253.200000003,Pressed,0.3046875,0.4351851851851852
321274,Move,0.3046875,0.4351851851851852
321288.40000000224,Move,0.3046875,0.4351851851851852
321530.40000000224,Move,0.3079427083333333,0.4375
321545.200000003,Move,0.3079427083333333,0.4375
321551,Move,0.3092447916666667,0.4375
321565.1000000015,Move,0.3118489583333333,0.4375
321579,Move,0.3170572916666667,0.4375
321599.90000000224,Move,0.3274739583333333,0.4375
321613.6000000015,Move,0.3365885416666667,0.4375
321627.1000000015,Move,0.3483072916666667,0.4375
321648.40000000224,Move,0.3678385416666667,0.4375
321662.90000000224,Move,0.380859375,0.4375
321677.1000000015,Move,0.3951822916666667,0.4351851851851852
321698.200000003,Move,0.416015625,0.43287037037037035
321713.200000003,Move,0.4290364583333333,0.43287037037037035
321732.1000000015,Move,0.4498697916666667,0.4305555555555556
321747.700000003,Move,0.462890625,0.4305555555555556
321767.30000000075,Move,0.4837239583333333,0.42824074074074076
321783.5,Move,0.4954427083333333,0.42824074074074076
321795.6000000015,Move,0.5071614583333334,0.43287037037037035
321816.40000000224,Move,0.5397135416666666,0.4444444444444444
321831.700000003,Move,0.5592447916666666,0.4537037037037037
321845.40000000224,Move,0.580078125,0.46064814814814814
321865.700000003,Move,0.6569010416666666,0.48148148148148145
321880.40000000224,Move,0.6998697916666666,0.48842592592592593
321885.30000000075,Move,0.7063802083333334,0.48842592592592593
322005.80000000075,Move,0.7076822916666666,0.4861111111111111
322027.90000000224,Move,0.7076822916666666,0.4861111111111111
322033.5,Move,0.7076822916666666,0.4861111111111111
322048.1000000015,Move,0.708984375,0.4861111111111111
322062.30000000075,Move,0.708984375,0.4837962962962963
322082.30000000075,Move,0.712890625,0.4791666666666667
322096.90000000224,Move,0.7154947916666666,0.4722222222222222
322112,Move,0.7220052083333334,0.4652777777777778
322131.200000003,Move,0.732421875,0.4513888888888889
322146.6000000015,Move,0.736328125,0.44675925925925924
322153.6000000015,Move,0.7376302083333334,0.4444444444444444
322182.40000000224,Move,0.7389322916666666,0.4444444444444444
322187.5,Move,0.7389322916666666,0.4444444444444444
322215.30000000075,Move,0.7389322916666666,0.44212962962962965
322229.80000000075,Move,0.740234375,0.44212962962962965
322244.90000000224,Move,0.7337239583333334,0.4444444444444444
322261,Move,0.7259114583333334,0.44907407407407407
322280.80000000075,Move,0.7180989583333334,0.4537037037037037
322295.200000003,Move,0.7115885416666666,0.4583333333333333
322315.40000000224,Move,0.7024739583333334,0.4652777777777778
322329.200000003,Move,0.6959635416666666,0.4699074074074074
322343.5,Move,0.689453125,0.47685185185185186
322364,Move,0.677734375,0.4861111111111111
322378.80000000075,Move,0.669921875,0.49074074074074076
322398.90000000224,Move,0.6608072916666666,0.49537037037037035
322412.6000000015,Move,0.6529947916666666,0.4976851851851852
322433.6000000015,Move,0.638671875,0.5
322447.30000000075,Move,0.6282552083333334,0.5023148148148148
322461.40000000224,Move,0.6178385416666666,0.5023148148148148
322483.5,Move,0.6022135416666666,0.5023148148148148
322497.30000000075,Move,0.5865885416666666,0.5
322511.40000000224,Move,0.5735677083333334,0.5
322531.90000000224,Move,0.556640625,0.5023148148148148
322546.5,Move,0.548828125,0.5023148148148148
322566.200000003,Move,0.5384114583333334,0.5046296296296297
322581.40000000224,Move,0.529296875,0.5069444444444444
322640.80000000075,Move,0.529296875,0.5069444444444444
322665,Move,0.529296875,0.5046296296296297
322672.5,Move,0.5305989583333334,0.5023148148148148
322681.90000000224,Move,0.5305989583333334,0.5023148148148148
322689.90000000224,Move,0.5305989583333334,0.5
322713.6000000015,Move,0.5319010416666666,0.4976851851851852
322729.5,Move,0.533203125,0.49537037037037035
322737.40000000224,Move,0.533203125,0.49537037037037035
322761.200000003,Move,0.5345052083333334,0.49074074074074076
322778.40000000224,Move,0.5358072916666666,0.48148148148148145
322793.90000000224,Move,0.537109375,0.48148148148148145
322816,Move,0.5384114583333334,0.48148148148148145
322830.90000000224,Move,0.541015625,0.48148148148148145
322849.5,Move,0.544921875,0.48148148148148145
322865.200000003,Move,0.544921875,0.48148148148148145
322879.40000000224,Move,0.5501302083333334,0.48148148148148145
322899.40000000224,Move,0.5670572916666666,0.48148148148148145
322912.700000003,Move,0.5774739583333334,0.4791666666666667
322927.700000003,Move,0.595703125,0.47685185185185186
322948.6000000015,Move,0.6334635416666666,0.4837962962962963
322962.200000003,Move,0.6555989583333334,0.5
322983,Move,0.6764322916666666,0.5185185185185185
322998,Move,0.6803385416666666,0.5208333333333334
323011.40000000224,Move,0.681640625,0.5208333333333334
323033.30000000075,Move,0.6842447916666666,0.5231481481481481
323045.80000000075,Move,0.685546875,0.5231481481481481
323066.700000003,Move,0.6881510416666666,0.5254629629629629
323083,Move,0.693359375,0.5254629629629629
323095.5,Move,0.6959635416666666,0.5277777777777778
323102.1000000015,Move,0.697265625,0.5277777777777778
323168.40000000224,Move,0.6959635416666666,0.5277777777777778
323184.5,Move,0.6946614583333334,0.5277777777777778
323192.40000000224,Move,0.693359375,0.5254629629629629
323216.5,Move,0.6907552083333334,0.5254629629629629
323232.30000000075,Move,0.689453125,0.5231481481481481
323246.90000000224,Move,0.6881510416666666,0.5231481481481481
323265,Move,0.685546875,0.5231481481481481
323271.5,Move,0.685546875,0.5231481481481481
323296.30000000075,Move,0.6842447916666666,0.5231481481481481
323350.700000003,Move,0.6829427083333334,0.5208333333333334
323358.90000000224,Move,0.6829427083333334,0.5208333333333334
323379.200000003,Move,0.6803385416666666,0.5208333333333334
323384.40000000224,Move,0.6803385416666666,0.5208333333333334
323413.5,Move,0.677734375,0.5185185185185185
323433.1000000015,Move,0.673828125,0.5138888888888888
323448.200000003,Move,0.6725260416666666,0.5092592592592593
323462.40000000224,Move,0.669921875,0.5092592592592593
323484.200000003,Move,0.6634114583333334,0.5046296296296297
323496.5,Move,0.6555989583333334,0.4976851851851852
323510.6000000015,Move,0.650390625,0.4930555555555556
323531.700000003,Move,0.6477864583333334,0.49074074074074076
323546.6000000015,Move,0.6438802083333334,0.4861111111111111
323560.40000000224,Move,0.6373697916666666,0.4791666666666667
323582.1000000015,Move,0.6334635416666666,0.4722222222222222
323596.40000000224,Move,0.6282552083333334,0.4675925925925926
323616.700000003,Move,0.6217447916666666,0.46064814814814814
323630.90000000224,Move,0.6126302083333334,0.4513888888888889
323650.40000000224,Move,0.595703125,0.4351851851851852
323667.1000000015,Move,0.583984375,0.4212962962962963
323679.90000000224,Move,0.5709635416666666,0.4050925925925926
323699.90000000224,Move,0.544921875,0.37037037037037035
323713.90000000224,Move,0.5123697916666666,0.3263888888888889
323728,Move,0.4654947916666667,0.25925925925925924
323749.700000003,Move,0.435546875,0.2175925925925926
323755.1000000015,Move,0.4303385416666667,0.21296296296296297
323791.6000000015,Move,0.4303385416666667,0.21064814814814814
323800.40000000224,Move,0.431640625,0.20833333333333334
323805.700000003,Move,0.431640625,0.20833333333333334
323826.700000003,Move,0.4329427083333333,0.2037037037037037
323847.700000003,Move,0.435546875,0.19907407407407407
323862.200000003,Move,0.435546875,0.19675925925925927
323883.30000000075,Move,0.4368489583333333,0.19212962962962962
323897.6000000015,Move,0.4368489583333333,0.1875
323904.80000000075,Move,0.4381510416666667,0.1875
323932.40000000224,Move,0.4498697916666667,0.19212962962962962
323947,Move,0.462890625,0.19675925925925927
323963.1000000015,Move,0.4720052083333333,0.2013888888888889
323982.30000000075,Move,0.4928385416666667,0.20601851851851852
323996.40000000224,Move,0.505859375,0.20833333333333334
324017.5,Move,0.5279947916666666,0.21296296296296297
324030.5,Move,0.5423177083333334,0.2175925925925926
324046.40000000224,Move,0.5592447916666666,0.2222222222222222
324065.700000003,Move,0.5774739583333334,0.23148148148148148
324081,Move,0.5904947916666666,0.23842592592592593
324100.6000000015,Move,0.611328125,0.2523148148148148
324115.30000000075,Move,0.634765625,0.26851851851851855
324129.80000000075,Move,0.6490885416666666,0.2824074074074074
324143.5,Move,0.662109375,0.2962962962962963
324164.90000000224,Move,0.6920572916666666,0.32175925925925924
324179.5,Move,0.7115885416666666,0.33564814814814814
324199.80000000075,Move,0.7337239583333334,0.35185185185185186
324215.6000000015,Move,0.7454427083333334,0.3587962962962963
324229.90000000224,Move,0.759765625,0.36574074074074076
324335.30000000075,Move,0.759765625,0.3680555555555556
324357.200000003,Move,0.7584635416666666,0.3680555555555556
324363.200000003,Move,0.7584635416666666,0.3680555555555556
324370.80000000075,Move,0.7584635416666666,0.37037037037037035
324399,Move,0.7545572916666666,0.3726851851851852
324412.90000000224,Move,0.7506510416666666,0.375
324432.90000000224,Move,0.7415364583333334,0.37962962962962965
324447.700000003,Move,0.7376302083333334,0.37962962962962965
324463.1000000015,Move,0.736328125,0.37962962962962965
324483.90000000224,Move,0.7350260416666666,0.37962962962962965
324511.40000000224,Move,0.7350260416666666,0.37962962962962965
324517.90000000224,Move,0.7337239583333334,0.37962962962962965
324532.80000000075,Move,0.7311197916666666,0.3773148148148148
324546.90000000224,Move,0.724609375,0.3726851851851852
324562.30000000075,Move,0.6959635416666666,0.35185185185185186
324582,Move,0.6529947916666666,0.3148148148148148
324596.1000000015,Move,0.626953125,0.28935185185185186
324616.30000000075,Move,0.576171875,0.25
324631.200000003,Move,0.5540364583333334,0.2337962962962963
324646.200000003,Move,0.521484375,0.2152777777777778
324665.80000000075,Move,0.462890625,0.1875
324681,Move,0.431640625,0.1736111111111111
324694.200000003,Move,0.408203125,0.16435185185185186
324716.40000000224,Move,0.3860677083333333,0.15046296296296297
324729.40000000224,Move,0.3821614583333333,0.15046296296296297
324749.30000000075,Move,0.376953125,0.14583333333333334
324763.6000000015,Move,0.373046875,0.14351851851851852
324777.30000000075,Move,0.373046875,0.14351851851851852
324792.5,Move,0.3704427083333333,0.1412037037037037
324871.90000000224,Move,0.3704427083333333,0.14351851851851852
324908.40000000224,Move,0.3717447916666667,0.14351851851851852
324921.30000000075,Move,0.3717447916666667,0.14583333333333334
324942.1000000015,Move,0.373046875,0.14814814814814814
324966.30000000075,Move,0.3743489583333333,0.15046296296296297
324979.40000000224,Move,0.3756510416666667,0.1527777777777778
324997.5,Move,0.3756510416666667,0.1574074074074074
325013,Move,0.3782552083333333,0.1550925925925926
325027.5,Move,0.3782552083333333,0.1597222222222222
325048.80000000075,Move,0.380859375,0.16203703703703703
325061.700000003,Move,0.3834635416666667,0.16435185185185186
325083.40000000224,Move,0.388671875,0.1712962962962963
325096.1000000015,Move,0.392578125,0.17824074074074073
325111.700000003,Move,0.3938802083333333,0.18055555555555555
325129.80000000075,Move,0.3951822916666667,0.18055555555555555
325143,Move,0.3977864583333333,0.18287037037037038
325160.700000003,Move,0.4029947916666667,0.18981481481481483
325176.5,Move,0.4055989583333333,0.18981481481481483
325191.6000000015,Move,0.4095052083333333,0.19675925925925927
325217.1000000015,Move,0.4147135416666667,0.2013888888888889
325232.700000003,Move,0.4264322916666667,0.21064814814814814
325248.700000003,Move,0.4446614583333333,0.22685185185185186
325263.90000000224,Move,0.4720052083333333,0.24768518518518517
325279.80000000075,Move,0.4915364583333333,0.26157407407407407
325296.5,Move,0.525390625,0.28703703703703703
325311.40000000224,Move,0.5709635416666666,0.32407407407407407
325327.200000003,Move,0.619140625,0.3726851851851852
325351.1000000015,Move,0.6725260416666666,0.44907407407407407
325367.5,Move,0.6959635416666666,0.4861111111111111
325384,Move,0.7102864583333334,0.5069444444444444
325400.200000003,Move,0.7141927083333334,0.5115740740740741
325416.200000003,Move,0.716796875,0.5138888888888888
325432.1000000015,Move,0.7194010416666666,0.5185185185185185
325448.200000003,Move,0.7220052083333334,0.5208333333333334
325463.80000000075,Move,0.724609375,0.5254629629629629
325480.700000003,Move,0.7259114583333334,0.5254629629629629
325495.90000000224,Move,0.7298177083333334,0.5300925925925926
325512.30000000075,Move,0.7389322916666666,0.5393518518518519
325527.700000003,Move,0.7454427083333334,0.5462962962962963
325544.5,Move,0.748046875,0.5509259259259259
325580.200000003,Move,0.748046875,0.5486111111111112
325588,Move,0.7467447916666666,0.5486111111111112
325594.200000003,Move,0.7454427083333334,0.5486111111111112
325616.40000000224,Move,0.7415364583333334,0.5462962962962963
325629.5,Move,0.7376302083333334,0.5439814814814815
325650.5,Move,0.7337239583333334,0.5370370370370371
325664.90000000224,Move,0.7311197916666666,0.5347222222222222
325672.5,Move,0.7311197916666666,0.5324074074074074
325691.80000000075,Move,0.7298177083333334,0.5324074074074074
325728.5,Move,0.7272135416666666,0.5300925925925926
325735.5,Move,0.7272135416666666,0.5300925925925926
325749.40000000224,Move,0.724609375,0.5277777777777778
325765.40000000224,Move,0.7154947916666666,0.5208333333333334
325784.1000000015,Move,0.7024739583333334,0.5092592592592593
325797.90000000224,Move,0.701171875,0.5092592592592593
325814.200000003,Move,0.6946614583333334,0.5046296296296297
325833.40000000224,Move,0.6790364583333334,0.49074074074074076
325846.700000003,Move,0.6764322916666666,0.48842592592592593
325862.30000000075,Move,0.673828125,0.4861111111111111
325882.700000003,Move,0.6595052083333334,0.47685185185185186
325896.80000000075,Move,0.646484375,0.4652777777777778
325910.90000000224,Move,0.630859375,0.4537037037037037
325933,Move,0.603515625,0.4305555555555556
325947.5,Move,0.5852864583333334,0.4166666666666667
325967.1000000015,Move,0.5579427083333334,0.39351851851851855
325980.40000000224,Move,0.5397135416666666,0.37962962962962965
325996.80000000075,Move,0.5201822916666666,0.36574074074074076
326014.5,Move,0.4928385416666667,0.3425925925925926
326031.30000000075,Move,0.4615885416666667,0.31712962962962965
326044.5,Move,0.4251302083333333,0.28935185185185186
326063.6000000015,Move,0.3404947916666667,0.2222222222222222
326079.700000003,Move,0.2688802083333333,0.16666666666666666
326098.6000000015,Move,0.21158854166666666,0.12268518518518519
326314.200000003,Move,0.201171875,0.12962962962962962
326334.1000000015,Move,0.208984375,0.14351851851851852
326348.5,Move,0.21419270833333334,0.14814814814814814
326361.6000000015,Move,0.216796875,0.1527777777777778
326382.90000000224,Move,0.21809895833333334,0.1550925925925926
326398.200000003,Move,0.21809895833333334,0.1550925925925926
326403.6000000015,Move,0.21940104166666666,0.1574074074074074
326547.90000000224,Move,0.21940104166666666,0.1550925925925926
326606.200000003,Move,0.21940104166666666,0.1527777777777778
326717,Move,0.21940104166666666,0.1550925925925926
326731.30000000075,Move,0.220703125,0.1550925925925926
326746.80000000075,Move,0.22591145833333334,0.1597222222222222
326765.80000000075,Move,0.23372395833333334,0.16666666666666666
326780.80000000075,Move,0.240234375,0.1736111111111111
326796.40000000224,Move,0.24674479166666666,0.18055555555555555
326814.80000000075,Move,0.2649739583333333,0.19907407407407407
326831.1000000015,Move,0.2897135416666667,0.22453703703703703
326850.80000000075,Move,0.3444010416666667,0.2847222222222222
326864.90000000224,Move,0.3782552083333333,0.32407407407407407
326878.80000000075,Move,0.439453125,0.3888888888888889
326899.90000000224,Move,0.5384114583333334,0.48148148148148145
326913.40000000224,Move,0.5865885416666666,0.5138888888888888
326934.40000000224,Move,0.6334635416666666,0.5439814814814815
326947.30000000075,Move,0.646484375,0.5532407407407407
326963.5,Move,0.650390625,0.5555555555555556
326983.700000003,Move,0.654296875,0.5578703703703703
326997.5,Move,0.6569010416666666,0.5601851851851852
327012.1000000015,Move,0.6595052083333334,0.5625
327032,Move,0.6634114583333334,0.5671296296296297
327047.40000000224,Move,0.6764322916666666,0.5763888888888888
327066.40000000224,Move,0.6881510416666666,0.5879629629629629
327075.6000000015,Move,0.6907552083333334,0.5902777777777778
327144.40000000224,Move,0.6907552083333334,0.5879629629629629
327160.80000000075,Move,0.693359375,0.5787037037037037
327180.5,Move,0.6959635416666666,0.5625
327195,Move,0.6985677083333334,0.5509259259259259
327208.5,Move,0.6998697916666666,0.5416666666666666
327229.6000000015,Move,0.7037760416666666,0.5254629629629629
327243.5,Move,0.7076822916666666,0.5138888888888888
327264.1000000015,Move,0.7102864583333334,0.5023148148148148
327278.700000003,Move,0.7102864583333334,0.5
327300.200000003,Move,0.7102864583333334,0.5
327306.200000003,Move,0.7115885416666666,0.4976851851851852
327370,Move,0.7115885416666666,0.5
327460.30000000075,Move,0.7115885416666666,0.5023148148148148
327642.1000000015,Move,0.7115885416666666,0.5023148148148148
327679.40000000224,Move,0.7141927083333334,0.5023148148148148
327699.1000000015,Move,0.7154947916666666,0.5023148148148148
327722.40000000224,Move,0.716796875,0.5023148148148148
327746.700000003,Move,0.716796875,0.5023148148148148
327761.1000000015,Move,0.716796875,0.5023148148148148
327796.30000000075,Move,0.7194010416666666,0.5046296296296297
327803.1000000015,Move,0.7194010416666666,0.5046296296296297
327831.1000000015,Move,0.7220052083333334,0.5069444444444444
327847.6000000015,Move,0.7233072916666666,0.5069444444444444
327866.5,Move,0.724609375,0.5092592592592593
327881.1000000015,Move,0.7259114583333334,0.5115740740740741
327894.6000000015,Move,0.7272135416666666,0.5115740740740741
327914.700000003,Move,0.7298177083333334,0.5138888888888888
327929.80000000075,Move,0.7311197916666666,0.5138888888888888
327950.30000000075,Move,0.7337239583333334,0.5162037037037037
327965.40000000224,Move,0.736328125,0.5162037037037037
327979.5,Move,0.7389322916666666,0.5185185185185185
327993.1000000015,Move,0.7428385416666666,0.5185185185185185
328013.30000000075,Move,0.7532552083333334,0.5208333333333334
328033.700000003,Move,0.7584635416666666,0.5231481481481481
328041.700000003,Move,0.7584635416666666,0.5254629629629629
328063.6000000015,Move,0.759765625,0.5254629629629629
328069.200000003,Move,0.7610677083333334,0.5277777777777778
328118,Move,0.7610677083333334,0.5277777777777778
328200.6000000015,Move,0.7623697916666666,0.5277777777777778
328251.1000000015,Move,0.7623697916666666,0.5300925925925926
328282.40000000224,Move,0.7623697916666666,0.5300925925925926
328328.80000000075,Move,0.763671875,0.5324074074074074
328365.200000003,Move,0.7610677083333334,0.5300925925925926
328378.40000000224,Move,0.7584635416666666,0.5300925925925926
328400,Move,0.7467447916666666,0.5254629629629629
328413.90000000224,Move,0.7350260416666666,0.5185185185185185
328427.80000000075,Move,0.720703125,0.5115740740740741
328449.30000000075,Move,0.6959635416666666,0.4930555555555556
328464.200000003,Move,0.6790364583333334,0.4791666666666667
328483.90000000224,Move,0.654296875,0.4583333333333333
328498.700000003,Move,0.638671875,0.4444444444444444
328513.5,Move,0.619140625,0.4375
328533.30000000075,Move,0.5891927083333334,0.43287037037037035
328547.5,Move,0.556640625,0.42824074074074076
328559.6000000015,Move,0.5110677083333334,0.4212962962962963
328582.40000000224,Move,0.4186197916666667,0.4074074074074074
328595.90000000224,Move,0.326171875,0.37962962962962965
328602.6000000015,Move,0.310546875,0.375
328649.700000003,Move,0.3092447916666667,0.3773148148148148
328666.200000003,Move,0.3092447916666667,0.3773148148148148
328678,Move,0.3092447916666667,0.37962962962962965
328699,Move,0.3079427083333333,0.39351851851851855
328712.90000000224,Move,0.3053385416666667,0.41435185185185186
328727.6000000015,Move,0.3053385416666667,0.42824074074074076
328748.200000003,Move,0.3053385416666667,0.43287037037037035
328762.30000000075,Move,0.3053385416666667,0.43287037037037035
328768.80000000075,Move,0.3053385416666667,0.4351851851851852
329017.700000003,Released,0.3053385416666667,0.4351851851851852
329063,Released,0.4869791666666667,0.6331018518518519