resolution:1920,1080
14875.900000000373,Pressed,1137,591
14901.699999999255,Move,1137,591
14918.300000000745,Move,1137,591
15118.199999999255,Move,1137,591
15127.800000000745,Move,1136,588
15149.699999999255,Move,1132,580
15163.300000000745,Move,1128,567
15183.199999999255,Move,1126,562
15199.199999999255,Move,1123,551
15212.699999999255,Move,1119,541
15233.199999999255,Move,1117,534
15248.099999999627,Move,1112,521
15260.900000000373,Move,1106,504
15282.400000000373,Move,1094,469
15297.800000000745,Move,1085,444
15310.400000000373,Move,1076,421
15331.300000000745,Move,1064,385
15344.300000000745,Move,1058,366
15359.5,Move,1047,331
15380.900000000373,Move,1026,259
15394.199999999255,Move,1003,181
15416.400000000373,Move,986,127
15429.699999999255,Move,978,103
15436.599999999627,Move,977,98
15501.5,Move,978,98
15532.699999999255,Move,980,98
15542.300000000745,Move,981,98
15563.199999999255,Move,983,98
15581.900000000373,Move,985,98
15611.900000000373,Move,987,98
15622.199999999255,Move,988,98
15641.800000000745,Move,989,98
15742.800000000745,Move,987,100
15750.199999999255,Move,987,101
15763.800000000745,Move,985,104
15778,Move,979,112
15793.400000000373,Move,973,120
15814.900000000373,Move,971,122
15833.699999999255,Move,962,134
15847.699999999255,Move,959,138
15863.400000000373,Move,958,139
15882.199999999255,Move,950,148
15897.099999999627,Move,943,157
15911.400000000373,Move,935,167
15932.599999999627,Move,920,184
15945.400000000373,Move,910,196
15960.099999999627,Move,900,207
15981.699999999255,Move,885,224
15995.699999999255,Move,874,237
16017,Move,852,268
16030.699999999255,Move,827,306
16045.599999999627,Move,797,353
16065.300000000745,Move,721,471
16079.199999999255,Move,693,513
16093.300000000745,Move,683,527
16115.599999999627,Move,666,551
16186.099999999627,Move,664,553
16194.599999999627,Move,663,553
16207.900000000373,Move,661,555
16229.599999999627,Move,658,557
16250.099999999627,Move,655,559
16265.099999999627,Move,653,561
16278.300000000745,Move,651,562
16299,Move,647,564
16312.400000000373,Move,644,565
16328.599999999627,Move,642,567
16348.199999999255,Move,637,569
16361.699999999255,Move,635,570
16383.900000000373,Move,637,572
16398.400000000373,Move,638,572
16413.599999999627,Move,639,571
16432.699999999255,Move,649,571
16447.900000000373,Move,657,572
16461.400000000373,Move,667,573
16483.300000000745,Move,684,575
16496.199999999255,Move,696,578
16516.599999999627,Move,713,581
16532.5,Move,724,583
16546.300000000745,Move,735,586
16567.199999999255,Move,751,591
16580.300000000745,Move,762,593
16595.599999999627,Move,774,596
16615.900000000373,Move,795,597
16629,Move,818,595
16644.5,Move,854,592
16665.699999999255,Move,912,587
16679,Move,962,582
16699.199999999255,Move,1083,580
16713.599999999627,Move,1118,580
16826.599999999627,Move,1120,581
16834.300000000745,Move,1121,581
16848.800000000745,Move,1121,582
16863.400000000373,Move,1124,582
16883,Move,1129,586
16898.400000000373,Move,1135,590
16913.099999999627,Move,1138,592
17181.5,Released,1138,592
17234.199999999255,Released,940,673
