resolution:1920,1080
387083.2999999989,Pressed,977,349
387099.5,Move,977,349
387315.69999999925,Move,977,349
387326.5999999996,Move,978,350
387395.7999999989,Move,978,351
387465.5999999996,Move,979,350
387535.5,Move,979,351
387605.69999999925,Move,980,352
387672.19999999925,Move,981,353
387740.2999999989,Move,982,354
387809.2999999989,Move,983,356
388017.7999999989,Move,984,358
388067.7999999989,Move,985,359
388118.5999999996,Move,986,360
388169,Move,986,361
388219.4000000004,Move,987,363
388268.4000000004,Move,988,364
388518.9000000004,Move,989,365
388593.7999999989,Move,989,367
388667.7999999989,Move,990,368
388741.2999999989,Move,991,370
388815.69999999925,Move,992,371
388890.7999999989,Move,992,372
389186.7999999989,Move,994,375
389316.2999999989,Move,993,376
389578.19999999925,Move,993,375
390097.69999999925,Move,994,377
390228.4000000004,Move,995,380
390358.0999999996,Move,996,383
390939.69999999925,Move,997,385
391021.5,Move,998,388
391180.5,Move,999,390
391254.4000000004,Move,1000,391
391331.19999999925,Move,1000,393
391405.0999999996,Move,1001,395
391480.4000000004,Move,1001,396
391555.7999999989,Move,1001,397
391855.4000000004,Move,1002,398
391967.19999999925,Move,1001,399
392021.69999999925,Move,1002,399
392076.19999999925,Move,1002,400
392131.7999999989,Move,1003,401
392186.7999999989,Move,1003,402
392241.5999999996,Move,1004,403
392296.19999999925,Move,1004,405
392352.0999999996,Move,1005,406
392412.5999999996,Move,1005,408
392472.69999999925,Move,1005,409
392533.2999999989,Move,1005,410
392592.5999999996,Move,1005,412
392653.4000000004,Move,1006,413
392711.5999999996,Move,1006,414
392953.19999999925,Move,1007,415
393130.19999999925,Move,1007,416
393305.69999999925,Move,1007,417
393481.4000000004,Move,1007,418
393570.7999999989,Move,1007,420
393657.9000000004,Move,1007,422
393744.69999999925,Move,1007,423
393805,Move,1007,425
393922.5,Move,1007,426
393982.19999999925,Move,1007,427
394040.5,Move,1007,429
394099.9000000004,Move,1007,431
394276.7999999989,Move,1007,432
394346.4000000004,Move,1007,434
394414.9000000004,Move,1007,435
394622.9000000004,Move,1007,438
394691,Move,1007,439
394828.69999999925,Move,1007,440
394892,Move,1007,441
394955.5,Move,1007,442
395018.5,Move,1007,443
395082.69999999925,Move,1007,444
395145.4000000004,Move,1007,446
395207.69999999925,Move,1007,447
395334,Move,1007,448
395386.7999999989,Move,1007,451
395543.0999999996,Move,1007,452
395594.5,Move,1007,453
395646.7999999989,Move,1007,455
395698.7999999989,Move,1007,456
395802.7999999989,Move,1007,458
395849.5999999996,Move,1006,460
396038.69999999925,Move,1006,461
396086.0999999996,Move,1006,463
396132.4000000004,Move,1006,464
396227.0999999996,Move,1005,465
396482.5,Move,1005,466
396567.2999999989,Move,1005,467
396737.5999999996,Move,1004,469
396822.0999999996,Move,1004,471
396908.2999999989,Move,1004,472
396992.9000000004,Move,1003,473
397087.7999999989,Move,1003,475
397183.0999999996,Move,1003,476
397277.69999999925,Move,1002,478
397375.0999999996,Move,1002,479
397755,Move,1001,479
397806.69999999925,Move,1000,479
397860.9000000004,Move,1000,480
397912.19999999925,Move,1000,481
398015.9000000004,Move,1000,482
398078.2999999989,Move,999,483
398124.4000000004,Move,999,484
398171.5999999996,Move,998,486
398224.5,Move,997,487
398303.5,Move,997,488
398460,Move,996,489
398537.19999999925,Move,996,491
398615.2999999989,Move,995,492
398692.9000000004,Move,995,493
398849.5999999996,Move,994,494
398948.5,Move,994,495
399144.5999999996,Move,993,496
399241,Move,993,498
399341.69999999925,Move,992,499
399438.5999999996,Move,992,500
399634.2999999989,Move,991,501
399914.2999999989,Move,990,502
400114.2999999989,Move,989,503
400193.19999999925,Move,988,504
400286.69999999925,Move,987,505
400380,Move,986,506
400463.7999999989,Move,986,507
400548.9000000004,Move,985,507
400632.4000000004,Move,985,508
400716.2999999989,Move,984,509
400800.4000000004,Move,983,511
401053,Move,982,512
401127.69999999925,Move,981,513
401274.69999999925,Move,980,513
401348.5,Move,979,514
401423.69999999925,Move,978,516
401646,Move,977,517
401759.7999999989,Move,976,517
401817.0999999996,Move,976,518
401930.7999999989,Move,975,519
401987.5,Move,973,520
402045.7999999989,Move,972,521
402118.19999999925,Move,971,522
402192.2999999989,Move,969,522
402265,Move,968,523
402337.7999999989,Move,967,524
402631.4000000004,Move,966,525
402756.5999999996,Move,965,525
402879.2999999989,Move,964,525
402942.5999999996,Move,963,525
403005.0999999996,Move,962,526
403074.4000000004,Move,960,526
403128.7999999989,Move,958,527
403649.4000000004,Move,957,528
403754.5,Move,954,529
403857.4000000004,Move,953,530
403990.5,Move,952,530
404121.69999999925,Move,951,530
404188.19999999925,Move,949,531
404254.0999999996,Move,948,531
404320.9000000004,Move,947,532
404419.0999999996,Move,945,532
404513.5999999996,Move,944,532
404609.9000000004,Move,942,533
404706,Move,941,533
405089.5,Move,940,533
405250.5999999996,Move,938,533
405331.0999999996,Move,935,533
405409.69999999925,Move,934,533
405650.9000000004,Move,933,533
405727.9000000004,Move,931,533
405959.4000000004,Move,929,533
406035,Move,927,533
406191,Move,926,532
406347.69999999925,Move,925,532
406426.5999999996,Move,923,532
406504.0999999996,Move,921,531
406580.4000000004,Move,919,531
406892.5999999996,Move,918,530
406991.4000000004,Move,919,530
407091.5,Move,918,530
407190.5999999996,Move,915,530
407290.19999999925,Move,913,530
407388.0999999996,Move,912,530
407685.5999999996,Move,911,529
407737.9000000004,Move,910,529
407790.9000000004,Move,909,528
407843.5999999996,Move,908,528
407905.9000000004,Move,907,528
407952.0999999996,Move,906,527
407997.7999999989,Move,905,527
408106.7999999989,Move,904,526
408243.0999999996,Move,903,526
408287.5,Move,903,525
408333.9000000004,Move,902,525
408378.19999999925,Move,901,524
408422.5999999996,Move,898,523
408513.5999999996,Move,897,522
408575.2999999989,Move,895,522
408762.5999999996,Move,894,521
408824.5999999996,Move,892,520
408891.69999999925,Move,891,520
409011.4000000004,Move,890,519
409201.2999999989,Move,888,518
409264.2999999989,Move,886,517
409327.5999999996,Move,884,516
409580.19999999925,Move,883,515
409647.9000000004,Move,882,514
409716.5,Move,881,513
409852.19999999925,Move,880,512
409920.9000000004,Move,879,511
410055.69999999925,Move,878,510
410192.69999999925,Move,877,509
410258.2999999989,Move,876,508
410389.7999999989,Move,875,508
410452.9000000004,Move,874,506
410517.9000000004,Move,873,506
410583.19999999925,Move,872,504
410778.5999999996,Move,870,502
411049.19999999925,Move,869,501
411590.5999999996,Move,870,502
411725,Move,868,500
411861.2999999989,Move,866,498
411995.4000000004,Move,864,496
412278.69999999925,Move,863,495
412561.0999999996,Move,864,495
412748.0999999996,Move,862,493
412842.7999999989,Move,860,491
412935.7999999989,Move,859,490
412983.0999999996,Move,859,489
413028.69999999925,Move,858,489
413073.2999999989,Move,859,488
413119,Move,857,487
413165.5,Move,857,486
413212.19999999925,Move,855,484
413349.69999999925,Move,854,483
413401.9000000004,Move,853,482
413453.9000000004,Move,853,481
413505.7999999989,Move,852,481
413610.2999999989,Move,852,480
413657,Move,851,479
413718.7999999989,Move,850,476
413873,Move,849,475
414043.0999999996,Move,849,474
414097.9000000004,Move,848,473
414210.5999999996,Move,848,472
414267.0999999996,Move,847,471
414322.2999999989,Move,846,469
414379.5,Move,846,468
414512.5,Move,846,467
414560.5,Move,845,467
414620.69999999925,Move,845,466
414680.7999999989,Move,844,466
414741.0999999996,Move,844,465
414800.19999999925,Move,843,464
414861.19999999925,Move,841,461
414980.4000000004,Move,840,460
415029.5999999996,Move,840,459
415077.5,Move,839,458
415125.69999999925,Move,839,457
415174.0999999996,Move,838,456
415221.5,Move,838,455
415270.5999999996,Move,837,454
415317.9000000004,Move,837,453
415413.9000000004,Move,836,452
415458.5,Move,836,451
415504.5,Move,835,449
415549.7999999989,Move,835,448
415595.19999999925,Move,835,446
415640.5,Move,835,445
415684.0999999996,Move,835,444
415866.4000000004,Move,834,443
416043.69999999925,Move,834,442
416102.19999999925,Move,834,441
416162.4000000004,Move,833,440
416278.4000000004,Move,833,439
416339.7999999989,Move,832,437
416397.19999999925,Move,832,435
416457.19999999925,Move,831,434
416630,Move,831,433
416800.9000000004,Move,831,432
416888,Move,831,431
417059.69999999925,Move,831,429
417145.2999999989,Move,831,427
417230.69999999925,Move,830,426
417305.2999999989,Move,830,425
417372.9000000004,Move,830,424
417442.4000000004,Move,831,424
417512.5999999996,Move,830,423
417582.0999999996,Move,830,421
417652.69999999925,Move,830,420
417723.9000000004,Move,830,418
417933.19999999925,Move,829,417
417977.19999999925,Move,829,416
418022.7999999989,Move,829,415
418110.2999999989,Move,829,413
418155.5999999996,Move,829,412
418198.9000000004,Move,829,411
418241.9000000004,Move,829,409
418373.9000000004,Move,829,407
418454.69999999925,Move,829,405
418770.5999999996,Move,829,403
418849.5,Move,829,401
418927.5,Move,829,400
419087.19999999925,Move,828,399
419151.7999999989,Move,828,397
419344.0999999996,Move,828,396
419407.19999999925,Move,828,395
419471.69999999925,Move,828,393
419536,Move,828,392
419663.7999999989,Move,829,391
419730.5,Move,829,389
419799.0999999996,Move,829,388
419864.7999999989,Move,829,387
419932.4000000004,Move,829,385
419999.2999999989,Move,829,384
420066.0999999996,Move,829,383
420335.2999999989,Move,830,382
420501.7999999989,Move,830,381
420668,Move,830,380
420750.19999999925,Move,830,379
420834.9000000004,Move,830,378
420916.69999999925,Move,831,377
420999.7999999989,Move,831,375
421083.9000000004,Move,832,374
421174,Move,832,373
421262.5,Move,832,372
421440.2999999989,Move,833,370
421529.19999999925,Move,833,369
421618.7999999989,Move,833,367
421885.5999999996,Move,834,366
421982.2999999989,Move,834,365
422078.7999999989,Move,835,364
422174.69999999925,Move,835,363
422269.2999999989,Move,835,362
422366.5999999996,Move,836,361
422461.7999999989,Move,836,360
422656.4000000004,Move,837,357
423353.7999999989,Move,838,356
423469.2999999989,Move,839,353
423585.4000000004,Move,840,352
423670.2999999989,Move,840,351
423752.69999999925,Move,841,351
423836.7999999989,Move,841,350
424008.69999999925,Move,842,349
424167.9000000004,Move,843,347
424250.5999999996,Move,845,345
424797.5,Move,845,344
424895.5999999996,Move,847,341
424980.69999999925,Move,848,340
425078.19999999925,Move,847,340
425177.9000000004,Move,848,339
425276,Move,849,337
425373.5,Move,851,335
425766.0999999996,Move,852,334
425975.19999999925,Move,853,333
426116.4000000004,Move,854,332
426186.7999999989,Move,856,330
426326.9000000004,Move,857,329
426426.0999999996,Move,858,328
426509,Move,859,328
426612.5999999996,Move,859,327
426691.5,Move,860,326
426873.19999999925,Move,861,325
427055.7999999989,Move,862,324
427259.19999999925,Move,863,324
427359.5,Move,863,323
427460.9000000004,Move,864,323
427561.5,Move,865,322
427671.19999999925,Move,866,321
427765.19999999925,Move,867,320
427844.2999999989,Move,869,319
427924.5999999996,Move,870,319
428003.7999999989,Move,871,318
428081,Move,872,318
428319.0999999996,Move,873,317
428413,Move,874,316
428507.5,Move,876,315
428601.9000000004,Move,877,314
428695.0999999996,Move,878,314
429071.69999999925,Move,879,313
429136.0999999996,Move,880,313
429199.69999999925,Move,881,313
429263.7999999989,Move,882,313
429327.5,Move,883,313
429392.7999999989,Move,884,313
429457.4000000004,Move,885,313
429585.2999999989,Move,886,312
429681.9000000004,Move,887,312
429873.5999999996,Move,889,311
429970.9000000004,Move,890,310
430066,Move,891,310
430260,Move,893,309
430457.7999999989,Move,894,309
430849,Move,895,309
430946.9000000004,Move,898,309
431043.2999999989,Move,899,309
431161.9000000004,Move,900,309
431219,Move,901,309
431335.4000000004,Move,903,309
431393.7999999989,Move,905,309
431452.19999999925,Move,906,309
431577.9000000004,Move,907,309
431641.4000000004,Move,908,309
431764,Move,910,309
431825.5,Move,912,309
431888.4000000004,Move,913,310
431941.4000000004,Move,914,310
431994.7999999989,Move,915,310
432044.5,Move,916,310
432097.2999999989,Move,917,310
432149.19999999925,Move,918,310
432201.69999999925,Move,919,310
432305.5,Move,920,311
432561.0999999996,Move,921,311
432646,Move,922,311
432731.5,Move,923,311
432816.9000000004,Move,925,312
432901.0999999996,Move,926,312
432986.19999999925,Move,927,313
433055.9000000004,Move,927,312
433125.69999999925,Move,928,312
433194.0999999996,Move,929,313
433264.2999999989,Move,932,315
433332.7999999989,Move,933,316
433609.4000000004,Move,934,317
433835.69999999925,Move,935,317
434070.4000000004,Move,936,318
434170.9000000004,Move,937,318
434287.19999999925,Move,939,319
434394.2999999989,Move,940,320
434553.4000000004,Move,941,321
434603.9000000004,Move,942,321
434655.5999999996,Move,943,321
434708.2999999989,Move,943,322
434770.5,Move,944,323
434817.2999999989,Move,946,324
434864,Move,947,325
434923.5999999996,Move,948,325
434987.5999999996,Move,949,326
435045.9000000004,Move,950,326
435103.69999999925,Move,950,327
435165.19999999925,Move,951,327
435224.19999999925,Move,952,328
435285.2999999989,Move,953,328
435403.4000000004,Move,954,328
435547.19999999925,Move,955,329
435618.5,Move,957,330
435688.19999999925,Move,959,332
435981.7999999989,Move,960,333
436076.0999999996,Move,961,334
436232.69999999925,Move,962,335
436307.0999999996,Move,963,336
436468.9000000004,Move,964,337
436549.9000000004,Move,965,338
436715.69999999925,Move,966,339
436759.5,Move,966,338
436803.69999999925,Move,966,339
436847.7999999989,Move,967,339
436893,Move,968,340
436936.19999999925,Move,968,341
436979.9000000004,Move,969,341
437023.69999999925,Move,970,342
437068.5999999996,Move,972,343
437291.5999999996,Move,973,344
437380.19999999925,Move,975,346
437470.5,Move,977,349
438043.2999999989,Released,977,349
438084.7999999989,Released,940,673
