resolution:1536,864
274467.2000000002,Pressed,0.4524739583333333,0.47685185185185186
274468.2000000002,Move,0.4524739583333333,0.47685185185185186
274474,Move,0.4524739583333333,0.47685185185185186
274490.5999999996,Move,0.4524739583333333,0.47685185185185186
274692.0999999996,Move,0.4524739583333333,0.47685185185185186
274955.2000000002,Move,0.4563802083333333,0.47685185185185186
274975.9000000004,Move,0.4615885416666667,0.47453703703703703
274984,Move,0.462890625,0.4722222222222222
275003.9000000004,Move,0.4694010416666667,0.4699074074074074
275017.7999999998,Move,0.4733072916666667,0.4675925925925926
275038.7999999998,Move,0.4798177083333333,0.4652777777777778
275053.4000000004,Move,0.4837239583333333,0.46296296296296297
275067.7999999998,Move,0.4889322916666667,0.46296296296296297
275087.7000000002,Move,0.4954427083333333,0.46064814814814814
275101.7000000002,Move,0.4993489583333333,0.4583333333333333
275115.5,Move,0.501953125,0.4583333333333333
275136.7000000002,Move,0.509765625,0.4537037037037037
275150.5999999996,Move,0.513671875,0.4537037037037037
275171.5,Move,0.521484375,0.4513888888888889
275185.4000000004,Move,0.5266927083333334,0.44907407407407407
275199.4000000004,Move,0.533203125,0.44675925925925924
275220.5,Move,0.541015625,0.4444444444444444
275235.0999999996,Move,0.5462239583333334,0.4444444444444444
275255.5,Move,0.5514322916666666,0.44212962962962965
275269.0999999996,Move,0.5540364583333334,0.4398148148148148
275283.2999999998,Move,0.5592447916666666,0.4398148148148148
275392.0999999996,Move,0.5579427083333334,0.4398148148148148
275430.5999999996,Move,0.5579427083333334,0.4398148148148148
275449.7000000002,Move,0.556640625,0.4398148148148148
275468.5999999996,Move,0.556640625,0.4398148148148148
275506.4000000004,Move,0.5553385416666666,0.4398148148148148
275526.2999999998,Move,0.5540364583333334,0.4398148148148148
275554.2999999998,Move,0.552734375,0.44212962962962965
275569.5,Move,0.552734375,0.4444444444444444
275585.4000000004,Move,0.552734375,0.44675925925925924
275601.2999999998,Move,0.552734375,0.44907407407407407
275617.2999999998,Move,0.5540364583333334,0.4513888888888889
275625.2000000002,Move,0.5540364583333334,0.4513888888888889
275649.2999999998,Move,0.5540364583333334,0.45601851851851855
275666.2999999998,Move,0.5553385416666666,0.4583333333333333
275682.0999999996,Move,0.5553385416666666,0.46064814814814814
275698,Move,0.5553385416666666,0.46064814814814814
275721.9000000004,Move,0.5553385416666666,0.46296296296296297
275738,Move,0.5553385416666666,0.4652777777777778
275754,Move,0.5540364583333334,0.4699074074074074
275769.9000000004,Move,0.5553385416666666,0.4699074074074074
275786,Move,0.5553385416666666,0.47453703703703703
275801.7999999998,Move,0.5540364583333334,0.47685185185185186
275817.5999999996,Move,0.552734375,0.48148148148148145
275833.5999999996,Move,0.5514322916666666,0.4861111111111111
275849.5999999996,Move,0.5501302083333334,0.48842592592592593
275865.7000000002,Move,0.5501302083333334,0.4930555555555556
275881.5999999996,Move,0.548828125,0.49537037037037035
275897.5,Move,0.548828125,0.4976851851851852
275997.4000000004,Move,0.548828125,0.49537037037037035
276041.2000000002,Move,0.548828125,0.4930555555555556
276085,Move,0.548828125,0.4930555555555556
276171.2999999998,Move,0.5462239583333334,0.49074074074074076
276185.9000000004,Move,0.5423177083333334,0.4861111111111111
276199.5,Move,0.537109375,0.4837962962962963
276220.5999999996,Move,0.5084635416666666,0.46296296296296297
276234.4000000004,Move,0.4928385416666667,0.4537037037037037
276255.7000000002,Move,0.4615885416666667,0.4375
276269.2999999998,Move,0.4485677083333333,0.4305555555555556
276284.7999999998,Move,0.427734375,0.41898148148148145
276304.7000000002,Move,0.3990885416666667,0.39814814814814814
276318.5,Move,0.3834635416666667,0.3888888888888889
276332.7000000002,Move,0.3678385416666667,0.375
276353.4000000004,Move,0.3287760416666667,0.3425925925925926
276367.0999999996,Move,0.302734375,0.3194444444444444
276389.5,Move,0.2688802083333333,0.28935185185185186
276403.2999999998,Move,0.2532552083333333,0.27546296296296297
276416.7999999998,Move,0.236328125,0.26157407407407407
276438.0999999996,Move,0.22200520833333334,0.24768518518518517
276451.7999999998,Move,0.216796875,0.24537037037037038
276466,Move,0.21419270833333334,0.24305555555555555
276487.0999999996,Move,0.212890625,0.24074074074074073
276500.5999999996,Move,0.208984375,0.23842592592592593
276516.0999999996,Move,0.20638020833333334,0.23842592592592593
276536.2999999998,Move,0.205078125,0.23842592592592593
276552.2000000002,Move,0.20377604166666666,0.2361111111111111
276695.9000000004,Move,0.20377604166666666,0.2337962962962963
276704.9000000004,Move,0.20377604166666666,0.2361111111111111
276710.9000000004,Move,0.205078125,0.2361111111111111
276733.7000000002,Move,0.205078125,0.2361111111111111
276753.0999999996,Move,0.20638020833333334,0.2361111111111111
276767.2999999998,Move,0.20768229166666666,0.2337962962962963
276789.2000000002,Move,0.208984375,0.23148148148148148
276803.5,Move,0.21028645833333334,0.22916666666666666
276817.2999999998,Move,0.212890625,0.22685185185185186
276837.2000000002,Move,0.21809895833333334,0.2222222222222222
276851.2999999998,Move,0.21940104166666666,0.2222222222222222
276865.5,Move,0.220703125,0.22453703703703703
276886.5,Move,0.224609375,0.2337962962962963
276900.7999999998,Move,0.22721354166666666,0.23842592592592593
276921.4000000004,Move,0.23372395833333334,0.25
276935.4000000004,Move,0.24544270833333334,0.27314814814814814
276949.7999999998,Move,0.2649739583333333,0.30787037037037035
276970.2999999998,Move,0.3040364583333333,0.3819444444444444
276985.5,Move,0.337890625,0.4444444444444444
276999,Move,0.3587239583333333,0.4837962962962963
277020.2000000002,Move,0.373046875,0.5092592592592593
277033.7999999998,Move,0.3743489583333333,0.5115740740740741
277055.4000000004,Move,0.376953125,0.5162037037037037
277069,Move,0.3782552083333333,0.5185185185185185
277082.9000000004,Move,0.3834635416666667,0.5254629629629629
277103.9000000004,Move,0.388671875,0.5370370370370371
277163.9000000004,Move,0.388671875,0.5347222222222222
277172,Move,0.3899739583333333,0.5347222222222222
277186.9000000004,Move,0.392578125,0.5254629629629629
277201.2000000002,Move,0.396484375,0.5185185185185185
277221.5999999996,Move,0.400390625,0.5092592592592593
277234.0999999996,Move,0.4029947916666667,0.5046296296296297
277249.2000000002,Move,0.4055989583333333,0.5
277263.5,Move,0.4069010416666667,0.5
277305.4000000004,Move,0.408203125,0.4976851851851852
277320.0999999996,Move,0.4108072916666667,0.49074074074074076
277335,Move,0.4186197916666667,0.4675925925925926
277349.5999999996,Move,0.4264322916666667,0.44212962962962965
277369.4000000004,Move,0.4368489583333333,0.4074074074074074
277385.4000000004,Move,0.4446614583333333,0.38657407407407407
277404.4000000004,Move,0.4615885416666667,0.35185185185185186
277419.2999999998,Move,0.4772135416666667,0.32407407407407407
277438.4000000004,Move,0.4928385416666667,0.29398148148148145
277454.7999999998,Move,0.4993489583333333,0.2824074074074074
277467.4000000004,Move,0.501953125,0.2777777777777778
277483.7999999998,Move,0.501953125,0.27546296296296297
277502.4000000004,Move,0.5032552083333334,0.2708333333333333
277516.5,Move,0.5045572916666666,0.2708333333333333
277523.2999999998,Move,0.5045572916666666,0.26851851851851855
277601,Move,0.5045572916666666,0.26851851851851855
277608.9000000004,Move,0.505859375,0.26851851851851855
277615.4000000004,Move,0.5071614583333334,0.2638888888888889
277636.2999999998,Move,0.509765625,0.25925925925925924
277650.9000000004,Move,0.5123697916666666,0.2569444444444444
277671.5999999996,Move,0.5162760416666666,0.2569444444444444
277685.9000000004,Move,0.5188802083333334,0.25462962962962965
277692.4000000004,Move,0.5201822916666666,0.25462962962962965
277748.5999999996,Move,0.5188802083333334,0.2569444444444444
277770.0999999996,Move,0.5201822916666666,0.25925925925925924
277785.2999999998,Move,0.5188802083333334,0.2638888888888889
277804.9000000004,Move,0.517578125,0.2662037037037037
277820.4000000004,Move,0.5149739583333334,0.26851851851851855
277832.7000000002,Move,0.513671875,0.2708333333333333
277853.7999999998,Move,0.509765625,0.2800925925925926
277868,Move,0.505859375,0.2916666666666667
277889.0999999996,Move,0.494140625,0.3148148148148148
277903.0999999996,Move,0.4889322916666667,0.3287037037037037
277916.7000000002,Move,0.4772135416666667,0.35185185185185186
277937.5999999996,Move,0.455078125,0.39814814814814814
277951.5,Move,0.439453125,0.43287037037037035
277972.4000000004,Move,0.4212239583333333,0.4675925925925926
277986.2999999998,Move,0.4134114583333333,0.4837962962962963
278000,Move,0.4108072916666667,0.48842592592592593
278022.2999999998,Move,0.4095052083333333,0.49074074074074076
278035.2999999998,Move,0.408203125,0.4930555555555556
278055.9000000004,Move,0.4069010416666667,0.49537037037037035
278071.0999999996,Move,0.4055989583333333,0.49537037037037035
278086.5999999996,Move,0.4055989583333333,0.4976851851851852
278100.9000000004,Move,0.4029947916666667,0.5023148148148148
278120.5,Move,0.3990885416666667,0.5092592592592593
278135,Move,0.3977864583333333,0.5115740740740741
278168.4000000004,Move,0.3977864583333333,0.5092592592592593
278183.2999999998,Move,0.3990885416666667,0.5092592592592593
278192.2000000002,Move,0.400390625,0.5069444444444444
278204.4000000004,Move,0.4016927083333333,0.5046296296296297
278218.0999999996,Move,0.4029947916666667,0.5023148148148148
278238.7999999998,Move,0.4069010416666667,0.49537037037037035
278253.0999999996,Move,0.408203125,0.49074074074074076
278267.0999999996,Move,0.4095052083333333,0.48842592592592593
278273.4000000004,Move,0.4108072916666667,0.48842592592592593
278330.7999999998,Move,0.412109375,0.4861111111111111
278346.7000000002,Move,0.4134114583333333,0.4837962962962963
278370.5999999996,Move,0.4147135416666667,0.4837962962962963
278387,Move,0.416015625,0.4837962962962963
278402.4000000004,Move,0.4186197916666667,0.48148148148148145
278419.0999999996,Move,0.4225260416666667,0.4791666666666667
278434.2999999998,Move,0.4251302083333333,0.47453703703703703
278450.5,Move,0.4303385416666667,0.4722222222222222
278466.2999999998,Move,0.4342447916666667,0.4675925925925926
278482.2000000002,Move,0.4407552083333333,0.4652777777777778
278498.7999999998,Move,0.4459635416666667,0.46064814814814814
278522.2000000002,Move,0.455078125,0.45601851851851855
278539.2999999998,Move,0.4602864583333333,0.4513888888888889
278554.2999999998,Move,0.4654947916666667,0.44907407407407407
278570.9000000004,Move,0.4720052083333333,0.4444444444444444
278588.4000000004,Move,0.4772135416666667,0.44212962962962965
278602.9000000004,Move,0.482421875,0.4375
278619.2000000002,Move,0.4876302083333333,0.43287037037037035
278634.5999999996,Move,0.4928385416666667,0.42824074074074076
278651.2999999998,Move,0.498046875,0.42592592592592593
278667.2000000002,Move,0.5032552083333334,0.4212962962962963
278682.4000000004,Move,0.5110677083333334,0.41203703703703703
278698.2000000002,Move,0.517578125,0.4027777777777778
278722.4000000004,Move,0.5266927083333334,0.3888888888888889
278739.0999999996,Move,0.537109375,0.375
278755.0999999996,Move,0.556640625,0.35185185185185186
278770.5,Move,0.576171875,0.3333333333333333
278786.9000000004,Move,0.5852864583333334,0.32407407407407407
278822.7000000002,Move,0.5852864583333334,0.32407407407407407
278852.2000000002,Move,0.5865885416666666,0.32175925925925924
278867.0999999996,Move,0.5865885416666666,0.32175925925925924
278887.0999999996,Move,0.587890625,0.3194444444444444
278900.7999999998,Move,0.587890625,0.3194444444444444
278922.0999999996,Move,0.5891927083333334,0.31712962962962965
278935.5,Move,0.5904947916666666,0.3148148148148148
278942.4000000004,Move,0.5904947916666666,0.3148148148148148
278971.0999999996,Move,0.591796875,0.3125
278986.4000000004,Move,0.5930989583333334,0.30787037037037035
278999.0999999996,Move,0.5944010416666666,0.3055555555555556
279019.7999999998,Move,0.599609375,0.2986111111111111
279034.7999999998,Move,0.5983072916666666,0.2962962962962963
279055.7000000002,Move,0.5970052083333334,0.29398148148148145
279069.7000000002,Move,0.591796875,0.29398148148148145
279084.5,Move,0.5852864583333334,0.2916666666666667
279105,Move,0.5826822916666666,0.2916666666666667
279120,Move,0.5787760416666666,0.28935185185185186
279133.4000000004,Move,0.5709635416666666,0.28703703703703703
279147.9000000004,Move,0.568359375,0.28703703703703703
279169.2999999998,Move,0.5657552083333334,0.28703703703703703
279183.2999999998,Move,0.5592447916666666,0.28703703703703703
279204.5,Move,0.5475260416666666,0.2847222222222222
279218.2999999998,Move,0.5384114583333334,0.2847222222222222
279237.7999999998,Move,0.521484375,0.28703703703703703
279252,Move,0.5110677083333334,0.28703703703703703
279266.9000000004,Move,0.5006510416666666,0.28703703703703703
279286.7999999998,Move,0.4850260416666667,0.28703703703703703
279301.0999999996,Move,0.4733072916666667,0.28703703703703703
279322.0999999996,Move,0.451171875,0.2824074074074074
279335.5999999996,Move,0.4251302083333333,0.2662037037037037
279349.4000000004,Move,0.3977864583333333,0.24537037037037038
279370.7999999998,Move,0.3118489583333333,0.18287037037037038
279385.7999999998,Move,0.2845052083333333,0.16435185185185186
279405.0999999996,Move,0.259765625,0.1527777777777778
279419.4000000004,Move,0.24283854166666666,0.14351851851851852
279426.0999999996,Move,0.24153645833333334,0.14351851851851852
279507.2000000002,Move,0.240234375,0.14583333333333334
279522,Move,0.23893229166666666,0.14351851851851852
279535.7999999998,Move,0.23763020833333334,0.14583333333333334
279549.5,Move,0.23763020833333334,0.14814814814814814
279563.4000000004,Move,0.236328125,0.15046296296296297
279584.7999999998,Move,0.23502604166666666,0.14814814814814814
279599.5,Move,0.23502604166666666,0.15046296296296297
279619.4000000004,Move,0.232421875,0.1527777777777778
279634.7000000002,Move,0.23111979166666666,0.1550925925925926
279654.4000000004,Move,0.228515625,0.1597222222222222
279669.2999999998,Move,0.224609375,0.16435185185185186
279682.2999999998,Move,0.21809895833333334,0.1736111111111111
279704.2999999998,Move,0.21158854166666666,0.18287037037037038
279718,Move,0.21028645833333334,0.18518518518518517
279732.9000000004,Move,0.224609375,0.19675925925925927
279754,Move,0.236328125,0.2037037037037037
279768.0999999996,Move,0.24544270833333334,0.20833333333333334
279789.0999999996,Move,0.2584635416666667,0.21296296296296297
279802.7999999998,Move,0.2701822916666667,0.2175925925925926
279817.0999999996,Move,0.279296875,0.2222222222222222
279838,Move,0.2975260416666667,0.22916666666666666
279852.2000000002,Move,0.3079427083333333,0.2337962962962963
279872.9000000004,Move,0.3235677083333333,0.24305555555555555
279886.4000000004,Move,0.333984375,0.25
279900.0999999996,Move,0.341796875,0.25462962962962965
279921.2000000002,Move,0.357421875,0.26851851851851855
279935.2000000002,Move,0.3678385416666667,0.27546296296296297
279956,Move,0.3860677083333333,0.29398148148148145
279971.9000000004,Move,0.396484375,0.30324074074074076
279985,Move,0.408203125,0.3148148148148148
279999.5999999996,Move,0.4212239583333333,0.3287037037037037
280020.0999999996,Move,0.4407552083333333,0.34953703703703703
280033.7999999998,Move,0.4524739583333333,0.3587962962962963
280055.0999999996,Move,0.466796875,0.37037037037037035
280068.9000000004,Move,0.4733072916666667,0.375
280082.7000000002,Move,0.4850260416666667,0.38425925925925924
280207.4000000004,Move,0.486328125,0.3819444444444444
280222.2000000002,Move,0.486328125,0.37962962962962965
280237.4000000004,Move,0.486328125,0.3773148148148148
280250.5,Move,0.486328125,0.375
280270.9000000004,Move,0.4876302083333333,0.37037037037037035
280285.0999999996,Move,0.4876302083333333,0.36574074074074076
280301.0999999996,Move,0.4876302083333333,0.36342592592592593
280321.0999999996,Move,0.4889322916666667,0.3611111111111111
280335.0999999996,Move,0.4889322916666667,0.3587962962962963
280355.4000000004,Move,0.4915364583333333,0.3541666666666667
280362.2999999998,Move,0.4915364583333333,0.35185185185185186
280383.2999999998,Move,0.4928385416666667,0.3472222222222222
280399.2999999998,Move,0.494140625,0.3449074074074074
280419.4000000004,Move,0.4954427083333333,0.3402777777777778
280432.9000000004,Move,0.4954427083333333,0.33796296296296297
280447.0999999996,Move,0.4954427083333333,0.33796296296296297
280470.2999999998,Move,0.494140625,0.3402777777777778
280489.5,Move,0.4915364583333333,0.3449074074074074
280503.2000000002,Move,0.490234375,0.3472222222222222
280518.9000000004,Move,0.490234375,0.3472222222222222
280533.4000000004,Move,0.4876302083333333,0.35185185185185186
280552.9000000004,Move,0.4850260416666667,0.35648148148148145
280566.9000000004,Move,0.478515625,0.36574074074074076
280588,Move,0.4654947916666667,0.38657407407407407
280602.2999999998,Move,0.4524739583333333,0.4050925925925926
280618,Move,0.4446614583333333,0.4166666666666667
280637.2000000002,Move,0.4173177083333333,0.45601851851851855
280650.9000000004,Move,0.396484375,0.48842592592592593
280671.9000000004,Move,0.369140625,0.5347222222222222
280685.7000000002,Move,0.3587239583333333,0.5555555555555556
280701,Move,0.3483072916666667,0.5717592592592593
280722.0999999996,Move,0.341796875,0.5833333333333334
280735,Move,0.3404947916666667,0.5856481481481481
280755.9000000004,Move,0.3404947916666667,0.5879629629629629
280769.7000000002,Move,0.3391927083333333,0.5902777777777778
280785.7999999998,Move,0.337890625,0.5925925925925926
280798.7999999998,Move,0.3365885416666667,0.5925925925925926
280819,Move,0.3352864583333333,0.5949074074074074
280839.5999999996,Move,0.330078125,0.6041666666666666
280853.5,Move,0.326171875,0.6064814814814815
280868.7000000002,Move,0.3248697916666667,0.6087962962962963
280921.4000000004,Move,0.326171875,0.6111111111111112
280943.0999999996,Move,0.326171875,0.6111111111111112
280970.5,Move,0.326171875,0.6134259259259259
280985,Move,0.3274739583333333,0.6134259259259259
281018,Move,0.3274739583333333,0.6134259259259259
281027.2000000002,Move,0.3287760416666667,0.6157407407407407
281050,Move,0.3287760416666667,0.6157407407407407
281182.7999999998,Move,0.3274739583333333,0.6064814814814815
281205.4000000004,Move,0.3235677083333333,0.5925925925925926
281218,Move,0.3209635416666667,0.5810185185185185
281238.7000000002,Move,0.3170572916666667,0.5648148148148148
281253.2000000002,Move,0.3131510416666667,0.5509259259259259
281267.7999999998,Move,0.310546875,0.5393518518518519
281287.2999999998,Move,0.306640625,0.5231481481481481
281302.5,Move,0.3040364583333333,0.5115740740740741
281317.4000000004,Move,0.302734375,0.5023148148148148
281338.4000000004,Move,0.298828125,0.48842592592592593
281350.7999999998,Move,0.2962239583333333,0.4722222222222222
281371.9000000004,Move,0.2936197916666667,0.46064814814814814
281386.9000000004,Move,0.291015625,0.44675925925925924
281399.7999999998,Move,0.2884114583333333,0.43287037037037035
281420.7999999998,Move,0.2858072916666667,0.41898148148148145
281434.5,Move,0.283203125,0.4074074074074074
281448.7000000002,Move,0.2819010416666667,0.40046296296296297
281456.7999999998,Move,0.2805989583333333,0.39351851851851855
281558.5,Move,0.279296875,0.3958333333333333
281595.5999999996,Move,0.279296875,0.3958333333333333
281620.5,Move,0.2779947916666667,0.39814814814814814
281644.5,Move,0.2779947916666667,0.39814814814814814
281667.9000000004,Move,0.2766927083333333,0.40046296296296297
281680.0999999996,Move,0.275390625,0.4027777777777778
281691.7000000002,Move,0.275390625,0.4027777777777778
281704.0999999996,Move,0.2766927083333333,0.4050925925925926
281718.5999999996,Move,0.279296875,0.4050925925925926
281739.5,Move,0.294921875,0.41435185185185186
281753.4000000004,Move,0.2962239583333333,0.41435185185185186
281767.4000000004,Move,0.3040364583333333,0.4166666666666667
281788.2000000002,Move,0.3157552083333333,0.4212962962962963
281802.2999999998,Move,0.3196614583333333,0.4236111111111111
281816.2000000002,Move,0.330078125,0.42824074074074076
281837.0999999996,Move,0.3548177083333333,0.4351851851851852
281851.0999999996,Move,0.376953125,0.44212962962962965
281872,Move,0.4095052083333333,0.4513888888888889
281886,Move,0.4303385416666667,0.4583333333333333
281900.2000000002,Move,0.4498697916666667,0.4675925925925926
281922,Move,0.482421875,0.48842592592592593
281936,Move,0.5162760416666666,0.5115740740740741
281949.9000000004,Move,0.5735677083333334,0.5532407407407407
281970.9000000004,Move,0.6451822916666666,0.6018518518518519
281984.9000000004,Move,0.6595052083333334,0.6111111111111112
282084.5999999996,Move,0.6790364583333334,0.6157407407407407
282094,Move,0.6803385416666666,0.6157407407407407
282102.9000000004,Move,0.6803385416666666,0.6134259259259259
282121.2000000002,Move,0.6803385416666666,0.6111111111111112
282138.5,Move,0.6803385416666666,0.6087962962962963
282157,Move,0.6803385416666666,0.6087962962962963
282165.5,Move,0.6803385416666666,0.6064814814814815
282183.5999999996,Move,0.681640625,0.6041666666666666
282201.7999999998,Move,0.681640625,0.6018518518518519
282220.2999999998,Move,0.6634114583333334,0.5833333333333334
282236.4000000004,Move,0.6490885416666666,0.5694444444444444
282256.2000000002,Move,0.6243489583333334,0.5393518518518519
282269.9000000004,Move,0.6087239583333334,0.5185185185185185
282285.7000000002,Move,0.591796875,0.49537037037037035
282306,Move,0.5618489583333334,0.4583333333333333
282319,Move,0.541015625,0.43287037037037035
282333,Move,0.5240885416666666,0.41435185185185186
282354.0999999996,Move,0.4967447916666667,0.38657407407407407
282367.9000000004,Move,0.4720052083333333,0.36342592592592593
282389,Move,0.4212239583333333,0.32407407407407407
282403.4000000004,Move,0.392578125,0.30324074074074076
282418.4000000004,Move,0.3561197916666667,0.27546296296296297
282438.0999999996,Move,0.310546875,0.23842592592592593
282452.0999999996,Move,0.2884114583333333,0.2175925925925926
282472.5999999996,Move,0.2623697916666667,0.19212962962962962
282480.5,Move,0.24674479166666666,0.17824074074074073
282512.7999999998,Move,0.24544270833333334,0.17824074074074073
282521,Move,0.24544270833333334,0.17824074074074073
282534.7999999998,Move,0.24153645833333334,0.18518518518518517
282555.2999999998,Move,0.236328125,0.19675925925925927
282569.7999999998,Move,0.232421875,0.2037037037037037
282584.5999999996,Move,0.228515625,0.20833333333333334
282605.5,Move,0.21809895833333334,0.2152777777777778
282619.2999999998,Move,0.21419270833333334,0.2199074074074074
282634.0999999996,Move,0.21158854166666666,0.2222222222222222
282652.7000000002,Move,0.21028645833333334,0.22453703703703703
282660.9000000004,Move,0.21028645833333334,0.22453703703703703
282697.4000000004,Move,0.216796875,0.22685185185185186
282704.7000000002,Move,0.224609375,0.22685185185185186
282719.2000000002,Move,0.232421875,0.22916666666666666
282733.0999999996,Move,0.23763020833333334,0.23148148148148148
282754.0999999996,Move,0.251953125,0.2337962962962963
282770.0999999996,Move,0.259765625,0.2361111111111111
282788.2000000002,Move,0.2740885416666667,0.23842592592592593
282803.9000000004,Move,0.283203125,0.24074074074074073
282817.5,Move,0.294921875,0.24305555555555555
282831.4000000004,Move,0.302734375,0.24537037037037038
282852.2999999998,Move,0.3170572916666667,0.24768518518518517
282866.7000000002,Move,0.3287760416666667,0.25
282887.5999999996,Move,0.3404947916666667,0.2523148148148148
282900.4000000004,Move,0.349609375,0.25462962962962965
282921.9000000004,Move,0.3600260416666667,0.2569444444444444
282936,Move,0.3704427083333333,0.25925925925925924
282951.9000000004,Move,0.3782552083333333,0.26157407407407407
282971.5999999996,Move,0.400390625,0.2662037037037037
282986.2999999998,Move,0.4069010416666667,0.2662037037037037
283006.2000000002,Move,0.419921875,0.26851851851851855
283020.9000000004,Move,0.4329427083333333,0.2708333333333333
283033.9000000004,Move,0.443359375,0.27314814814814814
283055.2000000002,Move,0.4602864583333333,0.2777777777777778
283070.7999999998,Move,0.4720052083333333,0.2800925925925926
283083.7999999998,Move,0.4798177083333333,0.2800925925925926
283104,Move,0.4928385416666667,0.2824074074074074
283118,Move,0.4967447916666667,0.2847222222222222
283131.7999999998,Move,0.509765625,0.28703703703703703
283171.5999999996,Move,0.5110677083333334,0.2847222222222222
283179.2999999998,Move,0.5110677083333334,0.2824074074074074
283186.2999999998,Move,0.5110677083333334,0.2824074074074074
283200.2999999998,Move,0.5123697916666666,0.2800925925925926
283222.7000000002,Move,0.5149739583333334,0.27546296296296297
283236.5999999996,Move,0.5162760416666666,0.27314814814814814
283250.4000000004,Move,0.517578125,0.2708333333333333
283271,Move,0.5201822916666666,0.2662037037037037
283286.0999999996,Move,0.5227864583333334,0.2662037037037037
283306.0999999996,Move,0.525390625,0.25925925925925924
283319.7999999998,Move,0.5266927083333334,0.2569444444444444
283333.9000000004,Move,0.5266927083333334,0.25462962962962965
283348,Move,0.5279947916666666,0.25462962962962965
283370.5999999996,Move,0.529296875,0.25462962962962965
283384.7000000002,Move,0.5305989583333334,0.25462962962962965
283397.7999999998,Move,0.5319010416666666,0.25462962962962965
283413.0999999996,Move,0.5319010416666666,0.25462962962962965
283434.7999999998,Move,0.533203125,0.25462962962962965
283454.4000000004,Move,0.5358072916666666,0.25462962962962965
283476.5999999996,Move,0.537109375,0.25462962962962965
283491.4000000004,Move,0.537109375,0.25462962962962965
283503.9000000004,Move,0.5384114583333334,0.2523148148148148
283519.4000000004,Move,0.541015625,0.25462962962962965
283539.2000000002,Move,0.544921875,0.2569444444444444
283552.7999999998,Move,0.5462239583333334,0.2569444444444444
283568,Move,0.548828125,0.2569444444444444
283587.4000000004,Move,0.552734375,0.25925925925925924
283601.2999999998,Move,0.5553385416666666,0.2569444444444444
283621.9000000004,Move,0.5592447916666666,0.25925925925925924
283634.9000000004,Move,0.5631510416666666,0.25925925925925924
283656.7000000002,Move,0.572265625,0.25925925925925924
283670,Move,0.580078125,0.25925925925925924
283685.7000000002,Move,0.591796875,0.26157407407407407
283705.5,Move,0.6009114583333334,0.26157407407407407
283721.2000000002,Move,0.6022135416666666,0.2638888888888889
283734.4000000004,Move,0.6061197916666666,0.2638888888888889
283861.0999999996,Move,0.6061197916666666,0.2638888888888889
283941.2999999998,Move,0.607421875,0.2662037037037037
284018.5999999996,Move,0.607421875,0.2662037037037037
284057.7999999998,Move,0.6087239583333334,0.26851851851851855
284105.5999999996,Move,0.607421875,0.26851851851851855
284117.9000000004,Move,0.6048177083333334,0.2708333333333333
284139.2000000002,Move,0.6009114583333334,0.27546296296296297
284154,Move,0.5970052083333334,0.2777777777777778
284166.7999999998,Move,0.591796875,0.2824074074074074
284188.0999999996,Move,0.583984375,0.2916666666666667
284201.9000000004,Move,0.5774739583333334,0.29398148148148145
284217.4000000004,Move,0.572265625,0.30092592592592593
284236.5,Move,0.564453125,0.30787037037037035
284250.4000000004,Move,0.5592447916666666,0.3101851851851852
284271.9000000004,Move,0.5475260416666666,0.3194444444444444
284285.0999999996,Move,0.5358072916666666,0.3263888888888889
284306,Move,0.505859375,0.3472222222222222
284319.7000000002,Move,0.490234375,0.3587962962962963
284366.0999999996,Move,0.4889322916666667,0.3587962962962963
284415.5,Move,0.4889322916666667,0.3587962962962963
284514.5999999996,Move,0.4876302083333333,0.3587962962962963
284563.2000000002,Move,0.4954427083333333,0.35648148148148145
284571.7999999998,Move,0.5032552083333334,0.3541666666666667
284585,Move,0.5123697916666666,0.35185185185185186
284605.7000000002,Move,0.5305989583333334,0.3472222222222222
284620.2000000002,Move,0.5436197916666666,0.3425925925925926
284633.4000000004,Move,0.5553385416666666,0.3402777777777778
284655.4000000004,Move,0.576171875,0.3333333333333333
284668.7000000002,Move,0.5930989583333334,0.3287037037037037
284683.7000000002,Move,0.6087239583333334,0.32407407407407407
284704.2000000002,Move,0.630859375,0.3194444444444444
284718.0999999996,Move,0.6399739583333334,0.31712962962962965
284739.2999999998,Move,0.6555989583333334,0.3125
284754.5,Move,0.6647135416666666,0.3101851851851852
284767.0999999996,Move,0.6751302083333334,0.30787037037037035
284787.7999999998,Move,0.693359375,0.30324074074074076
284804.4000000004,Move,0.6998697916666666,0.30092592592592593
284823,Move,0.7102864583333334,0.2986111111111111
284837.0999999996,Move,0.7180989583333334,0.2986111111111111
284850.5999999996,Move,0.7298177083333334,0.29398148148148145
284872,Move,0.7428385416666666,0.2916666666666667
284887.2000000002,Move,0.7506510416666666,0.28935185185185186
284901.9000000004,Move,0.759765625,0.28703703703703703
284972.7000000002,Move,0.7727864583333334,0.2824074074074074
284986.5,Move,0.771484375,0.2800925925925926
285002.5999999996,Move,0.7701822916666666,0.2777777777777778
285022.0999999996,Move,0.767578125,0.27546296296296297
285036,Move,0.7649739583333334,0.27314814814814814
285056.5999999996,Move,0.763671875,0.2708333333333333
285070.7999999998,Move,0.7610677083333334,0.2708333333333333
285084.4000000004,Move,0.759765625,0.2708333333333333
285106.2999999998,Move,0.7571614583333334,0.26851851851851855
285120.0999999996,Move,0.755859375,0.26851851851851855
285134.5999999996,Move,0.7545572916666666,0.2662037037037037
285155.2999999998,Move,0.751953125,0.2662037037037037
285162.2999999998,Move,0.7506510416666666,0.2662037037037037
285184.2999999998,Move,0.7493489583333334,0.26851851851851855
285204.7000000002,Move,0.744140625,0.2708333333333333
285218.9000000004,Move,0.7428385416666666,0.27314814814814814
285239.9000000004,Move,0.736328125,0.2777777777777778
285253.7999999998,Move,0.732421875,0.2800925925925926
285267.5999999996,Move,0.7220052083333334,0.2847222222222222
285288.5999999996,Move,0.697265625,0.29398148148148145
285302.5,Move,0.6829427083333334,0.2986111111111111
285318.5,Move,0.662109375,0.3055555555555556
285337.5999999996,Move,0.611328125,0.33101851851851855
285352.7000000002,Move,0.5709635416666666,0.3726851851851852
285372.5999999996,Move,0.525390625,0.4351851851851852
285386.5,Move,0.505859375,0.46064814814814814
285400.4000000004,Move,0.4993489583333333,0.4675925925925926
285421.5999999996,Move,0.4967447916666667,0.4699074074074074
285435.2000000002,Move,0.4954427083333333,0.4722222222222222
285456,Move,0.4915364583333333,0.47685185185185186
285472.7000000002,Move,0.490234375,0.4791666666666667
285485.5999999996,Move,0.4876302083333333,0.48148148148148145
285499.0999999996,Move,0.4798177083333333,0.48842592592592593
285520.2999999998,Move,0.4720052083333333,0.49537037037037035
285527,Move,0.470703125,0.49537037037037035
285625.4000000004,Move,0.4694010416666667,0.49537037037037035
285633.2000000002,Move,0.4680989583333333,0.49074074074074076
285654.0999999996,Move,0.466796875,0.48842592592592593
285669.5,Move,0.4654947916666667,0.4861111111111111
285689.9000000004,Move,0.4641927083333333,0.4837962962962963
285703.5999999996,Move,0.4615885416666667,0.48148148148148145
285717.2999999998,Move,0.4602864583333333,0.48148148148148145
285739.0999999996,Move,0.4576822916666667,0.4791666666666667
285753.0999999996,Move,0.455078125,0.4791666666666667
285767,Move,0.4537760416666667,0.4791666666666667
285781.5,Move,0.4524739583333333,0.47685185185185186
286001.0999999996,Released,0.4524739583333333,0.47685185185185186
286060.9000000004,Released,0.4869791666666667,0.6331018518518519