resolution:1920,1080
116120.79999999888,Pressed,968,309
116149.09999999963,Move,968,309
116165.69999999925,Move,968,309
116365.59999999963,Move,968,309
116372.19999999925,Move,967,308
116395.09999999963,Move,966,308
116407.40000000037,Move,964,308
116419.29999999888,Move,963,307
116443.59999999963,Move,960,306
116455.59999999963,Move,958,305
116479.90000000037,Move,955,304
116493.69999999925,Move,955,306
116504.09999999963,Move,953,305
116526.5,Move,949,305
116540.09999999963,Move,947,305
116565.19999999925,Move,944,305
116575.09999999963,Move,943,305
116587.40000000037,Move,942,305
116612.29999999888,Move,941,304
116646.79999999888,Move,940,304
116721.90000000037,Move,939,305
116731.5,Move,938,305
116741.59999999963,Move,938,304
116761.40000000037,Move,937,305
116785.40000000037,Move,932,304
116792.90000000037,Move,931,304
116802.69999999925,Move,930,304
116845.79999999888,Move,929,305
116892,Move,928,306
116901.90000000037,Move,927,306
116922,Move,925,305
116941.79999999888,Move,920,308
116961.79999999888,Move,914,310
116971.90000000037,Move,912,311
116991.29999999888,Move,912,312
117002.40000000037,Move,911,312
117022.29999999888,Move,910,312
117043.79999999888,Move,909,313
117066,Move,910,314
117081.59999999963,Move,909,316
117113.59999999963,Move,908,316
117142.90000000037,Move,908,317
117157.40000000037,Move,907,317
117165.09999999963,Move,906,318
117177.09999999963,Move,904,320
117187.69999999925,Move,903,321
117198.40000000037,Move,902,322
117221,Move,897,324
117231.90000000037,Move,895,327
117264.40000000037,Move,886,331
117276.19999999925,Move,885,332
117297.09999999963,Move,883,333
117314.5,Move,882,333
117330.79999999888,Move,882,333
117352,Move,883,333
117377.40000000037,Move,882,333
117408.90000000037,Move,881,333
117418.59999999963,Move,880,333
117455.69999999925,Move,879,334
117497.59999999963,Move,877,333
117521.59999999963,Move,877,334
117537.19999999925,Move,876,334
117545.19999999925,Move,876,335
117561.59999999963,Move,873,336
117578,Move,872,339
117593.5,Move,870,343
117609.59999999963,Move,867,348
117627.90000000037,Move,861,354
117642.40000000037,Move,856,357
117658.40000000037,Move,856,359
117672.90000000037,Move,855,359
117696.79999999888,Move,856,359
117706.19999999925,Move,856,360
117729.5,Move,856,361
117745.69999999925,Move,856,362
117761.5,Move,856,364
117778.69999999925,Move,856,365
117806.40000000037,Move,857,366
117813.59999999963,Move,857,367
117827.09999999963,Move,856,368
117841.40000000037,Move,856,370
117863.5,Move,854,373
117877,Move,853,376
117897.5,Move,851,379
117912,Move,850,381
117925.59999999963,Move,849,383
117946.40000000037,Move,847,387
117961,Move,845,390
117974.29999999888,Move,842,397
117996.29999999888,Move,839,403
118004.69999999925,Move,839,404
118020.09999999963,Move,839,405
118044,Move,838,409
118060.40000000037,Move,836,416
118068.40000000037,Move,836,418
118094.09999999963,Move,835,419
118115.59999999963,Move,835,420
118148.59999999963,Move,835,421
118172.59999999963,Move,835,422
118197.79999999888,Move,834,425
118213.09999999963,Move,834,428
118228.59999999963,Move,834,432
118245.09999999963,Move,833,438
118252,Move,833,440
118269.19999999925,Move,833,441
118308.29999999888,Move,833,442
118325.69999999925,Move,834,443
118366.79999999888,Move,834,444
118389.59999999963,Move,834,445
118405.59999999963,Move,834,446
118413.79999999888,Move,834,447
118429.59999999963,Move,833,451
118445.40000000037,Move,833,454
118461.40000000037,Move,833,461
118477.5,Move,834,468
118494.09999999963,Move,835,472
118501.19999999925,Move,835,474
118526.29999999888,Move,835,475
118533,Move,836,475
118548.79999999888,Move,835,476
118581.09999999963,Move,836,477
118597,Move,836,478
118622,Move,837,479
118647.09999999963,Move,837,480
118662.90000000037,Move,836,480
118678.69999999925,Move,837,481
118702.79999999888,Move,837,482
118726.90000000037,Move,837,483
118734.79999999888,Move,838,484
118742.79999999888,Move,839,486
118760.59999999963,Move,840,488
118766.29999999888,Move,840,490
118790.59999999963,Move,841,492
118814.59999999963,Move,843,495
118830.59999999963,Move,845,499
118846.40000000037,Move,848,504
118854.40000000037,Move,850,507
118870.5,Move,850,508
118886.29999999888,Move,852,510
118901.09999999963,Move,855,513
118929.19999999925,Move,856,513
119195.29999999888,Move,857,514
119209.19999999925,Move,858,515
119223.09999999963,Move,863,519
119237.09999999963,Move,867,523
119250.90000000037,Move,870,525
119264.79999999888,Move,871,526
119279.19999999925,Move,873,527
119295.69999999925,Move,877,527
119311.79999999888,Move,879,527
119425,Move,878,528
119552.59999999963,Move,879,528
119649.90000000037,Move,880,528
119665.19999999925,Move,882,529
119681.29999999888,Move,889,530
119698.59999999963,Move,894,531
119713.90000000037,Move,897,531
119730.19999999925,Move,899,531
119746,Move,901,530
119754.59999999963,Move,902,530
119778.09999999963,Move,904,530
119795.5,Move,905,530
119811.5,Move,907,529
119827,Move,908,529
119850.40000000037,Move,911,529
119866,Move,912,528
119882.5,Move,915,527
119898.79999999888,Move,918,527
119914.79999999888,Move,920,526
119930,Move,923,525
119948.79999999888,Move,925,524
119962.5,Move,927,524
119978.19999999925,Move,928,524
119999.69999999925,Move,930,522
120018.90000000037,Move,931,522
120022.19999999925,Move,931,521
120046.69999999925,Move,933,520
120071.40000000037,Move,934,519
120083.5,Move,935,518
120096.19999999925,Move,935,517
120107.19999999925,Move,936,517
120120,Move,937,516
120144.19999999925,Move,937,514
120159.19999999925,Move,938,514
120168.19999999925,Move,939,512
120191.79999999888,Move,942,509
120215.79999999888,Move,944,508
120227.90000000037,Move,945,507
120254.09999999963,Move,947,507
120264,Move,948,506
120288.09999999963,Move,950,506
120300.29999999888,Move,951,505
120314,Move,952,504
120324.59999999963,Move,953,504
120345.29999999888,Move,954,503
120359.40000000037,Move,955,503
120383.79999999888,Move,956,503
120408.69999999925,Move,957,502
120471.40000000037,Move,957,501
120479,Move,958,501
120530.79999999888,Move,960,498
120549.29999999888,Move,961,496
120559.40000000037,Move,962,494
120579.5,Move,964,490
120598.29999999888,Move,969,484
120607.19999999925,Move,972,481
120628.69999999925,Move,975,477
120637.90000000037,Move,977,476
120659.40000000037,Move,977,475
120690.69999999925,Move,978,475
120699.29999999888,Move,977,474
120728.59999999963,Move,978,473
120753.90000000037,Move,979,473
120790.09999999963,Move,980,472
120839.5,Move,980,471
120880.59999999963,Move,980,470
120900.09999999963,Move,981,469
120911.69999999925,Move,981,468
120919.09999999963,Move,981,466
120944.09999999963,Move,982,463
120960.79999999888,Move,983,459
120980.19999999925,Move,985,453
120989.5,Move,987,449
121009,Move,991,444
121018.79999999888,Move,992,442
121042.29999999888,Move,994,440
121090.29999999888,Move,994,439
121140.90000000037,Move,995,438
121160.19999999925,Move,995,437
121191.79999999888,Move,996,436
121213.69999999925,Move,997,435
121242.29999999888,Move,997,434
121292.40000000037,Move,998,432
121312.90000000037,Move,998,430
121321.29999999888,Move,998,428
121342.69999999925,Move,999,424
121363.29999999888,Move,1000,419
121382.79999999888,Move,1001,411
121393.19999999925,Move,1002,408
121412.59999999963,Move,1003,404
121432.29999999888,Move,1003,401
121471.79999999888,Move,1003,400
121492.59999999963,Move,1003,399
121597.5,Move,1002,393
121616.09999999963,Move,1002,387
121914,Move,1002,386
121923.59999999963,Move,1001,383
121939.40000000037,Move,1001,376
121946.69999999925,Move,1000,372
121972.79999999888,Move,1000,365
121980.5,Move,1000,363
122001.90000000037,Move,999,362
122017.19999999925,Move,999,361
122032.5,Move,999,360
122043.19999999925,Move,998,359
122063.59999999963,Move,997,354
122083.29999999888,Move,997,353
122093.69999999925,Move,998,353
122113,Move,996,352
122163.09999999963,Move,995,352
122183.19999999925,Move,995,349
122192.79999999888,Move,995,348
122211.90000000037,Move,993,345
122235.90000000037,Move,989,339
122243.40000000037,Move,988,337
122263.09999999963,Move,987,334
122328.40000000037,Move,988,335
122340,Move,988,334
122350.40000000037,Move,987,334
122375.19999999925,Move,986,333
122383.40000000037,Move,985,331
122395.40000000037,Move,984,329
122451.09999999963,Move,983,328
122471.19999999925,Move,983,327
122482.5,Move,982,326
122496.90000000037,Move,981,324
122516,Move,978,321
122528,Move,977,320
122538.09999999963,Move,978,318
122560.19999999925,Move,975,315
122571.19999999925,Move,973,313
122593,Move,971,310
122613.90000000037,Move,969,310
122637.59999999963,Move,969,309
122887.09999999963,Released,969,309
122941.5,Released,940,673
