resolution:1536,864
845863,Pressed,0.5247395833333334,0.3449074074074074
846318,Move,0.5221354166666666,0.3460648148148148
846326,Move,0.521484375,0.3472222222222222
846343,Move,0.5201822916666666,0.34953703703703703
846360,Move,0.5162760416666666,0.35300925925925924
846375,Move,0.5162760416666666,0.35300925925925924
846395,Move,0.5123697916666666,0.35648148148148145
846409,Move,0.509765625,0.3587962962962963
846422,Move,0.50390625,0.36574074074074076
846444,Move,0.494140625,0.3773148148148148
846458,Move,0.4869791666666667,0.38657407407407407
846478,Move,0.4817708333333333,0.39351851851851855
846494,Move,0.4811197916666667,0.39467592592592593
846510,Move,0.48046875,0.3958333333333333
846530,Move,0.478515625,0.39814814814814814
846542,Move,0.4765625,0.39814814814814814
846564,Move,0.4739583333333333,0.40162037037037035
846578,Move,0.47265625,0.4039351851851852
846592,Move,0.4713541666666667,0.40625
846612,Move,0.4700520833333333,0.4085648148148148
846627,Move,0.4674479166666667,0.41203703703703703
846640,Move,0.4622395833333333,0.41782407407407407
846661,Move,0.4544270833333333,0.42592592592592593
846676,Move,0.4479166666666667,0.43287037037037035
846690,Move,0.4407552083333333,0.44212962962962965
846711,Move,0.42578125,0.45601851851851855
846733,Move,0.4147135416666667,0.4652777777777778
846739,Move,0.41015625,0.46875
846759,Move,0.4029947916666667,0.47453703703703703
846775,Move,0.3997395833333333,0.47685185185185186
846795,Move,0.3893229166666667,0.4837962962962963
846810,Move,0.3802083333333333,0.49189814814814814
846830,Move,0.365234375,0.5023148148148148
846843,Move,0.353515625,0.5115740740740741
846858,Move,0.3411458333333333,0.5208333333333334
846879,Move,0.3235677083333333,0.5347222222222222
846894,Move,0.31640625,0.5416666666666666
846906,Move,0.3092447916666667,0.5474537037037037
846928,Move,0.306640625,0.5497685185185185
846941,Move,0.3059895833333333,0.5497685185185185
846963,Move,0.3072916666666667,0.5486111111111112
846976,Move,0.306640625,0.5486111111111112
846998,Move,0.3059895833333333,0.5509259259259259
847005,Move,0.3053385416666667,0.5520833333333334
847025,Move,0.3033854166666667,0.5532407407407407
847047,Move,0.30078125,0.5567129629629629
847082,Move,0.2994791666666667,0.5578703703703703
847103,Move,0.2981770833333333,0.5578703703703703
847124,Move,0.2962239583333333,0.5590277777777778
847146,Move,0.2962239583333333,0.5590277777777778
847168,Move,0.2955729166666667,0.5590277777777778
847192,Move,0.2955729166666667,0.5590277777777778
847214,Move,0.2955729166666667,0.5590277777777778
847234,Move,0.2955729166666667,0.5590277777777778
847258,Move,0.2955729166666667,0.5590277777777778
847279,Move,0.2955729166666667,0.5590277777777778
847300,Move,0.2955729166666667,0.5590277777777778
847325,Move,0.2955729166666667,0.5590277777777778
847344,Move,0.2955729166666667,0.5590277777777778
847368,Move,0.2955729166666667,0.5590277777777778
847388,Move,0.2955729166666667,0.5590277777777778
847413,Move,0.2955729166666667,0.5590277777777778
847433,Move,0.2955729166666667,0.5590277777777778
847456,Move,0.2955729166666667,0.5590277777777778
847477,Move,0.2955729166666667,0.5590277777777778
847501,Move,0.2955729166666667,0.5590277777777778
847522,Move,0.2955729166666667,0.5590277777777778
847543,Move,0.2955729166666667,0.5590277777777778
847565,Move,0.2955729166666667,0.5590277777777778
847587,Move,0.2955729166666667,0.5590277777777778
847609,Move,0.2955729166666667,0.5590277777777778
847631,Move,0.2955729166666667,0.5590277777777778
847653,Move,0.2955729166666667,0.5590277777777778
847675,Move,0.294921875,0.5601851851851852
847697,Move,0.2923177083333333,0.5625
847718,Move,0.2897135416666667,0.5636574074074074
847741,Move,0.2877604166666667,0.5659722222222222
847763,Move,0.2858072916666667,0.5671296296296297
847785,Move,0.28515625,0.5671296296296297
847809,Move,0.2858072916666667,0.5659722222222222
847817,Move,0.2877604166666667,0.5625
847826,Move,0.2903645833333333,0.5578703703703703
847841,Move,0.30078125,0.5393518518518519
847860,Move,0.3138020833333333,0.5104166666666666
847880,Move,0.3365885416666667,0.4537037037037037
847889,Move,0.341796875,0.4386574074074074
847906,Move,0.345703125,0.42824074074074076
847929,Move,0.3470052083333333,0.42592592592592593
847947,Move,0.34765625,0.42476851851851855
847961,Move,0.34765625,0.42476851851851855
847978,Move,0.34765625,0.42476851851851855
847986,Move,0.34765625,0.42476851851851855
848008,Move,0.34765625,0.42476851851851855
848025,Move,0.34765625,0.42476851851851855
848040,Move,0.34765625,0.42476851851851855
848057,Move,0.34765625,0.42476851851851855
848073,Move,0.34765625,0.42476851851851855
848097,Move,0.34765625,0.42476851851851855
848113,Move,0.34765625,0.42476851851851855
848129,Move,0.3483072916666667,0.42476851851851855
848145,Move,0.3489583333333333,0.4236111111111111
848152,Move,0.3502604166666667,0.4224537037037037
848177,Move,0.3502604166666667,0.4212962962962963
848193,Move,0.3502604166666667,0.4212962962962963
848203,Move,0.3502604166666667,0.4212962962962963
848227,Move,0.3502604166666667,0.4212962962962963
848239,Move,0.3502604166666667,0.4212962962962963
848258,Move,0.3502604166666667,0.4212962962962963
848272,Move,0.3502604166666667,0.4212962962962963
848292,Move,0.3502604166666667,0.4212962962962963
848306,Move,0.3502604166666667,0.4212962962962963
848329,Move,0.3502604166666667,0.4212962962962963
848346,Move,0.3502604166666667,0.4212962962962963
848361,Move,0.3502604166666667,0.4212962962962963
848377,Move,0.3502604166666667,0.4212962962962963
848393,Move,0.3502604166666667,0.4212962962962963
848410,Move,0.3502604166666667,0.4212962962962963
848426,Move,0.3502604166666667,0.4212962962962963
848441,Move,0.3502604166666667,0.4212962962962963
848457,Move,0.3502604166666667,0.4212962962962963
848467,Move,0.3502604166666667,0.4212962962962963
848498,Move,0.3502604166666667,0.4212962962962963
848513,Move,0.3502604166666667,0.4212962962962963
848529,Move,0.3502604166666667,0.4212962962962963
848546,Move,0.3502604166666667,0.4212962962962963
848561,Move,0.3502604166666667,0.4212962962962963
848578,Move,0.3502604166666667,0.4212962962962963
848592,Move,0.3502604166666667,0.4212962962962963
848609,Move,0.3502604166666667,0.4212962962962963
848617,Move,0.3502604166666667,0.4212962962962963
848642,Move,0.3502604166666667,0.4212962962962963
848657,Move,0.3502604166666667,0.4212962962962963
848672,Move,0.3515625,0.41782407407407407
848697,Move,0.35546875,0.4085648148148148
848707,Move,0.3567708333333333,0.4050925925925926
848721,Move,0.3619791666666667,0.3912037037037037
848746,Move,0.3841145833333333,0.3414351851851852
848762,Move,0.4075520833333333,0.3020833333333333
848776,Move,0.4296875,0.2789351851851852
848793,Move,0.451171875,0.26157407407407407
848809,Move,0.46875,0.24768518518518517
848824,Move,0.482421875,0.2349537037037037
848841,Move,0.49609375,0.21875
848857,Move,0.5091145833333334,0.19907407407407407
848871,Move,0.51953125,0.18287037037037038
848888,Move,0.5240885416666666,0.17476851851851852
848965,Move,0.5234375,0.1736111111111111
848981,Move,0.5234375,0.1736111111111111
848995,Move,0.5234375,0.1736111111111111
849012,Move,0.5234375,0.1736111111111111
849027,Move,0.5247395833333334,0.1736111111111111
849053,Move,0.5247395833333334,0.1736111111111111
849056,Move,0.5240885416666666,0.1736111111111111
849071,Move,0.5240885416666666,0.1736111111111111
849088,Move,0.5240885416666666,0.1712962962962963
849101,Move,0.5234375,0.1701388888888889
849116,Move,0.5227864583333334,0.16898148148148148
849146,Move,0.521484375,0.16435185185185186
849163,Move,0.5201822916666666,0.16087962962962962
849179,Move,0.51953125,0.1597222222222222
849191,Move,0.5188802083333334,0.15856481481481483
849210,Move,0.5188802083333334,0.1574074074074074
849221,Move,0.5188802083333334,0.1574074074074074
849241,Move,0.5182291666666666,0.1574074074074074
849253,Move,0.5182291666666666,0.1574074074074074
849266,Move,0.5182291666666666,0.1574074074074074
849282,Move,0.5182291666666666,0.15625
849313,Move,0.517578125,0.1550925925925926
849326,Move,0.517578125,0.1550925925925926
849342,Move,0.5182291666666666,0.1574074074074074
849360,Move,0.5188802083333334,0.15856481481481483
849378,Move,0.51953125,0.1597222222222222
849392,Move,0.51953125,0.16087962962962962
849407,Move,0.5201822916666666,0.16435185185185186
849427,Move,0.5227864583333334,0.1724537037037037
849442,Move,0.5247395833333334,0.17708333333333334
849463,Move,0.5266927083333334,0.1863425925925926
849477,Move,0.5279947916666666,0.19328703703703703
849491,Move,0.5299479166666666,0.2013888888888889
849511,Move,0.533203125,0.2152777777777778
849525,Move,0.53515625,0.22453703703703703
849538,Move,0.5377604166666666,0.2337962962962963
849560,Move,0.5403645833333334,0.24768518518518517
849574,Move,0.54296875,0.2569444444444444
849596,Move,0.5455729166666666,0.2708333333333333
849612,Move,0.5475260416666666,0.2800925925925926
849625,Move,0.5494791666666666,0.28935185185185186
849644,Move,0.552734375,0.30324074074074076
849659,Move,0.5546875,0.3125
849680,Move,0.5579427083333334,0.3263888888888889
849692,Move,0.5598958333333334,0.33564814814814814
849713,Move,0.5631510416666666,0.34837962962962965
849727,Move,0.56640625,0.36226851851851855
849742,Move,0.5716145833333334,0.3784722222222222
849756,Move,0.5768229166666666,0.39467592592592593
849778,Move,0.5859375,0.41435185185185186
849798,Move,0.5963541666666666,0.4386574074074074
849813,Move,0.609375,0.47453703703703703
849826,Move,0.6223958333333334,0.5138888888888888
849847,Move,0.634765625,0.5543981481481481
849854,Move,0.6360677083333334,0.5578703703703703
849967,Move,0.63671875,0.5578703703703703
850000,Move,0.63671875,0.5578703703703703
850033,Move,0.6373697916666666,0.5567129629629629
850066,Move,0.638671875,0.5555555555555556
850099,Move,0.6393229166666666,0.5543981481481481
850131,Move,0.6393229166666666,0.5543981481481481
850167,Move,0.6393229166666666,0.5543981481481481
850198,Move,0.6393229166666666,0.5543981481481481
850231,Move,0.6393229166666666,0.5532407407407407
850263,Move,0.6393229166666666,0.5532407407407407
850296,Move,0.6393229166666666,0.5532407407407407
850333,Move,0.6399739583333334,0.5509259259259259
850364,Move,0.6412760416666666,0.5486111111111112
850396,Move,0.6419270833333334,0.5474537037037037
850431,Move,0.6419270833333334,0.5474537037037037
850462,Move,0.6419270833333334,0.5474537037037037
850497,Move,0.6419270833333334,0.5474537037037037
850531,Move,0.6412760416666666,0.5486111111111112
850540,Move,0.640625,0.5486111111111112
850556,Move,0.6393229166666666,0.5486111111111112
850579,Move,0.634765625,0.5486111111111112
850595,Move,0.6321614583333334,0.5486111111111112
850611,Move,0.6315104166666666,0.5486111111111112
850627,Move,0.6295572916666666,0.5486111111111112
850643,Move,0.6263020833333334,0.5486111111111112
850659,Move,0.623046875,0.5486111111111112
850674,Move,0.6178385416666666,0.5497685185185185
850692,Move,0.609375,0.5532407407407407
850707,Move,0.59765625,0.5578703703703703
850723,Move,0.5859375,0.5625
850740,Move,0.576171875,0.5671296296296297
850756,Move,0.5748697916666666,0.5671296296296297
850779,Move,0.5729166666666666,0.5682870370370371
850796,Move,0.572265625,0.5671296296296297
850804,Move,0.5716145833333334,0.5671296296296297
850819,Move,0.5709635416666666,0.5671296296296297
850844,Move,0.5696614583333334,0.5671296296296297
850860,Move,0.568359375,0.5682870370370371
850875,Move,0.56640625,0.5694444444444444
850892,Move,0.5657552083333334,0.5694444444444444
850907,Move,0.5657552083333334,0.5706018518518519
850924,Move,0.5651041666666666,0.5717592592592593
850946,Move,0.5631510416666666,0.5717592592592593
850955,Move,0.5625,0.5717592592592593
850978,Move,0.5611979166666666,0.5717592592592593
850995,Move,0.5611979166666666,0.5717592592592593
851011,Move,0.5598958333333334,0.5717592592592593
851027,Move,0.55859375,0.5717592592592593
851043,Move,0.556640625,0.5729166666666666
851058,Move,0.5553385416666666,0.5729166666666666
851076,Move,0.552734375,0.5740740740740741
851091,Move,0.5501302083333334,0.5740740740740741
851107,Move,0.5462239583333334,0.5740740740740741
851122,Move,0.5403645833333334,0.5752314814814815
851139,Move,0.53515625,0.5740740740740741
851163,Move,0.5234375,0.5717592592592593
851178,Move,0.5169270833333334,0.5706018518518519
851187,Move,0.51171875,0.5682870370370371
851212,Move,0.4986979166666667,0.5625
851227,Move,0.4869791666666667,0.5578703703703703
851242,Move,0.4765625,0.5532407407407407
851259,Move,0.4694010416666667,0.5520833333333334
851275,Move,0.4622395833333333,0.5497685185185185
851291,Move,0.4576822916666667,0.5486111111111112
851309,Move,0.4563802083333333,0.5486111111111112
851323,Move,0.4557291666666667,0.5486111111111112
851339,Move,0.4544270833333333,0.5486111111111112
851363,Move,0.4544270833333333,0.5486111111111112
851379,Move,0.4544270833333333,0.5486111111111112
851394,Move,0.4537760416666667,0.5486111111111112
851411,Move,0.4524739583333333,0.5486111111111112
851427,Move,0.4518229166666667,0.5486111111111112
851444,Move,0.44921875,0.5486111111111112
851457,Move,0.447265625,0.5486111111111112
851561,Move,0.4479166666666667,0.5486111111111112
851593,Move,0.4479166666666667,0.5486111111111112
851624,Move,0.4479166666666667,0.5486111111111112
851656,Move,0.44921875,0.5509259259259259
851685,Move,0.4498697916666667,0.5532407407407407
851716,Move,0.4505208333333333,0.5532407407407407
851748,Move,0.4505208333333333,0.5532407407407407
851781,Move,0.4505208333333333,0.5532407407407407
851816,Move,0.4505208333333333,0.5532407407407407
851842,Move,0.451171875,0.5543981481481481
851850,Move,0.4518229166666667,0.5543981481481481
851863,Move,0.4518229166666667,0.5555555555555556
851876,Move,0.4563802083333333,0.5578703703703703
851900,Move,0.4615885416666667,0.5625
851912,Move,0.4661458333333333,0.5659722222222222
851926,Move,0.4700520833333333,0.5694444444444444
851940,Move,0.4733072916666667,0.5717592592592593
851961,Move,0.48046875,0.5775462962962963
851974,Move,0.4830729166666667,0.5798611111111112
851995,Move,0.4895833333333333,0.5821759259259259
852010,Move,0.4947916666666667,0.5844907407407407
852024,Move,0.5,0.5856481481481481
852045,Move,0.5065104166666666,0.5902777777777778
852059,Move,0.509765625,0.5902777777777778
852076,Move,0.5130208333333334,0.5914351851851852
852093,Move,0.515625,0.59375
852108,Move,0.5169270833333334,0.59375
852129,Move,0.5169270833333334,0.59375
852143,Move,0.517578125,0.59375
852159,Move,0.5182291666666666,0.59375
852178,Move,0.5188802083333334,0.59375
852192,Move,0.5188802083333334,0.59375
852206,Move,0.5188802083333334,0.59375
852229,Move,0.5149739583333334,0.5902777777777778
852244,Move,0.505859375,0.5856481481481481
852261,Move,0.4921875,0.5752314814814815
852277,Move,0.4778645833333333,0.5636574074074074
852294,Move,0.4700520833333333,0.5578703703703703
852308,Move,0.4694010416666667,0.5578703703703703
852326,Move,0.46875,0.5567129629629629
852340,Move,0.4680989583333333,0.5567129629629629
852358,Move,0.4680989583333333,0.5567129629629629
852373,Move,0.4680989583333333,0.5567129629629629
852389,Move,0.4680989583333333,0.5567129629629629
852405,Move,0.4680989583333333,0.5567129629629629
852422,Move,0.4680989583333333,0.5567129629629629
852445,Move,0.4680989583333333,0.5567129629629629
852461,Move,0.4680989583333333,0.5567129629629629
852478,Move,0.4680989583333333,0.5567129629629629
852493,Move,0.4674479166666667,0.5555555555555556
852509,Move,0.4674479166666667,0.5555555555555556
852525,Move,0.4674479166666667,0.5555555555555556
852543,Move,0.4674479166666667,0.5555555555555556
852556,Move,0.4674479166666667,0.5555555555555556
852580,Move,0.4674479166666667,0.5555555555555556
852590,Move,0.4674479166666667,0.5555555555555556
852613,Move,0.4674479166666667,0.5555555555555556
852628,Move,0.4674479166666667,0.5555555555555556
852646,Move,0.4674479166666667,0.5555555555555556
852660,Move,0.4674479166666667,0.5555555555555556
852678,Move,0.4674479166666667,0.5555555555555556
852684,Move,0.4674479166666667,0.5555555555555556
852707,Move,0.4674479166666667,0.5555555555555556
852725,Move,0.4674479166666667,0.5555555555555556
852743,Move,0.4674479166666667,0.5555555555555556
852757,Move,0.4674479166666667,0.5555555555555556
852773,Move,0.4674479166666667,0.5555555555555556
852796,Move,0.4674479166666667,0.5555555555555556
852806,Move,0.4674479166666667,0.5555555555555556
852828,Move,0.4674479166666667,0.5555555555555556
852836,Move,0.4674479166666667,0.5555555555555556
852862,Move,0.4674479166666667,0.5555555555555556
852878,Move,0.4674479166666667,0.5555555555555556
852895,Move,0.4674479166666667,0.5555555555555556
852899,Move,0.4674479166666667,0.5555555555555556
852925,Move,0.4661458333333333,0.5543981481481481
852942,Move,0.4635416666666667,0.5532407407407407
852949,Move,0.4622395833333333,0.5509259259259259
852973,Move,0.4453125,0.5393518518518519
852997,Move,0.4069010416666667,0.5173611111111112
853005,Move,0.3951822916666667,0.5115740740740741
853029,Move,0.3626302083333333,0.49421296296296297
853045,Move,0.34765625,0.4861111111111111
853062,Move,0.3333333333333333,0.47800925925925924
853077,Move,0.3209635416666667,0.4699074074074074
853093,Move,0.314453125,0.4664351851851852
853137,Move,0.3138020833333333,0.4675925925925926
853151,Move,0.3138020833333333,0.4675925925925926
853166,Move,0.3138020833333333,0.4675925925925926
853179,Move,0.3138020833333333,0.4675925925925926
853194,Move,0.3138020833333333,0.4675925925925926
853208,Move,0.3138020833333333,0.46875
853221,Move,0.3138020833333333,0.46875
853235,Move,0.3138020833333333,0.4699074074074074
853263,Move,0.3138020833333333,0.4722222222222222
853278,Move,0.3138020833333333,0.47337962962962965
853290,Move,0.3138020833333333,0.47453703703703703
853304,Move,0.3131510416666667,0.47800925925925924
853318,Move,0.3131510416666667,0.48148148148148145
853332,Move,0.3125,0.4837962962962963
853362,Move,0.3118489583333333,0.48842592592592593
853376,Move,0.3118489583333333,0.4895833333333333
853391,Move,0.3118489583333333,0.4895833333333333
853403,Move,0.3118489583333333,0.4895833333333333
853416,Move,0.3118489583333333,0.4895833333333333
853447,Move,0.3111979166666667,0.49074074074074076
853458,Move,0.3111979166666667,0.49074074074074076
853473,Move,0.3111979166666667,0.49074074074074076
853487,Move,0.3111979166666667,0.49189814814814814
853516,Move,0.3111979166666667,0.49189814814814814
853531,Move,0.3125,0.4930555555555556
853546,Move,0.3138020833333333,0.49189814814814814
853561,Move,0.3138020833333333,0.49074074074074076
853577,Move,0.31640625,0.49074074074074076
853596,Move,0.3196614583333333,0.49189814814814814
853611,Move,0.3216145833333333,0.49189814814814814
853624,Move,0.322265625,0.4930555555555556
853644,Move,0.3229166666666667,0.4930555555555556
853658,Move,0.3255208333333333,0.4930555555555556
853672,Move,0.328125,0.4930555555555556
853686,Move,0.3294270833333333,0.4930555555555556
853708,Move,0.3307291666666667,0.49074074074074076
853727,Move,0.3326822916666667,0.49074074074074076
853743,Move,0.3352864583333333,0.49074074074074076
853763,Move,0.33984375,0.49074074074074076
853770,Move,0.3411458333333333,0.49074074074074076
853791,Move,0.34765625,0.49074074074074076
853806,Move,0.3515625,0.49074074074074076
853827,Move,0.357421875,0.49074074074074076
853842,Move,0.361328125,0.49074074074074076
853854,Move,0.3658854166666667,0.49074074074074076
853876,Move,0.37109375,0.4895833333333333
853890,Move,0.3756510416666667,0.4895833333333333
853911,Move,0.3821614583333333,0.49074074074074076
853925,Move,0.38671875,0.49074074074074076
853939,Move,0.39453125,0.49074074074074076
853962,Move,0.4088541666666667,0.4930555555555556
853974,Move,0.4192708333333333,0.49421296296296297
853995,Move,0.453125,0.5023148148148148
854009,Move,0.4752604166666667,0.5092592592592593
854025,Move,0.484375,0.5115740740740741
854043,Move,0.5006510416666666,0.5150462962962963
854058,Move,0.50390625,0.5162037037037037
854074,Move,0.51171875,0.5173611111111112
854087,Move,0.5143229166666666,0.5173611111111112
854178,Move,0.5143229166666666,0.5185185185185185
854226,Move,0.513671875,0.5185185185185185
854276,Move,0.5130208333333334,0.5196759259259259
854324,Move,0.5123697916666666,0.5196759259259259
854369,Move,0.51171875,0.5196759259259259
854417,Move,0.51171875,0.5208333333333334
854467,Move,0.5110677083333334,0.5208333333333334
854513,Move,0.5104166666666666,0.5208333333333334
854562,Move,0.509765625,0.5208333333333334
854611,Move,0.509765625,0.5208333333333334
854659,Move,0.5110677083333334,0.5196759259259259
854668,Move,0.51171875,0.5185185185185185
854675,Move,0.5130208333333334,0.5173611111111112
854689,Move,0.5149739583333334,0.5150462962962963
854709,Move,0.5182291666666666,0.5115740740740741
854723,Move,0.51953125,0.5092592592592593
854743,Move,0.5234375,0.5046296296296297
854759,Move,0.52734375,0.4988425925925926
854780,Move,0.5384114583333334,0.4826388888888889
854794,Move,0.548828125,0.4664351851851852
854801,Move,0.5540364583333334,0.45949074074074076
854827,Move,0.55859375,0.4525462962962963
854842,Move,0.5592447916666666,0.4513888888888889
854857,Move,0.5598958333333334,0.4479166666666667
854878,Move,0.5611979166666666,0.44675925925925924
854892,Move,0.5618489583333334,0.44560185185185186
854905,Move,0.5638020833333334,0.4444444444444444
854928,Move,0.564453125,0.44560185185185186
854947,Move,0.5657552083333334,0.44328703703703703
854962,Move,0.56640625,0.44212962962962965
854976,Move,0.5670572916666666,0.44212962962962965
854992,Move,0.5677083333333334,0.4409722222222222
855012,Move,0.5690104166666666,0.4375
855025,Move,0.5703125,0.4363425925925926
855045,Move,0.5735677083333334,0.43287037037037035
855059,Move,0.5755208333333334,0.42939814814814814
855075,Move,0.580078125,0.4236111111111111
855095,Move,0.5885416666666666,0.41435185185185186
855109,Move,0.595703125,0.4085648148148148
855125,Move,0.6028645833333334,0.40046296296296297
855144,Move,0.6171875,0.3900462962962963
855157,Move,0.6295572916666666,0.38078703703703703
855172,Move,0.638671875,0.3726851851851852
855193,Move,0.6490885416666666,0.36342592592592593
855206,Move,0.6516927083333334,0.36342592592592593
855227,Move,0.65234375,0.3599537037037037
855242,Move,0.65234375,0.3599537037037037
855256,Move,0.65234375,0.3611111111111111
855276,Move,0.6536458333333334,0.3587962962962963
855291,Move,0.654296875,0.3576388888888889
855312,Move,0.6569010416666666,0.3541666666666667
855319,Move,0.6575520833333334,0.3541666666666667
855465,Move,0.6575520833333334,0.3541666666666667
855617,Move,0.6569010416666666,0.3541666666666667
855770,Move,0.65625,0.3541666666666667
855924,Move,0.6575520833333334,0.34953703703703703
855933,Move,0.658203125,0.3460648148148148
855945,Move,0.6588541666666666,0.3414351851851852
855961,Move,0.66015625,0.3368055555555556
855974,Move,0.6608072916666666,0.33101851851851855
855980,Move,0.662109375,0.3275462962962963
856009,Move,0.6640625,0.3148148148148148
856023,Move,0.6653645833333334,0.30671296296296297
856046,Move,0.6666666666666666,0.2986111111111111
856051,Move,0.66796875,0.29398148148148145
856080,Move,0.669921875,0.2835648148148148
856092,Move,0.6705729166666666,0.2777777777777778
856113,Move,0.6725260416666666,0.2708333333333333
856129,Move,0.673828125,0.2662037037037037
856143,Move,0.67578125,0.25925925925925924
856163,Move,0.6770833333333334,0.2523148148148148
856177,Move,0.6783854166666666,0.24768518518518517
856191,Move,0.6809895833333334,0.24305555555555555
856210,Move,0.68359375,0.2337962962962963
856225,Move,0.6848958333333334,0.22916666666666666
856240,Move,0.6861979166666666,0.22453703703703703
856261,Move,0.6875,0.21875
856274,Move,0.6888020833333334,0.21296296296296297
856292,Move,0.6751302083333334,0.2152777777777778
856312,Move,0.6614583333333334,0.21643518518518517
856328,Move,0.6569010416666666,0.2175925925925926
856341,Move,0.6497395833333334,0.21875
856362,Move,0.6315104166666666,0.2222222222222222
856376,Move,0.6236979166666666,0.22453703703703703
856390,Move,0.615234375,0.22569444444444445
856410,Move,0.5983072916666666,0.22916666666666666
856426,Move,0.5872395833333334,0.2326388888888889
856446,Move,0.5690104166666666,0.23726851851851852
856460,Move,0.5598958333333334,0.23842592592592593
856476,Move,0.5475260416666666,0.24189814814814814
856489,Move,0.5377604166666666,0.24421296296296297
856509,Move,0.5188802083333334,0.24768518518518517
856523,Move,0.51171875,0.24768518518518517
856537,Move,0.50390625,0.2488425925925926
856558,Move,0.4908854166666667,0.2511574074074074
856579,Move,0.4791666666666667,0.2523148148148148
856594,Move,0.47265625,0.2523148148148148
856612,Move,0.4583333333333333,0.2523148148148148
856628,Move,0.453125,0.2511574074074074
856642,Move,0.4407552083333333,0.25
856656,Move,0.4296875,0.24768518518518517
856676,Move,0.4212239583333333,0.24768518518518517
856692,Move,0.4153645833333333,0.2465277777777778
856711,Move,0.4049479166666667,0.24305555555555555
856726,Move,0.39453125,0.24189814814814814
856747,Move,0.3841145833333333,0.23842592592592593
856761,Move,0.3717447916666667,0.23726851851851852
856776,Move,0.3665364583333333,0.2349537037037037
856796,Move,0.3561197916666667,0.2349537037037037
856810,Move,0.3489583333333333,0.2337962962962963
856820,Move,0.3450520833333333,0.2337962962962963
856845,Move,0.33203125,0.2337962962962963
856858,Move,0.3268229166666667,0.2349537037037037
856875,Move,0.3151041666666667,0.2349537037037037
857010,Move,0.3157552083333333,0.2361111111111111
857024,Move,0.3151041666666667,0.23842592592592593
857039,Move,0.3151041666666667,0.23958333333333334
857052,Move,0.3151041666666667,0.24074074074074073
857066,Move,0.3151041666666667,0.24074074074074073
857080,Move,0.3151041666666667,0.24189814814814814
857096,Move,0.3157552083333333,0.24421296296296297
857110,Move,0.3157552083333333,0.24421296296296297
857123,Move,0.3157552083333333,0.24537037037037038
857137,Move,0.3157552083333333,0.2465277777777778
857149,Move,0.3157552083333333,0.24768518518518517
857179,Move,0.3157552083333333,0.2488425925925926
857194,Move,0.3151041666666667,0.2488425925925926
857207,Move,0.3151041666666667,0.25
857220,Move,0.3151041666666667,0.2523148148148148
857234,Move,0.3151041666666667,0.2523148148148148
857262,Move,0.314453125,0.2523148148148148
857277,Move,0.3151041666666667,0.2534722222222222
857291,Move,0.3151041666666667,0.25462962962962965
857303,Move,0.3151041666666667,0.25578703703703703
857319,Move,0.3151041666666667,0.2569444444444444
857332,Move,0.3157552083333333,0.2569444444444444
857348,Move,0.3157552083333333,0.25810185185185186
857374,Move,0.31640625,0.26157407407407407
857390,Move,0.31640625,0.26157407407407407
857402,Move,0.31640625,0.26273148148148145
857417,Move,0.31640625,0.26273148148148145
857444,Move,0.31640625,0.2650462962962963
857459,Move,0.31640625,0.2662037037037037
857472,Move,0.31640625,0.2662037037037037
857495,Move,0.3170572916666667,0.2650462962962963
857513,Move,0.31640625,0.2662037037037037
857529,Move,0.3170572916666667,0.2662037037037037
857543,Move,0.318359375,0.2650462962962963
857558,Move,0.3196614583333333,0.2650462962962963
857579,Move,0.3216145833333333,0.2650462962962963
857592,Move,0.322265625,0.26273148148148145
857607,Move,0.3235677083333333,0.26273148148148145
857626,Move,0.326171875,0.26157407407407407
857641,Move,0.3268229166666667,0.26157407407407407
857664,Move,0.3287760416666667,0.26157407407407407
857677,Move,0.3307291666666667,0.25925925925925924
857691,Move,0.333984375,0.25810185185185186
857712,Move,0.3391927083333333,0.25462962962962965
857725,Move,0.3430989583333333,0.2511574074074074
857740,Move,0.3489583333333333,0.2465277777777778
857760,Move,0.353515625,0.24189814814814814
857775,Move,0.357421875,0.23842592592592593
857796,Move,0.3658854166666667,0.22916666666666666
857812,Move,0.3743489583333333,0.22337962962962962
857824,Move,0.3841145833333333,0.2175925925925926
857847,Move,0.404296875,0.21064814814814814
857859,Move,0.4205729166666667,0.20949074074074073
857881,Move,0.4440104166666667,0.21064814814814814
857896,Move,0.45703125,0.21064814814814814
857908,Move,0.4674479166666667,0.21064814814814814
857921,Move,0.4765625,0.21180555555555555
857943,Move,0.484375,0.21180555555555555
857964,Move,0.4856770833333333,0.21180555555555555
857978,Move,0.4869791666666667,0.21064814814814814
857992,Move,0.4876302083333333,0.21064814814814814
858013,Move,0.48828125,0.21064814814814814
858027,Move,0.4895833333333333,0.21064814814814814
858041,Move,0.4908854166666667,0.21064814814814814
858062,Move,0.4928385416666667,0.21064814814814814
858076,Move,0.4934895833333333,0.21064814814814814
858089,Move,0.4934895833333333,0.21064814814814814
858112,Move,0.4947916666666667,0.21064814814814814
858125,Move,0.4967447916666667,0.21064814814814814
858145,Move,0.5013020833333334,0.20949074074074073
858159,Move,0.5032552083333334,0.20833333333333334
858173,Move,0.5045572916666666,0.20833333333333334
858189,Move,0.505859375,0.20833333333333334
858203,Move,0.5065104166666666,0.20833333333333334
858298,Move,0.5065104166666666,0.20601851851851852
858337,Move,0.5065104166666666,0.2025462962962963
858375,Move,0.5065104166666666,0.2025462962962963
858411,Move,0.5065104166666666,0.2025462962962963
858451,Move,0.5065104166666666,0.2025462962962963
858489,Move,0.5065104166666666,0.2025462962962963
858528,Move,0.5065104166666666,0.2025462962962963
858564,Move,0.5065104166666666,0.2025462962962963
858603,Move,0.5065104166666666,0.2025462962962963
858641,Move,0.5065104166666666,0.2025462962962963
858680,Move,0.5065104166666666,0.2025462962962963
858717,Move,0.5065104166666666,0.2025462962962963
858755,Move,0.5065104166666666,0.2025462962962963
858794,Move,0.5065104166666666,0.2025462962962963
858831,Move,0.5065104166666666,0.2025462962962963
858869,Move,0.5065104166666666,0.2025462962962963
858906,Move,0.5065104166666666,0.2025462962962963
858945,Move,0.5065104166666666,0.2013888888888889
858983,Move,0.5071614583333334,0.20023148148148148
859021,Move,0.5078125,0.19444444444444445
859058,Move,0.5078125,0.1909722222222222
859097,Move,0.5078125,0.1886574074074074
859137,Move,0.509765625,0.1909722222222222
859144,Move,0.515625,0.19328703703703703
859159,Move,0.5377604166666666,0.2048611111111111
859179,Move,0.5690104166666666,0.2199074074074074
859193,Move,0.5709635416666666,0.2199074074074074
859214,Move,0.5709635416666666,0.2199074074074074
859227,Move,0.5709635416666666,0.2199074074074074
859242,Move,0.5709635416666666,0.2199074074074074
859262,Move,0.5709635416666666,0.2199074074074074
859276,Move,0.5709635416666666,0.2199074074074074
859292,Move,0.5716145833333334,0.2199074074074074
859311,Move,0.5716145833333334,0.2199074074074074
859326,Move,0.5716145833333334,0.2199074074074074
859340,Move,0.5716145833333334,0.2199074074074074
859363,Move,0.5716145833333334,0.2199074074074074
859374,Move,0.5716145833333334,0.2199074074074074
859389,Move,0.5716145833333334,0.2199074074074074
859410,Move,0.5716145833333334,0.2199074074074074
859422,Move,0.5716145833333334,0.2199074074074074
859444,Move,0.5716145833333334,0.2199074074074074
859458,Move,0.5716145833333334,0.2199074074074074
859480,Move,0.5716145833333334,0.2199074074074074
859494,Move,0.5716145833333334,0.2199074074074074
859509,Move,0.5716145833333334,0.2199074074074074
859523,Move,0.5716145833333334,0.2199074074074074
859542,Move,0.57421875,0.2199074074074074
859556,Move,0.5787760416666666,0.22337962962962962
859578,Move,0.6145833333333334,0.24189814814814814
859591,Move,0.6438802083333334,0.2569444444444444
859607,Move,0.666015625,0.26851851851851855
859628,Move,0.6940104166666666,0.2835648148148148
859640,Move,0.705078125,0.28935185185185186
859738,Move,0.7044270833333334,0.28935185185185186
859763,Move,0.7044270833333334,0.28935185185185186
859789,Move,0.703125,0.28935185185185186
859815,Move,0.7018229166666666,0.28935185185185186
859842,Move,0.7018229166666666,0.28935185185185186
859866,Move,0.7018229166666666,0.28935185185185186
859893,Move,0.7018229166666666,0.28935185185185186
859920,Move,0.701171875,0.28935185185185186
859944,Move,0.701171875,0.28935185185185186
859971,Move,0.7005208333333334,0.28935185185185186
859998,Move,0.69921875,0.28935185185185186
860023,Move,0.6979166666666666,0.28935185185185186
860051,Move,0.697265625,0.28935185185185186
860074,Move,0.697265625,0.28935185185185186
860100,Move,0.697265625,0.28935185185185186
860131,Move,0.6966145833333334,0.29050925925925924
860145,Move,0.693359375,0.2916666666666667
860159,Move,0.689453125,0.29282407407407407
860181,Move,0.6861979166666666,0.29398148148148145
860190,Move,0.68359375,0.29398148148148145
860207,Move,0.671875,0.29398148148148145
860231,Move,0.6497395833333334,0.28935185185185186
860243,Move,0.6458333333333334,0.2881944444444444
860258,Move,0.64453125,0.28935185185185186
860279,Move,0.6432291666666666,0.28935185185185186
860291,Move,0.6419270833333334,0.2881944444444444
860313,Move,0.6393229166666666,0.2881944444444444
860327,Move,0.638671875,0.28935185185185186
860342,Move,0.63671875,0.28935185185185186
860362,Move,0.6354166666666666,0.28935185185185186
860376,Move,0.6341145833333334,0.28935185185185186
860390,Move,0.6315104166666666,0.28935185185185186
860411,Move,0.6263020833333334,0.29050925925925924
860424,Move,0.6204427083333334,0.29282407407407407
860447,Move,0.6048177083333334,0.29976851851851855
860460,Move,0.591796875,0.30787037037037035
860475,Move,0.5748697916666666,0.32175925925925924
860495,Move,0.5475260416666666,0.34375
860508,Move,0.53515625,0.3506944444444444
860529,Move,0.5305989583333334,0.35185185185185186
860544,Move,0.5305989583333334,0.35185185185185186
860559,Move,0.5299479166666666,0.35185185185185186
860580,Move,0.52734375,0.35185185185185186
860594,Move,0.5247395833333334,0.35300925925925924
860600,Move,0.5227864583333334,0.35300925925925924
860685,Move,0.5234375,0.35185185185185186
860728,Move,0.5234375,0.35185185185185186
860772,Move,0.5234375,0.35185185185185186
860815,Move,0.5234375,0.34953703703703703
860857,Move,0.5240885416666666,0.34837962962962965
860900,Move,0.5247395833333334,0.3449074074074074
860945,Move,0.5247395833333334,0.3449074074074074
860986,Move,0.5247395833333334,0.3449074074074074
861029,Move,0.5247395833333334,0.3449074074074074
861072,Move,0.5247395833333334,0.3449074074074074
861139,Move,0.5247395833333334,0.3449074074074074
861139,Move,0.5247395833333334,0.3449074074074074
861139,Released,0.5247395833333334,0.3449074074074074
861165,Released,0.486328125,0.6331018518518519