resolution:1920,1080
158818,Pressed,829,375
158823.40000000037,Move,829,375
159040.19999999925,Move,829,375
159056.29999999888,Move,830,374
159067,Move,830,373
159077.79999999888,Move,831,371
159098.40000000037,Move,831,370
159118,Move,832,368
159137.40000000037,Move,832,367
159145.79999999888,Move,833,366
159166.09999999963,Move,834,364
159175.59999999963,Move,834,363
159196.5,Move,835,361
159217.40000000037,Move,836,359
159238.5,Move,837,358
159288.19999999925,Move,837,357
159300.09999999963,Move,838,357
159312.5,Move,839,355
159336.29999999888,Move,842,351
159348.29999999888,Move,844,349
159360.79999999888,Move,845,347
159373.19999999925,Move,846,346
159440.90000000037,Move,846,345
159457.5,Move,847,344
159470.40000000037,Move,847,343
159480,Move,848,343
159503.09999999963,Move,850,343
159533.90000000037,Move,851,342
159549.40000000037,Move,851,341
159557.69999999925,Move,852,341
159580.5,Move,852,340
159589.29999999888,Move,853,339
159601.79999999888,Move,854,339
159613.19999999925,Move,855,338
159623.09999999963,Move,856,337
159645.59999999963,Move,859,334
159659.59999999963,Move,860,333
159694,Move,859,333
159705.5,Move,859,332
159715.40000000037,Move,860,332
159737.40000000037,Move,862,332
159748.79999999888,Move,863,331
159771.79999999888,Move,864,331
159781.69999999925,Move,865,331
159791.29999999888,Move,866,331
159815.5,Move,868,330
159825.29999999888,Move,870,329
159847.79999999888,Move,875,328
159869.90000000037,Move,876,328
159885.90000000037,Move,880,328
159901.59999999963,Move,882,328
159917.40000000037,Move,884,328
159932.90000000037,Move,885,327
159950.29999999888,Move,887,327
159966,Move,889,326
159982.40000000037,Move,891,325
159997.09999999963,Move,893,325
160012.79999999888,Move,894,326
160065.40000000037,Move,895,326
160091.29999999888,Move,896,325
160103.79999999888,Move,898,325
160115.90000000037,Move,900,326
160130,Move,903,327
160143,Move,907,327
160168.79999999888,Move,910,327
160195.5,Move,911,327
160246.40000000037,Move,912,327
160288.69999999925,Move,915,328
160304,Move,918,329
160316.90000000037,Move,922,330
160337.09999999963,Move,927,332
160351.40000000037,Move,930,333
160358.29999999888,Move,931,333
160406.59999999963,Move,932,334
160468.09999999963,Move,934,335
160487.69999999925,Move,936,336
160498,Move,938,338
160519,Move,944,340
160537.90000000037,Move,948,342
160558.09999999963,Move,949,342
160569.5,Move,948,343
160578.5,Move,949,343
160597.59999999963,Move,950,343
160628.90000000037,Move,952,345
160654,Move,953,346
160669.29999999888,Move,954,347
160677.19999999925,Move,955,347
160689.29999999888,Move,957,348
160701,Move,958,349
160714,Move,959,350
160737.19999999925,Move,960,351
160749.5,Move,961,351
160777.90000000037,Move,962,352
160785.19999999925,Move,963,352
160797.79999999888,Move,963,353
160821.29999999888,Move,965,353
160833.59999999963,Move,966,354
160846.90000000037,Move,966,355
160858.09999999963,Move,967,355
160881.69999999925,Move,968,356
160895.40000000037,Move,967,357
160918.09999999963,Move,969,357
160942,Move,970,358
160953.5,Move,968,358
160978.19999999925,Move,969,358
160990.69999999925,Move,970,359
161015.19999999925,Move,971,360
161026.09999999963,Move,972,360
161038.5,Move,973,361
161072.29999999888,Move,974,362
161087.59999999963,Move,977,365
161098.09999999963,Move,980,368
161111.09999999963,Move,982,369
161135.09999999963,Move,983,370
161145.59999999963,Move,982,369
161157.19999999925,Move,982,370
161180.09999999963,Move,983,370
161200.59999999963,Move,983,371
161226.29999999888,Move,985,372
161234.69999999925,Move,986,373
161257.09999999963,Move,987,374
161267.29999999888,Move,987,375
161289.5,Move,988,376
161301,Move,989,377
161311,Move,989,378
161334.19999999925,Move,990,380
161354.09999999963,Move,992,384
161364.69999999925,Move,994,387
161388.5,Move,996,389
161397.69999999925,Move,998,388
161424.09999999963,Move,998,389
161442.29999999888,Move,998,390
161460.09999999963,Move,998,391
161470.29999999888,Move,999,393
161487.5,Move,1002,399
161506.09999999963,Move,1005,404
161514.90000000037,Move,1005,405
161523.5,Move,1005,406
161550.90000000037,Move,1005,407
161578.29999999888,Move,1005,408
161595.5,Move,1006,409
161601.90000000037,Move,1006,410
161617.19999999925,Move,1007,415
161639.40000000037,Move,1009,419
161652,Move,1010,423
161666.5,Move,1010,426
161673,Move,1010,427
161722.69999999925,Move,1011,428
161748.19999999925,Move,1011,430
161762.5,Move,1010,432
161776.90000000037,Move,1010,433
161800.90000000037,Move,1011,436
161815.40000000037,Move,1011,437
161828,Move,1011,439
161853.59999999963,Move,1013,443
161866.69999999925,Move,1013,444
161879.29999999888,Move,1013,445
161891.79999999888,Move,1013,446
161931.19999999925,Move,1013,447
161996,Move,1012,448
162004.40000000037,Move,1012,450
162018.5,Move,1012,453
162038.59999999963,Move,1012,457
162052.59999999963,Move,1011,459
162066.69999999925,Move,1010,463
162088.29999999888,Move,1009,465
162131,Move,1008,466
162145.59999999963,Move,1008,464
162159.19999999925,Move,1008,465
162188.59999999963,Move,1008,466
162202.09999999963,Move,1007,467
162230.19999999925,Move,1006,468
162245.29999999888,Move,1006,469
162259.59999999963,Move,1006,470
162285.90000000037,Move,1005,471
162300.90000000037,Move,1005,472
162313.69999999925,Move,1005,473
162327.90000000037,Move,1004,475
162341.69999999925,Move,1004,476
162355.90000000037,Move,1002,480
162369.90000000037,Move,1002,481
162384,Move,1003,483
162404.90000000037,Move,1004,483
162417.90000000037,Move,1003,483
162435,Move,1003,484
162451.90000000037,Move,1001,486
162462.09999999963,Move,1000,489
162483.59999999963,Move,996,494
162495.79999999888,Move,995,495
162528.29999999888,Move,994,495
162550.79999999888,Move,993,495
162588.09999999963,Move,991,496
162600.29999999888,Move,990,498
162613.79999999888,Move,988,499
162637.19999999925,Move,985,501
162647.59999999963,Move,984,501
162660.59999999963,Move,983,502
162684.29999999888,Move,981,504
162699.79999999888,Move,980,505
162708,Move,979,505
162793.5,Move,978,506
162839.5,Move,977,506
162854.40000000037,Move,977,505
162863.59999999963,Move,976,506
162885.29999999888,Move,974,506
162903.69999999925,Move,973,507
162913.90000000037,Move,972,507
162934.19999999925,Move,969,509
162955.5,Move,964,511
162964.09999999963,Move,963,511
162976.29999999888,Move,962,512
163009.40000000037,Move,961,512
163056.40000000037,Move,960,512
163066.59999999963,Move,959,512
163087.40000000037,Move,957,512
163098.19999999925,Move,956,512
163121.59999999963,Move,954,513
163130.79999999888,Move,952,513
163153.69999999925,Move,947,514
163164.59999999963,Move,945,514
163185.5,Move,944,513
163195.90000000037,Move,943,513
163207.40000000037,Move,942,513
163231.29999999888,Move,940,513
163240.90000000037,Move,939,513
163263.59999999963,Move,936,513
163273.90000000037,Move,933,513
163296.29999999888,Move,930,513
163322.09999999963,Move,927,513
163339.79999999888,Move,926,513
163406.59999999963,Move,925,512
163442,Move,926,511
163476.79999999888,Move,925,511
163491.29999999888,Move,924,511
163515.79999999888,Move,923,510
163554.79999999888,Move,920,510
163563.09999999963,Move,919,510
163576.29999999888,Move,917,509
163601.40000000037,Move,911,508
163612.19999999925,Move,909,508
163635.40000000037,Move,907,508
163648.09999999963,Move,906,507
163669.59999999963,Move,905,507
163691,Move,904,506
163705,Move,903,506
163710.59999999963,Move,902,505
163731.79999999888,Move,901,503
163753.69999999925,Move,896,501
163767.5,Move,890,498
163788.29999999888,Move,887,497
163835,Move,887,497
163853.29999999888,Move,885,496
163870.29999999888,Move,881,492
163887.29999999888,Move,876,488
163905.29999999888,Move,873,486
163933.19999999925,Move,872,486
163951.79999999888,Move,872,485
163959.79999999888,Move,871,485
163987.40000000037,Move,870,484
164001.29999999888,Move,868,483
164009.29999999888,Move,866,482
164016.40000000037,Move,864,481
164037.09999999963,Move,860,479
164051.40000000037,Move,859,476
164072.69999999925,Move,857,472
164085.90000000037,Move,856,470
164115.5,Move,856,469
164152.40000000037,Move,856,467
164169.69999999925,Move,858,466
164198.19999999925,Move,857,465
164206.09999999963,Move,855,463
164215.19999999925,Move,854,462
164234,Move,849,458
164250.59999999963,Move,846,453
164261.90000000037,Move,845,452
164296.90000000037,Move,844,452
164313.69999999925,Move,843,452
164349.69999999925,Move,843,449
164365.5,Move,842,447
164383,Move,842,445
164406.09999999963,Move,840,441
164421.09999999963,Move,839,440
164437.79999999888,Move,838,438
164453.19999999925,Move,837,437
164470.19999999925,Move,836,436
164485.59999999963,Move,835,434
164502.29999999888,Move,833,433
164509,Move,833,432
164535,Move,834,432
164551.09999999963,Move,834,431
164567,Move,833,430
164582.59999999963,Move,833,428
164606,Move,831,427
164622.79999999888,Move,830,424
164631.09999999963,Move,830,423
164654.09999999963,Move,829,420
164670.5,Move,828,414
164686.90000000037,Move,826,410
164702.40000000037,Move,826,408
164722.5,Move,826,404
164737.40000000037,Move,826,402
164750.59999999963,Move,825,400
164772.40000000037,Move,825,398
164785.59999999963,Move,826,397
164799.59999999963,Move,826,395
164813.90000000037,Move,826,393
164828,Move,827,392
164863.79999999888,Move,827,391
164874.09999999963,Move,827,390
164883.09999999963,Move,828,388
164901.19999999925,Move,829,384
164917.69999999925,Move,829,378
164928.09999999963,Move,829,377
164964.69999999925,Move,829,376
164981.29999999888,Move,829,375
165225,Released,829,375
165299.59999999963,Released,940,673
