resolution:1536,864
319089,Pressed,0.662109375,0.2847222222222222
319610,Move,0.6575520833333334,0.28587962962962965
319619,Move,0.6497395833333334,0.2881944444444444
319638,Move,0.6380208333333334,0.28935185185185186
319651,Move,0.6263020833333334,0.28935185185185186
319663,Move,0.6263020833333334,0.28935185185185186
319686,Move,0.6087239583333334,0.2881944444444444
319701,Move,0.595703125,0.28587962962962965
319715,Move,0.58984375,0.2847222222222222
319736,Move,0.576171875,0.28125
319749,Move,0.5657552083333334,0.2800925925925926
319763,Move,0.5533854166666666,0.27546296296296297
319785,Move,0.5384114583333334,0.27199074074074076
319799,Move,0.5227864583333334,0.26851851851851855
319820,Move,0.5091145833333334,0.2650462962962963
319833,Move,0.49609375,0.26157407407407407
319848,Move,0.4869791666666667,0.26157407407407407
319855,Move,0.48046875,0.2604166666666667
319877,Move,0.4622395833333333,0.25810185185185186
319902,Move,0.453125,0.25810185185185186
319904,Move,0.4498697916666667,0.25810185185185186
319937,Move,0.431640625,0.2604166666666667
319953,Move,0.4212239583333333,0.26157407407407407
319961,Move,0.41796875,0.26273148148148145
319974,Move,0.4114583333333333,0.2650462962962963
320002,Move,0.39453125,0.27199074074074076
320015,Move,0.3860677083333333,0.27662037037037035
320029,Move,0.3756510416666667,0.2835648148148148
320052,Move,0.36328125,0.29282407407407407
320065,Move,0.357421875,0.2974537037037037
320086,Move,0.3483072916666667,0.30439814814814814
320092,Move,0.3450520833333333,0.30787037037037035
320113,Move,0.3313802083333333,0.32060185185185186
320134,Move,0.3216145833333333,0.3298611111111111
320142,Move,0.3177083333333333,0.33217592592592593
320163,Move,0.3014322916666667,0.3460648148148148
320184,Move,0.29296875,0.35300925925925924
320198,Move,0.2838541666666667,0.3599537037037037
320212,Move,0.2825520833333333,0.36342592592592593
320233,Move,0.2688802083333333,0.3715277777777778
320248,Move,0.2610677083333333,0.375
320267,Move,0.25390625,0.3773148148148148
320282,Move,0.24609375,0.37962962962962965
320289,Move,0.236328125,0.3819444444444444
320296,Move,0.23567708333333334,0.3819444444444444
320385,Move,0.23567708333333334,0.38078703703703703
320394,Move,0.236328125,0.37962962962962965
320416,Move,0.23828125,0.3773148148148148
320426,Move,0.23828125,0.3773148148148148
320446,Move,0.23958333333333334,0.3761574074074074
320466,Move,0.24088541666666666,0.375
320481,Move,0.24283854166666666,0.3738425925925926
320496,Move,0.24348958333333334,0.3726851851851852
320514,Move,0.24479166666666666,0.3726851851851852
320529,Move,0.24544270833333334,0.3715277777777778
320554,Move,0.24674479166666666,0.37037037037037035
320562,Move,0.24739583333333334,0.37037037037037035
320584,Move,0.24869791666666666,0.3680555555555556
320601,Move,0.24869791666666666,0.3680555555555556
320617,Move,0.25,0.36689814814814814
320632,Move,0.2506510416666667,0.36574074074074076
320649,Move,0.2513020833333333,0.36342592592592593
320664,Move,0.2513020833333333,0.36342592592592593
320683,Move,0.2513020833333333,0.36226851851851855
320697,Move,0.2526041666666667,0.3599537037037037
320721,Move,0.25390625,0.3587962962962963
320729,Move,0.25390625,0.3587962962962963
320747,Move,0.2552083333333333,0.3576388888888889
320761,Move,0.255859375,0.35648148148148145
320786,Move,0.2591145833333333,0.35648148148148145
320800,Move,0.2643229166666667,0.3611111111111111
320814,Move,0.2721354166666667,0.36689814814814814
320830,Move,0.283203125,0.3726851851851852
320850,Move,0.2994791666666667,0.38425925925925924
320863,Move,0.3059895833333333,0.38773148148148145
320885,Move,0.3072916666666667,0.3900462962962963
320899,Move,0.3079427083333333,0.3912037037037037
320919,Move,0.3079427083333333,0.3912037037037037
320933,Move,0.3079427083333333,0.3912037037037037
320948,Move,0.3079427083333333,0.3912037037037037
320967,Move,0.3079427083333333,0.3912037037037037
320984,Move,0.3079427083333333,0.3912037037037037
320998,Move,0.3079427083333333,0.3912037037037037
321018,Move,0.3079427083333333,0.3912037037037037
321033,Move,0.3079427083333333,0.3912037037037037
321052,Move,0.3079427083333333,0.3912037037037037
321067,Move,0.3079427083333333,0.3912037037037037
321075,Move,0.3079427083333333,0.3912037037037037
321095,Move,0.3079427083333333,0.3923611111111111
321122,Move,0.30859375,0.39467592592592593
321135,Move,0.3079427083333333,0.3958333333333333
321150,Move,0.3079427083333333,0.3958333333333333
321164,Move,0.3079427083333333,0.3958333333333333
321185,Move,0.3079427083333333,0.3958333333333333
321199,Move,0.3079427083333333,0.3958333333333333
321212,Move,0.3079427083333333,0.3958333333333333
321221,Move,0.3079427083333333,0.3958333333333333
321248,Move,0.3079427083333333,0.3958333333333333
321261,Move,0.3079427083333333,0.3958333333333333
321283,Move,0.3079427083333333,0.3958333333333333
321297,Move,0.3079427083333333,0.3958333333333333
321317,Move,0.3079427083333333,0.3958333333333333
321332,Move,0.3079427083333333,0.3958333333333333
321351,Move,0.3079427083333333,0.3958333333333333
321367,Move,0.3079427083333333,0.3958333333333333
321381,Move,0.3079427083333333,0.3958333333333333
321403,Move,0.3079427083333333,0.3958333333333333
321415,Move,0.3079427083333333,0.3958333333333333
321437,Move,0.3079427083333333,0.3958333333333333
321450,Move,0.3079427083333333,0.3958333333333333
321464,Move,0.3079427083333333,0.3958333333333333
321479,Move,0.3079427083333333,0.3958333333333333
321501,Move,0.3079427083333333,0.3958333333333333
321515,Move,0.3079427083333333,0.3958333333333333
321533,Move,0.3079427083333333,0.3958333333333333
321547,Move,0.3079427083333333,0.3958333333333333
321569,Move,0.3079427083333333,0.3958333333333333
321576,Move,0.3079427083333333,0.3958333333333333
321598,Move,0.3079427083333333,0.3958333333333333
321612,Move,0.3079427083333333,0.3958333333333333
321632,Move,0.30859375,0.3958333333333333
321648,Move,0.3092447916666667,0.39699074074074076
321667,Move,0.3111979166666667,0.40046296296296297
321683,Move,0.3138020833333333,0.40162037037037035
321704,Move,0.322265625,0.4074074074074074
321717,Move,0.3346354166666667,0.41435185185185186
321730,Move,0.349609375,0.42592592592592593
321752,Move,0.3684895833333333,0.4398148148148148
321769,Move,0.3795572916666667,0.4479166666666667
321780,Move,0.3893229166666667,0.4548611111111111
321801,Move,0.4010416666666667,0.4618055555555556
321815,Move,0.4088541666666667,0.4675925925925926
321836,Move,0.4205729166666667,0.47453703703703703
321851,Move,0.4270833333333333,0.4791666666666667
321864,Move,0.4303385416666667,0.4791666666666667
321895,Move,0.4296875,0.4791666666666667
321908,Move,0.4296875,0.4791666666666667
321922,Move,0.4296875,0.4791666666666667
321936,Move,0.4296875,0.4791666666666667
321950,Move,0.4296875,0.47800925925925924
321964,Move,0.4296875,0.47800925925925924
321979,Move,0.4283854166666667,0.47453703703703703
321993,Move,0.4283854166666667,0.47453703703703703
322020,Move,0.4283854166666667,0.47337962962962965
322034,Move,0.4283854166666667,0.47337962962962965
322048,Move,0.4283854166666667,0.4722222222222222
322061,Move,0.4283854166666667,0.4722222222222222
322076,Move,0.4283854166666667,0.4710648148148148
322090,Move,0.427734375,0.4710648148148148
322104,Move,0.427734375,0.4699074074074074
322134,Move,0.4270833333333333,0.46875
322146,Move,0.4264322916666667,0.4664351851851852
322160,Move,0.42578125,0.46412037037037035
322174,Move,0.42578125,0.46296296296296297
322200,Move,0.42578125,0.4618055555555556
322214,Move,0.427734375,0.46064814814814814
322227,Move,0.4283854166666667,0.46064814814814814
322249,Move,0.4368489583333333,0.45601851851851855
322264,Move,0.44140625,0.4537037037037037
322282,Move,0.44921875,0.4513888888888889
322298,Move,0.4557291666666667,0.4479166666666667
322319,Move,0.462890625,0.44560185185185186
322331,Move,0.4674479166666667,0.44328703703703703
322348,Move,0.4739583333333333,0.4409722222222222
322367,Move,0.4830729166666667,0.4363425925925926
322384,Move,0.4869791666666667,0.4340277777777778
322397,Move,0.4921875,0.43171296296296297
322411,Move,0.49609375,0.42824074074074076
322433,Move,0.5091145833333334,0.41898148148148145
322452,Move,0.5201822916666666,0.41087962962962965
322467,Move,0.5286458333333334,0.4050925925925926
322482,Move,0.53515625,0.3993055555555556
322501,Move,0.54296875,0.39351851851851855
322515,Move,0.5481770833333334,0.3900462962962963
322537,Move,0.5546875,0.3854166666666667
322550,Move,0.556640625,0.38310185185185186
322564,Move,0.55859375,0.38310185185185186
322585,Move,0.560546875,0.3819444444444444
322599,Move,0.5611979166666666,0.3819444444444444
322620,Move,0.5611979166666666,0.3819444444444444
322635,Move,0.5625,0.38078703703703703
322641,Move,0.5631510416666666,0.38078703703703703
322661,Move,0.5638020833333334,0.37962962962962965
322683,Move,0.564453125,0.37962962962962965
322696,Move,0.5651041666666666,0.37962962962962965
322717,Move,0.5657552083333334,0.3784722222222222
322725,Move,0.5657552083333334,0.3784722222222222
322736,Move,0.5657552083333334,0.3784722222222222
322767,Move,0.5657552083333334,0.3773148148148148
322844,Move,0.5657552083333334,0.3761574074074074
322925,Move,0.5657552083333334,0.375
323008,Move,0.5657552083333334,0.3738425925925926
323088,Move,0.5657552083333334,0.3726851851851852
323174,Move,0.5657552083333334,0.3726851851851852
323255,Move,0.56640625,0.3738425925925926
323269,Move,0.568359375,0.3738425925925926
323278,Move,0.5696614583333334,0.3738425925925926
323294,Move,0.5729166666666666,0.3738425925925926
323317,Move,0.5748697916666666,0.3738425925925926
323335,Move,0.578125,0.3738425925925926
323351,Move,0.58203125,0.3738425925925926
323375,Move,0.5930989583333334,0.3726851851851852
323383,Move,0.5989583333333334,0.3726851851851852
323391,Move,0.6041666666666666,0.3715277777777778
323413,Move,0.61328125,0.36921296296296297
323430,Move,0.6139322916666666,0.36921296296296297
323447,Move,0.615234375,0.36921296296296297
323465,Move,0.6158854166666666,0.36921296296296297
323478,Move,0.6165364583333334,0.36921296296296297
323502,Move,0.619140625,0.3680555555555556
323518,Move,0.6204427083333334,0.3680555555555556
323535,Move,0.6197916666666666,0.36689814814814814
323550,Move,0.62109375,0.36689814814814814
323558,Move,0.6217447916666666,0.36689814814814814
323582,Move,0.6217447916666666,0.36574074074074076
323598,Move,0.623046875,0.36574074074074076
323614,Move,0.625,0.3645833333333333
323629,Move,0.6263020833333334,0.3645833333333333
323648,Move,0.62890625,0.36689814814814814
323663,Move,0.6315104166666666,0.36689814814814814
323679,Move,0.6354166666666666,0.36689814814814814
323702,Move,0.6451822916666666,0.3680555555555556
323709,Move,0.6497395833333334,0.3680555555555556
323734,Move,0.6634114583333334,0.3726851851851852
323751,Move,0.67578125,0.3761574074074074
323765,Move,0.689453125,0.37962962962962965
323772,Move,0.6959635416666666,0.3819444444444444
323799,Move,0.708984375,0.3854166666666667
323815,Move,0.7135416666666666,0.38657407407407407
323830,Move,0.71484375,0.38657407407407407
323848,Move,0.71484375,0.38657407407407407
323863,Move,0.71484375,0.38657407407407407
323886,Move,0.7154947916666666,0.38773148148148145
323902,Move,0.716796875,0.38773148148148145
323918,Move,0.7180989583333334,0.3888888888888889
323933,Move,0.7200520833333334,0.3888888888888889
324031,Move,0.7200520833333334,0.3900462962962963
324066,Move,0.7200520833333334,0.3900462962962963
324103,Move,0.7200520833333334,0.3900462962962963
324137,Move,0.7200520833333334,0.3900462962962963
324175,Move,0.7194010416666666,0.3912037037037037
324207,Move,0.71875,0.3912037037037037
324243,Move,0.7174479166666666,0.3912037037037037
324276,Move,0.7154947916666666,0.39351851851851855
324313,Move,0.71484375,0.39467592592592593
324347,Move,0.71484375,0.39467592592592593
324382,Move,0.71484375,0.39467592592592593
324417,Move,0.7141927083333334,0.39467592592592593
324451,Move,0.7141927083333334,0.39467592592592593
324487,Move,0.7141927083333334,0.39467592592592593
324524,Move,0.7135416666666666,0.39351851851851855
324530,Move,0.7141927083333334,0.3923611111111111
324551,Move,0.7135416666666666,0.3923611111111111
324567,Move,0.7122395833333334,0.3912037037037037
324580,Move,0.7096354166666666,0.3912037037037037
324594,Move,0.7063802083333334,0.3900462962962963
324614,Move,0.7044270833333334,0.3888888888888889
324629,Move,0.703125,0.38773148148148145
324650,Move,0.6979166666666666,0.38657407407407407
324664,Move,0.6966145833333334,0.38657407407407407
324685,Move,0.6907552083333334,0.38425925925925924
324698,Move,0.6829427083333334,0.3819444444444444
324716,Move,0.6731770833333334,0.37962962962962965
324733,Move,0.654296875,0.375
324747,Move,0.6360677083333334,0.3715277777777778
324769,Move,0.6197916666666666,0.3680555555555556
324784,Move,0.6015625,0.3645833333333333
324799,Move,0.5768229166666666,0.3587962962962963
324817,Move,0.5364583333333334,0.34953703703703703
324831,Move,0.5091145833333334,0.33796296296296297
324845,Move,0.482421875,0.32523148148148145
324868,Move,0.4537760416666667,0.30439814814814814
324874,Move,0.4466145833333333,0.2986111111111111
324901,Move,0.4212239583333333,0.2800925925925926
324915,Move,0.4134114583333333,0.27546296296296297
324929,Move,0.41015625,0.2743055555555556
324950,Move,0.4075520833333333,0.2743055555555556
324965,Move,0.4075520833333333,0.27199074074074076
324979,Move,0.4055989583333333,0.2708333333333333
325013,Move,0.4029947916666667,0.2708333333333333
325034,Move,0.4016927083333333,0.2708333333333333
325049,Move,0.3997395833333333,0.26967592592592593
325069,Move,0.3977864583333333,0.2673611111111111
325084,Move,0.3938802083333333,0.2662037037037037
325098,Move,0.3880208333333333,0.2638888888888889
325118,Move,0.3821614583333333,0.26157407407407407
325132,Move,0.3795572916666667,0.2604166666666667
325148,Move,0.3776041666666667,0.2604166666666667
325207,Move,0.376953125,0.26157407407407407
325216,Move,0.376953125,0.26273148148148145
325230,Move,0.376953125,0.2662037037037037
325250,Move,0.376953125,0.26967592592592593
325264,Move,0.3763020833333333,0.27199074074074076
325277,Move,0.3763020833333333,0.27546296296296297
325300,Move,0.3763020833333333,0.2789351851851852
325313,Move,0.3763020833333333,0.28125
325335,Move,0.3763020833333333,0.2847222222222222
325350,Move,0.3763020833333333,0.2881944444444444
325363,Move,0.3763020833333333,0.28935185185185186
325385,Move,0.3763020833333333,0.29282407407407407
325398,Move,0.3763020833333333,0.29398148148148145
325412,Move,0.3763020833333333,0.2951388888888889
325433,Move,0.3763020833333333,0.2986111111111111
325446,Move,0.3763020833333333,0.29976851851851855
325470,Move,0.3756510416666667,0.3020833333333333
325481,Move,0.375,0.30324074074074076
325497,Move,0.3736979166666667,0.30787037037037035
325512,Move,0.3723958333333333,0.3101851851851852
325533,Move,0.37109375,0.3125
325547,Move,0.3697916666666667,0.3159722222222222
325569,Move,0.3639322916666667,0.3275462962962963
325582,Move,0.3587239583333333,0.3402777777777778
325599,Move,0.3541666666666667,0.35185185185185186
325617,Move,0.3515625,0.3541666666666667
325632,Move,0.3502604166666667,0.35532407407407407
325653,Move,0.349609375,0.3587962962962963
325667,Move,0.34765625,0.36226851851851855
325673,Move,0.34765625,0.36342592592592593
325702,Move,0.3450520833333333,0.3680555555555556
325716,Move,0.3430989583333333,0.3726851851851852
325734,Move,0.337890625,0.3854166666666667
325750,Move,0.3346354166666667,0.39467592592592593
325767,Move,0.3294270833333333,0.4039351851851852
325784,Move,0.3216145833333333,0.41898148148148145
325798,Move,0.3177083333333333,0.42592592592592593
325820,Move,0.3138020833333333,0.43287037037037035
325827,Move,0.3131510416666667,0.43287037037037035
325850,Move,0.3079427083333333,0.44212962962962965
325871,Move,0.30078125,0.4513888888888889
325883,Move,0.2955729166666667,0.46064814814814814
325904,Move,0.2864583333333333,0.4756944444444444
325917,Move,0.2825520833333333,0.4826388888888889
325931,Move,0.2786458333333333,0.48842592592592593
325953,Move,0.2779947916666667,0.49074074074074076
325967,Move,0.2786458333333333,0.49074074074074076
325981,Move,0.2786458333333333,0.49189814814814814
326001,Move,0.2779947916666667,0.4930555555555556
326016,Move,0.27734375,0.49421296296296297
326029,Move,0.2766927083333333,0.4965277777777778
326037,Move,0.2760416666666667,0.4976851851851852
326172,Move,0.2766927083333333,0.4976851851851852
326189,Move,0.2766927083333333,0.4976851851851852
326209,Move,0.2766927083333333,0.4976851851851852
326226,Move,0.2760416666666667,0.4976851851851852
326242,Move,0.2766927083333333,0.4976851851851852
326263,Move,0.2766927083333333,0.4976851851851852
326280,Move,0.2766927083333333,0.4976851851851852
326296,Move,0.27734375,0.4976851851851852
326317,Move,0.27734375,0.4988425925925926
326335,Move,0.27734375,0.4988425925925926
326356,Move,0.27734375,0.5
326368,Move,0.2779947916666667,0.5
326393,Move,0.2779947916666667,0.5011574074074074
326406,Move,0.279296875,0.5023148148148148
326424,Move,0.2799479166666667,0.5023148148148148
326442,Move,0.2805989583333333,0.5034722222222222
326460,Move,0.2825520833333333,0.5069444444444444
326478,Move,0.283203125,0.5069444444444444
326497,Move,0.2838541666666667,0.5081018518518519
326517,Move,0.2838541666666667,0.5081018518518519
326533,Move,0.28515625,0.5069444444444444
326544,Move,0.28515625,0.5069444444444444
326547,Move,0.28515625,0.5069444444444444
326571,Move,0.28515625,0.5069444444444444
326583,Move,0.2864583333333333,0.5057870370370371
326596,Move,0.2877604166666667,0.5046296296296297
326611,Move,0.2903645833333333,0.5046296296296297
326632,Move,0.29296875,0.5034722222222222
326654,Move,0.2975260416666667,0.5023148148148148
326667,Move,0.3001302083333333,0.5011574074074074
326682,Move,0.3033854166666667,0.5
326696,Move,0.3059895833333333,0.4988425925925926
326716,Move,0.3111979166666667,0.4976851851851852
326730,Move,0.3138020833333333,0.4976851851851852
326746,Move,0.31640625,0.4965277777777778
326760,Move,0.3196614583333333,0.49537037037037035
326779,Move,0.32421875,0.49421296296296297
326801,Move,0.3287760416666667,0.4930555555555556
326813,Move,0.33203125,0.4930555555555556
326835,Move,0.3365885416666667,0.49074074074074076
326849,Move,0.33984375,0.4895833333333333
326865,Move,0.3424479166666667,0.48842592592592593
326885,Move,0.3502604166666667,0.4861111111111111
326897,Move,0.3587239583333333,0.48148148148148145
326918,Move,0.373046875,0.4722222222222222
326926,Move,0.3776041666666667,0.4699074074074074
326950,Move,0.3951822916666667,0.45949074074074076
326963,Move,0.4153645833333333,0.4479166666666667
326982,Move,0.4420572916666667,0.4340277777777778
326993,Move,0.4466145833333333,0.43287037037037035
327008,Move,0.4485677083333333,0.43171296296296297
327127,Move,0.44921875,0.43171296296296297
327157,Move,0.4498697916666667,0.43171296296296297
327186,Move,0.451171875,0.43171296296296297
327215,Move,0.4518229166666667,0.43171296296296297
327244,Move,0.4524739583333333,0.43171296296296297
327274,Move,0.4537760416666667,0.43171296296296297
327303,Move,0.4544270833333333,0.43171296296296297
327332,Move,0.4544270833333333,0.43171296296296297
327360,Move,0.4544270833333333,0.43171296296296297
327389,Move,0.4544270833333333,0.43171296296296297
327419,Move,0.4544270833333333,0.43171296296296297
327448,Move,0.4544270833333333,0.43171296296296297
327476,Move,0.4557291666666667,0.4305555555555556
327485,Move,0.4563802083333333,0.4305555555555556
327503,Move,0.4576822916666667,0.42939814814814814
327519,Move,0.4602864583333333,0.4270833333333333
327534,Move,0.4615885416666667,0.4270833333333333
327549,Move,0.4622395833333333,0.42592592592592593
327566,Move,0.46484375,0.4236111111111111
327584,Move,0.46875,0.4224537037037037
327598,Move,0.4752604166666667,0.4166666666666667
327621,Move,0.4895833333333333,0.4039351851851852
327630,Move,0.4934895833333333,0.40046296296296297
327644,Move,0.494140625,0.40046296296296297
327654,Move,0.4947916666666667,0.3993055555555556
327687,Move,0.4973958333333333,0.39467592592592593
327701,Move,0.4986979166666667,0.3923611111111111
327718,Move,0.5013020833333334,0.3912037037037037
327734,Move,0.5026041666666666,0.3900462962962963
327748,Move,0.5052083333333334,0.38657407407407407
327766,Move,0.5065104166666666,0.38657407407407407
327781,Move,0.5110677083333334,0.3819444444444444
327798,Move,0.5169270833333334,0.3773148148148148
327813,Move,0.5227864583333334,0.3726851851851852
327823,Move,0.5266927083333334,0.37037037037037035
327845,Move,0.5384114583333334,0.36342592592592593
327862,Move,0.5455729166666666,0.36342592592592593
327885,Move,0.5540364583333334,0.36226851851851855
327899,Move,0.5559895833333334,0.36226851851851855
327918,Move,0.5592447916666666,0.36226851851851855
327935,Move,0.564453125,0.36342592592592593
327950,Move,0.5709635416666666,0.36342592592592593
327966,Move,0.5774739583333334,0.36342592592592593
327982,Move,0.5846354166666666,0.3645833333333333
328000,Move,0.5944010416666666,0.36574074074074076
328013,Move,0.6015625,0.3645833333333333
328029,Move,0.607421875,0.36342592592592593
328045,Move,0.6100260416666666,0.36342592592592593
328064,Move,0.6106770833333334,0.3645833333333333
328085,Move,0.611328125,0.36342592592592593
328102,Move,0.6119791666666666,0.36342592592592593
328118,Move,0.6119791666666666,0.36342592592592593
328134,Move,0.61328125,0.36342592592592593
328150,Move,0.6139322916666666,0.36342592592592593
328166,Move,0.6158854166666666,0.36342592592592593
328268,Move,0.6158854166666666,0.36574074074074076
328290,Move,0.6158854166666666,0.36689814814814814
328307,Move,0.6165364583333334,0.3680555555555556
328328,Move,0.6171875,0.36921296296296297
328349,Move,0.6178385416666666,0.37037037037037035
328367,Move,0.6184895833333334,0.3715277777777778
328388,Move,0.6184895833333334,0.3726851851851852
328407,Move,0.6184895833333334,0.3738425925925926
328427,Move,0.619140625,0.3761574074074074
328447,Move,0.619140625,0.3773148148148148
328467,Move,0.6197916666666666,0.3784722222222222
328488,Move,0.6197916666666666,0.38078703703703703
328507,Move,0.6197916666666666,0.3819444444444444
328528,Move,0.6204427083333334,0.3819444444444444
328549,Move,0.6204427083333334,0.38310185185185186
328566,Move,0.6204427083333334,0.38310185185185186
328588,Move,0.6204427083333334,0.38310185185185186
328608,Move,0.6204427083333334,0.38310185185185186
328626,Move,0.6204427083333334,0.38310185185185186
328646,Move,0.6204427083333334,0.38310185185185186
328667,Move,0.6204427083333334,0.38310185185185186
328688,Move,0.6204427083333334,0.38310185185185186
328707,Move,0.6204427083333334,0.38310185185185186
328728,Move,0.6197916666666666,0.38425925925925924
328735,Move,0.6197916666666666,0.38425925925925924
328749,Move,0.619140625,0.38657407407407407
328764,Move,0.619140625,0.38657407407407407
328786,Move,0.6184895833333334,0.38657407407407407
328798,Move,0.6184895833333334,0.38657407407407407
328816,Move,0.6184895833333334,0.38657407407407407
328836,Move,0.6184895833333334,0.38773148148148145
328854,Move,0.6171875,0.3888888888888889
328868,Move,0.6171875,0.3900462962962963
328882,Move,0.6171875,0.3888888888888889
328891,Move,0.6171875,0.3888888888888889
328910,Move,0.6158854166666666,0.3912037037037037
328933,Move,0.6145833333333334,0.3923611111111111
328946,Move,0.6139322916666666,0.39351851851851855
328967,Move,0.6139322916666666,0.3958333333333333
328972,Move,0.61328125,0.3958333333333333
329002,Move,0.6126302083333334,0.39699074074074076
329020,Move,0.6119791666666666,0.39814814814814814
329028,Move,0.611328125,0.39814814814814814
329051,Move,0.6106770833333334,0.3993055555555556
329058,Move,0.6106770833333334,0.3993055555555556
329086,Move,0.609375,0.40046296296296297
329100,Move,0.6087239583333334,0.40162037037037035
329113,Move,0.6080729166666666,0.4027777777777778
329135,Move,0.6080729166666666,0.4039351851851852
329143,Move,0.607421875,0.4039351851851852
329170,Move,0.6061197916666666,0.4050925925925926
329184,Move,0.60546875,0.4074074074074074
329198,Move,0.60546875,0.4074074074074074
329214,Move,0.60546875,0.4085648148148148
329233,Move,0.6041666666666666,0.4097222222222222
329252,Move,0.6028645833333334,0.41087962962962965
329268,Move,0.6028645833333334,0.41087962962962965
329282,Move,0.6022135416666666,0.4131944444444444
329303,Move,0.6002604166666666,0.4131944444444444
329310,Move,0.6009114583333334,0.41435185185185186
329332,Move,0.6002604166666666,0.41550925925925924
329352,Move,0.5989583333333334,0.41782407407407407
329370,Move,0.5970052083333334,0.41898148148148145
329380,Move,0.595703125,0.4236111111111111
329394,Move,0.59375,0.42476851851851855
329414,Move,0.5904947916666666,0.42824074074074076
329428,Move,0.5885416666666666,0.43171296296296297
329451,Move,0.5852864583333334,0.4351851851851852
329467,Move,0.5833333333333334,0.4375
329477,Move,0.5787760416666666,0.44212962962962965
329500,Move,0.5696614583333334,0.4525462962962963
329513,Move,0.5638020833333334,0.45949074074074076
329533,Move,0.5559895833333334,0.4675925925925926
329549,Move,0.5533854166666666,0.4699074074074074
329563,Move,0.55078125,0.4722222222222222
329568,Move,0.55078125,0.4722222222222222
329699,Move,0.55078125,0.47453703703703703
329764,Move,0.55078125,0.47453703703703703
329827,Move,0.55078125,0.47453703703703703
329892,Move,0.55078125,0.47453703703703703
329956,Move,0.55078125,0.47453703703703703
330020,Move,0.55078125,0.47453703703703703
330084,Move,0.55078125,0.47453703703703703
330147,Move,0.55078125,0.47453703703703703
330211,Move,0.5501302083333334,0.47800925925925924
330274,Move,0.5494791666666666,0.48032407407407407
330341,Move,0.5481770833333334,0.4791666666666667
330348,Move,0.5481770833333334,0.4791666666666667
330361,Move,0.5481770833333334,0.4791666666666667
330382,Move,0.546875,0.4791666666666667
330404,Move,0.5442708333333334,0.47800925925925924
330411,Move,0.5436197916666666,0.47800925925925924
330432,Move,0.5397135416666666,0.4756944444444444
330454,Move,0.5345052083333334,0.4722222222222222
330467,Move,0.53125,0.4699074074074074
330484,Move,0.52734375,0.4664351851851852
330502,Move,0.5201822916666666,0.4618055555555556
330518,Move,0.515625,0.4583333333333333
330530,Move,0.5110677083333334,0.4548611111111111
330550,Move,0.50390625,0.4479166666666667
330558,Move,0.501953125,0.44675925925925924
330586,Move,0.4928385416666667,0.4386574074074074
330599,Move,0.48828125,0.4363425925925926
330614,Move,0.4837239583333333,0.43287037037037035
330635,Move,0.4772135416666667,0.4270833333333333
330649,Move,0.47265625,0.4236111111111111
330665,Move,0.46875,0.4212962962962963
330684,Move,0.4602864583333333,0.4166666666666667
330699,Move,0.453125,0.41435185185185186
330719,Move,0.4427083333333333,0.41782407407407407
330728,Move,0.439453125,0.41898148148148145
330747,Move,0.427734375,0.4201388888888889
330769,Move,0.400390625,0.4166666666666667
330780,Move,0.3841145833333333,0.4097222222222222
330792,Move,0.3795572916666667,0.4085648148148148
330797,Move,0.3776041666666667,0.4085648148148148
330938,Move,0.376953125,0.4074074074074074
330949,Move,0.3776041666666667,0.4074074074074074
330962,Move,0.376953125,0.40625
330982,Move,0.3763020833333333,0.4050925925925926
330991,Move,0.3756510416666667,0.4027777777777778
331015,Move,0.3756510416666667,0.4027777777777778
331034,Move,0.375,0.40162037037037035
331049,Move,0.375,0.40162037037037035
331059,Move,0.375,0.40046296296296297
331081,Move,0.3736979166666667,0.39814814814814814
331103,Move,0.373046875,0.39467592592592593
331113,Move,0.3723958333333333,0.3958333333333333
331136,Move,0.37109375,0.3923611111111111
331147,Move,0.3704427083333333,0.3912037037037037
331169,Move,0.3697916666666667,0.3888888888888889
331180,Move,0.3697916666666667,0.3888888888888889
331202,Move,0.3697916666666667,0.3888888888888889
331214,Move,0.3697916666666667,0.3888888888888889
331229,Move,0.373046875,0.3912037037037037
331250,Move,0.3815104166666667,0.3958333333333333
331264,Move,0.3841145833333333,0.39814814814814814
331285,Move,0.3899739583333333,0.40162037037037035
331293,Move,0.3912760416666667,0.4027777777777778
331320,Move,0.3990885416666667,0.4074074074074074
331332,Move,0.4029947916666667,0.4097222222222222
331348,Move,0.4075520833333333,0.4131944444444444
331362,Move,0.4108072916666667,0.41435185185185186
331375,Move,0.4153645833333333,0.41782407407407407
331397,Move,0.4231770833333333,0.4224537037037037
331416,Move,0.4283854166666667,0.42476851851851855
331431,Move,0.4322916666666667,0.42824074074074076
331445,Move,0.4361979166666667,0.4305555555555556
331467,Move,0.4427083333333333,0.4340277777777778
331475,Move,0.4459635416666667,0.4375
331495,Move,0.4544270833333333,0.44212962962962965
331516,Move,0.4635416666666667,0.44907407407407407
331529,Move,0.4694010416666667,0.4525462962962963
331551,Move,0.478515625,0.46064814814814814
331565,Move,0.4850260416666667,0.4652777777777778
331587,Move,0.4973958333333333,0.47453703703703703
331601,Move,0.5026041666666666,0.4791666666666667
331614,Move,0.5065104166666666,0.48148148148148145
331629,Move,0.5123697916666666,0.4849537037037037
331650,Move,0.5188802083333334,0.4895833333333333
331670,Move,0.5260416666666666,0.49421296296296297
331791,Move,0.5266927083333334,0.4930555555555556
331808,Move,0.5266927083333334,0.4930555555555556
331823,Move,0.5266927083333334,0.4930555555555556
331840,Move,0.5266927083333334,0.4930555555555556
331854,Move,0.5266927083333334,0.4930555555555556
331873,Move,0.5266927083333334,0.4930555555555556
331888,Move,0.5266927083333334,0.4930555555555556
331904,Move,0.52734375,0.49189814814814814
331921,Move,0.52734375,0.49074074074074076
331937,Move,0.52734375,0.4895833333333333
331951,Move,0.52734375,0.4895833333333333
331968,Move,0.52734375,0.48842592592592593
331985,Move,0.5279947916666666,0.48842592592592593
332001,Move,0.5279947916666666,0.48842592592592593
332015,Move,0.5286458333333334,0.48726851851851855
332049,Move,0.5286458333333334,0.48726851851851855
332049,Move,0.529296875,0.4861111111111111
332064,Move,0.529296875,0.4861111111111111
332080,Move,0.5299479166666666,0.4849537037037037
332096,Move,0.5305989583333334,0.4837962962962963
332113,Move,0.53125,0.4837962962962963
332128,Move,0.5325520833333334,0.48032407407407407
332145,Move,0.533203125,0.4791666666666667
332158,Move,0.5338541666666666,0.47800925925925924
332183,Move,0.5325520833333334,0.47685185185185186
332190,Move,0.5325520833333334,0.47685185185185186
332216,Move,0.5325520833333334,0.47800925925925924
332231,Move,0.5305989583333334,0.47685185185185186
332245,Move,0.5279947916666666,0.4756944444444444
332255,Move,0.5266927083333334,0.4756944444444444
332277,Move,0.5234375,0.47453703703703703
332296,Move,0.5227864583333334,0.47453703703703703
332309,Move,0.5221354166666666,0.47453703703703703
332327,Move,0.5201822916666666,0.47453703703703703
332351,Move,0.5162760416666666,0.47337962962962965
332367,Move,0.5143229166666666,0.4722222222222222
332382,Move,0.5143229166666666,0.4722222222222222
332399,Move,0.5143229166666666,0.4710648148148148
332410,Move,0.513671875,0.4710648148148148
332432,Move,0.5104166666666666,0.4710648148148148
332447,Move,0.5078125,0.4699074074074074
332461,Move,0.5045572916666666,0.4699074074074074
332499,Move,0.498046875,0.4699074074074074
332520,Move,0.4915364583333333,0.4699074074074074
332536,Move,0.48828125,0.4699074074074074
332551,Move,0.4837239583333333,0.4699074074074074
332566,Move,0.4798177083333333,0.4699074074074074
332575,Move,0.4778645833333333,0.4699074074074074
332600,Move,0.4720052083333333,0.4699074074074074
332615,Move,0.4680989583333333,0.4699074074074074
332631,Move,0.4641927083333333,0.4699074074074074
332647,Move,0.4596354166666667,0.4699074074074074
332668,Move,0.455078125,0.46875
332687,Move,0.4420572916666667,0.4652777777777778
332703,Move,0.431640625,0.46064814814814814
332720,Move,0.4205729166666667,0.45601851851851855
332735,Move,0.3997395833333333,0.44328703703703703
332743,Move,0.3841145833333333,0.43287037037037035
332767,Move,0.3509114583333333,0.4097222222222222
332782,Move,0.3385416666666667,0.4027777777777778
332799,Move,0.3268229166666667,0.39699074074074076
332808,Move,0.3248697916666667,0.3958333333333333
332831,Move,0.3177083333333333,0.3923611111111111
332846,Move,0.310546875,0.3900462962962963
332856,Move,0.3098958333333333,0.3900462962962963
332972,Move,0.3111979166666667,0.3912037037037037
333080,Move,0.3111979166666667,0.3912037037037037
333188,Move,0.3111979166666667,0.3912037037037037
333297,Move,0.3111979166666667,0.3912037037037037
333403,Move,0.3111979166666667,0.3912037037037037
333511,Move,0.3111979166666667,0.3912037037037037
333623,Move,0.3131510416666667,0.3923611111111111
333732,Move,0.3111979166666667,0.39351851851851855
333740,Move,0.3111979166666667,0.39351851851851855
333747,Move,0.310546875,0.39351851851851855
333768,Move,0.30859375,0.39351851851851855
333782,Move,0.3072916666666667,0.39467592592592593
333790,Move,0.306640625,0.39467592592592593
333816,Move,0.3033854166666667,0.39467592592592593
333831,Move,0.3014322916666667,0.3958333333333333
333845,Move,0.2994791666666667,0.39467592592592593
333867,Move,0.2981770833333333,0.39467592592592593
333883,Move,0.296875,0.39467592592592593
333901,Move,0.294921875,0.39467592592592593
333916,Move,0.29296875,0.39467592592592593
333938,Move,0.2923177083333333,0.3958333333333333
333951,Move,0.2903645833333333,0.3958333333333333
333965,Move,0.2890625,0.39467592592592593
333978,Move,0.2877604166666667,0.3958333333333333
333999,Move,0.2858072916666667,0.3958333333333333
334015,Move,0.28515625,0.3958333333333333
334028,Move,0.2864583333333333,0.39351851851851855
334049,Move,0.2936197916666667,0.3854166666666667
334062,Move,0.2962239583333333,0.3819444444444444
334085,Move,0.298828125,0.37962962962962965
334097,Move,0.3014322916666667,0.3773148148148148
334112,Move,0.3046875,0.3738425925925926
334132,Move,0.3092447916666667,0.3680555555555556
334148,Move,0.3118489583333333,0.3645833333333333
334168,Move,0.3138020833333333,0.36226851851851855
334183,Move,0.3177083333333333,0.3576388888888889
334198,Move,0.3196614583333333,0.3541666666666667
334218,Move,0.3235677083333333,0.34953703703703703
334231,Move,0.3268229166666667,0.3449074074074074
334250,Move,0.3307291666666667,0.3402777777777778
334266,Move,0.3346354166666667,0.33564814814814814
334281,Move,0.3365885416666667,0.33217592592592593
334293,Move,0.33984375,0.3275462962962963
334315,Move,0.3450520833333333,0.32175925925925924
334334,Move,0.3483072916666667,0.31712962962962965
334349,Move,0.3515625,0.3136574074074074
334356,Move,0.3541666666666667,0.3113425925925926
334386,Move,0.3587239583333333,0.30671296296296297
334399,Move,0.36328125,0.3020833333333333
334413,Move,0.3658854166666667,0.29976851851851855
334433,Move,0.3717447916666667,0.29398148148148145
334442,Move,0.3743489583333333,0.29050925925925924
334469,Move,0.3834635416666667,0.2847222222222222
334483,Move,0.3893229166666667,0.2789351851851852
334497,Move,0.39453125,0.2743055555555556
334517,Move,0.3997395833333333,0.26967592592592593
334531,Move,0.4036458333333333,0.2662037037037037
334547,Move,0.4075520833333333,0.26273148148148145
334567,Move,0.4166666666666667,0.25578703703703703
334582,Move,0.421875,0.2511574074074074
334602,Move,0.4283854166666667,0.24537037037037038
334616,Move,0.4361979166666667,0.23842592592592593
334631,Move,0.4401041666666667,0.2349537037037037
334651,Move,0.44921875,0.22800925925925927
334665,Move,0.4518229166666667,0.22569444444444445
334687,Move,0.45703125,0.2199074074074074
334692,Move,0.458984375,0.21875
334720,Move,0.46484375,0.21180555555555555
334735,Move,0.466796875,0.21064814814814814
334749,Move,0.470703125,0.20601851851851852
334762,Move,0.474609375,0.2013888888888889
334857,Move,0.474609375,0.2037037037037037
334876,Move,0.4752604166666667,0.20717592592592593
334895,Move,0.4752604166666667,0.20833333333333334
334917,Move,0.4752604166666667,0.20949074074074073
334937,Move,0.4752604166666667,0.20949074074074073
334956,Move,0.4752604166666667,0.20949074074074073
334976,Move,0.4752604166666667,0.20949074074074073
334996,Move,0.4752604166666667,0.20949074074074073
335017,Move,0.4752604166666667,0.20949074074074073
335037,Move,0.4752604166666667,0.20949074074074073
335056,Move,0.4752604166666667,0.20949074074074073
335076,Move,0.4752604166666667,0.20949074074074073
335096,Move,0.4752604166666667,0.20949074074074073
335116,Move,0.4752604166666667,0.20949074074074073
335136,Move,0.4752604166666667,0.20949074074074073
335157,Move,0.4752604166666667,0.20949074074074073
335176,Move,0.4752604166666667,0.20949074074074073
335196,Move,0.474609375,0.20949074074074073
335216,Move,0.474609375,0.20949074074074073
335237,Move,0.474609375,0.20949074074074073
335257,Move,0.474609375,0.20949074074074073
335278,Move,0.474609375,0.20949074074074073
335297,Move,0.474609375,0.21064814814814814
335315,Move,0.474609375,0.21643518518518517
335336,Move,0.474609375,0.22106481481481483
335355,Move,0.474609375,0.22453703703703703
335377,Move,0.474609375,0.22685185185185186
335397,Move,0.47265625,0.22453703703703703
335406,Move,0.470703125,0.22453703703703703
335419,Move,0.4622395833333333,0.22453703703703703
335433,Move,0.44921875,0.22337962962962962
335453,Move,0.4296875,0.22337962962962962
335461,Move,0.4270833333333333,0.22337962962962962
335482,Move,0.42578125,0.22337962962962962
335504,Move,0.42578125,0.22337962962962962
335517,Move,0.42578125,0.22337962962962962
335531,Move,0.42578125,0.22337962962962962
335550,Move,0.42578125,0.22337962962962962
335566,Move,0.42578125,0.22337962962962962
335587,Move,0.42578125,0.22337962962962962
335601,Move,0.42578125,0.22337962962962962
335617,Move,0.42578125,0.22337962962962962
335636,Move,0.4251302083333333,0.22337962962962962
335650,Move,0.4244791666666667,0.22337962962962962
335664,Move,0.4244791666666667,0.22337962962962962
335685,Move,0.4244791666666667,0.22337962962962962
335699,Move,0.4244791666666667,0.22337962962962962
335720,Move,0.4244791666666667,0.22337962962962962
335734,Move,0.4244791666666667,0.22337962962962962
335748,Move,0.4244791666666667,0.22337962962962962
335769,Move,0.4244791666666667,0.22337962962962962
335775,Move,0.4244791666666667,0.22337962962962962
335799,Move,0.4244791666666667,0.22337962962962962
335817,Move,0.4244791666666667,0.22337962962962962
335832,Move,0.4244791666666667,0.22337962962962962
335838,Move,0.4244791666666667,0.22337962962962962
335854,Move,0.4244791666666667,0.22337962962962962
335887,Move,0.4244791666666667,0.22337962962962962
335896,Move,0.4244791666666667,0.22337962962962962
335919,Move,0.4244791666666667,0.22337962962962962
335933,Move,0.4244791666666667,0.22337962962962962
335943,Move,0.4244791666666667,0.22337962962962962
335965,Move,0.4244791666666667,0.22337962962962962
335985,Move,0.4244791666666667,0.22337962962962962
336001,Move,0.4244791666666667,0.22337962962962962
336013,Move,0.4231770833333333,0.22337962962962962
336035,Move,0.4212239583333333,0.22453703703703703
336049,Move,0.41796875,0.22453703703703703
336062,Move,0.4095052083333333,0.22453703703703703
336084,Move,0.3763020833333333,0.2199074074074074
336098,Move,0.3541666666666667,0.2152777777777778
336106,Move,0.3430989583333333,0.21412037037037038
336131,Move,0.3118489583333333,0.20833333333333334
336148,Move,0.2981770833333333,0.20601851851851852
336169,Move,0.283203125,0.2048611111111111
336173,Move,0.2819010416666667,0.2048611111111111
336245,Move,0.28125,0.2037037037037037
336311,Move,0.28125,0.2037037037037037
336380,Move,0.28125,0.2025462962962963
336444,Move,0.2805989583333333,0.2025462962962963
336510,Move,0.2805989583333333,0.2013888888888889
336576,Move,0.2805989583333333,0.2013888888888889
336643,Move,0.2799479166666667,0.19907407407407407
336712,Move,0.2819010416666667,0.20023148148148148
336718,Move,0.2825520833333333,0.20023148148148148
336725,Move,0.2825520833333333,0.20023148148148148
336752,Move,0.2845052083333333,0.20023148148148148
336767,Move,0.2877604166666667,0.20023148148148148
336782,Move,0.2923177083333333,0.2013888888888889
336793,Move,0.2942708333333333,0.2013888888888889
336817,Move,0.3059895833333333,0.2037037037037037
336836,Move,0.31640625,0.2048611111111111
336852,Move,0.3248697916666667,0.20601851851851852
336864,Move,0.333984375,0.20601851851851852
336873,Move,0.3385416666666667,0.20601851851851852
336900,Move,0.3580729166666667,0.20601851851851852
336914,Move,0.3671875,0.20601851851851852
336928,Move,0.3763020833333333,0.20601851851851852
336949,Move,0.390625,0.2048611111111111
336966,Move,0.3997395833333333,0.2048611111111111
336984,Move,0.4140625,0.2048611111111111
336998,Move,0.4231770833333333,0.2048611111111111
337019,Move,0.4361979166666667,0.2048611111111111
337032,Move,0.4453125,0.20601851851851852
337046,Move,0.4537760416666667,0.20601851851851852
337068,Move,0.4733072916666667,0.21064814814814814
337083,Move,0.48828125,0.2175925925925926
337104,Move,0.5084635416666666,0.2349537037037037
337116,Move,0.5208333333333334,0.2465277777777778
337133,Move,0.541015625,0.26157407407407407
337152,Move,0.5963541666666666,0.28935185185185186
337165,Move,0.6295572916666666,0.30092592592592593
337180,Move,0.6432291666666666,0.30439814814814814
337230,Move,0.6438802083333334,0.30324074074074076
337239,Move,0.6438802083333334,0.30324074074074076
337250,Move,0.6438802083333334,0.30324074074074076
337260,Move,0.64453125,0.30324074074074076
337283,Move,0.6458333333333334,0.3020833333333333
337290,Move,0.6471354166666666,0.3020833333333333
337311,Move,0.6490885416666666,0.30092592592592593
337330,Move,0.6497395833333334,0.3020833333333333
337351,Move,0.65234375,0.30092592592592593
337369,Move,0.6536458333333334,0.2986111111111111
337379,Move,0.654296875,0.2986111111111111
337392,Move,0.6549479166666666,0.2986111111111111
337420,Move,0.6569010416666666,0.29398148148148145
337432,Move,0.6575520833333334,0.29398148148148145
337450,Move,0.6588541666666666,0.2916666666666667
337464,Move,0.6595052083333334,0.29050925925925924
337480,Move,0.66015625,0.28935185185185186
337500,Move,0.66015625,0.2881944444444444
337510,Move,0.6608072916666666,0.2881944444444444
337533,Move,0.6608072916666666,0.28587962962962965
337540,Move,0.6614583333333334,0.28703703703703703
337560,Move,0.6608072916666666,0.28703703703703703
337580,Move,0.6614583333333334,0.28587962962962965
337594,Move,0.6614583333333334,0.28587962962962965
337614,Move,0.662109375,0.2847222222222222
337632,Move,0.662109375,0.2847222222222222
337643,Move,0.662109375,0.2847222222222222
337675,Move,0.662109375,0.2847222222222222
337676,Move,0.662109375,0.2847222222222222
337676,Released,0.662109375,0.2847222222222222
337712,Released,0.486328125,0.6331018518518519