resolution:1536,864
358100,Pressed,0.2903645833333333,0.17939814814814814
358664,Move,0.2916666666666667,0.18171296296296297
358670,Move,0.29296875,0.18287037037037038
358685,Move,0.3014322916666667,0.19328703703703703
358706,Move,0.3229166666666667,0.22106481481481483
358719,Move,0.3391927083333333,0.24305555555555555
358733,Move,0.3450520833333333,0.2511574074074074
358755,Move,0.3463541666666667,0.2523148148148148
358768,Move,0.3463541666666667,0.2523148148148148
358775,Move,0.3463541666666667,0.2523148148148148
358804,Move,0.3463541666666667,0.2523148148148148
358817,Move,0.3463541666666667,0.2523148148148148
358839,Move,0.3463541666666667,0.2523148148148148
358853,Move,0.3463541666666667,0.2523148148148148
358864,Move,0.3463541666666667,0.2523148148148148
358887,Move,0.3463541666666667,0.2523148148148148
358902,Move,0.34765625,0.25462962962962965
358922,Move,0.3502604166666667,0.25578703703703703
358933,Move,0.349609375,0.25578703703703703
358953,Move,0.349609375,0.25578703703703703
358972,Move,0.349609375,0.25578703703703703
358985,Move,0.349609375,0.25578703703703703
359000,Move,0.349609375,0.25578703703703703
359021,Move,0.349609375,0.25578703703703703
359035,Move,0.349609375,0.25578703703703703
359056,Move,0.349609375,0.25578703703703703
359069,Move,0.349609375,0.25578703703703703
359084,Move,0.349609375,0.25578703703703703
359105,Move,0.349609375,0.25578703703703703
359115,Move,0.349609375,0.25578703703703703
359126,Move,0.349609375,0.25578703703703703
359153,Move,0.349609375,0.25578703703703703
359168,Move,0.349609375,0.25578703703703703
359188,Move,0.349609375,0.25578703703703703
359203,Move,0.349609375,0.25578703703703703
359217,Move,0.349609375,0.25578703703703703
359238,Move,0.349609375,0.25578703703703703
359251,Move,0.349609375,0.25578703703703703
359272,Move,0.349609375,0.25578703703703703
359280,Move,0.349609375,0.25578703703703703
359302,Move,0.3502604166666667,0.2569444444444444
359313,Move,0.3522135416666667,0.25925925925925924
359336,Move,0.357421875,0.2662037037037037
359350,Move,0.3658854166666667,0.27662037037037035
359370,Move,0.3938802083333333,0.3125
359385,Move,0.4088541666666667,0.3298611111111111
359400,Move,0.4212239583333333,0.3449074074074074
359421,Move,0.4361979166666667,0.36226851851851855
359427,Move,0.4407552083333333,0.3680555555555556
359446,Move,0.4563802083333333,0.38657407407407407
359469,Move,0.46484375,0.39699074074074076
359616,Move,0.46484375,0.3993055555555556
359669,Move,0.46484375,0.40046296296296297
359721,Move,0.46484375,0.40046296296296297
359776,Move,0.46484375,0.40162037037037035
359828,Move,0.46484375,0.4027777777777778
359880,Move,0.46484375,0.4039351851851852
359934,Move,0.46484375,0.4050925925925926
359988,Move,0.46484375,0.4050925925925926
360041,Move,0.46484375,0.4050925925925926
360095,Move,0.4654947916666667,0.40625
360102,Move,0.4661458333333333,0.40625
360116,Move,0.466796875,0.40625
360137,Move,0.470703125,0.4074074074074074
360151,Move,0.4752604166666667,0.4085648148148148
360165,Move,0.4772135416666667,0.4085648148148148
360186,Move,0.478515625,0.4085648148148148
360198,Move,0.4817708333333333,0.4097222222222222
360213,Move,0.4856770833333333,0.41087962962962965
360230,Move,0.48828125,0.4131944444444444
360249,Move,0.4895833333333333,0.41435185185185186
360270,Move,0.4934895833333333,0.41550925925925924
360276,Move,0.49609375,0.41550925925925924
360305,Move,0.5065104166666666,0.4201388888888889
360318,Move,0.513671875,0.4236111111111111
360340,Move,0.5247395833333334,0.4270833333333333
360354,Move,0.5325520833333334,0.42939814814814814
360368,Move,0.5403645833333334,0.43287037037037035
360382,Move,0.5475260416666666,0.4363425925925926
360389,Move,0.55078125,0.4375
360418,Move,0.56640625,0.44212962962962965
360438,Move,0.5768229166666666,0.44675925925925924
360451,Move,0.58984375,0.4513888888888889
360460,Move,0.595703125,0.4537037037037037
360488,Move,0.6236979166666666,0.46296296296296297
360502,Move,0.65234375,0.4722222222222222
360506,Move,0.6640625,0.4756944444444444
360542,Move,0.6946614583333334,0.48726851851851855
360552,Move,0.6966145833333334,0.48842592592592593
360571,Move,0.7096354166666666,0.4930555555555556
360578,Move,0.7102864583333334,0.4930555555555556
360650,Move,0.7096354166666666,0.49189814814814814
360668,Move,0.7096354166666666,0.49189814814814814
360684,Move,0.7096354166666666,0.49189814814814814
360701,Move,0.7096354166666666,0.49189814814814814
360720,Move,0.7109375,0.4895833333333333
360735,Move,0.7109375,0.48842592592592593
360753,Move,0.7102864583333334,0.48842592592592593
360770,Move,0.7096354166666666,0.48726851851851855
360785,Move,0.7096354166666666,0.4861111111111111
360804,Move,0.7096354166666666,0.4861111111111111
360820,Move,0.7096354166666666,0.4849537037037037
360838,Move,0.7096354166666666,0.4861111111111111
360855,Move,0.7096354166666666,0.4849537037037037
360871,Move,0.7096354166666666,0.4837962962962963
360889,Move,0.7096354166666666,0.4837962962962963
360906,Move,0.708984375,0.4837962962962963
360923,Move,0.708984375,0.4826388888888889
360939,Move,0.708984375,0.4826388888888889
360956,Move,0.708984375,0.48148148148148145
360975,Move,0.708984375,0.48032407407407407
360990,Move,0.708984375,0.4791666666666667
361008,Move,0.708984375,0.4791666666666667
361025,Move,0.708984375,0.47800925925925924
361042,Move,0.708984375,0.4756944444444444
361058,Move,0.708984375,0.47453703703703703
361076,Move,0.708984375,0.4710648148148148
361093,Move,0.708984375,0.46875
361108,Move,0.708984375,0.4675925925925926
361148,Move,0.70703125,0.4664351851851852
361153,Move,0.703125,0.4652777777777778
361168,Move,0.69921875,0.46064814814814814
361188,Move,0.6927083333333334,0.45601851851851855
361201,Move,0.69140625,0.45601851851851855
361223,Move,0.685546875,0.4513888888888889
361238,Move,0.6796875,0.44675925925925924
361250,Move,0.6712239583333334,0.4409722222222222
361258,Move,0.6627604166666666,0.4340277777777778
361285,Move,0.6256510416666666,0.4050925925925926
361300,Move,0.60546875,0.3888888888888889
361322,Move,0.59765625,0.3819444444444444
361336,Move,0.5963541666666666,0.3819444444444444
361350,Move,0.5944010416666666,0.37962962962962965
361371,Move,0.591796875,0.3773148148148148
361385,Move,0.58984375,0.3773148148148148
361405,Move,0.5872395833333334,0.3738425925925926
361419,Move,0.5846354166666666,0.3726851851851852
361427,Move,0.5846354166666666,0.3726851851851852
361452,Move,0.58203125,0.37037037037037035
361468,Move,0.5807291666666666,0.36921296296296297
361484,Move,0.578125,0.3680555555555556
361503,Move,0.576171875,0.36574074074074076
361518,Move,0.5748697916666666,0.36574074074074076
361539,Move,0.5716145833333334,0.36342592592592593
361553,Move,0.5696614583333334,0.36226851851851855
361565,Move,0.5670572916666666,0.3599537037037037
361586,Move,0.5611979166666666,0.35532407407407407
361602,Move,0.556640625,0.35185185185185186
361622,Move,0.5455729166666666,0.34375
361637,Move,0.5377604166666666,0.3368055555555556
361650,Move,0.525390625,0.3287037037037037
361670,Move,0.5091145833333334,0.31712962962962965
361685,Move,0.49609375,0.30787037037037035
361705,Move,0.4765625,0.2962962962962963
361721,Move,0.4583333333333333,0.2847222222222222
361735,Move,0.4453125,0.27546296296296297
361755,Move,0.4296875,0.2650462962962963
361763,Move,0.4251302083333333,0.26157407407407407
361784,Move,0.4205729166666667,0.25810185185185186
361805,Move,0.4192708333333333,0.25925925925925924
361819,Move,0.419921875,0.25810185185185186
361840,Move,0.4192708333333333,0.2569444444444444
361852,Move,0.41796875,0.25578703703703703
361868,Move,0.416015625,0.2534722222222222
361881,Move,0.4147135416666667,0.2523148148148148
361902,Move,0.41015625,0.24768518518518517
361910,Move,0.408203125,0.24768518518518517
361945,Move,0.4088541666666667,0.2465277777777778
361954,Move,0.4088541666666667,0.2465277777777778
361966,Move,0.4075520833333333,0.24537037037037038
361989,Move,0.4075520833333333,0.24421296296296297
362001,Move,0.4075520833333333,0.24537037037037038
362013,Move,0.4075520833333333,0.24537037037037038
362036,Move,0.4075520833333333,0.24537037037037038
362048,Move,0.4075520833333333,0.24421296296296297
362072,Move,0.4069010416666667,0.24305555555555555
362086,Move,0.40625,0.24305555555555555
362097,Move,0.4055989583333333,0.24074074074074073
362121,Move,0.4049479166666667,0.23842592592592593
362135,Move,0.4049479166666667,0.23842592592592593
362145,Move,0.4049479166666667,0.23842592592592593
362170,Move,0.404296875,0.23726851851851852
362181,Move,0.4036458333333333,0.23726851851851852
362205,Move,0.4029947916666667,0.2349537037037037
362216,Move,0.40234375,0.2337962962962963
362228,Move,0.40234375,0.2337962962962963
362253,Move,0.4016927083333333,0.23032407407407407
362265,Move,0.3997395833333333,0.22800925925925927
362277,Move,0.3990885416666667,0.22569444444444445
362292,Move,0.3990885416666667,0.22453703703703703
362318,Move,0.3997395833333333,0.22569444444444445
362338,Move,0.3997395833333333,0.22569444444444445
362352,Move,0.3997395833333333,0.22569444444444445
362370,Move,0.3997395833333333,0.22685185185185186
362379,Move,0.3997395833333333,0.22800925925925927
362402,Move,0.4016927083333333,0.22916666666666666
362415,Move,0.4016927083333333,0.22916666666666666
362436,Move,0.4016927083333333,0.23032407407407407
362450,Move,0.4016927083333333,0.2326388888888889
362457,Move,0.40234375,0.2326388888888889
362486,Move,0.40234375,0.2361111111111111
362507,Move,0.4029947916666667,0.23842592592592593
362521,Move,0.4029947916666667,0.23842592592592593
362535,Move,0.4036458333333333,0.24189814814814814
362551,Move,0.4036458333333333,0.24305555555555555
362570,Move,0.4049479166666667,0.24537037037037038
362585,Move,0.4049479166666667,0.24537037037037038
362605,Move,0.4055989583333333,0.24768518518518517
362612,Move,0.4055989583333333,0.2488425925925926
362633,Move,0.4069010416666667,0.2511574074074074
362654,Move,0.4075520833333333,0.2534722222222222
362669,Move,0.4075520833333333,0.25462962962962965
362683,Move,0.4075520833333333,0.2569444444444444
362703,Move,0.408203125,0.25925925925925924
362723,Move,0.4088541666666667,0.26157407407407407
362738,Move,0.4095052083333333,0.26273148148148145
362753,Move,0.4088541666666667,0.2662037037037037
362766,Move,0.4095052083333333,0.2673611111111111
362780,Move,0.41015625,0.26851851851851855
362803,Move,0.41015625,0.2708333333333333
362822,Move,0.4095052083333333,0.27314814814814814
362837,Move,0.41015625,0.27546296296296297
362851,Move,0.4108072916666667,0.2800925925925926
362865,Move,0.4108072916666667,0.2847222222222222
362885,Move,0.4114583333333333,0.28703703703703703
362906,Move,0.412109375,0.2916666666666667
362920,Move,0.412109375,0.29282407407407407
362934,Move,0.4127604166666667,0.2951388888888889
362947,Move,0.4127604166666667,0.3020833333333333
362969,Move,0.4140625,0.3113425925925926
362982,Move,0.4153645833333333,0.3159722222222222
363004,Move,0.416015625,0.3194444444444444
363012,Move,0.416015625,0.3194444444444444
363081,Move,0.4166666666666667,0.3194444444444444
363238,Move,0.41796875,0.3194444444444444
363395,Move,0.41796875,0.3194444444444444
363554,Move,0.41796875,0.31828703703703703
363564,Move,0.41796875,0.31828703703703703
363572,Move,0.41796875,0.31828703703703703
363602,Move,0.41796875,0.31828703703703703
363611,Move,0.41796875,0.31828703703703703
363634,Move,0.41796875,0.32060185185185186
363650,Move,0.4186197916666667,0.3229166666666667
363666,Move,0.4186197916666667,0.3229166666666667
363675,Move,0.4192708333333333,0.3229166666666667
363706,Move,0.419921875,0.32407407407407407
363722,Move,0.4205729166666667,0.32407407407407407
363738,Move,0.4205729166666667,0.32523148148148145
363755,Move,0.4212239583333333,0.32523148148148145
363769,Move,0.421875,0.32523148148148145
363786,Move,0.4225260416666667,0.32523148148148145
363802,Move,0.421875,0.3263888888888889
363818,Move,0.4225260416666667,0.3263888888888889
363826,Move,0.4225260416666667,0.3263888888888889
363853,Move,0.423828125,0.3263888888888889
363866,Move,0.4251302083333333,0.3263888888888889
363881,Move,0.42578125,0.3263888888888889
363906,Move,0.4283854166666667,0.3263888888888889
363913,Move,0.4290364583333333,0.3263888888888889
363938,Move,0.431640625,0.3263888888888889
363955,Move,0.43359375,0.3263888888888889
363973,Move,0.43359375,0.3263888888888889
363987,Move,0.4361979166666667,0.3275462962962963
363996,Move,0.4368489583333333,0.3275462962962963
364020,Move,0.44140625,0.3287037037037037
364034,Move,0.4440104166666667,0.3298611111111111
364050,Move,0.447265625,0.3298611111111111
364067,Move,0.451171875,0.3287037037037037
364081,Move,0.455078125,0.3275462962962963
364106,Move,0.4615885416666667,0.3263888888888889
364122,Move,0.46484375,0.32407407407407407
364137,Move,0.4680989583333333,0.3229166666666667
364154,Move,0.4713541666666667,0.32175925925925924
364170,Move,0.474609375,0.32060185185185186
364186,Move,0.4765625,0.3194444444444444
364201,Move,0.478515625,0.31828703703703703
364218,Move,0.478515625,0.31828703703703703
364232,Move,0.4798177083333333,0.31712962962962965
364253,Move,0.4798177083333333,0.31712962962962965
364265,Move,0.48046875,0.31712962962962965
364281,Move,0.4798177083333333,0.31712962962962965
364297,Move,0.4798177083333333,0.31712962962962965
364322,Move,0.48046875,0.31712962962962965
364332,Move,0.48046875,0.31712962962962965
364354,Move,0.48046875,0.31712962962962965
364369,Move,0.48046875,0.31712962962962965
364385,Move,0.4817708333333333,0.31712962962962965
364402,Move,0.4817708333333333,0.31712962962962965
364412,Move,0.4817708333333333,0.31712962962962965
364434,Move,0.482421875,0.31712962962962965
364450,Move,0.482421875,0.31712962962962965
364469,Move,0.4830729166666667,0.31712962962962965
364483,Move,0.4830729166666667,0.31712962962962965
364499,Move,0.4830729166666667,0.31712962962962965
364522,Move,0.4850260416666667,0.3159722222222222
364528,Move,0.4850260416666667,0.3148148148148148
364540,Move,0.4856770833333333,0.3148148148148148
364562,Move,0.4856770833333333,0.3125
364580,Move,0.486328125,0.3125
364602,Move,0.486328125,0.3101851851851852
364611,Move,0.486328125,0.3101851851851852
364678,Move,0.4856770833333333,0.3101851851851852
364865,Move,0.4850260416666667,0.3101851851851852
365051,Move,0.4850260416666667,0.3101851851851852
365241,Move,0.4856770833333333,0.3113425925925926
365256,Move,0.4856770833333333,0.3125
365269,Move,0.4869791666666667,0.3125
365283,Move,0.48828125,0.3125
365305,Move,0.48828125,0.3136574074074074
365322,Move,0.4889322916666667,0.3148148148148148
365333,Move,0.4915364583333333,0.31712962962962965
365353,Move,0.4986979166666667,0.32060185185185186
365374,Move,0.505859375,0.32407407407407407
365381,Move,0.5078125,0.32523148148148145
365403,Move,0.5123697916666666,0.3263888888888889
365416,Move,0.5162760416666666,0.3275462962962963
365436,Move,0.5234375,0.33101851851851855
365451,Move,0.5286458333333334,0.3333333333333333
365465,Move,0.5338541666666666,0.33564814814814814
365487,Move,0.5416666666666666,0.33912037037037035
365499,Move,0.5455729166666666,0.3402777777777778
365521,Move,0.55078125,0.34375
365535,Move,0.5540364583333334,0.3449074074074074
365551,Move,0.55859375,0.3460648148148148
365570,Move,0.56640625,0.34953703703703703
365583,Move,0.5716145833333334,0.35300925925925924
365605,Move,0.5794270833333334,0.35648148148148145
365618,Move,0.5826822916666666,0.3587962962962963
365638,Move,0.5859375,0.3587962962962963
365649,Move,0.5872395833333334,0.3599537037037037
365668,Move,0.5924479166666666,0.36342592592592593
365681,Move,0.595703125,0.3645833333333333
365704,Move,0.6002604166666666,0.36689814814814814
365715,Move,0.6048177083333334,0.36921296296296297
365738,Move,0.6126302083333334,0.3726851851851852
365752,Move,0.6165364583333334,0.3761574074074074
365765,Move,0.62109375,0.3784722222222222
365787,Move,0.626953125,0.3819444444444444
365801,Move,0.6315104166666666,0.38425925925925924
365821,Move,0.6380208333333334,0.38773148148148145
365835,Move,0.6419270833333334,0.3900462962962963
365850,Move,0.6451822916666666,0.3912037037037037
365864,Move,0.6490885416666666,0.39351851851851855
365887,Move,0.6529947916666666,0.3958333333333333
365899,Move,0.6555989583333334,0.39699074074074076
365919,Move,0.6595052083333334,0.3993055555555556
365934,Move,0.6627604166666666,0.40046296296296297
365946,Move,0.6653645833333334,0.40162037037037035
365968,Move,0.6686197916666666,0.4050925925925926
365985,Move,0.6705729166666666,0.4050925925925926
366003,Move,0.6725260416666666,0.40625
366017,Move,0.6731770833333334,0.40625
366031,Move,0.6744791666666666,0.4074074074074074
366053,Move,0.67578125,0.4074074074074074
366067,Move,0.6783854166666666,0.4097222222222222
366081,Move,0.677734375,0.4097222222222222
366104,Move,0.6783854166666666,0.4097222222222222
366116,Move,0.6783854166666666,0.4097222222222222
366137,Move,0.6783854166666666,0.4097222222222222
366152,Move,0.6796875,0.41087962962962965
366165,Move,0.6809895833333334,0.4097222222222222
366187,Move,0.6822916666666666,0.41087962962962965
366192,Move,0.6829427083333334,0.41087962962962965
366221,Move,0.68359375,0.4097222222222222
366235,Move,0.68359375,0.41087962962962965
366250,Move,0.68359375,0.41087962962962965
366263,Move,0.68359375,0.41087962962962965
366284,Move,0.68359375,0.41087962962962965
366304,Move,0.68359375,0.41087962962962965
366319,Move,0.68359375,0.41087962962962965
366333,Move,0.68359375,0.41087962962962965
366354,Move,0.68359375,0.41087962962962965
366362,Move,0.68359375,0.41087962962962965
366376,Move,0.68359375,0.41087962962962965
366440,Move,0.6829427083333334,0.4097222222222222
366452,Move,0.6822916666666666,0.4097222222222222
366464,Move,0.681640625,0.4097222222222222
366484,Move,0.6809895833333334,0.4097222222222222
366494,Move,0.6803385416666666,0.4097222222222222
366518,Move,0.6790364583333334,0.4097222222222222
366527,Move,0.6783854166666666,0.4097222222222222
366550,Move,0.677734375,0.4085648148148148
366572,Move,0.6764322916666666,0.4085648148148148
366584,Move,0.67578125,0.4085648148148148
366594,Move,0.67578125,0.4085648148148148
366617,Move,0.6744791666666666,0.4085648148148148
366638,Move,0.6731770833333334,0.4085648148148148
366650,Move,0.6731770833333334,0.4085648148148148
366671,Move,0.671875,0.4085648148148148
366681,Move,0.6712239583333334,0.4085648148148148
366705,Move,0.6705729166666666,0.4085648148148148
366717,Move,0.6666666666666666,0.41087962962962965
366734,Move,0.6549479166666666,0.4166666666666667
366752,Move,0.6458333333333334,0.41898148148148145
366770,Move,0.6419270833333334,0.4224537037037037
366788,Move,0.6321614583333334,0.4270833333333333
366800,Move,0.625,0.4305555555555556
366816,Move,0.619140625,0.43287037037037035
366836,Move,0.6106770833333334,0.4375
366853,Move,0.603515625,0.44212962962962965
366871,Move,0.5950520833333334,0.44675925925925924
366885,Move,0.5846354166666666,0.4525462962962963
366900,Move,0.5794270833333334,0.4548611111111111
366915,Move,0.5716145833333334,0.45949074074074076
366936,Move,0.5598958333333334,0.4652777777777778
366955,Move,0.55078125,0.4699074074074074
366969,Move,0.5455729166666666,0.4722222222222222
366983,Move,0.5358072916666666,0.47685185185185186
366998,Move,0.5299479166666666,0.4791666666666667
367019,Move,0.5221354166666666,0.4837962962962963
367032,Move,0.515625,0.48726851851851855
367054,Move,0.5032552083333334,0.4930555555555556
367068,Move,0.4921875,0.4976851851851852
367083,Move,0.4811197916666667,0.5034722222222222
367104,Move,0.470703125,0.5092592592592593
367124,Move,0.4583333333333333,0.5150462962962963
367137,Move,0.4518229166666667,0.5173611111111112
367151,Move,0.4368489583333333,0.5254629629629629
367168,Move,0.4283854166666667,0.5289351851851852
367179,Move,0.4205729166666667,0.5324074074074074
367201,Move,0.4049479166666667,0.5393518518518519
367222,Move,0.3893229166666667,0.5474537037037037
367236,Move,0.3854166666666667,0.5497685185185185
367243,Move,0.3795572916666667,0.5532407407407407
367272,Move,0.3658854166666667,0.5601851851851852
367291,Move,0.3580729166666667,0.5636574074074074
367299,Move,0.3502604166666667,0.5671296296296297
367306,Move,0.3483072916666667,0.5682870370370371
367343,Move,0.3489583333333333,0.5671296296296297
367353,Move,0.3489583333333333,0.5671296296296297
367365,Move,0.349609375,0.5671296296296297
367382,Move,0.3509114583333333,0.5648148148148148
367400,Move,0.3528645833333333,0.5613425925925926
367414,Move,0.35546875,0.5567129629629629
367438,Move,0.35546875,0.5567129629629629
367453,Move,0.35546875,0.5555555555555556
367470,Move,0.3561197916666667,0.5555555555555556
367486,Move,0.3561197916666667,0.5543981481481481
367502,Move,0.35546875,0.5532407407407407
367519,Move,0.35546875,0.5532407407407407
367526,Move,0.35546875,0.5532407407407407
367550,Move,0.3567708333333333,0.5509259259259259
367566,Move,0.3580729166666667,0.5486111111111112
367575,Move,0.3580729166666667,0.5474537037037037
367598,Move,0.3606770833333333,0.5405092592592593
367621,Move,0.3619791666666667,0.5381944444444444
367639,Move,0.3619791666666667,0.5381944444444444
367654,Move,0.3619791666666667,0.5381944444444444
367669,Move,0.3626302083333333,0.5381944444444444
367689,Move,0.3645833333333333,0.5335648148148148
367704,Move,0.3684895833333333,0.5254629629629629
367718,Move,0.3717447916666667,0.5162037037037037
367739,Move,0.3782552083333333,0.5023148148148148
367746,Move,0.3802083333333333,0.4976851851851852
367770,Move,0.38671875,0.4826388888888889
367788,Move,0.3938802083333333,0.4675925925925926
367802,Move,0.3984375,0.45601851851851855
367817,Move,0.4036458333333333,0.44675925925925924
367830,Move,0.408203125,0.4351851851851852
367850,Move,0.4153645833333333,0.41898148148148145
367872,Move,0.4225260416666667,0.4039351851851852
367885,Move,0.4270833333333333,0.39351851851851855
367900,Move,0.431640625,0.38310185185185186
367916,Move,0.4361979166666667,0.3726851851851852
367937,Move,0.4427083333333333,0.3587962962962963
367956,Move,0.4485677083333333,0.3449074074074074
367970,Move,0.4524739583333333,0.3368055555555556
367984,Move,0.4557291666666667,0.3287037037037037
367997,Move,0.4596354166666667,0.32060185185185186
368020,Move,0.4641927083333333,0.3090277777777778
368039,Move,0.4680989583333333,0.2986111111111111
368048,Move,0.4694010416666667,0.2962962962962963
368068,Move,0.4733072916666667,0.28587962962962965
368088,Move,0.4765625,0.2777777777777778
368103,Move,0.4791666666666667,0.2708333333333333
368118,Move,0.4811197916666667,0.2662037037037037
368130,Move,0.4830729166666667,0.2604166666666667
368153,Move,0.486328125,0.2523148148148148
368165,Move,0.48828125,0.2465277777777778
368181,Move,0.4908854166666667,0.24074074074074073
368202,Move,0.4934895833333333,0.2326388888888889
368223,Move,0.4973958333333333,0.22337962962962962
368235,Move,0.5006510416666666,0.2152777777777778
368250,Move,0.50390625,0.20833333333333334
368264,Move,0.5065104166666666,0.2013888888888889
368285,Move,0.51171875,0.1886574074074074
368366,Move,0.51171875,0.1875
368406,Move,0.5110677083333334,0.1875
368444,Move,0.5110677083333334,0.1863425925925926
368483,Move,0.5104166666666666,0.18518518518518517
368522,Move,0.5104166666666666,0.1840277777777778
368561,Move,0.509765625,0.18287037037037038
368600,Move,0.509765625,0.18287037037037038
368640,Move,0.5091145833333334,0.18287037037037038
368680,Move,0.5091145833333334,0.18171296296296297
368718,Move,0.5091145833333334,0.18055555555555555
368756,Move,0.5091145833333334,0.18055555555555555
368795,Move,0.509765625,0.17939814814814814
368804,Move,0.509765625,0.17939814814814814
368817,Move,0.5104166666666666,0.17939814814814814
368832,Move,0.5104166666666666,0.17939814814814814
368846,Move,0.5110677083333334,0.17939814814814814
368869,Move,0.513671875,0.17824074074074073
368887,Move,0.5169270833333334,0.17824074074074073
368901,Move,0.5182291666666666,0.17824074074074073
368915,Move,0.51953125,0.17824074074074073
368938,Move,0.51953125,0.17708333333333334
368950,Move,0.5201822916666666,0.17708333333333334
368963,Move,0.5221354166666666,0.17592592592592593
368985,Move,0.5247395833333334,0.17592592592592593
369001,Move,0.5260416666666666,0.17592592592592593
369021,Move,0.52734375,0.17476851851851852
369035,Move,0.5279947916666666,0.17476851851851852
369049,Move,0.5279947916666666,0.17476851851851852
369070,Move,0.529296875,0.17476851851851852
369085,Move,0.5305989583333334,0.17592592592592593
369105,Move,0.5325520833333334,0.17592592592592593
369119,Move,0.53515625,0.17592592592592593
369132,Move,0.5364583333333334,0.17476851851851852
369154,Move,0.5397135416666666,0.17476851851851852
369170,Move,0.5423177083333334,0.17476851851851852
369182,Move,0.544921875,0.17592592592592593
369202,Move,0.548828125,0.17592592592592593
369217,Move,0.5514322916666666,0.17592592592592593
369237,Move,0.5559895833333334,0.17708333333333334
369254,Move,0.55859375,0.17708333333333334
369266,Move,0.5611979166666666,0.17824074074074073
369287,Move,0.5657552083333334,0.17824074074074073
369300,Move,0.568359375,0.17824074074074073
369314,Move,0.5716145833333334,0.17824074074074073
369329,Move,0.57421875,0.17824074074074073
369350,Move,0.578125,0.17824074074074073
369371,Move,0.5826822916666666,0.17824074074074073
369385,Move,0.5865885416666666,0.17824074074074073
369405,Move,0.5950520833333334,0.17824074074074073
369413,Move,0.59765625,0.17824074074074073
369422,Move,0.6015625,0.17708333333333334
369456,Move,0.6197916666666666,0.1724537037037037
369467,Move,0.6341145833333334,0.16666666666666666
369483,Move,0.6529947916666666,0.1597222222222222
369503,Move,0.6751302083333334,0.15046296296296297
369518,Move,0.6809895833333334,0.14699074074074073
369539,Move,0.697265625,0.1412037037037037
369553,Move,0.6998697916666666,0.1412037037037037
369568,Move,0.7024739583333334,0.1412037037037037
369580,Move,0.705078125,0.1400462962962963
369604,Move,0.7135416666666666,0.1388888888888889
369617,Move,0.7141927083333334,0.1388888888888889
369759,Move,0.71484375,0.1400462962962963
369782,Move,0.71484375,0.1412037037037037
369804,Move,0.71484375,0.1412037037037037
369828,Move,0.7154947916666666,0.1423611111111111
369851,Move,0.7161458333333334,0.14351851851851852
369874,Move,0.7161458333333334,0.14351851851851852
369897,Move,0.716796875,0.14467592592592593
369920,Move,0.716796875,0.14583333333333334
369942,Move,0.7174479166666666,0.14583333333333334
369966,Move,0.7174479166666666,0.14699074074074073
369989,Move,0.7174479166666666,0.14699074074074073
370012,Move,0.7180989583333334,0.14814814814814814
370035,Move,0.7180989583333334,0.14930555555555555
370060,Move,0.71875,0.15046296296296297
370081,Move,0.71875,0.15046296296296297
370105,Move,0.7180989583333334,0.15162037037037038
370120,Move,0.7180989583333334,0.15393518518518517
370127,Move,0.7174479166666666,0.1550925925925926
370155,Move,0.716796875,0.16435185185185186
370169,Move,0.7161458333333334,0.16550925925925927
370185,Move,0.7154947916666666,0.16782407407407407
370204,Move,0.71484375,0.17592592592592593
370218,Move,0.7141927083333334,0.18287037037037038
370238,Move,0.7115885416666666,0.2013888888888889
370252,Move,0.708984375,0.2199074074074074
370267,Move,0.70703125,0.2361111111111111
370288,Move,0.7063802083333334,0.24305555555555555
370302,Move,0.7063802083333334,0.24537037037037038
370316,Move,0.7057291666666666,0.24768518518518517
370337,Move,0.705078125,0.2534722222222222
370353,Move,0.7044270833333334,0.2569444444444444
370372,Move,0.7044270833333334,0.26273148148148145
370386,Move,0.7037760416666666,0.2650462962962963
370400,Move,0.7024739583333334,0.2708333333333333
370419,Move,0.7018229166666666,0.27546296296296297
370427,Move,0.7018229166666666,0.2800925925925926
370455,Move,0.69921875,0.29976851851851855
370472,Move,0.697265625,0.3101851851851852
370483,Move,0.6953125,0.32523148148148145
370505,Move,0.69140625,0.34837962962962965
370519,Move,0.6888020833333334,0.36342592592592593
370534,Move,0.6868489583333334,0.3761574074074074
370554,Move,0.6842447916666666,0.3923611111111111
370567,Move,0.68359375,0.3958333333333333
370589,Move,0.6809895833333334,0.4050925925925926
370603,Move,0.6790364583333334,0.41782407407407407
370609,Move,0.6783854166666666,0.4236111111111111
370640,Move,0.6731770833333334,0.45023148148148145
370651,Move,0.669921875,0.4652777777777778
370672,Move,0.6647135416666666,0.4930555555555556
370686,Move,0.662109375,0.5069444444444444
370702,Move,0.66015625,0.5185185185185185
370720,Move,0.6575520833333334,0.5300925925925926
370735,Move,0.6575520833333334,0.5324074074074074
370750,Move,0.6575520833333334,0.5335648148148148
370763,Move,0.6575520833333334,0.5324074074074074
370784,Move,0.6575520833333334,0.5335648148148148
370805,Move,0.6575520833333334,0.5347222222222222
370820,Move,0.6575520833333334,0.5347222222222222
370834,Move,0.6575520833333334,0.5370370370370371
370842,Move,0.6575520833333334,0.5381944444444444
370856,Move,0.6569010416666666,0.5405092592592593
370993,Move,0.65625,0.5416666666666666
371005,Move,0.65625,0.5416666666666666
371016,Move,0.6555989583333334,0.5416666666666666
371038,Move,0.6549479166666666,0.5439814814814815
371047,Move,0.654296875,0.5439814814814815
371069,Move,0.65234375,0.5462962962962963
371082,Move,0.65234375,0.5474537037037037
371103,Move,0.650390625,0.5486111111111112
371115,Move,0.6497395833333334,0.5486111111111112
371136,Move,0.6484375,0.5497685185185185
371147,Move,0.6471354166666666,0.5509259259259259
371170,Move,0.6451822916666666,0.5509259259259259
371180,Move,0.64453125,0.5509259259259259
371203,Move,0.642578125,0.5509259259259259
371214,Move,0.6419270833333334,0.5520833333333334
371236,Move,0.6419270833333334,0.5520833333333334
371245,Move,0.6419270833333334,0.5520833333333334
371268,Move,0.6412760416666666,0.5520833333333334
371280,Move,0.6412760416666666,0.5520833333333334
371302,Move,0.6412760416666666,0.5520833333333334
371312,Move,0.6412760416666666,0.5520833333333334
371334,Move,0.6412760416666666,0.5520833333333334
371346,Move,0.6412760416666666,0.5520833333333334
371365,Move,0.6419270833333334,0.5509259259259259
371386,Move,0.6419270833333334,0.5486111111111112
371399,Move,0.6419270833333334,0.5486111111111112
371416,Move,0.6419270833333334,0.5462962962962963
371428,Move,0.6432291666666666,0.5439814814814815
371456,Move,0.6438802083333334,0.5416666666666666
371470,Move,0.64453125,0.5381944444444444
371483,Move,0.6458333333333334,0.53125
371498,Move,0.6471354166666666,0.5243055555555556
371519,Move,0.6497395833333334,0.5150462962962963
371540,Move,0.6510416666666666,0.5092592592592593
371554,Move,0.6516927083333334,0.5057870370370371
371568,Move,0.65234375,0.5
371584,Move,0.654296875,0.4930555555555556
371601,Move,0.65625,0.4849537037037037
371617,Move,0.6575520833333334,0.4791666666666667
371638,Move,0.66015625,0.4699074074074074
371652,Move,0.6614583333333334,0.46412037037037035
371665,Move,0.662109375,0.45949074074074076
371686,Move,0.6634114583333334,0.4537037037037037
371701,Move,0.6647135416666666,0.44907407407407407
371722,Move,0.6666666666666666,0.4398148148148148
371736,Move,0.66796875,0.43287037037037035
371751,Move,0.6705729166666666,0.4270833333333333
371772,Move,0.6731770833333334,0.41550925925925924
371783,Move,0.673828125,0.4097222222222222
371806,Move,0.67578125,0.4027777777777778
371818,Move,0.67578125,0.40046296296296297
371836,Move,0.677734375,0.3958333333333333
371855,Move,0.6783854166666666,0.38657407407407407
371870,Move,0.6803385416666666,0.3819444444444444
371882,Move,0.6809895833333334,0.3773148148148148
371896,Move,0.681640625,0.3726851851851852
371919,Move,0.68359375,0.3599537037037037
371937,Move,0.6861979166666666,0.3472222222222222
371952,Move,0.6875,0.3402777777777778
371959,Move,0.6881510416666666,0.33564814814814814
371979,Move,0.689453125,0.32407407407407407
372002,Move,0.69140625,0.3125
372014,Move,0.6927083333333334,0.30439814814814814
372036,Move,0.6946614583333334,0.2916666666666667
372052,Move,0.6959635416666666,0.2847222222222222
372067,Move,0.6966145833333334,0.2777777777777778
372087,Move,0.6985677083333334,0.2673611111111111
372100,Move,0.69921875,0.26157407407407407
372120,Move,0.7005208333333334,0.25578703703703703
372135,Move,0.701171875,0.2511574074074074
372150,Move,0.7018229166666666,0.24537037037037038
372170,Move,0.7024739583333334,0.23842592592592593
372184,Move,0.703125,0.2337962962962963
372206,Move,0.7044270833333334,0.22916666666666666
372220,Move,0.7044270833333334,0.22569444444444445
372240,Move,0.7044270833333334,0.22337962962962962
372255,Move,0.705078125,0.22106481481481483
372270,Move,0.705078125,0.2199074074074074
372289,Move,0.705078125,0.2175925925925926
372304,Move,0.705078125,0.21643518518518517
372317,Move,0.705078125,0.2152777777777778
372339,Move,0.705078125,0.2152777777777778
372352,Move,0.7057291666666666,0.2152777777777778
372366,Move,0.7057291666666666,0.2152777777777778
372387,Move,0.7057291666666666,0.21412037037037038
372402,Move,0.7057291666666666,0.21296296296296297
372416,Move,0.70703125,0.21296296296296297
372436,Move,0.70703125,0.21064814814814814
372443,Move,0.7076822916666666,0.20949074074074073
372456,Move,0.7076822916666666,0.20949074074074073
372487,Move,0.708984375,0.20601851851851852
372499,Move,0.708984375,0.20601851851851852
372520,Move,0.7096354166666666,0.20601851851851852
372535,Move,0.708984375,0.2048611111111111
372555,Move,0.7083333333333334,0.2037037037037037
372569,Move,0.7076822916666666,0.2013888888888889
372582,Move,0.7076822916666666,0.2013888888888889
372604,Move,0.70703125,0.2013888888888889
372620,Move,0.7063802083333334,0.20023148148148148
372638,Move,0.7057291666666666,0.20023148148148148
372653,Move,0.705078125,0.20023148148148148
372666,Move,0.7044270833333334,0.20023148148148148
372679,Move,0.7044270833333334,0.20023148148148148
372729,Move,0.7044270833333334,0.2013888888888889
372746,Move,0.7044270833333334,0.2013888888888889
372768,Move,0.7044270833333334,0.2013888888888889
372781,Move,0.7044270833333334,0.2013888888888889
372801,Move,0.7044270833333334,0.2013888888888889
372819,Move,0.7044270833333334,0.2025462962962963
372837,Move,0.7044270833333334,0.2025462962962963
372857,Move,0.7044270833333334,0.2037037037037037
372872,Move,0.7044270833333334,0.2048611111111111
372892,Move,0.7044270833333334,0.20601851851851852
372908,Move,0.7044270833333334,0.20601851851851852
372927,Move,0.7044270833333334,0.20717592592592593
372943,Move,0.7044270833333334,0.20833333333333334
372963,Move,0.7044270833333334,0.20949074074074073
372982,Move,0.7044270833333334,0.20949074074074073
373001,Move,0.7044270833333334,0.21064814814814814
373016,Move,0.7044270833333334,0.21180555555555555
373035,Move,0.7044270833333334,0.21296296296296297
373054,Move,0.7044270833333334,0.2152777777777778
373070,Move,0.7044270833333334,0.21875
373089,Move,0.7044270833333334,0.2199074074074074
373110,Move,0.703125,0.2199074074074074
373118,Move,0.703125,0.2199074074074074
373138,Move,0.7018229166666666,0.22106481481481483
373152,Move,0.6998697916666666,0.22337962962962962
373167,Move,0.697265625,0.22569444444444445
373180,Move,0.6940104166666666,0.22916666666666666
373195,Move,0.6907552083333334,0.2326388888888889
373222,Move,0.6822916666666666,0.23842592592592593
373236,Move,0.6783854166666666,0.24305555555555555
373250,Move,0.673828125,0.2465277777777778
373271,Move,0.66796875,0.2511574074074074
373284,Move,0.6634114583333334,0.25462962962962965
373305,Move,0.6575520833333334,0.2604166666666667
373320,Move,0.6529947916666666,0.2638888888888889
373333,Move,0.6451822916666666,0.2708333333333333
373355,Move,0.6321614583333334,0.2835648148148148
373369,Move,0.619140625,0.2962962962962963
373383,Move,0.59765625,0.3148148148148148
373400,Move,0.5872395833333334,0.32407407407407407
373418,Move,0.5846354166666666,0.32407407407407407
373438,Move,0.58203125,0.32523148148148145
373455,Move,0.5807291666666666,0.3263888888888889
373470,Move,0.5787760416666666,0.3263888888888889
373492,Move,0.578125,0.3263888888888889
373503,Move,0.5755208333333334,0.3287037037037037
373526,Move,0.5729166666666666,0.3287037037037037
373535,Move,0.5716145833333334,0.3287037037037037
373550,Move,0.5703125,0.3298611111111111
373568,Move,0.5690104166666666,0.3298611111111111
373584,Move,0.5670572916666666,0.3298611111111111
373598,Move,0.5657552083333334,0.33101851851851855
373622,Move,0.5631510416666666,0.33101851851851855
373631,Move,0.5618489583333334,0.33101851851851855
373656,Move,0.5592447916666666,0.33101851851851855
373671,Move,0.5579427083333334,0.33101851851851855
373686,Move,0.5559895833333334,0.3333333333333333
373701,Move,0.5533854166666666,0.3333333333333333
373719,Move,0.5520833333333334,0.33449074074074076
373735,Move,0.5501302083333334,0.33564814814814814
373751,Move,0.5481770833333334,0.33564814814814814
373768,Move,0.5455729166666666,0.33796296296296297
373783,Move,0.54296875,0.33912037037037035
373799,Move,0.541015625,0.3402777777777778
373823,Move,0.5377604166666666,0.3402777777777778
373839,Move,0.53515625,0.3414351851851852
373855,Move,0.5325520833333334,0.34375
373872,Move,0.5299479166666666,0.3449074074074074
373885,Move,0.52734375,0.3460648148148148
373903,Move,0.525390625,0.3472222222222222
373917,Move,0.5234375,0.34953703703703703
373935,Move,0.5208333333333334,0.34953703703703703
373951,Move,0.5182291666666666,0.35185185185185186
373966,Move,0.5162760416666666,0.3541666666666667
373983,Move,0.513671875,0.3541666666666667
373999,Move,0.5110677083333334,0.35648148148148145
374016,Move,0.5084635416666666,0.3587962962962963
374032,Move,0.5065104166666666,0.3587962962962963
374055,Move,0.5026041666666666,0.3611111111111111
374071,Move,0.5006510416666666,0.36226851851851855
374086,Move,0.4986979166666667,0.36342592592592593
374104,Move,0.4967447916666667,0.36342592592592593
374233,Move,0.4967447916666667,0.36226851851851855
374348,Move,0.4967447916666667,0.3611111111111111
374465,Move,0.4967447916666667,0.3611111111111111
374584,Move,0.49609375,0.3599537037037037
374595,Move,0.49609375,0.3599537037037037
374601,Move,0.4954427083333333,0.3587962962962963
374610,Move,0.494140625,0.3587962962962963
374633,Move,0.4934895833333333,0.3587962962962963
374650,Move,0.4908854166666667,0.3587962962962963
374664,Move,0.48828125,0.35532407407407407
374689,Move,0.484375,0.35300925925925924
374705,Move,0.4837239583333333,0.3541666666666667
374720,Move,0.4830729166666667,0.35300925925925924
374737,Move,0.4817708333333333,0.35185185185185186
374752,Move,0.4791666666666667,0.34953703703703703
374769,Move,0.4765625,0.3449074074074074
374785,Move,0.474609375,0.3414351851851852
374803,Move,0.4739583333333333,0.3414351851851852
374817,Move,0.4733072916666667,0.3402777777777778
374831,Move,0.47265625,0.3402777777777778
374850,Move,0.4700520833333333,0.3368055555555556
374874,Move,0.4654947916666667,0.33217592592592593
374889,Move,0.4622395833333333,0.3275462962962963
374906,Move,0.4576822916666667,0.32407407407407407
374921,Move,0.453125,0.31828703703703703
374939,Move,0.4479166666666667,0.3125
374953,Move,0.4427083333333333,0.30671296296296297
374969,Move,0.4375,0.29976851851851855
374986,Move,0.431640625,0.29398148148148145
375001,Move,0.4264322916666667,0.28703703703703703
375018,Move,0.4212239583333333,0.28125
375032,Move,0.416015625,0.27546296296296297
375048,Move,0.4108072916666667,0.26851851851851855
375065,Move,0.4055989583333333,0.26273148148148145
375080,Move,0.400390625,0.2569444444444444
375098,Move,0.3958333333333333,0.2523148148148148
375121,Move,0.3854166666666667,0.24074074074074073
375137,Move,0.376953125,0.2326388888888889
375153,Move,0.3671875,0.22453703703703703
375168,Move,0.3580729166666667,0.21643518518518517
375184,Move,0.3470052083333333,0.20949074074074073
375194,Move,0.3372395833333333,0.2037037037037037
375217,Move,0.3138020833333333,0.19444444444444445
375233,Move,0.3079427083333333,0.19212962962962962
375249,Move,0.2955729166666667,0.18287037037037038
375266,Move,0.2903645833333333,0.17824074074074073
375287,Move,0.2858072916666667,0.17476851851851852
375305,Move,0.2779947916666667,0.16782407407407407
375313,Move,0.2766927083333333,0.16550925925925927
375320,Move,0.2766927083333333,0.16550925925925927
375393,Move,0.27734375,0.16666666666666666
375408,Move,0.2779947916666667,0.16782407407407407
375427,Move,0.2779947916666667,0.16782407407407407
375439,Move,0.2779947916666667,0.16898148148148148
375454,Move,0.2786458333333333,0.16898148148148148
375469,Move,0.2786458333333333,0.16898148148148148
375485,Move,0.279296875,0.1701388888888889
375499,Move,0.2799479166666667,0.1701388888888889
375514,Move,0.2805989583333333,0.1701388888888889
375529,Move,0.2805989583333333,0.1712962962962963
375544,Move,0.28125,0.1712962962962963
375560,Move,0.2819010416666667,0.1724537037037037
375588,Move,0.2825520833333333,0.1724537037037037
375605,Move,0.283203125,0.1736111111111111
375620,Move,0.283203125,0.1736111111111111
375634,Move,0.2838541666666667,0.1736111111111111
375648,Move,0.2845052083333333,0.1736111111111111
375665,Move,0.28515625,0.17476851851851852
375679,Move,0.28515625,0.17476851851851852
375696,Move,0.2858072916666667,0.17592592592592593
375709,Move,0.2864583333333333,0.17592592592592593
375739,Move,0.2877604166666667,0.17824074074074073
375754,Move,0.2877604166666667,0.17824074074074073
375771,Move,0.2884114583333333,0.17824074074074073
375785,Move,0.2890625,0.17824074074074073
375798,Move,0.2897135416666667,0.17824074074074073
375813,Move,0.2903645833333333,0.17939814814814814
375829,Move,0.2903645833333333,0.17939814814814814
375844,Move,0.2903645833333333,0.17939814814814814
375886,Move,0.2903645833333333,0.17939814814814814
375886,Move,0.2903645833333333,0.17939814814814814
375887,Released,0.2903645833333333,0.17939814814814814
375916,Released,0.486328125,0.6331018518518519