resolution:1920,1080
57634.09999999963,Pressed,1040,612
57654.699999999255,Move,1040,612
57854.59999999963,Move,1040,612
57875,Move,1042,610
57881.90000000037,Move,1042,609
57901.699999999255,Move,1044,606
57915.800000000745,Move,1046,603
57930.09999999963,Move,1049,599
57951,Move,1054,591
57965.09999999963,Move,1057,585
57986.40000000037,Move,1062,577
58000.800000000745,Move,1065,571
58014.300000000745,Move,1068,568
58028.5,Move,1069,565
58049.59999999963,Move,1070,567
58091.199999999255,Move,1071,567
58398.90000000037,Move,1071,566
58406.40000000037,Move,1073,567
58413.5,Move,1073,566
58449.59999999963,Move,1074,566
58455.300000000745,Move,1073,567
58462.199999999255,Move,1074,569
59296.699999999255,Move,1075,568
59311.09999999963,Move,1073,569
59324.40000000037,Move,1073,568
59338.199999999255,Move,1074,568
59345,Move,1074,565
59359.59999999963,Move,1075,564
59380.09999999963,Move,1076,562
59394,Move,1078,560
59415.5,Move,1081,555
59429.40000000037,Move,1086,548
59443.59999999963,Move,1093,538
59464.300000000745,Move,1104,522
59477.199999999255,Move,1112,510
59499.699999999255,Move,1124,493
59514.199999999255,Move,1133,482
59533.5,Move,1144,466
59547.5,Move,1151,457
59563,Move,1156,450
59583,Move,1164,437
59597.90000000037,Move,1170,429
59611.59999999963,Move,1175,421
59632.90000000037,Move,1181,411
59646,Move,1184,406
59660.40000000037,Move,1187,402
59673.59999999963,Move,1187,400
59795.90000000037,Move,1187,398
59817.199999999255,Move,1187,399
59861.800000000745,Move,1186,400
59884.199999999255,Move,1184,402
59906.5,Move,1184,403
59928.59999999963,Move,1183,403
59950.90000000037,Move,1183,404
59982.09999999963,Move,1182,404
59995.59999999963,Move,1181,406
60028.90000000037,Move,1180,408
60038.800000000745,Move,1179,410
60059.40000000037,Move,1177,411
60106.199999999255,Move,1176,412
60126.300000000745,Move,1175,413
60149.09999999963,Move,1173,414
60183.09999999963,Move,1172,415
60292.59999999963,Move,1171,414
60311.800000000745,Move,1172,412
60403,Move,1172,411
60428.699999999255,Move,1172,410
60438.40000000037,Move,1170,411
60446.199999999255,Move,1170,410
60464.59999999963,Move,1170,409
60473.199999999255,Move,1169,410
60509.09999999963,Move,1169,409
60537.40000000037,Move,1169,410
60553.40000000037,Move,1169,409
60581,Move,1169,408
60599.5,Move,1169,407
60625.5,Move,1169,406
60671,Move,1169,405
60679.199999999255,Move,1171,404
60697.699999999255,Move,1171,403
60717,Move,1171,402
60724.5,Move,1171,401
60742.90000000037,Move,1171,400
60761.699999999255,Move,1170,398
60780,Move,1170,396
60797.90000000037,Move,1170,393
60814.59999999963,Move,1170,391
60834,Move,1171,388
60841.699999999255,Move,1171,386
60860.699999999255,Move,1171,383
60878.09999999963,Move,1171,380
60896,Move,1170,376
60915.699999999255,Move,1172,373
60933.09999999963,Move,1173,371
60950.199999999255,Move,1173,368
60959.699999999255,Move,1173,365
60977,Move,1173,360
60995.5,Move,1174,356
61013.09999999963,Move,1174,350
61031.59999999963,Move,1174,345
61049.199999999255,Move,1173,338
61067.40000000037,Move,1172,331
61076.09999999963,Move,1171,328
61095.59999999963,Move,1169,320
61112.59999999963,Move,1166,311
61130.59999999963,Move,1163,303
61148.59999999963,Move,1159,296
61166.59999999963,Move,1156,288
61174.5,Move,1155,285
61193.699999999255,Move,1152,279
61210.699999999255,Move,1150,274
61230.09999999963,Move,1148,269
61248,Move,1146,264
61265.5,Move,1144,260
61283.59999999963,Move,1143,258
61291.699999999255,Move,1143,257
61310.40000000037,Move,1142,255
61338.5,Move,1142,254
61374.199999999255,Move,1142,253
61400.800000000745,Move,1141,253
61408.90000000037,Move,1141,252
61454.300000000745,Move,1141,251
61500.09999999963,Move,1141,250
61534.40000000037,Move,1140,249
61554.90000000037,Move,1140,247
61581,Move,1140,246
61634.300000000745,Move,1142,247
61678.699999999255,Move,1141,246
61697.300000000745,Move,1141,245
61714,Move,1141,244
61733.300000000745,Move,1142,242
61742,Move,1141,243
61760.90000000037,Move,1140,243
61769,Move,1140,242
61787.199999999255,Move,1139,242
61833.699999999255,Move,1138,242
61869.199999999255,Move,1137,242
62082.199999999255,Move,1139,239
62099.09999999963,Move,1140,239
62112.300000000745,Move,1140,238
62143.199999999255,Move,1139,238
62158,Move,1140,236
62174.300000000745,Move,1141,236
62190.699999999255,Move,1141,235
62217.90000000037,Move,1141,234
62233.40000000037,Move,1142,234
62249.59999999963,Move,1142,233
62262.90000000037,Move,1142,232
62277.800000000745,Move,1143,231
62293.5,Move,1144,229
62307.300000000745,Move,1145,227
62323.59999999963,Move,1146,226
62352.90000000037,Move,1147,225
62368.40000000037,Move,1149,224
62381.5,Move,1150,223
62397.59999999963,Move,1152,221
62413,Move,1153,220
62428,Move,1153,219
62487.40000000037,Move,1153,218
62675.59999999963,Move,1154,218
62940.90000000037,Move,1155,218
63203.699999999255,Move,1154,217
63224.699999999255,Move,1153,217
63252.800000000745,Move,1152,216
63273.90000000037,Move,1150,214
63288.09999999963,Move,1149,213
63302.300000000745,Move,1148,213
63330.59999999963,Move,1147,213
63337.199999999255,Move,1147,212
63358.59999999963,Move,1147,213
63372.699999999255,Move,1146,212
63379.5,Move,1145,212
63406.59999999963,Move,1144,211
63421.800000000745,Move,1142,210
63435.800000000745,Move,1138,208
63456.300000000745,Move,1135,205
63469.800000000745,Move,1130,204
63489.800000000745,Move,1123,202
63505.40000000037,Move,1119,201
63519.800000000745,Move,1117,200
63525.300000000745,Move,1116,200
63553.90000000037,Move,1115,200
63575.40000000037,Move,1115,201
63589.90000000037,Move,1114,201
63602.90000000037,Move,1114,202
63617.40000000037,Move,1112,202
63638.5,Move,1113,201
63645.199999999255,Move,1112,201
63673,Move,1109,202
63687.40000000037,Move,1108,202
63715.800000000745,Move,1107,202
63729.59999999963,Move,1106,201
63736.699999999255,Move,1105,201
63764,Move,1104,201
63770.300000000745,Move,1104,200
63785.800000000745,Move,1103,200
63806.300000000745,Move,1102,201
63820.59999999963,Move,1100,200
63834.59999999963,Move,1097,199
63855.59999999963,Move,1093,197
63870.40000000037,Move,1090,196
63890.300000000745,Move,1085,196
63905.199999999255,Move,1082,195
63918.699999999255,Move,1078,193
63939.800000000745,Move,1072,190
63953.300000000745,Move,1067,188
63974.09999999963,Move,1063,184
63988.699999999255,Move,1060,182
64001.09999999963,Move,1059,181
64023.800000000745,Move,1055,178
64037.59999999963,Move,1053,178
64051.59999999963,Move,1053,176
64073.699999999255,Move,1052,175
64086,Move,1050,175
64107.199999999255,Move,1046,172
64120.699999999255,Move,1045,172
64136.300000000745,Move,1041,171
64157.5,Move,1037,169
64170.90000000037,Move,1031,167
64191.199999999255,Move,1026,163
64205.300000000745,Move,1021,160
64219.90000000037,Move,1018,158
64241,Move,1010,154
64255.09999999963,Move,1005,151
64267.90000000037,Move,1002,149
64289.59999999963,Move,998,147
64303.199999999255,Move,995,145
64316.5,Move,992,144
64338.5,Move,992,142
64353.199999999255,Move,989,140
64365.300000000745,Move,988,140
64413.699999999255,Move,990,138
64444.90000000037,Move,991,139
64471.09999999963,Move,989,141
64477.800000000745,Move,989,140
64485.199999999255,Move,988,140
64505.90000000037,Move,986,137
64520.800000000745,Move,984,137
64540.699999999255,Move,982,135
64555.5,Move,980,133
64570.300000000745,Move,978,132
64706.300000000745,Move,979,133
64744.90000000037,Move,980,133
64760.800000000745,Move,981,134
64780.09999999963,Move,983,135
64797.5,Move,981,137
64832.199999999255,Move,980,136
64851.199999999255,Move,980,137
64869.59999999963,Move,981,137
64888.90000000037,Move,983,138
64905.59999999963,Move,985,139
64922.800000000745,Move,987,140
64941.699999999255,Move,989,140
64959.5,Move,990,140
64977.40000000037,Move,992,140
64995.59999999963,Move,994,140
65014,Move,997,141
65031.09999999963,Move,998,141
65085.5,Move,999,141
65122.09999999963,Move,998,142
65132.09999999963,Move,997,142
65147.09999999963,Move,996,143
65167.90000000037,Move,995,146
65186.699999999255,Move,990,144
65207.09999999963,Move,986,147
65223.199999999255,Move,984,147
65237.40000000037,Move,981,149
65257.5,Move,978,151
65271.90000000037,Move,973,155
65287.300000000745,Move,966,160
65306,Move,957,169
65320.699999999255,Move,950,175
65336.199999999255,Move,950,180
65356.59999999963,Move,949,181
65371.5,Move,948,182
65386.40000000037,Move,947,183
65396.5,Move,946,184
65421.300000000745,Move,944,186
65432.40000000037,Move,941,187
65457.90000000037,Move,939,187
65471.300000000745,Move,937,189
65486.699999999255,Move,936,190
65507.09999999963,Move,934,192
65522,Move,931,195
65537,Move,927,198
65556.19999999925,Move,921,204
65571.09999999963,Move,915,208
65591.40000000037,Move,907,213
65606.5,Move,899,217
65622.69999999925,Move,891,220
65641.59999999963,Move,883,222
65656.5,Move,876,224
65666.90000000037,Move,873,224
65681.90000000037,Move,871,226
65706.19999999925,Move,866,226
65721.30000000075,Move,859,227
65741.5,Move,850,229
65756.69999999925,Move,841,228
65771.59999999963,Move,832,229
65786.80000000075,Move,823,230
65806.5,Move,807,232
65823,Move,798,233
65838.30000000075,Move,792,235
65856.5,Move,786,235
65872.09999999963,Move,785,233
65887,Move,786,232
65901.40000000037,Move,785,233
65938.09999999963,Move,784,233
65972.19999999925,Move,785,235
65987.80000000075,Move,787,236
66007.90000000037,Move,787,238
66023.19999999925,Move,787,240
66220.59999999963,Move,788,239
66283.69999999925,Move,789,238
66313.40000000037,Move,790,236
66344.90000000037,Move,790,235
66438.30000000075,Move,790,234
66470.90000000037,Move,791,234
66530.90000000037,Move,791,233
66563,Move,792,232
66594.30000000075,Move,794,229
66625.09999999963,Move,795,227
66655.09999999963,Move,796,225
66780.40000000037,Move,795,225
66785.90000000037,Move,793,227
66811.30000000075,Move,793,228
66823.40000000037,Move,792,228
66841.69999999925,Move,792,230
66854.80000000075,Move,791,231
66871.09999999963,Move,791,232
66877.90000000037,Move,790,232
66907.30000000075,Move,790,234
66913,Move,790,235
66931.5,Move,790,236
66954.40000000037,Move,790,239
66973.5,Move,789,241
66991.5,Move,788,243
67002.59999999963,Move,788,244
67021.40000000037,Move,786,248
67039.59999999963,Move,785,252
67057.59999999963,Move,782,257
67074.80000000075,Move,780,261
67087.5,Move,780,263
67099.69999999925,Move,781,265
67123.90000000037,Move,783,268
67135.30000000075,Move,783,269
67146.90000000037,Move,782,269
67164.80000000075,Move,783,272
67190,Move,782,273
67206.80000000075,Move,783,275
67219.80000000075,Move,783,276
67230.40000000037,Move,781,278
67242.90000000037,Move,781,279
67268.5,Move,780,280
67297.19999999925,Move,780,281
67303.30000000075,Move,781,283
67315.19999999925,Move,781,281
67333.30000000075,Move,780,279
67356.80000000075,Move,779,280
67369.09999999963,Move,779,282
67387,Move,778,286
67405.19999999925,Move,776,289
67422.69999999925,Move,775,292
67440.80000000075,Move,774,295
67452.59999999963,Move,772,298
67470.69999999925,Move,770,303
67489.09999999963,Move,767,308
67506.90000000037,Move,764,313
67519.09999999963,Move,762,317
67537.40000000037,Move,759,321
67554.40000000037,Move,755,324
67571.80000000075,Move,752,329
67590.30000000075,Move,748,333
67602.09999999963,Move,747,334
67614.69999999925,Move,746,335
67639.5,Move,744,338
67657.80000000075,Move,742,341
67670.90000000037,Move,740,344
67686.69999999925,Move,735,350
67704.30000000075,Move,733,357
67722.59999999963,Move,730,362
67734.90000000037,Move,727,366
67757.59999999963,Move,720,376
67772,Move,717,380
67788.59999999963,Move,711,388
67807.30000000075,Move,705,397
67818.80000000075,Move,702,401
67836.90000000037,Move,698,406
67854.69999999925,Move,695,410
67872.90000000037,Move,693,415
67890.90000000037,Move,691,416
67897.19999999925,Move,691,417
67921.5,Move,691,418
67986.09999999963,Move,690,419
68047.19999999925,Move,689,419
68053.09999999963,Move,687,419
68070.90000000037,Move,685,419
68089.09999999963,Move,684,419
68101.30000000075,Move,683,419
68112.59999999963,Move,682,419
68124.90000000037,Move,681,419
68322.90000000037,Move,680,420
68346.69999999925,Move,679,420
68368.40000000037,Move,679,421
68391.69999999925,Move,679,423
68415.59999999963,Move,680,421
68438,Move,679,422
68460.80000000075,Move,678,421
68484.69999999925,Move,677,422
68508.30000000075,Move,675,422
68530.30000000075,Move,674,423
68553.80000000075,Move,673,423
68576.80000000075,Move,671,424
68598.59999999963,Move,670,424
68622.40000000037,Move,668,425
68646.90000000037,Move,667,425
68677.09999999963,Move,666,425
68692.5,Move,667,426
68723.5,Move,667,428
68727.80000000075,Move,667,429
68743.09999999963,Move,667,431
68758.09999999963,Move,667,430
68773.40000000037,Move,667,435
68793.09999999963,Move,667,437
68807.90000000037,Move,667,439
68818.69999999925,Move,667,441
68843.19999999925,Move,666,449
68857.69999999925,Move,666,456
68873.59999999963,Move,667,466
68892.80000000075,Move,667,477
68908.30000000075,Move,666,479
68923.30000000075,Move,666,480
68943.59999999963,Move,666,483
68953.69999999925,Move,666,484
68973.30000000075,Move,668,488
68993.09999999963,Move,668,491
69008.09999999963,Move,667,493
69013.19999999925,Move,667,494
69042.80000000075,Move,667,498
69057.30000000075,Move,667,499
69073.59999999963,Move,667,502
69087.80000000075,Move,667,506
69107.5,Move,667,512
69122.40000000037,Move,667,517
69142.40000000037,Move,666,526
69157.69999999925,Move,666,533
69172.40000000037,Move,667,541
69193.19999999925,Move,666,548
69209,Move,667,553
69223.30000000075,Move,665,556
69233.09999999963,Move,665,558
69258.90000000037,Move,666,560
69272.19999999925,Move,666,563
69293.30000000075,Move,667,569
69308.40000000037,Move,667,573
69323.30000000075,Move,668,577
69342.80000000075,Move,668,584
69357.5,Move,668,590
69371.80000000075,Move,669,597
69392.09999999963,Move,670,603
69407.30000000075,Move,670,607
69422.80000000075,Move,671,610
69437.80000000075,Move,671,611
69493.19999999925,Move,672,613
69498.09999999963,Move,670,614
69518.40000000037,Move,669,613
69542.69999999925,Move,669,613
69552.90000000037,Move,668,613
69792.80000000075,Move,671,614
69824.30000000075,Move,673,614
69978.40000000037,Move,673,615
70259,Move,674,616
70288.90000000037,Move,679,617
70327.59999999963,Move,684,619
70352.59999999963,Move,686,619
70394.19999999925,Move,691,620
70413.19999999925,Move,694,623
70426.5,Move,695,623
70442.40000000037,Move,697,624
70462.69999999925,Move,701,627
70472.59999999963,Move,703,628
70491.30000000075,Move,706,630
70509.90000000037,Move,706,629
70527.19999999925,Move,709,632
70539,Move,710,631
70562.69999999925,Move,712,635
70575.69999999925,Move,713,635
70587.19999999925,Move,714,635
70611.09999999963,Move,716,637
70629,Move,721,640
70641.5,Move,723,642
70652.5,Move,726,645
70677.09999999963,Move,726,645
70690.09999999963,Move,727,646
70712.90000000037,Move,727,650
70724.90000000037,Move,729,651
70743.09999999963,Move,732,654
70763,Move,733,654
70779.19999999925,Move,735,656
70791.69999999925,Move,737,658
72796.09999999963,Move,943,659
72810.09999999963,Move,946,658
72824.5,Move,947,657
72845.80000000075,Move,951,656
72859.19999999925,Move,952,656
72872.90000000037,Move,954,655
72894.30000000075,Move,956,655
72908.40000000037,Move,957,654
72929.69999999925,Move,960,653
72943.80000000075,Move,961,652
72957.80000000075,Move,962,652
72970.59999999963,Move,964,651
72991.40000000037,Move,966,651
73012.69999999925,Move,968,650
73026.40000000037,Move,970,650
73041.59999999963,Move,973,649
73061.59999999963,Move,976,648
73077.40000000037,Move,979,648
73088.69999999925,Move,981,647
73104.59999999963,Move,982,647
73125.80000000075,Move,985,646
73146.19999999925,Move,989,644
73159.90000000037,Move,992,643
73175.59999999963,Move,994,643
73188,Move,996,644
73209.90000000037,Move,999,644
73222.90000000037,Move,1002,643
73237.19999999925,Move,1003,644
73257.59999999963,Move,1005,643
73279.59999999963,Move,1009,643
73307.09999999963,Move,1012,642
73320.90000000037,Move,1016,642
73343.5,Move,1017,642
73357.30000000075,Move,1020,639
73376.5,Move,1024,638
73391.19999999925,Move,1027,638
73404,Move,1028,637
73425.69999999925,Move,1031,637
73445.80000000075,Move,1033,636
73461.09999999963,Move,1035,635
73475.59999999963,Move,1035,634
73495.90000000037,Move,1037,632
73510,Move,1038,631
73525,Move,1039,629
73545.69999999925,Move,1040,627
73756.09999999963,Move,1040,626
73808.40000000037,Move,1040,625
73833.09999999963,Move,1040,623
73859.59999999963,Move,1040,622
73885.90000000037,Move,1040,621
73910.69999999925,Move,1040,620
73937.90000000037,Move,1040,619
73962.69999999925,Move,1040,617
73988.80000000075,Move,1040,616
74014.30000000075,Move,1040,615
74041.59999999963,Move,1040,614
74067.69999999925,Move,1040,613
74093.30000000075,Move,1040,612
74340.90000000037,Released,1040,612
74406.19999999925,Released,940,673
