resolution:1536,864
61058,Pressed,0.57421875,0.2013888888888889
61444,Move,0.57421875,0.2025462962962963
61455,Move,0.57421875,0.2037037037037037
61457,Move,0.5735677083333334,0.2037037037037037
61478,Move,0.572265625,0.20601851851851852
61500,Move,0.5716145833333334,0.20949074074074073
61512,Move,0.5703125,0.21064814814814814
61526,Move,0.5670572916666666,0.2175925925925926
61541,Move,0.5625,0.22569444444444445
61562,Move,0.5553385416666666,0.23842592592592593
61576,Move,0.5520833333333334,0.24305555555555555
61591,Move,0.5481770833333334,0.24768518518518517
61611,Move,0.5397135416666666,0.25925925925925924
61625,Move,0.5338541666666666,0.2662037037037037
61646,Move,0.5240885416666666,0.2789351851851852
61662,Move,0.5188802083333334,0.2847222222222222
61681,Move,0.5130208333333334,0.2916666666666667
61701,Move,0.5110677083333334,0.29398148148148145
61710,Move,0.5026041666666666,0.30439814814814814
61731,Move,0.4934895833333333,0.31712962962962965
61745,Move,0.48828125,0.3263888888888889
61764,Move,0.4811197916666667,0.33912037037037035
61779,Move,0.4791666666666667,0.3425925925925926
61793,Move,0.4765625,0.34837962962962965
61807,Move,0.47265625,0.35532407407407407
61829,Move,0.4694010416666667,0.3645833333333333
61842,Move,0.4661458333333333,0.3726851851851852
61864,Move,0.4609375,0.3912037037037037
61877,Move,0.4576822916666667,0.4039351851851852
61891,Move,0.4563802083333333,0.4097222222222222
61911,Move,0.4518229166666667,0.43171296296296297
61926,Move,0.44921875,0.44328703703703703
61948,Move,0.4459635416666667,0.46064814814814814
61961,Move,0.4440104166666667,0.4710648148148148
61975,Move,0.4420572916666667,0.48032407407407407
61996,Move,0.439453125,0.4930555555555556
62010,Move,0.4388020833333333,0.5
62024,Move,0.4361979166666667,0.5069444444444444
62045,Move,0.43359375,0.5173611111111112
62054,Move,0.4329427083333333,0.5208333333333334
62080,Move,0.4296875,0.5300925925925926
62094,Move,0.4283854166666667,0.5335648148148148
62104,Move,0.4283854166666667,0.5347222222222222
62126,Move,0.4264322916666667,0.5381944444444444
62144,Move,0.42578125,0.5405092592592593
62163,Move,0.42578125,0.5416666666666666
62179,Move,0.42578125,0.5428240740740741
62194,Move,0.42578125,0.5428240740740741
62214,Move,0.42578125,0.5428240740740741
62227,Move,0.42578125,0.5451388888888888
62248,Move,0.4244791666666667,0.5486111111111112
62263,Move,0.4231770833333333,0.5486111111111112
62276,Move,0.4225260416666667,0.5486111111111112
62297,Move,0.421875,0.5497685185185185
62311,Move,0.421875,0.5497685185185185
62331,Move,0.4212239583333333,0.5497685185185185
62345,Move,0.4212239583333333,0.5486111111111112
62356,Move,0.4205729166666667,0.5486111111111112
62374,Move,0.4205729166666667,0.5509259259259259
62396,Move,0.4205729166666667,0.5509259259259259
62410,Move,0.4205729166666667,0.5509259259259259
62415,Move,0.4205729166666667,0.5509259259259259
62563,Move,0.4212239583333333,0.5520833333333334
62588,Move,0.421875,0.5520833333333334
62614,Move,0.421875,0.5520833333333334
62639,Move,0.421875,0.5520833333333334
62666,Move,0.421875,0.5532407407407407
62698,Move,0.4225260416666667,0.5532407407407407
62718,Move,0.4231770833333333,0.5532407407407407
62744,Move,0.4231770833333333,0.5532407407407407
62770,Move,0.423828125,0.5543981481481481
62797,Move,0.42578125,0.5567129629629629
62821,Move,0.42578125,0.5567129629629629
62851,Move,0.4264322916666667,0.5532407407407407
62858,Move,0.4283854166666667,0.5486111111111112
62872,Move,0.4303385416666667,0.5405092592592593
62892,Move,0.4329427083333333,0.53125
62915,Move,0.4342447916666667,0.5254629629629629
62928,Move,0.4348958333333333,0.5219907407407407
62942,Move,0.4361979166666667,0.5138888888888888
62963,Move,0.4375,0.5069444444444444
62976,Move,0.4388020833333333,0.5
62990,Move,0.4388020833333333,0.49537037037037035
63012,Move,0.4407552083333333,0.4837962962962963
63026,Move,0.44140625,0.47453703703703703
63046,Move,0.443359375,0.46412037037037035
63061,Move,0.4440104166666667,0.45601851851851855
63074,Move,0.4459635416666667,0.4525462962962963
63095,Move,0.4479166666666667,0.44212962962962965
63110,Move,0.44921875,0.4340277777777778
63124,Move,0.451171875,0.42592592592592593
63144,Move,0.4518229166666667,0.41898148148148145
63158,Move,0.453125,0.41435185185185186
63176,Move,0.455078125,0.40625
63193,Move,0.4576822916666667,0.3993055555555556
63208,Move,0.4583333333333333,0.3958333333333333
63222,Move,0.4596354166666667,0.3912037037037037
63244,Move,0.462890625,0.3819444444444444
63258,Move,0.4654947916666667,0.3761574074074074
63277,Move,0.46875,0.3680555555555556
63292,Move,0.47265625,0.36226851851851855
63312,Move,0.4772135416666667,0.35300925925925924
63328,Move,0.478515625,0.34953703703703703
63348,Move,0.4830729166666667,0.3425925925925926
63362,Move,0.4850260416666667,0.33796296296296297
63376,Move,0.48828125,0.33217592592592593
63396,Move,0.4934895833333333,0.3229166666666667
63411,Move,0.4967447916666667,0.3194444444444444
63425,Move,0.5013020833333334,0.3113425925925926
63441,Move,0.5045572916666666,0.3055555555555556
63460,Move,0.5091145833333334,0.2974537037037037
63474,Move,0.51171875,0.29282407407407407
63495,Move,0.5149739583333334,0.28703703703703703
63509,Move,0.517578125,0.2824074074074074
63523,Move,0.51953125,0.2777777777777778
63543,Move,0.5208333333333334,0.2743055555555556
63558,Move,0.5227864583333334,0.2673611111111111
63572,Move,0.5247395833333334,0.26157407407407407
63697,Move,0.5247395833333334,0.2604166666666667
63771,Move,0.5247395833333334,0.25925925925925924
63843,Move,0.525390625,0.25810185185185186
63916,Move,0.525390625,0.2569444444444444
63990,Move,0.525390625,0.2569444444444444
64063,Move,0.5260416666666666,0.25578703703703703
64136,Move,0.5260416666666666,0.25578703703703703
64210,Move,0.5260416666666666,0.2569444444444444
64214,Move,0.5260416666666666,0.2569444444444444
64230,Move,0.5260416666666666,0.25925925925925924
64244,Move,0.5260416666666666,0.2638888888888889
64258,Move,0.5260416666666666,0.2673611111111111
64279,Move,0.52734375,0.27199074074074076
64287,Move,0.52734375,0.27314814814814814
64307,Move,0.52734375,0.2789351851851852
64330,Move,0.52734375,0.28587962962962965
64336,Move,0.5279947916666666,0.29050925925925924
64363,Move,0.5299479166666666,0.31828703703703703
64378,Move,0.5319010416666666,0.33564814814814814
64392,Move,0.533203125,0.34953703703703703
64412,Move,0.5338541666666666,0.3541666666666667
64426,Move,0.5338541666666666,0.35532407407407407
64448,Move,0.5338541666666666,0.3576388888888889
64464,Move,0.5345052083333334,0.3587962962962963
64476,Move,0.5345052083333334,0.3599537037037037
64497,Move,0.5345052083333334,0.36342592592592593
64510,Move,0.53515625,0.3645833333333333
64526,Move,0.53515625,0.36574074074074076
64539,Move,0.53515625,0.36689814814814814
64565,Move,0.53515625,0.37037037037037035
64579,Move,0.53515625,0.3726851851851852
64594,Move,0.53515625,0.3726851851851852
64608,Move,0.53515625,0.3738425925925926
64623,Move,0.5358072916666666,0.375
64643,Move,0.5364583333333334,0.3784722222222222
64663,Move,0.5364583333333334,0.3819444444444444
64677,Move,0.5364583333333334,0.38425925925925924
64692,Move,0.537109375,0.38773148148148145
64709,Move,0.537109375,0.3900462962962963
64726,Move,0.5377604166666666,0.4027777777777778
64748,Move,0.5377604166666666,0.41550925925925924
64758,Move,0.5377604166666666,0.4224537037037037
64777,Move,0.5377604166666666,0.4398148148148148
64796,Move,0.537109375,0.46064814814814814
64811,Move,0.5364583333333334,0.4756944444444444
64825,Move,0.5358072916666666,0.4965277777777778
64847,Move,0.53515625,0.5185185185185185
64861,Move,0.53515625,0.5300925925925926
64875,Move,0.53515625,0.5393518518518519
64894,Move,0.53515625,0.5428240740740741
64908,Move,0.53515625,0.5439814814814815
64930,Move,0.53515625,0.5439814814814815
64936,Move,0.5345052083333334,0.5439814814814815
64949,Move,0.5345052083333334,0.5439814814814815
64971,Move,0.5338541666666666,0.5451388888888888
64996,Move,0.5338541666666666,0.5486111111111112
65015,Move,0.5338541666666666,0.5520833333333334
65028,Move,0.5338541666666666,0.5555555555555556
65098,Move,0.5345052083333334,0.5567129629629629
65111,Move,0.5345052083333334,0.5567129629629629
65127,Move,0.5345052083333334,0.5567129629629629
65139,Move,0.5345052083333334,0.5567129629629629
65157,Move,0.53515625,0.5578703703703703
65168,Move,0.53515625,0.5578703703703703
65197,Move,0.5345052083333334,0.5578703703703703
65209,Move,0.5345052083333334,0.5590277777777778
65224,Move,0.5345052083333334,0.5601851851851852
65237,Move,0.53515625,0.5601851851851852
65251,Move,0.53515625,0.5613425925925926
65280,Move,0.53515625,0.5625
65295,Move,0.53515625,0.5625
65308,Move,0.53515625,0.5636574074074074
65322,Move,0.53515625,0.5648148148148148
65336,Move,0.5358072916666666,0.5671296296296297
65352,Move,0.5358072916666666,0.5671296296296297
65378,Move,0.537109375,0.5740740740740741
65392,Move,0.537109375,0.5752314814814815
65407,Move,0.5358072916666666,0.5717592592592593
65428,Move,0.52734375,0.5520833333333334
65442,Move,0.51953125,0.5289351851851852
65464,Move,0.5078125,0.49074074074074076
65476,Move,0.50390625,0.4791666666666667
65491,Move,0.5032552083333334,0.47685185185185186
65513,Move,0.5032552083333334,0.4756944444444444
65526,Move,0.5032552083333334,0.4756944444444444
65547,Move,0.5032552083333334,0.4756944444444444
65561,Move,0.5032552083333334,0.4756944444444444
65575,Move,0.5032552083333334,0.4756944444444444
65595,Move,0.5032552083333334,0.4756944444444444
65610,Move,0.5032552083333334,0.4756944444444444
65629,Move,0.5032552083333334,0.4756944444444444
65638,Move,0.5032552083333334,0.4756944444444444
65666,Move,0.5026041666666666,0.47453703703703703
65696,Move,0.5026041666666666,0.47453703703703703
65715,Move,0.5026041666666666,0.47453703703703703
65722,Move,0.5026041666666666,0.47453703703703703
65744,Move,0.5026041666666666,0.47453703703703703
65750,Move,0.5026041666666666,0.47453703703703703
65777,Move,0.5026041666666666,0.47453703703703703
65792,Move,0.5026041666666666,0.47453703703703703
65813,Move,0.5026041666666666,0.47453703703703703
65826,Move,0.5026041666666666,0.47453703703703703
65833,Move,0.5026041666666666,0.47453703703703703
65862,Move,0.5026041666666666,0.47453703703703703
65875,Move,0.5026041666666666,0.47453703703703703
65891,Move,0.5026041666666666,0.47453703703703703
65910,Move,0.5026041666666666,0.47453703703703703
65924,Move,0.5026041666666666,0.47453703703703703
65949,Move,0.5026041666666666,0.47453703703703703
65959,Move,0.5026041666666666,0.47453703703703703
65981,Move,0.5026041666666666,0.47453703703703703
65993,Move,0.5026041666666666,0.47453703703703703
66002,Move,0.5026041666666666,0.47453703703703703
66029,Move,0.5026041666666666,0.47453703703703703
66043,Move,0.5026041666666666,0.47453703703703703
66061,Move,0.501953125,0.47453703703703703
66079,Move,0.5013020833333334,0.4699074074074074
66092,Move,0.4993489583333333,0.46412037037037035
66114,Move,0.4928385416666667,0.44328703703703703
66127,Move,0.4778645833333333,0.4050925925925926
66142,Move,0.4544270833333333,0.3506944444444444
66163,Move,0.4205729166666667,0.2789351851851852
66176,Move,0.4036458333333333,0.24189814814814814
66198,Move,0.384765625,0.19791666666666666
66206,Move,0.37890625,0.18287037037037038
66226,Move,0.3658854166666667,0.1527777777777778
66232,Move,0.365234375,0.15046296296296297
66279,Move,0.3645833333333333,0.15046296296296297
66294,Move,0.3645833333333333,0.15046296296296297
66306,Move,0.3645833333333333,0.15046296296296297
66318,Move,0.3658854166666667,0.1527777777777778
66335,Move,0.3658854166666667,0.1527777777777778
66348,Move,0.365234375,0.1527777777777778
66361,Move,0.365234375,0.1527777777777778
66377,Move,0.3645833333333333,0.15393518518518517
66390,Move,0.3645833333333333,0.15393518518518517
66404,Move,0.3639322916666667,0.15393518518518517
66433,Move,0.36328125,0.1550925925925926
66448,Move,0.36328125,0.1550925925925926
66461,Move,0.3626302083333333,0.1550925925925926
66475,Move,0.3626302083333333,0.1550925925925926
66489,Move,0.3619791666666667,0.15625
66503,Move,0.3606770833333333,0.1574074074074074
66530,Move,0.3606770833333333,0.15856481481481483
66543,Move,0.3600260416666667,0.15856481481481483
66558,Move,0.3606770833333333,0.1597222222222222
66573,Move,0.3600260416666667,0.1597222222222222
66586,Move,0.359375,0.1597222222222222
66600,Move,0.359375,0.16087962962962962
66628,Move,0.3587239583333333,0.16087962962962962
66642,Move,0.3580729166666667,0.16087962962962962
66656,Move,0.3580729166666667,0.16087962962962962
66669,Move,0.3567708333333333,0.16203703703703703
66683,Move,0.3561197916666667,0.16319444444444445
66712,Move,0.3541666666666667,0.16550925925925927
66726,Move,0.3528645833333333,0.16782407407407407
66741,Move,0.3515625,0.16898148148148148
66754,Move,0.3509114583333333,0.16898148148148148
66780,Move,0.36328125,0.1875
66788,Move,0.365234375,0.1909722222222222
66812,Move,0.3717447916666667,0.2013888888888889
66829,Move,0.3763020833333333,0.20949074074074073
66844,Move,0.3834635416666667,0.2199074074074074
66859,Move,0.3873697916666667,0.22569444444444445
66872,Move,0.3912760416666667,0.2326388888888889
66891,Move,0.3977864583333333,0.24305555555555555
66908,Move,0.4029947916666667,0.2523148148148148
66931,Move,0.4114583333333333,0.2662037037037037
66947,Move,0.416015625,0.27314814814814814
66955,Move,0.4192708333333333,0.2777777777777778
66980,Move,0.4283854166666667,0.29282407407407407
66996,Move,0.4361979166666667,0.30324074074074076
67007,Move,0.4388020833333333,0.3090277777777778
67026,Move,0.4459635416666667,0.3194444444444444
67046,Move,0.4524739583333333,0.33101851851851855
67059,Move,0.458984375,0.3402777777777778
67076,Move,0.46484375,0.34953703703703703
67091,Move,0.47265625,0.3599537037037037
67110,Move,0.4817708333333333,0.3738425925925926
67116,Move,0.484375,0.3773148148148148
67148,Move,0.5110677083333334,0.41782407407407407
67157,Move,0.51171875,0.41898148148148145
67180,Move,0.5260416666666666,0.4398148148148148
67196,Move,0.533203125,0.4513888888888889
67212,Move,0.5494791666666666,0.47453703703703703
67227,Move,0.5592447916666666,0.48842592592592593
67243,Move,0.57421875,0.5115740740740741
67259,Move,0.5833333333333334,0.5243055555555556
67276,Move,0.5963541666666666,0.5439814814814815
67291,Move,0.6002604166666666,0.5486111111111112
67316,Move,0.6139322916666666,0.5694444444444444
67332,Move,0.62109375,0.5810185185185185
67347,Move,0.625,0.5856481481481481
67365,Move,0.6354166666666666,0.6018518518518519
67502,Move,0.6360677083333334,0.6006944444444444
67528,Move,0.6360677083333334,0.6006944444444444
67549,Move,0.6360677083333334,0.6006944444444444
67576,Move,0.6360677083333334,0.5995370370370371
67599,Move,0.6360677083333334,0.5995370370370371
67622,Move,0.6360677083333334,0.5995370370370371
67646,Move,0.63671875,0.5983796296296297
67670,Move,0.63671875,0.5972222222222222
67694,Move,0.63671875,0.5972222222222222
67720,Move,0.63671875,0.5960648148148148
67752,Move,0.63671875,0.5949074074074074
67766,Move,0.63671875,0.5949074074074074
67790,Move,0.63671875,0.5949074074074074
67812,Move,0.63671875,0.59375
67838,Move,0.6373697916666666,0.5925925925925926
67862,Move,0.6373697916666666,0.5902777777777778
67885,Move,0.6380208333333334,0.5902777777777778
67909,Move,0.638671875,0.5856481481481481
67934,Move,0.638671875,0.5856481481481481
67960,Move,0.6380208333333334,0.5844907407407407
67968,Move,0.6380208333333334,0.5844907407407407
67974,Move,0.6380208333333334,0.5833333333333334
67995,Move,0.6380208333333334,0.5821759259259259
68009,Move,0.63671875,0.5810185185185185
68030,Move,0.6334635416666666,0.5810185185185185
68044,Move,0.6302083333333334,0.5798611111111112
68058,Move,0.62890625,0.5787037037037037
68079,Move,0.6276041666666666,0.5787037037037037
68093,Move,0.6263020833333334,0.5775462962962963
68115,Move,0.623046875,0.5763888888888888
68128,Move,0.62109375,0.5752314814814815
68142,Move,0.619140625,0.5752314814814815
68163,Move,0.6158854166666666,0.5729166666666666
68177,Move,0.6106770833333334,0.5717592592592593
68191,Move,0.6041666666666666,0.5682870370370371
68212,Move,0.5944010416666666,0.5636574074074074
68226,Move,0.5865885416666666,0.5590277777777778
68247,Move,0.5716145833333334,0.5520833333333334
68263,Move,0.564453125,0.5486111111111112
68275,Move,0.5592447916666666,0.5462962962962963
68296,Move,0.54296875,0.5381944444444444
68310,Move,0.529296875,0.5300925925925926
68330,Move,0.5026041666666666,0.5185185185185185
68345,Move,0.4798177083333333,0.5092592592592593
68358,Move,0.4524739583333333,0.4988425925925926
68379,Move,0.4069010416666667,0.4837962962962963
68395,Move,0.3795572916666667,0.4756944444444444
68401,Move,0.3671875,0.4722222222222222
68428,Move,0.326171875,0.45949074074074076
68443,Move,0.310546875,0.4548611111111111
68457,Move,0.30078125,0.4513888888888889
68478,Move,0.2942708333333333,0.45023148148148145
68493,Move,0.2923177083333333,0.45023148148148145
68512,Move,0.2890625,0.44907407407407407
68527,Move,0.2877604166666667,0.4479166666666667
68547,Move,0.2858072916666667,0.44675925925925924
68564,Move,0.2845052083333333,0.44675925925925924
68576,Move,0.2825520833333333,0.4479166666666667
68598,Move,0.2799479166666667,0.44675925925925924
68610,Move,0.279296875,0.44675925925925924
68626,Move,0.2779947916666667,0.44675925925925924
68646,Move,0.2766927083333333,0.44560185185185186
68659,Move,0.2740885416666667,0.4444444444444444
68680,Move,0.265625,0.44212962962962965
68688,Move,0.2623697916666667,0.4409722222222222
68712,Move,0.2565104166666667,0.4386574074074074
68729,Move,0.2526041666666667,0.4375
68744,Move,0.2506510416666667,0.4363425925925926
68751,Move,0.24934895833333334,0.4363425925925926
68890,Move,0.24869791666666666,0.4375
68899,Move,0.24934895833333334,0.4363425925925926
68912,Move,0.24934895833333334,0.4363425925925926
68919,Move,0.24869791666666666,0.4375
68950,Move,0.24739583333333334,0.4398148148148148
68961,Move,0.24609375,0.44212962962962965
68981,Move,0.24544270833333334,0.4444444444444444
68991,Move,0.244140625,0.4444444444444444
69012,Move,0.24348958333333334,0.44675925925925924
69021,Move,0.24283854166666666,0.44907407407407407
69041,Move,0.24153645833333334,0.4513888888888889
69061,Move,0.24088541666666666,0.4525462962962963
69081,Move,0.23958333333333334,0.4548611111111111
69096,Move,0.23828125,0.45601851851851855
69111,Move,0.23697916666666666,0.4583333333333333
69121,Move,0.236328125,0.45949074074074076
69141,Move,0.23502604166666666,0.46064814814814814
69151,Move,0.23502604166666666,0.4618055555555556
69171,Move,0.23372395833333334,0.46296296296296297
69185,Move,0.23307291666666666,0.46412037037037035
69211,Move,0.232421875,0.4652777777777778
69221,Move,0.232421875,0.4652777777777778
69241,Move,0.232421875,0.4652777777777778
69261,Move,0.232421875,0.4664351851851852
69281,Move,0.232421875,0.4675925925925926
69293,Move,0.232421875,0.4675925925925926
69312,Move,0.232421875,0.4675925925925926
69329,Move,0.232421875,0.4675925925925926
69340,Move,0.232421875,0.4675925925925926
69361,Move,0.232421875,0.4675925925925926
69430,Move,0.232421875,0.46875
69656,Move,0.232421875,0.4699074074074074
69885,Move,0.234375,0.46875
69892,Move,0.236328125,0.46875
69899,Move,0.23958333333333334,0.4675925925925926
69918,Move,0.244140625,0.4664351851851852
69932,Move,0.2688802083333333,0.46296296296296297
69949,Move,0.2877604166666667,0.46064814814814814
69964,Move,0.30859375,0.46064814814814814
69981,Move,0.3333333333333333,0.46064814814814814
69999,Move,0.353515625,0.46064814814814814
70020,Move,0.3841145833333333,0.46064814814814814
70037,Move,0.4127604166666667,0.4583333333333333
70053,Move,0.4309895833333333,0.45601851851851855
70069,Move,0.451171875,0.4513888888888889
70084,Move,0.4713541666666667,0.44675925925925924
70099,Move,0.5078125,0.4340277777777778
70116,Move,0.541015625,0.4236111111111111
70132,Move,0.5768229166666666,0.4097222222222222
70149,Move,0.6080729166666666,0.39699074074074076
70163,Move,0.6321614583333334,0.38773148148148145
70180,Move,0.65234375,0.3819444444444444
70205,Move,0.6796875,0.3726851851851852
70212,Move,0.6842447916666666,0.3715277777777778
70237,Move,0.6940104166666666,0.36921296296296297
70253,Move,0.6966145833333334,0.3680555555555556
70268,Move,0.69921875,0.3680555555555556
70283,Move,0.7018229166666666,0.3680555555555556
70299,Move,0.7057291666666666,0.36689814814814814
70316,Move,0.7076822916666666,0.36574074074074076
70339,Move,0.708984375,0.36574074074074076
70350,Move,0.7096354166666666,0.36574074074074076
70366,Move,0.7122395833333334,0.3645833333333333
70382,Move,0.7122395833333334,0.3645833333333333
70500,Move,0.7115885416666666,0.36574074074074076
70509,Move,0.7115885416666666,0.36689814814814814
70517,Move,0.7109375,0.3680555555555556
70531,Move,0.7102864583333334,0.3680555555555556
70547,Move,0.7083333333333334,0.3738425925925926
70564,Move,0.70703125,0.3784722222222222
70584,Move,0.70703125,0.37962962962962965
70596,Move,0.7057291666666666,0.3819444444444444
70620,Move,0.7044270833333334,0.3854166666666667
70635,Move,0.7024739583333334,0.3900462962962963
70643,Move,0.7018229166666666,0.39351851851851855
70667,Move,0.6998697916666666,0.3993055555555556
70684,Move,0.69921875,0.4027777777777778
70700,Move,0.6979166666666666,0.4097222222222222
70717,Move,0.6959635416666666,0.41435185185185186
70725,Move,0.6959635416666666,0.41550925925925924
70748,Move,0.6953125,0.4166666666666667
70771,Move,0.6953125,0.41782407407407407
70905,Move,0.6959635416666666,0.41782407407407407
71182,Move,0.6966145833333334,0.41782407407407407
71461,Move,0.6959635416666666,0.4201388888888889
71476,Move,0.6946614583333334,0.4236111111111111
71491,Move,0.6940104166666666,0.42824074074074076
71531,Move,0.6927083333333334,0.4386574074074074
71548,Move,0.6920572916666666,0.44328703703703703
71557,Move,0.69140625,0.44560185185185186
71580,Move,0.69140625,0.4525462962962963
71596,Move,0.6907552083333334,0.45717592592592593
71612,Move,0.6901041666666666,0.4618055555555556
71630,Move,0.6901041666666666,0.4675925925925926
71646,Move,0.6901041666666666,0.4710648148148148
71668,Move,0.689453125,0.4791666666666667
71677,Move,0.6901041666666666,0.48148148148148145
71692,Move,0.689453125,0.4861111111111111
71704,Move,0.6888020833333334,0.48842592592592593
71732,Move,0.6888020833333334,0.4976851851851852
71749,Move,0.6875,0.5034722222222222
71764,Move,0.6868489583333334,0.5081018518518519
71782,Move,0.6861979166666666,0.5115740740740741
71796,Move,0.6848958333333334,0.5162037037037037
71811,Move,0.68359375,0.5196759259259259
71828,Move,0.6829427083333334,0.5219907407407407
71846,Move,0.681640625,0.5254629629629629
71860,Move,0.6809895833333334,0.5277777777777778
71877,Move,0.6796875,0.5300925925925926
71900,Move,0.677734375,0.5347222222222222
71908,Move,0.6770833333333334,0.5358796296296297
71931,Move,0.6751302083333334,0.5393518518518519
71948,Move,0.673828125,0.5428240740740741
71963,Move,0.6731770833333334,0.5451388888888888
71980,Move,0.671875,0.5486111111111112
71995,Move,0.6705729166666666,0.5509259259259259
72015,Move,0.6686197916666666,0.5532407407407407
72032,Move,0.6666666666666666,0.5555555555555556
72044,Move,0.6653645833333334,0.5578703703703703
72068,Move,0.6627604166666666,0.5625
72083,Move,0.662109375,0.5659722222222222
72093,Move,0.6608072916666666,0.5671296296296297
72116,Move,0.6595052083333334,0.5717592592592593
72245,Move,0.6595052083333334,0.5717592592592593
72288,Move,0.6595052083333334,0.5717592592592593
72331,Move,0.6595052083333334,0.5706018518518519
72373,Move,0.6595052083333334,0.5694444444444444
72414,Move,0.6595052083333334,0.5659722222222222
72456,Move,0.6595052083333334,0.5636574074074074
72498,Move,0.6595052083333334,0.5636574074074074
72540,Move,0.6595052083333334,0.5636574074074074
72581,Move,0.6595052083333334,0.5636574074074074
72630,Move,0.6588541666666666,0.5625
72639,Move,0.6588541666666666,0.5613425925925926
72651,Move,0.6588541666666666,0.5613425925925926
72664,Move,0.6575520833333334,0.5601851851851852
72672,Move,0.6569010416666666,0.5578703703703703
72700,Move,0.6536458333333334,0.5532407407407407
72729,Move,0.650390625,0.5497685185185185
72749,Move,0.6477864583333334,0.5474537037037037
72763,Move,0.6458333333333334,0.5439814814814815
72784,Move,0.6373697916666666,0.5347222222222222
72799,Move,0.6295572916666666,0.5254629629629629
72813,Move,0.6184895833333334,0.5138888888888888
72833,Move,0.60546875,0.5
72846,Move,0.5950520833333334,0.4895833333333333
72863,Move,0.578125,0.4722222222222222
72881,Move,0.5494791666666666,0.4386574074074074
72896,Move,0.5299479166666666,0.4097222222222222
72916,Move,0.5078125,0.36689814814814814
72931,Move,0.4967447916666667,0.34375
72947,Move,0.4876302083333333,0.3263888888888889
72966,Move,0.4798177083333333,0.3113425925925926
72981,Move,0.478515625,0.3090277777777778
72996,Move,0.4765625,0.3055555555555556
73016,Move,0.4752604166666667,0.30439814814814814
73029,Move,0.4739583333333333,0.30324074074074076
73050,Move,0.47265625,0.30092592592592593
73064,Move,0.47265625,0.29976851851851855
73079,Move,0.4720052083333333,0.2986111111111111
73093,Move,0.470703125,0.2986111111111111
73113,Move,0.4654947916666667,0.29050925925925924
73134,Move,0.4622395833333333,0.2847222222222222
73149,Move,0.4602864583333333,0.2824074074074074
73155,Move,0.4596354166666667,0.28125
73234,Move,0.4596354166666667,0.2824074074074074
73257,Move,0.4596354166666667,0.2835648148148148
73282,Move,0.4596354166666667,0.2847222222222222
73309,Move,0.458984375,0.28703703703703703
73331,Move,0.458984375,0.28935185185185186
73354,Move,0.458984375,0.28935185185185186
73378,Move,0.458984375,0.28935185185185186
73399,Move,0.4583333333333333,0.28935185185185186
73425,Move,0.4583333333333333,0.2881944444444444
73450,Move,0.4583333333333333,0.28935185185185186
73473,Move,0.4583333333333333,0.28935185185185186
73497,Move,0.4576822916666667,0.28935185185185186
73520,Move,0.4576822916666667,0.2916666666666667
73546,Move,0.45703125,0.29398148148148145
73569,Move,0.45703125,0.2962962962962963
73593,Move,0.45703125,0.2974537037037037
73619,Move,0.45703125,0.2986111111111111
73641,Move,0.45703125,0.2986111111111111
73666,Move,0.45703125,0.2986111111111111
73691,Move,0.45703125,0.2974537037037037
73700,Move,0.45703125,0.2974537037037037
73714,Move,0.45703125,0.2962962962962963
73731,Move,0.45703125,0.2951388888888889
73747,Move,0.4583333333333333,0.29398148148148145
73763,Move,0.4583333333333333,0.29398148148148145
73773,Move,0.458984375,0.29282407407407407
73795,Move,0.4596354166666667,0.29050925925925924
73812,Move,0.4596354166666667,0.2881944444444444
73829,Move,0.4609375,0.2847222222222222
73835,Move,0.4615885416666667,0.28125
73867,Move,0.4641927083333333,0.2708333333333333
73884,Move,0.4641927083333333,0.2708333333333333
73899,Move,0.46484375,0.2708333333333333
73916,Move,0.46484375,0.2708333333333333
73932,Move,0.4661458333333333,0.26967592592592593
73947,Move,0.4661458333333333,0.26851851851851855
73964,Move,0.4661458333333333,0.26851851851851855
73979,Move,0.4661458333333333,0.26851851851851855
73996,Move,0.4661458333333333,0.2673611111111111
74014,Move,0.4661458333333333,0.2673611111111111
74033,Move,0.466796875,0.2662037037037037
74043,Move,0.466796875,0.2662037037037037
74067,Move,0.466796875,0.2662037037037037
74075,Move,0.466796875,0.2662037037037037
74097,Move,0.466796875,0.2650462962962963
74115,Move,0.466796875,0.2650462962962963
74130,Move,0.4674479166666667,0.2638888888888889
74148,Move,0.4674479166666667,0.26273148148148145
74164,Move,0.4674479166666667,0.26157407407407407
74179,Move,0.4680989583333333,0.25925925925925924
74195,Move,0.46875,0.2569444444444444
74212,Move,0.4700520833333333,0.2523148148148148
74227,Move,0.4720052083333333,0.2488425925925926
74242,Move,0.47265625,0.24537037037037038
74268,Move,0.4759114583333333,0.23842592592592593
74275,Move,0.4772135416666667,0.2361111111111111
74291,Move,0.4798177083333333,0.23148148148148148
74308,Move,0.4811197916666667,0.22800925925925927
74332,Move,0.482421875,0.22453703703703703
74347,Move,0.482421875,0.22337962962962962
74365,Move,0.482421875,0.22337962962962962
74379,Move,0.482421875,0.2222222222222222
74398,Move,0.482421875,0.2222222222222222
74411,Move,0.482421875,0.2222222222222222
74428,Move,0.482421875,0.22106481481481483
74443,Move,0.482421875,0.2199074074074074
74460,Move,0.482421875,0.2199074074074074
74475,Move,0.482421875,0.2199074074074074
74554,Move,0.4817708333333333,0.2199074074074074
74606,Move,0.48046875,0.2199074074074074
74655,Move,0.4798177083333333,0.2199074074074074
74710,Move,0.4791666666666667,0.2199074074074074
74756,Move,0.4791666666666667,0.2199074074074074
74805,Move,0.4791666666666667,0.2199074074074074
74857,Move,0.4791666666666667,0.22106481481481483
74864,Move,0.4778645833333333,0.22106481481481483
74879,Move,0.4778645833333333,0.22106481481481483
74899,Move,0.4778645833333333,0.22337962962962962
74913,Move,0.4772135416666667,0.22453703703703703
74929,Move,0.4759114583333333,0.22800925925925927
74948,Move,0.4739583333333333,0.2337962962962963
74964,Move,0.47265625,0.23842592592592593
74975,Move,0.470703125,0.24421296296296297
74996,Move,0.4680989583333333,0.2534722222222222
75012,Move,0.4661458333333333,0.26157407407407407
75033,Move,0.4635416666666667,0.27314814814814814
75046,Move,0.4609375,0.28125
75054,Move,0.4602864583333333,0.2847222222222222
75081,Move,0.45703125,0.3020833333333333
75095,Move,0.4544270833333333,0.3090277777777778
75116,Move,0.4524739583333333,0.32175925925925924
75131,Move,0.451171875,0.3275462962962963
75144,Move,0.44921875,0.33564814814814814
75163,Move,0.4466145833333333,0.3472222222222222
75178,Move,0.4440104166666667,0.3541666666666667
75198,Move,0.44140625,0.3645833333333333
75214,Move,0.4388020833333333,0.375
75230,Move,0.4342447916666667,0.38773148148148145
75250,Move,0.42578125,0.4039351851851852
75263,Move,0.4205729166666667,0.4131944444444444
75278,Move,0.4147135416666667,0.4236111111111111
75297,Move,0.3977864583333333,0.46064814814814814
75305,Move,0.3919270833333333,0.47685185185185186
75326,Move,0.3795572916666667,0.5104166666666666
75334,Move,0.37890625,0.5138888888888888
75472,Move,0.3776041666666667,0.5115740740740741
75508,Move,0.3763020833333333,0.5115740740740741
75544,Move,0.3763020833333333,0.5115740740740741
75580,Move,0.3763020833333333,0.5115740740740741
75617,Move,0.3763020833333333,0.5115740740740741
75652,Move,0.3763020833333333,0.5115740740740741
75690,Move,0.3763020833333333,0.5104166666666666
75724,Move,0.3763020833333333,0.5104166666666666
75763,Move,0.3763020833333333,0.5104166666666666
75795,Move,0.3763020833333333,0.5104166666666666
75832,Move,0.3763020833333333,0.5104166666666666
75868,Move,0.3763020833333333,0.5104166666666666
75904,Move,0.3763020833333333,0.5104166666666666
75941,Move,0.3763020833333333,0.5104166666666666
75977,Move,0.3763020833333333,0.5104166666666666
76013,Move,0.3763020833333333,0.5104166666666666
76048,Move,0.3763020833333333,0.5104166666666666
76083,Move,0.3756510416666667,0.5104166666666666
76122,Move,0.3743489583333333,0.5092592592592593
76156,Move,0.3717447916666667,0.5057870370370371
76191,Move,0.3704427083333333,0.5034722222222222
76228,Move,0.369140625,0.5023148148148148
76267,Move,0.3704427083333333,0.5023148148148148
76274,Move,0.3704427083333333,0.5011574074074074
76295,Move,0.37109375,0.5011574074074074
76316,Move,0.37109375,0.5
76330,Move,0.3717447916666667,0.5011574074074074
76351,Move,0.3736979166666667,0.4976851851851852
76365,Move,0.375,0.4965277777777778
76379,Move,0.3763020833333333,0.49537037037037035
76400,Move,0.37890625,0.49189814814814814
76416,Move,0.3815104166666667,0.48842592592592593
76435,Move,0.3841145833333333,0.4837962962962963
76449,Move,0.38671875,0.4826388888888889
76463,Move,0.3893229166666667,0.4791666666666667
76470,Move,0.3899739583333333,0.47800925925925924
76498,Move,0.3951822916666667,0.4699074074074074
76512,Move,0.3977864583333333,0.4664351851851852
76528,Move,0.4010416666666667,0.46412037037037035
76547,Move,0.4049479166666667,0.45949074074074076
76554,Move,0.40625,0.45717592592592593
76581,Move,0.412109375,0.4513888888888889
76597,Move,0.4147135416666667,0.4479166666666667
76617,Move,0.4186197916666667,0.44328703703703703
76631,Move,0.4205729166666667,0.44212962962962965
76648,Move,0.4231770833333333,0.4375
76661,Move,0.42578125,0.4351851851851852
76678,Move,0.4303385416666667,0.4305555555555556
76695,Move,0.4329427083333333,0.42824074074074076
76717,Move,0.4368489583333333,0.4212962962962963
76750,Move,0.443359375,0.4131944444444444
76765,Move,0.4466145833333333,0.4097222222222222
76779,Move,0.44921875,0.4050925925925926
76799,Move,0.45703125,0.39467592592592593
76816,Move,0.462890625,0.38657407407407407
76828,Move,0.4700520833333333,0.3761574074074074
76848,Move,0.4791666666666667,0.3599537037037037
76862,Move,0.4856770833333333,0.34953703703703703
76876,Move,0.4934895833333333,0.33564814814814814
76899,Move,0.5110677083333334,0.30324074074074076
76912,Move,0.52734375,0.2743055555555556
76931,Move,0.5514322916666666,0.2337962962962963
76946,Move,0.5638020833333334,0.21412037037037038
76967,Move,0.5716145833333334,0.2013888888888889
77038,Move,0.5716145833333334,0.2013888888888889
77102,Move,0.5729166666666666,0.2013888888888889
77165,Move,0.5729166666666666,0.2013888888888889
77230,Move,0.5735677083333334,0.2013888888888889
77294,Move,0.57421875,0.2013888888888889
77360,Move,0.57421875,0.2013888888888889
77494,Move,0.57421875,0.2013888888888889
77495,Move,0.57421875,0.2013888888888889
77497,Released,0.57421875,0.2013888888888889
77539,Released,0.486328125,0.6331018518518519