resolution:1920,1080
74448.5,Pressed,640,386
74471,Move,640,386
74480.80000000075,Move,640,386
74708.59999999963,Move,640,388
74715.19999999925,Move,641,387
74736.40000000037,Move,641,388
74750.30000000075,Move,641,389
74757.40000000037,Move,641,391
74778.19999999925,Move,642,395
74791.59999999963,Move,642,399
74806.59999999963,Move,641,403
74827.59999999963,Move,641,412
74841.69999999925,Move,641,418
74855.59999999963,Move,642,424
74875.69999999925,Move,640,432
74890.80000000075,Move,639,439
74911.19999999925,Move,639,448
74925.19999999925,Move,639,454
74945.69999999925,Move,639,463
74960.59999999963,Move,639,469
74973.80000000075,Move,638,474
74995.30000000075,Move,637,484
75010.19999999925,Move,635,491
75025.40000000037,Move,633,498
75045.5,Move,630,515
75059.30000000075,Move,628,536
75072,Move,626,553
75080.30000000075,Move,626,556
75112.80000000075,Move,625,557
75152.19999999925,Move,624,557
75170.69999999925,Move,623,558
75190.09999999963,Move,620,559
75209.19999999925,Move,618,560
75286.19999999925,Move,619,561
75301.09999999963,Move,620,561
75308.09999999963,Move,622,562
75328.59999999963,Move,625,563
75342.5,Move,628,564
75357.59999999963,Move,634,567
75378.40000000037,Move,654,572
75392.59999999963,Move,667,575
75412.59999999963,Move,711,593
75427.40000000037,Move,744,613
75441.40000000037,Move,765,627
75462.30000000075,Move,771,630
75476.30000000075,Move,773,632
75490.30000000075,Move,776,633
75511,Move,779,634
75524.40000000037,Move,785,637
75539.90000000037,Move,787,638
75643,Move,786,639
75684,Move,785,640
75703.59999999963,Move,784,642
75713.69999999925,Move,783,643
75744.40000000037,Move,782,644
75755.59999999963,Move,781,645
75774.09999999963,Move,779,646
75795.40000000037,Move,776,649
75803.90000000037,Move,775,650
75828.90000000037,Move,794,648
75843.30000000075,Move,800,647
75857.30000000075,Move,812,646
75877.59999999963,Move,826,645
75891.80000000075,Move,836,644
75912.90000000037,Move,854,643
75929.19999999925,Move,865,642
75941.09999999963,Move,876,641
75961.69999999925,Move,891,640
75977,Move,899,639
75989.80000000075,Move,910,638
76011.59999999963,Move,930,635
76026.69999999925,Move,939,634
76045.80000000075,Move,957,631
76060.5,Move,967,630
76074.5,Move,980,628
76094.19999999925,Move,996,626
76108.80000000075,Move,1005,625
76129.90000000037,Move,1019,624
76205.69999999925,Move,1018,623
76221.40000000037,Move,1018,622
76237,Move,1018,621
76251.90000000037,Move,1017,620
76267.09999999963,Move,1017,618
76283.30000000075,Move,1016,617
76298.19999999925,Move,1016,615
76312.80000000075,Move,1016,613
76326.69999999925,Move,1016,611
76341.59999999963,Move,1016,610
76358.30000000075,Move,1015,609
76374.30000000075,Move,1015,608
76462.59999999963,Move,1016,607
76476.40000000037,Move,1019,605
76491.40000000037,Move,1025,599
76512.90000000037,Move,1041,582
76525.80000000075,Move,1054,567
76540.59999999963,Move,1068,551
76561.90000000037,Move,1085,531
76575,Move,1100,515
76595.69999999925,Move,1113,503
76610.90000000037,Move,1125,495
76624.90000000037,Move,1140,485
76645.30000000075,Move,1162,474
76659,Move,1174,467
76673.80000000075,Move,1183,463
76695.80000000075,Move,1196,454
76708.80000000075,Move,1199,452
76723.40000000037,Move,1202,449
76744.09999999963,Move,1203,448
76758,Move,1205,447
76771.09999999963,Move,1207,446
76799.30000000075,Move,1208,445
76921.59999999963,Move,1207,446
76943.30000000075,Move,1206,447
76967.69999999925,Move,1205,448
76989,Move,1203,449
77018.09999999963,Move,1203,450
77031.90000000037,Move,1201,451
77055.30000000075,Move,1201,452
77079.90000000037,Move,1200,453
77187.69999999925,Move,1201,452
77195.59999999963,Move,1199,450
77209.5,Move,1200,448
77215.59999999963,Move,1201,448
77244.40000000037,Move,1201,444
77259.09999999963,Move,1202,442
77279.09999999963,Move,1206,430
77293.19999999925,Move,1209,420
77313.69999999925,Move,1217,399
77328.59999999963,Move,1222,371
77343.19999999925,Move,1224,339
77356.09999999963,Move,1225,317
77378.19999999925,Move,1226,308
77391.90000000037,Move,1226,306
77411.90000000037,Move,1227,304
77418.40000000037,Move,1227,303
77446.19999999925,Move,1228,296
77461.09999999963,Move,1228,293
77467.19999999925,Move,1228,292
77547.40000000037,Move,1227,291
77561.69999999925,Move,1227,290
77577.69999999925,Move,1225,288
77588.5,Move,1224,287
77607.90000000037,Move,1222,284
77628.5,Move,1220,281
77638.5,Move,1220,280
77698.5,Move,1219,279
77712.59999999963,Move,1218,279
77727.90000000037,Move,1215,277
77741.5,Move,1212,275
77762.90000000037,Move,1211,272
77776,Move,1208,270
77790.69999999925,Move,1205,269
77810.90000000037,Move,1204,268
77825.5,Move,1200,265
77845.90000000037,Move,1193,261
77861.69999999925,Move,1188,257
77874.80000000075,Move,1182,253
77895.5,Move,1173,248
77909.5,Move,1168,245
77923,Move,1162,241
77945.80000000075,Move,1148,232
77958.5,Move,1134,223
77979.19999999925,Move,1096,197
77993.5,Move,1080,186
78007.5,Move,1071,180
78029.09999999963,Move,1062,175
78140.19999999925,Move,1062,177
78175.80000000075,Move,1062,178
78193.09999999963,Move,1062,180
78209.80000000075,Move,1062,181
78226.30000000075,Move,1062,182
78244.90000000037,Move,1062,184
78259.80000000075,Move,1062,185
78278.40000000037,Move,1062,186
78313,Move,1062,187
78328.30000000075,Move,1062,188
78345.5,Move,1062,189
78363.19999999925,Move,1062,190
78379.40000000037,Move,1062,191
78429,Move,1041,197
78444.19999999925,Move,1027,202
78456.40000000037,Move,1016,206
78478.40000000037,Move,994,217
78493.40000000037,Move,979,224
78511.80000000075,Move,958,232
78526,Move,946,234
78540.30000000075,Move,934,235
78555,Move,921,236
78576.40000000037,Move,895,232
78596.09999999963,Move,872,229
78611.5,Move,853,228
78626.5,Move,839,229
78645.59999999963,Move,822,230
78661,Move,809,232
78713.69999999925,Move,810,233
78754.19999999925,Move,811,233
78767.30000000075,Move,812,234
78807.69999999925,Move,813,234
78820.80000000075,Move,814,234
78833.90000000037,Move,815,234
78850.40000000037,Move,816,234
78858,Move,817,234
78871.40000000037,Move,818,235
78884.40000000037,Move,820,235
78910.09999999963,Move,825,236
78937.09999999963,Move,826,237
78951.40000000037,Move,824,239
78957.90000000037,Move,822,241
78979.80000000075,Move,820,245
78994.19999999925,Move,817,248
79008.09999999963,Move,807,256
79027.80000000075,Move,785,272
79043.30000000075,Move,760,292
79063.59999999963,Move,705,347
79077.30000000075,Move,681,374
79091.09999999963,Move,675,380
79104.80000000075,Move,672,382
79125.30000000075,Move,668,385
79140.5,Move,666,386
79161.09999999963,Move,657,394
79167.69999999925,Move,656,395
79286.69999999925,Move,655,394
79333.09999999963,Move,654,394
79342.5,Move,653,394
79364.5,Move,652,393
79375.69999999925,Move,651,393
79397.69999999925,Move,650,392
79407.90000000037,Move,649,392
79429.90000000037,Move,648,391
79441.09999999963,Move,646,390
79461.40000000037,Move,641,387
79474.69999999925,Move,640,387
79716,Released,640,387
79766.19999999925,Released,940,673
