resolution:1536,864
1169918.6000000015,Pressed,0.4772135416666667,0.2199074074074074
1169991.6000000015,Move,0.4772135416666667,0.2199074074074074
1170142.3999999985,Move,0.4772135416666667,0.2199074074074074
1170267.6999999993,Move,0.478515625,0.22453703703703703
1170275.3999999985,Move,0.478515625,0.22453703703703703
1170288.6999999993,Move,0.4798177083333333,0.22685185185185186
1170302.3000000007,Move,0.482421875,0.2361111111111111
1170318,Move,0.4850260416666667,0.23842592592592593
1170338.8999999985,Move,0.486328125,0.24305555555555555
1170353.8999999985,Move,0.4889322916666667,0.25
1170374.3000000007,Move,0.4915364583333333,0.2523148148148148
1170388.3999999985,Move,0.4928385416666667,0.25462962962962965
1170402.6000000015,Move,0.4954427083333333,0.26157407407407407
1170423.3000000007,Move,0.4993489583333333,0.2708333333333333
1170436.8000000007,Move,0.5032552083333334,0.2800925925925926
1170450.8999999985,Move,0.505859375,0.28935185185185186
1170472.3999999985,Move,0.5110677083333334,0.30092592592592593
1170486,Move,0.513671875,0.30787037037037035
1170506.6999999993,Move,0.5201822916666666,0.32175925925925924
1170520.8999999985,Move,0.5305989583333334,0.3449074074074074
1170534.6999999993,Move,0.5462239583333334,0.3773148148148148
1170556.1999999993,Move,0.587890625,0.46296296296296297
1170571.8999999985,Move,0.611328125,0.5092592592592593
1170583.1999999993,Move,0.626953125,0.5416666666666666
1170604.5,Move,0.6373697916666666,0.5648148148148148
1170611.3000000007,Move,0.638671875,0.5671296296296297
1170706.5,Move,0.638671875,0.5671296296296297
1170727.8999999985,Move,0.6399739583333334,0.5671296296296297
1170755.8000000007,Move,0.6412760416666666,0.5694444444444444
1170769.6000000015,Move,0.6438802083333334,0.5717592592592593
1170784.6999999993,Move,0.650390625,0.5740740740740741
1170804.8000000007,Move,0.6569010416666666,0.5763888888888888
1170812.1000000015,Move,0.6569010416666666,0.5763888888888888
1170833.5,Move,0.658203125,0.5763888888888888
1170854.3999999985,Move,0.658203125,0.5763888888888888
1170860.8999999985,Move,0.6595052083333334,0.5763888888888888
1170884.8999999985,Move,0.6373697916666666,0.5787037037037037
1170904.8999999985,Move,0.6165364583333334,0.5763888888888888
1170919.1999999993,Move,0.595703125,0.5740740740740741
1170939.8999999985,Move,0.5696614583333334,0.5671296296296297
1170954.1000000015,Move,0.552734375,0.5625
1170974.3999999985,Move,0.5201822916666666,0.5532407407407407
1170989.6999999993,Move,0.4993489583333333,0.5486111111111112
1171004.1999999993,Move,0.4837239583333333,0.5486111111111112
1171023.1000000015,Move,0.4576822916666667,0.5509259259259259
1171038.1000000015,Move,0.443359375,0.5532407407407407
1171052.8000000007,Move,0.423828125,0.5578703703703703
1171073.1999999993,Move,0.3873697916666667,0.5740740740740741
1171087.6999999993,Move,0.3704427083333333,0.5856481481481481
1171101.1000000015,Move,0.349609375,0.6018518518518519
1171452.8000000007,Move,0.212890625,0.6157407407407407
1171460.8000000007,Move,0.212890625,0.6134259259259259
1171488.6000000015,Move,0.22200520833333334,0.6064814814814815
1171502.1999999993,Move,0.2506510416666667,0.5879629629629629
1171523.6000000015,Move,0.3014322916666667,0.5601851851851852
1171538.3000000007,Move,0.345703125,0.5416666666666666
1171552,Move,0.376953125,0.5277777777777778
1171572.3999999985,Move,0.4420572916666667,0.49074074074074076
1171587.3000000007,Move,0.4654947916666667,0.4722222222222222
1171601.6999999993,Move,0.4954427083333333,0.44675925925925924
1171621.1999999993,Move,0.5501302083333334,0.3819444444444444
1171636.1999999993,Move,0.583984375,0.33796296296296297
1171650,Move,0.6087239583333334,0.30787037037037035
1171670,Move,0.6412760416666666,0.27314814814814814
1171685.8999999985,Move,0.6516927083333334,0.26157407407407407
1171706.1000000015,Move,0.658203125,0.2569444444444444
1171720.6000000015,Move,0.6608072916666666,0.25462962962962965
1171734.3000000007,Move,0.666015625,0.25
1171753.8000000007,Move,0.6686197916666666,0.24768518518518517
1171769.3999999985,Move,0.6725260416666666,0.24537037037037038
1171871.1999999993,Move,0.673828125,0.24768518518518517
1171888,Move,0.6764322916666666,0.2523148148148148
1171904.8000000007,Move,0.6790364583333334,0.2569444444444444
1171920.6999999993,Move,0.6829427083333334,0.26157407407407407
1171936.8000000007,Move,0.685546875,0.2662037037037037
1171953.6000000015,Move,0.6907552083333334,0.27546296296296297
1171968.1000000015,Move,0.6946614583333334,0.2800925925925926
1171984,Move,0.6985677083333334,0.28935185185185186
1171999.8999999985,Move,0.7024739583333334,0.29398148148148145
1172017.3999999985,Move,0.6920572916666666,0.30787037037037035
1172039.8000000007,Move,0.6764322916666666,0.33101851851851855
1172052.1999999993,Move,0.6634114583333334,0.35185185185185186
1172074.1999999993,Move,0.6490885416666666,0.3819444444444444
1172088.3000000007,Move,0.6373697916666666,0.4074074074074074
1172101.6999999993,Move,0.6256510416666666,0.4351851851851852
1172122.5,Move,0.607421875,0.4722222222222222
1172136.8999999985,Move,0.5944010416666666,0.49074074074074076
1172151.1000000015,Move,0.5826822916666666,0.5069444444444444
1172172.3999999985,Move,0.564453125,0.5231481481481481
1172187.1000000015,Move,0.548828125,0.5347222222222222
1172207,Move,0.517578125,0.5509259259259259
1172220.8999999985,Move,0.498046875,0.5509259259259259
1172235.8000000007,Move,0.4733072916666667,0.5532407407407407
1172256.5,Move,0.4407552083333333,0.5648148148148148
1172269.8000000007,Move,0.423828125,0.5740740740740741
1172290.6999999993,Move,0.4029947916666667,0.5902777777777778
1172305.5,Move,0.3938802083333333,0.5995370370370371
1172312,Move,0.3834635416666667,0.6087962962962963
1172385.1999999993,Move,0.3821614583333333,0.6041666666666666
1172406.3000000007,Move,0.3782552083333333,0.5925925925925926
1172420.6000000015,Move,0.3756510416666667,0.5856481481481481
1172434.1000000015,Move,0.3743489583333333,0.5810185185185185
1172454.1999999993,Move,0.3717447916666667,0.5740740740740741
1172461.8000000007,Move,0.3704427083333333,0.5717592592592593
1172475.6999999993,Move,0.3704427083333333,0.5717592592592593
1172519.5,Move,0.3704427083333333,0.5694444444444444
1172540.3000000007,Move,0.373046875,0.5671296296296297
1172553.8999999985,Move,0.3782552083333333,0.5648148148148148
1172568.8999999985,Move,0.3795572916666667,0.5648148148148148
1172588.6999999993,Move,0.384765625,0.5601851851851852
1172603.3999999985,Move,0.3860677083333333,0.5601851851851852
1172617.6999999993,Move,0.392578125,0.5555555555555556
1172637.8000000007,Move,0.4069010416666667,0.5439814814814815
1172651.8000000007,Move,0.4212239583333333,0.5300925925925926
1172673.5,Move,0.4368489583333333,0.5162037037037037
1172687.1999999993,Move,0.4576822916666667,0.4976851851851852
1172701.6999999993,Move,0.4889322916666667,0.47685185185185186
1172722.1999999993,Move,0.5579427083333334,0.4444444444444444
1172736.1000000015,Move,0.595703125,0.4305555555555556
1172757.1999999993,Move,0.6321614583333334,0.41898148148148145
1172771.5,Move,0.6373697916666666,0.4166666666666667
1172785.6999999993,Move,0.6399739583333334,0.41435185185185186
1172806.5,Move,0.6438802083333334,0.41203703703703703
1172820.8000000007,Move,0.646484375,0.41203703703703703
1172840.3000000007,Move,0.650390625,0.4097222222222222
1172855.6000000015,Move,0.6516927083333334,0.4097222222222222
1172869.8999999985,Move,0.6595052083333334,0.4074074074074074
1172890.6000000015,Move,0.6686197916666666,0.4027777777777778
1172904.1999999993,Move,0.6712239583333334,0.40046296296296297
1173012.6999999993,Move,0.669921875,0.4027777777777778
1173056.8000000007,Move,0.669921875,0.4050925925925926
1173069.8999999985,Move,0.6673177083333334,0.4074074074074074
1173090.8000000007,Move,0.662109375,0.4166666666666667
1173105.3000000007,Move,0.658203125,0.42824074074074076
1173119.6000000015,Move,0.6569010416666666,0.4351851851851852
1173132.8000000007,Move,0.6555989583333334,0.4375
1173175.5,Move,0.6555989583333334,0.4375
1173204.3000000007,Move,0.650390625,0.4398148148148148
1173218.8000000007,Move,0.646484375,0.4444444444444444
1173239.5,Move,0.6126302083333334,0.4652777777777778
1173251.8000000007,Move,0.5944010416666666,0.4791666666666667
1173273.6000000015,Move,0.548828125,0.5185185185185185
1173288.5,Move,0.525390625,0.5393518518518519
1173301.5,Move,0.501953125,0.5601851851851852
1173322.3999999985,Move,0.4563802083333333,0.5949074074074074
1173337.8999999985,Move,0.4407552083333333,0.6041666666666666
1173351.8999999985,Move,0.4225260416666667,0.6134259259259259
1173807.3999999985,Move,0.232421875,0.6134259259259259
1173821.5,Move,0.232421875,0.6087962962962963
1173835,Move,0.23111979166666666,0.6041666666666666
1173855.8000000007,Move,0.22981770833333334,0.5972222222222222
1173870.6999999993,Move,0.22981770833333334,0.5925925925925926
1173885.1999999993,Move,0.23111979166666666,0.5879629629629629
1173905.5,Move,0.23502604166666666,0.5856481481481481
1173920.1999999993,Move,0.24283854166666666,0.5763888888888888
1173940.6999999993,Move,0.2610677083333333,0.5578703703703703
1173956.6000000015,Move,0.2779947916666667,0.5416666666666666
1173969.8000000007,Move,0.2975260416666667,0.5231481481481481
1173990.6999999993,Move,0.326171875,0.49537037037037035
1174004,Move,0.345703125,0.47685185185185186
1174018.1000000015,Move,0.361328125,0.46064814814814814
1174038.8999999985,Move,0.380859375,0.4375
1174053.5,Move,0.396484375,0.41898148148148145
1174067.3000000007,Move,0.4212239583333333,0.3888888888888889
1174087.6999999993,Move,0.470703125,0.3287037037037037
1174102.5,Move,0.5358072916666666,0.2569444444444444
1174108.5,Move,0.5475260416666666,0.24305555555555555
1174198.8999999985,Move,0.5475260416666666,0.24305555555555555
1174232.6999999993,Move,0.5475260416666666,0.24537037037037038
1174256.6999999993,Move,0.5462239583333334,0.24537037037037038
1174271.8999999985,Move,0.544921875,0.25
1174288.3999999985,Move,0.5423177083333334,0.25462962962962965
1174304.8000000007,Move,0.5397135416666666,0.2638888888888889
1174318.8999999985,Move,0.5384114583333334,0.26851851851851855
1174328,Move,0.5384114583333334,0.26851851851851855
1174352.3000000007,Move,0.537109375,0.26851851851851855
1174368.3000000007,Move,0.5384114583333334,0.26851851851851855
1174376,Move,0.537109375,0.2708333333333333
1174401.1000000015,Move,0.537109375,0.2708333333333333
1174421.8999999985,Move,0.5345052083333334,0.27546296296296297
1174436.1999999993,Move,0.5319010416666666,0.2800925925925926
1174456.5,Move,0.5305989583333334,0.2824074074074074
1174470.8999999985,Move,0.529296875,0.2847222222222222
1174485.3000000007,Move,0.525390625,0.28935185185185186
1174499.1999999993,Move,0.525390625,0.2916666666666667
1174520.5,Move,0.5227864583333334,0.29398148148148145
1174534.6999999993,Move,0.5201822916666666,0.2986111111111111
1174554.8000000007,Move,0.513671875,0.3101851851851852
1174569.3000000007,Move,0.5071614583333334,0.31712962962962965
1174583.5,Move,0.501953125,0.32407407407407407
1174604.3000000007,Move,0.4928385416666667,0.33564814814814814
1174619.1000000015,Move,0.4876302083333333,0.3449074074074074
1174639.8999999985,Move,0.4798177083333333,0.35648148148148145
1174653.6999999993,Move,0.4720052083333333,0.3726851851851852
1174668.3999999985,Move,0.462890625,0.39351851851851855
1174688.8999999985,Move,0.4368489583333333,0.44907407407407407
1174701.6000000015,Move,0.4264322916666667,0.4699074074074074
1174723.5,Move,0.4186197916666667,0.4837962962962963
1174737.8000000007,Move,0.4134114583333333,0.4930555555555556
1174829.3000000007,Move,0.4147135416666667,0.4930555555555556
1174877.8000000007,Move,0.4147135416666667,0.49074074074074076
1174902.8000000007,Move,0.416015625,0.48842592592592593
1174918,Move,0.4186197916666667,0.4861111111111111
1174933.6999999993,Move,0.4225260416666667,0.4791666666666667
1174950.1999999993,Move,0.4251302083333333,0.47453703703703703
1174973.5,Move,0.4264322916666667,0.4722222222222222
1175005.6999999993,Move,0.4251302083333333,0.4722222222222222
1175020.6999999993,Move,0.4264322916666667,0.4722222222222222
1175037.6999999993,Move,0.4264322916666667,0.4699074074074074
1175068.8000000007,Move,0.4186197916666667,0.46296296296296297
1175089.1999999993,Move,0.4108072916666667,0.45601851851851855
1175103.1999999993,Move,0.404296875,0.44907407407407407
1175124.3000000007,Move,0.3977864583333333,0.4398148148148148
1175138.6000000015,Move,0.3899739583333333,0.4305555555555556
1175152.8999999985,Move,0.3834635416666667,0.4212962962962963
1175173,Move,0.3743489583333333,0.41203703703703703
1175187.8999999985,Move,0.3665364583333333,0.4027777777777778
1175207.8000000007,Move,0.3587239583333333,0.3958333333333333
1175221.3999999985,Move,0.353515625,0.3912037037037037
1175236.5,Move,0.3483072916666667,0.3888888888888889
1175250.6000000015,Move,0.3404947916666667,0.3819444444444444
1175272.3000000007,Move,0.3274739583333333,0.375
1175287,Move,0.3209635416666667,0.3726851851851852
1175300.8999999985,Move,0.3157552083333333,0.3726851851851852
1175322.3999999985,Move,0.3014322916666667,0.3680555555555556
1175336.3999999985,Move,0.2923177083333333,0.36342592592592593
1175356.8000000007,Move,0.283203125,0.3587962962962963
1175371,Move,0.2766927083333333,0.3541666666666667
1175385.3999999985,Move,0.271484375,0.35185185185185186
1175398.8000000007,Move,0.2649739583333333,0.3472222222222222
1175473.1000000015,Move,0.263671875,0.3472222222222222
1175520.8999999985,Move,0.263671875,0.3472222222222222
1175535.3999999985,Move,0.2623697916666667,0.3472222222222222
1175571.8000000007,Move,0.2610677083333333,0.3472222222222222
1175583.5,Move,0.2610677083333333,0.3472222222222222
1175618.3000000007,Move,0.259765625,0.3472222222222222
1175631.3000000007,Move,0.259765625,0.3472222222222222
1175654.1999999993,Move,0.2571614583333333,0.3472222222222222
1175674,Move,0.255859375,0.3472222222222222
1175678.1000000015,Move,0.2545572916666667,0.3472222222222222
1175702.1000000015,Move,0.251953125,0.3472222222222222
1175741.3999999985,Move,0.2532552083333333,0.34953703703703703
1175753.6000000015,Move,0.255859375,0.35185185185185186
1175768.6000000015,Move,0.2584635416666667,0.3541666666666667
1175788.6999999993,Move,0.2623697916666667,0.3611111111111111
1175804,Move,0.271484375,0.3726851851851852
1175817.6999999993,Move,0.2805989583333333,0.3888888888888889
1175838.1999999993,Move,0.3079427083333333,0.42824074074074076
1175852.8999999985,Move,0.3365885416666667,0.4583333333333333
1175874.1999999993,Move,0.3626302083333333,0.4837962962962963
1175887.1000000015,Move,0.3665364583333333,0.4861111111111111
1175901.3000000007,Move,0.3678385416666667,0.48842592592592593
1175922.3000000007,Move,0.3704427083333333,0.49074074074074076
1175936.3999999985,Move,0.3717447916666667,0.49074074074074076
1175956.6000000015,Move,0.3782552083333333,0.4976851851851852
1175963.3000000007,Move,0.3782552083333333,0.5
1176009.1000000015,Move,0.3795572916666667,0.5
1176041.1000000015,Move,0.3795572916666667,0.5023148148148148
1176074.1999999993,Move,0.380859375,0.5069444444444444
1176090.1000000015,Move,0.3821614583333333,0.5138888888888888
1176106.5,Move,0.384765625,0.5185185185185185
1176121.8999999985,Move,0.3860677083333333,0.5208333333333334
1176138.1000000015,Move,0.3860677083333333,0.5208333333333334
1176161.6999999993,Move,0.3860677083333333,0.5231481481481481
1176186.6999999993,Move,0.388671875,0.5208333333333334
1176201.6000000015,Move,0.3899739583333333,0.5208333333333334
1176221.1999999993,Move,0.3951822916666667,0.5138888888888888
1176237,Move,0.4029947916666667,0.5069444444444444
1176257.3000000007,Move,0.416015625,0.49074074074074076
1176271.8000000007,Move,0.427734375,0.47685185185185186
1176286.6999999993,Move,0.4381510416666667,0.46064814814814814
1176306.1000000015,Move,0.455078125,0.4351851851851852
1176319.6999999993,Move,0.4654947916666667,0.4166666666666667
1176341.1000000015,Move,0.482421875,0.3912037037037037
1176355.3000000007,Move,0.494140625,0.3773148148148148
1176368.6000000015,Move,0.505859375,0.37037037037037035
1176390.1000000015,Move,0.533203125,0.3587962962962963
1176403.6999999993,Move,0.5592447916666666,0.3449074074074074
1176417.8999999985,Move,0.5852864583333334,0.33564814814814814
1176438,Move,0.6686197916666666,0.2824074074074074
1176453.1999999993,Move,0.701171875,0.25462962962962965
1176499.1999999993,Move,0.701171875,0.2569444444444444
1176518.5,Move,0.6998697916666666,0.2569444444444444
1176527,Move,0.6985677083333334,0.2569444444444444
1176554.3999999985,Move,0.697265625,0.25925925925925924
1176572.1000000015,Move,0.693359375,0.25925925925925924
1176590.8000000007,Move,0.6907552083333334,0.25925925925925924
1176652.8000000007,Move,0.6829427083333334,0.2638888888888889
1176666.8999999985,Move,0.677734375,0.2662037037037037
1176687.8999999985,Move,0.666015625,0.2708333333333333
1176702.3000000007,Move,0.6595052083333334,0.27314814814814814
1176723,Move,0.6477864583333334,0.27546296296296297
1176738.1000000015,Move,0.6412760416666666,0.2777777777777778
1176757.6000000015,Move,0.6295572916666666,0.2824074074074074
1176771.8000000007,Move,0.6204427083333334,0.28703703703703703
1176786.5,Move,0.6126302083333334,0.2916666666666667
1176807.5,Move,0.5930989583333334,0.30324074074074076
1176821.3000000007,Move,0.5813802083333334,0.3125
1176836.6000000015,Move,0.5696614583333334,0.3194444444444444
1176856,Move,0.5475260416666666,0.3333333333333333
1176869.5,Move,0.5384114583333334,0.33796296296296297
1176890.6000000015,Move,0.525390625,0.3449074074074074
1176904.6999999993,Move,0.517578125,0.34953703703703703
1176938,Move,0.517578125,0.34953703703703703
1176990.5,Move,0.5188802083333334,0.35185185185185186
1177030.1999999993,Move,0.5188802083333334,0.35185185185185186
1177055.5,Move,0.5201822916666666,0.35185185185185186
1177069.3000000007,Move,0.5201822916666666,0.3541666666666667
1177081.3000000007,Move,0.5201822916666666,0.3541666666666667
1177107.3999999985,Move,0.5227864583333334,0.3587962962962963
1177121,Move,0.5240885416666666,0.3611111111111111
1177134.5,Move,0.525390625,0.36342592592592593
1177168.6000000015,Move,0.5240885416666666,0.36574074074074076
1177189.3000000007,Move,0.521484375,0.3726851851851852
1177203.8000000007,Move,0.5188802083333334,0.3773148148148148
1177224,Move,0.5149739583333334,0.3888888888888889
1177236.8999999985,Move,0.513671875,0.39351851851851855
1177251.5,Move,0.5110677083333334,0.40046296296296297
1177273.3000000007,Move,0.505859375,0.41203703703703703
1177286.8999999985,Move,0.5032552083333334,0.41898148148148145
1177302.3999999985,Move,0.4967447916666667,0.43287037037037035
1177321.6000000015,Move,0.486328125,0.45601851851851855
1177336.3000000007,Move,0.4798177083333333,0.4675925925925926
1177357.1000000015,Move,0.4733072916666667,0.48148148148148145
1177370.8000000007,Move,0.470703125,0.48842592592592593
1177385.1999999993,Move,0.4694010416666667,0.49074074074074076
1177399.6000000015,Move,0.4694010416666667,0.4930555555555556
1177421.3000000007,Move,0.4680989583333333,0.4930555555555556
1177434,Move,0.4680989583333333,0.49537037037037035
1177455.5,Move,0.4680989583333333,0.49537037037037035
1177469,Move,0.466796875,0.49537037037037035
1177523.6999999993,Move,0.466796875,0.49537037037037035
1177563.8999999985,Move,0.4654947916666667,0.49537037037037035
1177577,Move,0.4654947916666667,0.49537037037037035
1177604,Move,0.4641927083333333,0.49537037037037035
1177616.6999999993,Move,0.4641927083333333,0.49537037037037035
1177628,Move,0.462890625,0.49537037037037035
1177656.1999999993,Move,0.4602864583333333,0.49537037037037035
1177668.3999999985,Move,0.458984375,0.49537037037037035
1177690.1999999993,Move,0.4602864583333333,0.4976851851851852
1177706.5,Move,0.4615885416666667,0.4976851851851852
1177724.1999999993,Move,0.4654947916666667,0.4976851851851852
1177730.6999999993,Move,0.4654947916666667,0.4976851851851852
1177756,Move,0.466796875,0.4976851851851852
1177770.8999999985,Move,0.470703125,0.5
1177779.1999999993,Move,0.470703125,0.5
1177803,Move,0.4720052083333333,0.5023148148148148
1177819,Move,0.474609375,0.5023148148148148
1177834.8000000007,Move,0.478515625,0.5046296296296297
1177851.1999999993,Move,0.482421875,0.5069444444444444
1177867.5,Move,0.486328125,0.5069444444444444
1177891.5,Move,0.4915364583333333,0.5115740740740741
1177907.1000000015,Move,0.4954427083333333,0.5115740740740741
1177924,Move,0.501953125,0.5138888888888888
1177939.3999999985,Move,0.5110677083333334,0.5185185185185185
1177955.8000000007,Move,0.5240885416666666,0.5231481481481481
1177971,Move,0.548828125,0.5324074074074074
1177987.6000000015,Move,0.5657552083333334,0.5393518518518519
1178002.8999999985,Move,0.5774739583333334,0.5439814814814815
1178019.3000000007,Move,0.5826822916666666,0.5462962962962963
1178026.5,Move,0.583984375,0.5462962962962963
1178142,Move,0.583984375,0.5439814814814815
1178184.8999999985,Move,0.583984375,0.5462962962962963
1178228.1000000015,Move,0.5852864583333334,0.5486111111111112
1178249.1999999993,Move,0.5852864583333334,0.5486111111111112
1178269.1000000015,Move,0.583984375,0.5509259259259259
1178291.6999999993,Move,0.583984375,0.5509259259259259
1178311.3000000007,Move,0.583984375,0.5532407407407407
1178332.6000000015,Move,0.583984375,0.5532407407407407
1178353.1999999993,Move,0.583984375,0.5578703703703703
1178375.8000000007,Move,0.583984375,0.5601851851851852
1178403,Move,0.5787760416666666,0.5509259259259259
1178424.1999999993,Move,0.5709635416666666,0.5393518518518519
1178438.5,Move,0.564453125,0.5324074074074074
1178453.1000000015,Move,0.556640625,0.5231481481481481
1178473,Move,0.548828125,0.5115740740740741
1178487.6999999993,Move,0.544921875,0.5023148148148148
1178501.3000000007,Move,0.5423177083333334,0.4930555555555556
1178522.3999999985,Move,0.5384114583333334,0.47453703703703703
1178536,Move,0.5345052083333334,0.46296296296296297
1178557,Move,0.5279947916666666,0.44907407407407407
1178571.1999999993,Move,0.525390625,0.44212962962962965
1178586.1999999993,Move,0.5201822916666666,0.44212962962962965
1178607.8000000007,Move,0.5162760416666666,0.4513888888888889
1178620.8999999985,Move,0.5123697916666666,0.4583333333333333
1178635.3000000007,Move,0.5110677083333334,0.46296296296296297
1178656,Move,0.5045572916666666,0.47453703703703703
1178669.8000000007,Move,0.5006510416666666,0.48148148148148145
1178691,Move,0.4954427083333333,0.49537037037037035
1178704.3999999985,Move,0.4928385416666667,0.5
1178720.1000000015,Move,0.490234375,0.5069444444444444
1178739.6999999993,Move,0.486328125,0.5162037037037037
1178753.6999999993,Move,0.4837239583333333,0.5254629629629629
1178769.3000000007,Move,0.4811197916666667,0.5324074074074074
1178788.6000000015,Move,0.478515625,0.5416666666666666
1178802.8999999985,Move,0.4772135416666667,0.5509259259259259
1178823.5,Move,0.4733072916666667,0.5648148148148148
1178838.1000000015,Move,0.470703125,0.5694444444444444
1178852.3999999985,Move,0.4680989583333333,0.5763888888888888
1178865.6999999993,Move,0.466796875,0.5810185185185185
1178929.6999999993,Move,0.466796875,0.5833333333333334
1178955.1999999993,Move,0.4680989583333333,0.5856481481481481
1178980.1000000015,Move,0.4680989583333333,0.5856481481481481
1179005.8999999985,Move,0.4680989583333333,0.5879629629629629
1179029.6000000015,Move,0.4694010416666667,0.5902777777777778
1179055.6999999993,Move,0.4694010416666667,0.5902777777777778
1179155.1000000015,Move,0.4680989583333333,0.5879629629629629
1179170.3999999985,Move,0.4680989583333333,0.5879629629629629
1179176.6000000015,Move,0.4680989583333333,0.5856481481481481
1179204.8000000007,Move,0.4654947916666667,0.5787037037037037
1179219.6000000015,Move,0.4641927083333333,0.5717592592592593
1179240.6999999993,Move,0.4615885416666667,0.5601851851851852
1179253.6999999993,Move,0.4602864583333333,0.5509259259259259
1179269.3000000007,Move,0.4576822916666667,0.5393518518518519
1179289.3000000007,Move,0.4537760416666667,0.5208333333333334
1179303.1000000015,Move,0.4524739583333333,0.5092592592592593
1179323.3999999985,Move,0.4485677083333333,0.49074074074074076
1179337.6999999993,Move,0.447265625,0.4791666666666667
1179352.5,Move,0.4446614583333333,0.4675925925925926
1179372.6000000015,Move,0.4420572916666667,0.44907407407407407
1179387.1999999993,Move,0.439453125,0.4375
1179402.5,Move,0.4368489583333333,0.42592592592592593
1179422,Move,0.4342447916666667,0.4074074074074074
1179436.5,Move,0.4303385416666667,0.39351851851851855
1179457.6000000015,Move,0.419921875,0.35648148148148145
1179471.3000000007,Move,0.412109375,0.3333333333333333
1179486,Move,0.404296875,0.30787037037037035
1179506,Move,0.3821614583333333,0.2337962962962963
1179520.3999999985,Move,0.3678385416666667,0.17592592592592593
1179534.3000000007,Move,0.3626302083333333,0.1527777777777778
1179602.3000000007,Move,0.3626302083333333,0.1527777777777778
1179618.1000000015,Move,0.3639322916666667,0.1550925925925926
1179638.6999999993,Move,0.365234375,0.1574074074074074
1179653.5,Move,0.3665364583333333,0.1597222222222222
1179674.3999999985,Move,0.369140625,0.1597222222222222
1179688.5,Move,0.3704427083333333,0.16203703703703703
1179701.8999999985,Move,0.3717447916666667,0.16435185185185186
1179722.8000000007,Move,0.376953125,0.16898148148148148
1179737.3999999985,Move,0.3834635416666667,0.17592592592592593
1179744.1999999993,Move,0.3834635416666667,0.17592592592592593
1179766.8999999985,Move,0.384765625,0.17824074074074073
1179788,Move,0.3860677083333333,0.18287037037037038
1179803.3000000007,Move,0.3873697916666667,0.18518518518518517
1179809.1000000015,Move,0.388671875,0.18518518518518517
1179837.8000000007,Move,0.3899739583333333,0.1875
1179857.8999999985,Move,0.392578125,0.19212962962962962
1179871.8999999985,Move,0.3938802083333333,0.19675925925925927
1179907.6000000015,Move,0.396484375,0.2013888888888889
1179920.6000000015,Move,0.3977864583333333,0.2037037037037037
1179935.3999999985,Move,0.400390625,0.20833333333333334
1179956.3999999985,Move,0.4055989583333333,0.2152777777777778
1179969.8000000007,Move,0.4095052083333333,0.2199074074074074
1179984.3999999985,Move,0.4134114583333333,0.22453703703703703
1180006.5,Move,0.4173177083333333,0.2337962962962963
1180018.8999999985,Move,0.4212239583333333,0.23842592592592593
1180039.6999999993,Move,0.4251302083333333,0.24768518518518517
1180054.6999999993,Move,0.4290364583333333,0.2523148148148148
1180067.8000000007,Move,0.4342447916666667,0.2638888888888889
1180089.6000000015,Move,0.4407552083333333,0.2847222222222222
1180102.6999999993,Move,0.451171875,0.3148148148148148
1180124.6000000015,Move,0.4602864583333333,0.3449074074074074
1180138.5,Move,0.4654947916666667,0.3587962962962963
1180152.1999999993,Move,0.4680989583333333,0.36342592592592593
1180166,Move,0.4720052083333333,0.3726851851851852
1180282.3999999985,Move,0.470703125,0.3726851851851852
1180317,Move,0.4694010416666667,0.3726851851851852
1180334.3999999985,Move,0.4694010416666667,0.3726851851851852
1180351,Move,0.4694010416666667,0.3726851851851852
1180368,Move,0.4680989583333333,0.3726851851851852
1180386,Move,0.466796875,0.3726851851851852
1180402.1000000015,Move,0.466796875,0.3726851851851852
1180419.6000000015,Move,0.4654947916666667,0.3726851851851852
1180436.3999999985,Move,0.4654947916666667,0.3726851851851852
1180452.8000000007,Move,0.4641927083333333,0.3726851851851852
1180470.1000000015,Move,0.4641927083333333,0.3726851851851852
1180487.6999999993,Move,0.462890625,0.3726851851851852
1180504,Move,0.462890625,0.3726851851851852
1180520.6000000015,Move,0.4615885416666667,0.3726851851851852
1180538.1999999993,Move,0.4615885416666667,0.3726851851851852
1180555.6000000015,Move,0.462890625,0.3726851851851852
1180570.3000000007,Move,0.4641927083333333,0.375
1180590.5,Move,0.4811197916666667,0.38425925925925924
1180604.5,Move,0.4928385416666667,0.39351851851851855
1180619.3000000007,Move,0.509765625,0.4074074074074074
1180641.1000000015,Move,0.5305989583333334,0.4236111111111111
1180654.3999999985,Move,0.5475260416666666,0.4351851851851852
1180668.1999999993,Move,0.5553385416666666,0.4398148148148148
1180689.8999999985,Move,0.572265625,0.44675925925925924
1180703.8000000007,Move,0.5826822916666666,0.4513888888888889
1180717.5,Move,0.591796875,0.4537037037037037
1180739.1000000015,Move,0.603515625,0.45601851851851855
1180753.1000000015,Move,0.6100260416666666,0.4583333333333333
1180773.6999999993,Move,0.6165364583333334,0.46064814814814814
1180787.6000000015,Move,0.6178385416666666,0.46064814814814814
1180801.1999999993,Move,0.619140625,0.46064814814814814
1180821.8999999985,Move,0.6204427083333334,0.46296296296296297
1180829,Move,0.6217447916666666,0.46296296296296297
1180856.8999999985,Move,0.6217447916666666,0.46296296296296297
1180963.1000000015,Move,0.6217447916666666,0.46296296296296297
1181015.1000000015,Move,0.6217447916666666,0.46064814814814814
1181050,Move,0.6217447916666666,0.46064814814814814
1181066.3999999985,Move,0.6217447916666666,0.4583333333333333
1181084.5,Move,0.6217447916666666,0.4583333333333333
1181100.6000000015,Move,0.6217447916666666,0.45601851851851855
1181117.3000000007,Move,0.6217447916666666,0.4537037037037037
1181134.3000000007,Move,0.6217447916666666,0.44907407407407407
1181167.6999999993,Move,0.6217447916666666,0.44675925925925924
1181183.8000000007,Move,0.6204427083333334,0.4398148148148148
1181207.6000000015,Move,0.6126302083333334,0.4027777777777778
1181223.6000000015,Move,0.6061197916666666,0.375
1181240.6999999993,Move,0.6009114583333334,0.35185185185185186
1181256.1999999993,Move,0.595703125,0.32407407407407407
1181272.1000000015,Move,0.591796875,0.30324074074074076
1181287.8000000007,Move,0.587890625,0.27314814814814814
1181305.1999999993,Move,0.583984375,0.24305555555555555
1181319.3000000007,Move,0.5813802083333334,0.2175925925925926
1181336,Move,0.5787760416666666,0.19907407407407407
1181352.8999999985,Move,0.5774739583333334,0.18981481481481483
1181368.3999999985,Move,0.576171875,0.18518518518518517
1181384.1999999993,Move,0.576171875,0.18287037037037038
1181399.6000000015,Move,0.576171875,0.17824074074074073
1181424.3999999985,Move,0.576171875,0.17592592592592593
1181559.3999999985,Move,0.576171875,0.17592592592592593
1181592.1999999993,Move,0.5774739583333334,0.17592592592592593
1181624.6000000015,Move,0.5787760416666666,0.17592592592592593
1181656.8999999985,Move,0.580078125,0.17592592592592593
1181688,Move,0.5813802083333334,0.17592592592592593
1181824,Move,0.5865885416666666,0.1736111111111111
1181838.1999999993,Move,0.591796875,0.1712962962962963
1181852.8000000007,Move,0.595703125,0.16898148148148148
1181872.8000000007,Move,0.6009114583333334,0.16666666666666666
1181886.1999999993,Move,0.6048177083333334,0.16203703703703703
1181900.8999999985,Move,0.6100260416666666,0.1597222222222222
1181922.3000000007,Move,0.6165364583333334,0.1527777777777778
1181936.1000000015,Move,0.6217447916666666,0.15046296296296297
1181949.6999999993,Move,0.6256510416666666,0.15046296296296297
1181971.8000000007,Move,0.6321614583333334,0.14814814814814814
1181985.5,Move,0.634765625,0.14583333333333334
1182006.1999999993,Move,0.6438802083333334,0.14583333333333334
1182020.5,Move,0.650390625,0.14814814814814814
1182041.1000000015,Move,0.658203125,0.15046296296296297
1182055.8000000007,Move,0.6647135416666666,0.1527777777777778
1182068.8000000007,Move,0.6712239583333334,0.1527777777777778
1182089.5,Move,0.6803385416666666,0.1527777777777778
1182105.1000000015,Move,0.6842447916666666,0.1527777777777778
1182118.3999999985,Move,0.689453125,0.1527777777777778
1182139.1999999993,Move,0.6959635416666666,0.1527777777777778
1182261.5,Move,0.6959635416666666,0.1527777777777778
1182380,Move,0.697265625,0.1527777777777778
1182438.3999999985,Move,0.6985677083333334,0.1527777777777778
1182498,Move,0.6985677083333334,0.1527777777777778
1182522.5,Move,0.6985677083333334,0.1597222222222222
1182539.1999999993,Move,0.6998697916666666,0.16203703703703703
1182556.1000000015,Move,0.6998697916666666,0.16435185185185186
1182571.1000000015,Move,0.6998697916666666,0.1712962962962963
1182587.1999999993,Move,0.701171875,0.18981481481481483
1182603.6999999993,Move,0.701171875,0.21296296296296297
1182619.8999999985,Move,0.7024739583333334,0.24305555555555555
1182635,Move,0.7063802083333334,0.29398148148148145
1182651.5,Move,0.7154947916666666,0.34953703703703703
1182668,Move,0.7233072916666666,0.38657407407407407
1182691.3000000007,Move,0.7259114583333334,0.40046296296296297
1182707.1999999993,Move,0.7272135416666666,0.4050925925925926
1182723,Move,0.7272135416666666,0.4074074074074074
1182731.1000000015,Move,0.7272135416666666,0.4097222222222222
1182755.3999999985,Move,0.728515625,0.41898148148148145
1182771.6000000015,Move,0.7298177083333334,0.42592592592592593
1182778.8000000007,Move,0.7298177083333334,0.42824074074074076
1182898.3000000007,Move,0.728515625,0.4305555555555556
1182928.6999999993,Move,0.7298177083333334,0.42824074074074076
1182956.6000000015,Move,0.728515625,0.4305555555555556
1182969.1999999993,Move,0.7272135416666666,0.43287037037037035
1182985,Move,0.7220052083333334,0.4351851851851852
1183005.3999999985,Move,0.7180989583333334,0.4398148148148148
1183011.5,Move,0.7180989583333334,0.4398148148148148
1183033.3999999985,Move,0.716796875,0.4398148148148148
1183053.6999999993,Move,0.716796875,0.44212962962962965
1183068.3000000007,Move,0.7141927083333334,0.4444444444444444
1183089.6999999993,Move,0.712890625,0.4444444444444444
1183103.5,Move,0.7076822916666666,0.4444444444444444
1183124.8999999985,Move,0.697265625,0.44675925925925924
1183140,Move,0.6881510416666666,0.44675925925925924
1183151.6999999993,Move,0.6764322916666666,0.44907407407407407
1183174.3000000007,Move,0.6569010416666666,0.4513888888888889
1183188,Move,0.6438802083333334,0.4537037037037037
1183202.5,Move,0.630859375,0.4537037037037037
1183223.1000000015,Move,0.611328125,0.45601851851851855
1183237.3000000007,Move,0.5983072916666666,0.4583333333333333
1183251.8999999985,Move,0.5852864583333334,0.46064814814814814
1183272.6999999993,Move,0.568359375,0.46296296296296297
1183286.1999999993,Move,0.552734375,0.4675925925925926
1183307.8000000007,Move,0.5188802083333334,0.47453703703703703
1183321.3999999985,Move,0.4967447916666667,0.4791666666666667
1183335.3000000007,Move,0.4459635416666667,0.49074074074074076
1183356.8000000007,Move,0.3873697916666667,0.5
1183400.1999999993,Move,0.388671875,0.5023148148148148
1183422.1000000015,Move,0.388671875,0.5023148148148148
1183450.6000000015,Move,0.3899739583333333,0.5023148148148148
1183471,Move,0.3899739583333333,0.5023148148148148
1183486.1000000015,Move,0.3912760416666667,0.5023148148148148
1183498.5,Move,0.3912760416666667,0.5046296296296297
1183519.8999999985,Move,0.392578125,0.5046296296296297
1183540.6000000015,Move,0.3938802083333333,0.5069444444444444
1183554,Move,0.396484375,0.5069444444444444
1183569.1000000015,Move,0.3977864583333333,0.5092592592592593
1183590.3999999985,Move,0.404296875,0.5138888888888888
1183604.3000000007,Move,0.4055989583333333,0.5138888888888888
1183618.6000000015,Move,0.4069010416666667,0.5138888888888888
1183626.3999999985,Move,0.4069010416666667,0.5115740740740741
1183646.3000000007,Move,0.4069010416666667,0.5115740740740741
1183668.6000000015,Move,0.4069010416666667,0.5092592592592593
1183688.1000000015,Move,0.408203125,0.5046296296296297
1183703.5,Move,0.408203125,0.5
1183723.8000000007,Move,0.4095052083333333,0.49537037037037035
1183737,Move,0.4108072916666667,0.48842592592592593
1183752.3000000007,Move,0.4108072916666667,0.48148148148148145
1183773.1000000015,Move,0.4108072916666667,0.4699074074074074
1183786.3000000007,Move,0.412109375,0.46296296296296297
1183801.6000000015,Move,0.412109375,0.4537037037037037
1183821.6999999993,Move,0.4134114583333333,0.44212962962962965
1183836.1999999993,Move,0.4134114583333333,0.4351851851851852
1183856.8999999985,Move,0.4147135416666667,0.4236111111111111
1183871.3000000007,Move,0.4147135416666667,0.4166666666666667
1183885,Move,0.4147135416666667,0.4097222222222222
1183905.5,Move,0.416015625,0.39814814814814814
1183919.5,Move,0.416015625,0.3912037037037037
1183941.3000000007,Move,0.4212239583333333,0.3773148148148148
1183955,Move,0.4264322916666667,0.3680555555555556
1183968.8000000007,Move,0.431640625,0.3587962962962963
1183989.6999999993,Move,0.4407552083333333,0.3402777777777778
1184004.3000000007,Move,0.4498697916666667,0.3125
1184019.5,Move,0.4563802083333333,0.28703703703703703
1184033.1999999993,Move,0.458984375,0.2777777777777778
1184084.1000000015,Move,0.458984375,0.2777777777777778
1184149.1000000015,Move,0.458984375,0.2800925925925926
1184166.1000000015,Move,0.458984375,0.2800925925925926
1184180.6000000015,Move,0.458984375,0.2824074074074074
1184197.6000000015,Move,0.458984375,0.2824074074074074
1184212.6000000015,Move,0.458984375,0.2847222222222222
1184228.6999999993,Move,0.458984375,0.28703703703703703
1184245.1000000015,Move,0.458984375,0.2916666666666667
1184291.5,Move,0.4602864583333333,0.2916666666666667
1184305.5,Move,0.462890625,0.2962962962962963
1184319.6000000015,Move,0.4680989583333333,0.30092592592592593
1184339.3000000007,Move,0.4694010416666667,0.30324074074074076
1184353.6000000015,Move,0.4733072916666667,0.30787037037037035
1184369.1999999993,Move,0.4772135416666667,0.3125
1184389.1999999993,Move,0.478515625,0.3148148148148148
1184403.6999999993,Move,0.482421875,0.32175925925925924
1184423.6000000015,Move,0.4889322916666667,0.33564814814814814
1184438.1999999993,Move,0.4954427083333333,0.3472222222222222
1184458.6000000015,Move,0.505859375,0.3680555555555556
1184473.3999999985,Move,0.5123697916666666,0.37962962962962965
1184486.5,Move,0.5188802083333334,0.39351851851851855
1184501.1000000015,Move,0.525390625,0.4050925925925926
1184521.8999999985,Move,0.5397135416666666,0.4212962962962963
1184536.3000000007,Move,0.5579427083333334,0.43287037037037035
1184556.6999999993,Move,0.6022135416666666,0.4583333333333333
1184570.8000000007,Move,0.630859375,0.47685185185185186
1184591.8999999985,Move,0.6529947916666666,0.49537037037037035
1184606.1000000015,Move,0.6634114583333334,0.5069444444444444
1184612.3000000007,Move,0.6647135416666666,0.5069444444444444
1184655.1000000015,Move,0.6634114583333334,0.5069444444444444
1184669.6000000015,Move,0.6634114583333334,0.5046296296296297
1184690.5,Move,0.6634114583333334,0.5
1184705.8999999985,Move,0.662109375,0.49537037037037035
1184719,Move,0.662109375,0.4930555555555556
1184740.3000000007,Move,0.662109375,0.48148148148148145
1184754.1999999993,Move,0.662109375,0.47453703703703703
1184768.5,Move,0.662109375,0.4722222222222222
1184775.3000000007,Move,0.662109375,0.4722222222222222
1184796.1000000015,Move,0.662109375,0.4699074074074074
1184840.1999999993,Move,0.6595052083333334,0.4675925925925926
1184857.6000000015,Move,0.6569010416666666,0.4652777777777778
1184872.1000000015,Move,0.650390625,0.46064814814814814
1184888.6999999993,Move,0.642578125,0.4537037037037037
1184904.1999999993,Move,0.6334635416666666,0.44675925925925924
1184919.3000000007,Move,0.6217447916666666,0.4398148148148148
1184935.3000000007,Move,0.611328125,0.4305555555555556
1184952.3999999985,Move,0.6009114583333334,0.4236111111111111
1184968.1000000015,Move,0.591796875,0.41898148148148145
1184983.6000000015,Move,0.5813802083333334,0.41203703703703703
1185007.3999999985,Move,0.5670572916666666,0.4027777777777778
1185024.5,Move,0.5514322916666666,0.3888888888888889
1185040.3999999985,Move,0.5345052083333334,0.375
1185056.3999999985,Move,0.5110677083333334,0.3541666666666667
1185071.3000000007,Move,0.474609375,0.32407407407407407
1185088.3999999985,Move,0.439453125,0.2916666666666667
1185103.8000000007,Move,0.3756510416666667,0.23842592592592593
1185119.8999999985,Move,0.306640625,0.18055555555555555
1185126.8999999985,Move,0.2962239583333333,0.1712962962962963
1185171.8000000007,Move,0.294921875,0.1712962962962963
1185188.3999999985,Move,0.294921875,0.1712962962962963
1185204.1000000015,Move,0.294921875,0.1712962962962963
1185236,Move,0.294921875,0.1736111111111111
1185252.3999999985,Move,0.2936197916666667,0.17824074074074073
1185268.8999999985,Move,0.2936197916666667,0.18287037037037038
1185291.6000000015,Move,0.2923177083333333,0.19444444444444445
1185300.3000000007,Move,0.2923177083333333,0.19675925925925927
1185316.6000000015,Move,0.2936197916666667,0.2013888888888889
1185331.8999999985,Move,0.2936197916666667,0.2013888888888889
1185372.6000000015,Move,0.2936197916666667,0.2037037037037037
1185379.6000000015,Move,0.2936197916666667,0.2037037037037037
1185405.5,Move,0.2936197916666667,0.20601851851851852
1185421.6999999993,Move,0.294921875,0.20601851851851852
1185438.8000000007,Move,0.2975260416666667,0.21296296296296297
1185454.1000000015,Move,0.298828125,0.2175925925925926
1185469.8999999985,Move,0.3014322916666667,0.2222222222222222
1185486.6000000015,Move,0.3053385416666667,0.2337962962962963
1185502.6000000015,Move,0.3131510416666667,0.25462962962962965
1185518.6999999993,Move,0.3209635416666667,0.28935185185185186
1185534.8000000007,Move,0.330078125,0.3263888888888889
1185551,Move,0.349609375,0.38425925925925924
1185574.1999999993,Move,0.4069010416666667,0.45601851851851855
1185590.1999999993,Move,0.4329427083333333,0.48148148148148145
1185606.1999999993,Move,0.4420572916666667,0.49074074074074076
1185622.1999999993,Move,0.443359375,0.4930555555555556
1185639.3999999985,Move,0.4459635416666667,0.49537037037037035
1185654.3000000007,Move,0.447265625,0.4976851851851852
1185670.6999999993,Move,0.4498697916666667,0.5
1185686.6000000015,Move,0.455078125,0.5092592592592593
1185702,Move,0.458984375,0.5162037037037037
1185710.1000000015,Move,0.4602864583333333,0.5185185185185185
1185751.5,Move,0.458984375,0.5162037037037037
1185787.6999999993,Move,0.458984375,0.5162037037037037
1185800.8000000007,Move,0.458984375,0.5138888888888888
1185822.6999999993,Move,0.4563802083333333,0.5092592592592593
1185836,Move,0.4537760416666667,0.5046296296296297
1185857.6999999993,Move,0.4498697916666667,0.49074074074074076
1185871.8000000007,Move,0.4485677083333333,0.48842592592592593
1185884.1000000015,Move,0.447265625,0.48842592592592593
1185899,Move,0.447265625,0.48842592592592593
1185920.3999999985,Move,0.447265625,0.4861111111111111
1185941.5,Move,0.4524739583333333,0.49074074074074076
1185956.1000000015,Move,0.4563802083333333,0.49537037037037035
1185970.8999999985,Move,0.462890625,0.5023148148148148
1185991,Move,0.4733072916666667,0.5115740740740741
1186006.8999999985,Move,0.4811197916666667,0.5208333333333334
1186019.1000000015,Move,0.4876302083333333,0.5277777777777778
1186039.8000000007,Move,0.498046875,0.5370370370370371
1186053.8000000007,Move,0.5032552083333334,0.5416666666666666
1186068.6999999993,Move,0.5084635416666666,0.5486111111111112
1186089.8999999985,Move,0.513671875,0.5532407407407407
1186103.6999999993,Move,0.5162760416666666,0.5578703703703703
1186124.1000000015,Move,0.5227864583333334,0.5648148148148148
1186138.1999999993,Move,0.5279947916666666,0.5717592592592593
1186152.6000000015,Move,0.5319010416666666,0.5763888888888888
1186173.6999999993,Move,0.5397135416666666,0.5833333333333334
1186180.8000000007,Move,0.5384114583333334,0.5810185185185185
1186202.1999999993,Move,0.537109375,0.5810185185185185
1186223.1999999993,Move,0.5345052083333334,0.5810185185185185
1186237.6000000015,Move,0.5319010416666666,0.5810185185185185
1186258.1999999993,Move,0.5240885416666666,0.5763888888888888
1186272.6999999993,Move,0.5149739583333334,0.5717592592592593
1186286,Move,0.5071614583333334,0.5694444444444444
1186307,Move,0.478515625,0.5555555555555556
1186322,Move,0.4459635416666667,0.5439814814814815
1186335.6999999993,Move,0.4212239583333333,0.5347222222222222
1186356.1999999993,Move,0.4055989583333333,0.5300925925925926
1186370.1999999993,Move,0.4029947916666667,0.5277777777777778
1186390.8999999985,Move,0.400390625,0.5277777777777778
1186404.8000000007,Move,0.3990885416666667,0.5254629629629629
1186419.1999999993,Move,0.396484375,0.5254629629629629
1186440,Move,0.3899739583333333,0.5231481481481481
1186446.3000000007,Move,0.388671875,0.5231481481481481
1186546.1000000015,Move,0.3899739583333333,0.5231481481481481
1186595.3999999985,Move,0.3899739583333333,0.5231481481481481
1186611,Move,0.3912760416666667,0.5231481481481481
1186626.5,Move,0.3912760416666667,0.5231481481481481
1186658.8000000007,Move,0.392578125,0.5231481481481481
1186690.3999999985,Move,0.3938802083333333,0.5231481481481481
1186707.6000000015,Move,0.3951822916666667,0.5231481481481481
1186722.8000000007,Move,0.396484375,0.5231481481481481
1186739.6000000015,Move,0.4069010416666667,0.5185185185185185
1186754.1999999993,Move,0.4212239583333333,0.5138888888888888
1186775.1000000015,Move,0.4342447916666667,0.5092592592592593
1186788.6999999993,Move,0.4498697916666667,0.5023148148148148
1186803.5,Move,0.4602864583333333,0.4976851851851852
1186823.1000000015,Move,0.4798177083333333,0.49074074074074076
1186838.3000000007,Move,0.4954427083333333,0.4861111111111111
1186852.3000000007,Move,0.5071614583333334,0.48148148148148145
1186873,Move,0.529296875,0.4722222222222222
1186886.5,Move,0.541015625,0.4675925925925926
1186908.1999999993,Move,0.5592447916666666,0.46064814814814814
1186922.5,Move,0.5709635416666666,0.45601851851851855
1186937.1999999993,Move,0.5826822916666666,0.4537037037037037
1186957.1999999993,Move,0.6061197916666666,0.4444444444444444
1186971.1999999993,Move,0.6243489583333334,0.4375
1186985.3999999985,Move,0.6360677083333334,0.4351851851851852
1187006.1000000015,Move,0.6595052083333334,0.42592592592592593
1187020.8000000007,Move,0.6751302083333334,0.4212962962962963
1187040.8000000007,Move,0.6998697916666666,0.41203703703703703
1187055.6000000015,Move,0.7154947916666666,0.4074074074074074
1187070,Move,0.7272135416666666,0.4027777777777778
1187090.1999999993,Move,0.7428385416666666,0.39814814814814814
1187104.3999999985,Move,0.7584635416666666,0.39351851851851855
1187150.8999999985,Move,0.7584635416666666,0.3912037037037037
1187172.3000000007,Move,0.7584635416666666,0.38425925925925924
1187186.8999999985,Move,0.7584635416666666,0.3773148148148148
1187207.1999999993,Move,0.7610677083333334,0.36574074074074076
1187223.3000000007,Move,0.7623697916666666,0.3541666666666667
1187235.8999999985,Move,0.763671875,0.3449074074074074
1187257.8000000007,Move,0.763671875,0.33796296296296297
1187278.8999999985,Move,0.763671875,0.33796296296296297
1187307,Move,0.763671875,0.33796296296296297
1187321.5,Move,0.7623697916666666,0.3402777777777778
1187334.6999999993,Move,0.759765625,0.3425925925925926
1187356.8999999985,Move,0.7571614583333334,0.3472222222222222
1187370.3999999985,Move,0.7545572916666666,0.3541666666666667
1187391,Move,0.744140625,0.3819444444444444
1187405,Move,0.7389322916666666,0.40046296296296297
1187419.6000000015,Move,0.7259114583333334,0.4375
1187439.8000000007,Move,0.6842447916666666,0.48148148148148145
1187454.1000000015,Move,0.6634114583333334,0.4930555555555556
1187474.8999999985,Move,0.6555989583333334,0.5
1187489.3999999985,Move,0.654296875,0.5
1187502.6000000015,Move,0.6529947916666666,0.5023148148148148
1187524.1999999993,Move,0.650390625,0.5046296296296297
1187537.8999999985,Move,0.646484375,0.5115740740740741
1187553.1999999993,Move,0.6438802083333334,0.5138888888888888
1187662.1000000015,Move,0.6451822916666666,0.5138888888888888
1187702.6999999993,Move,0.6451822916666666,0.5162037037037037
1187719.8999999985,Move,0.646484375,0.5162037037037037
1187735.5,Move,0.650390625,0.5208333333333334
1187758.6000000015,Move,0.6529947916666666,0.5277777777777778
1187766.8999999985,Move,0.654296875,0.5277777777777778
1187797.8999999985,Move,0.654296875,0.5277777777777778
1187823.8999999985,Move,0.6438802083333334,0.5138888888888888
1187838.3999999985,Move,0.634765625,0.5023148148148148
1187852.5,Move,0.6217447916666666,0.4837962962962963
1187872.5,Move,0.603515625,0.4537037037037037
1187887.8999999985,Move,0.5904947916666666,0.43287037037037035
1187907.8000000007,Move,0.568359375,0.39814814814814814
1187922.6000000015,Move,0.552734375,0.3773148148148148
1187936,Move,0.541015625,0.3611111111111111
1187956.5,Move,0.525390625,0.3425925925925926
1187971,Move,0.5123697916666666,0.3287037037037037
1187991.6000000015,Move,0.4915364583333333,0.3148148148148148
1188006.1999999993,Move,0.4798177083333333,0.30787037037037035
1188021,Move,0.4654947916666667,0.2962962962962963
1188041,Move,0.4446614583333333,0.27546296296296297
1188056,Move,0.4342447916666667,0.2638888888888889
1188068.6000000015,Move,0.4251302083333333,0.25462962962962965
1188076.3000000007,Move,0.416015625,0.24537037037037038
1188115.3999999985,Move,0.4173177083333333,0.24537037037037038
1188137.3999999985,Move,0.4173177083333333,0.24537037037037038
1188157.8000000007,Move,0.4186197916666667,0.24537037037037038
1188165.8999999985,Move,0.4186197916666667,0.24768518518518517
1188186.8999999985,Move,0.419921875,0.24768518518518517
1188207.6999999993,Move,0.419921875,0.24768518518518517
1188221.1999999993,Move,0.4212239583333333,0.24768518518518517
1188241.8000000007,Move,0.423828125,0.25
1188256.3000000007,Move,0.4251302083333333,0.25
1188270.5,Move,0.427734375,0.2523148148148148
1188283.8999999985,Move,0.4303385416666667,0.25462962962962965
1188305.1000000015,Move,0.4381510416666667,0.25925925925925924
1188319.5,Move,0.439453125,0.25925925925925924
1188333.3999999985,Move,0.4407552083333333,0.25925925925925924
1188355.6000000015,Move,0.4420572916666667,0.26157407407407407
1188370.1000000015,Move,0.4446614583333333,0.2638888888888889
1188390.3000000007,Move,0.4498697916666667,0.26851851851851855
1188404.3000000007,Move,0.4498697916666667,0.26851851851851855
1188417.6999999993,Move,0.4524739583333333,0.2708333333333333
1188439.1999999993,Move,0.4563802083333333,0.27546296296296297
1188446.6999999993,Move,0.4576822916666667,0.27546296296296297
1188473.6999999993,Move,0.4602864583333333,0.2777777777777778
1188488.5,Move,0.462890625,0.2777777777777778
1188502.1000000015,Move,0.4654947916666667,0.2824074074074074
1188522.1000000015,Move,0.4720052083333333,0.28703703703703703
1188537.3000000007,Move,0.4772135416666667,0.2916666666666667
1188558.6000000015,Move,0.4837239583333333,0.2962962962962963
1188572.6999999993,Move,0.4889322916666667,0.30092592592592593
1188585.1000000015,Move,0.494140625,0.30324074074074076
1188607.1000000015,Move,0.5006510416666666,0.3101851851851852
1188621.6999999993,Move,0.505859375,0.3148148148148148
1188635.6000000015,Move,0.513671875,0.32175925925925924
1188656.3000000007,Move,0.533203125,0.33796296296296297
1188669.6999999993,Move,0.5514322916666666,0.3541666666666667
1188690.6999999993,Move,0.595703125,0.3912037037037037
1188705.3999999985,Move,0.6126302083333334,0.4050925925925926
1188718.8000000007,Move,0.619140625,0.4097222222222222
1188740.1000000015,Move,0.6295572916666666,0.41898148148148145
1188747.8999999985,Move,0.630859375,0.41898148148148145
1188838.6999999993,Move,0.630859375,0.4166666666666667
1188907.5,Move,0.6321614583333334,0.4166666666666667
1188927.6000000015,Move,0.6321614583333334,0.4166666666666667
1188971.6000000015,Move,0.6334635416666666,0.41435185185185186
1188994.1000000015,Move,0.634765625,0.41435185185185186
1189016.8000000007,Move,0.6360677083333334,0.41435185185185186
1189040.3999999985,Move,0.6399739583333334,0.4097222222222222
1189056.1999999993,Move,0.6451822916666666,0.4050925925925926
1189069.6000000015,Move,0.6490885416666666,0.40046296296296297
1189090.1999999993,Move,0.6555989583333334,0.39351851851851855
1189104.6000000015,Move,0.662109375,0.38425925925925924
1189119.1999999993,Move,0.6673177083333334,0.3773148148148148
1189140.5,Move,0.6751302083333334,0.3680555555555556
1189155.1999999993,Move,0.6803385416666666,0.36342592592592593
1189174.8000000007,Move,0.6881510416666666,0.35648148148148145
1189189.8999999985,Move,0.693359375,0.35185185185185186
1189202.8999999985,Move,0.6985677083333334,0.3472222222222222
1189224.3000000007,Move,0.708984375,0.3425925925925926
1189237.6999999993,Move,0.7154947916666666,0.3402777777777778
1189252.1000000015,Move,0.7233072916666666,0.33564814814814814
1189273.3999999985,Move,0.7337239583333334,0.33101851851851855
1189286.8999999985,Move,0.7389322916666666,0.3263888888888889
1189308.1000000015,Move,0.7467447916666666,0.32175925925925924
1189323.1000000015,Move,0.751953125,0.31712962962962965
1189446.5,Move,0.751953125,0.3194444444444444
1189507.3999999985,Move,0.7545572916666666,0.3194444444444444
1189530.8000000007,Move,0.7571614583333334,0.32407407407407407
1189555.5,Move,0.7584635416666666,0.3263888888888889
1189575.5,Move,0.7584635416666666,0.3263888888888889
1189602.1999999993,Move,0.759765625,0.3263888888888889
1189637.6000000015,Move,0.7584635416666666,0.3263888888888889
1189653.1000000015,Move,0.755859375,0.3263888888888889
1189669.3000000007,Move,0.748046875,0.3263888888888889
1189685.1999999993,Move,0.744140625,0.3263888888888889
1189701.1000000015,Move,0.740234375,0.32407407407407407
1189725,Move,0.7311197916666666,0.32407407407407407
1189740.8999999985,Move,0.720703125,0.32175925925925924
1189757.6999999993,Move,0.6998697916666666,0.31712962962962965
1189773.3999999985,Move,0.669921875,0.30787037037037035
1189788.5,Move,0.642578125,0.30092592592592593
1189805.1000000015,Move,0.611328125,0.28935185185185186
1189822.3000000007,Move,0.5592447916666666,0.27546296296296297
1189838.6000000015,Move,0.494140625,0.2662037037037037
1189854.1000000015,Move,0.4225260416666667,0.27546296296296297
1189870.1999999993,Move,0.3678385416666667,0.28935185185185186
1189885.6000000015,Move,0.3274739583333333,0.2986111111111111
1189908.6999999993,Move,0.3053385416666667,0.30092592592592593
1189924.1999999993,Move,0.3014322916666667,0.30092592592592593
1189940,Move,0.2975260416666667,0.30324074074074076
1189957,Move,0.2936197916666667,0.30324074074074076
1189973.3999999985,Move,0.2897135416666667,0.30324074074074076
1189988.8999999985,Move,0.287109375,0.30324074074074076
1190005.1999999993,Move,0.2819010416666667,0.30324074074074076
1190021.5,Move,0.2688802083333333,0.30324074074074076
1190037,Move,0.259765625,0.30324074074074076
1190052.6000000015,Move,0.2545572916666667,0.30324074074074076
1190106.5,Move,0.2545572916666667,0.30324074074074076
1190120.8999999985,Move,0.2545572916666667,0.3055555555555556
1190141.1999999993,Move,0.2545572916666667,0.30787037037037035
1190155.3000000007,Move,0.255859375,0.3101851851851852
1190169.6000000015,Move,0.2571614583333333,0.3125
1190190.6999999993,Move,0.2571614583333333,0.3148148148148148
1190206.5,Move,0.2584635416666667,0.31712962962962965
1190219.1999999993,Move,0.2584635416666667,0.3194444444444444
1190239.8999999985,Move,0.2610677083333333,0.3263888888888889
1190254.8999999985,Move,0.2623697916666667,0.33564814814814814
1190275.3000000007,Move,0.267578125,0.3449074074074074
1190290,Move,0.2701822916666667,0.3449074074074074
1190304.8000000007,Move,0.2727864583333333,0.3472222222222222
1190324.8000000007,Move,0.2884114583333333,0.35185185185185186
1190339.1999999993,Move,0.3014322916666667,0.3541666666666667
1190352.8999999985,Move,0.3170572916666667,0.3587962962962963
1190373.8000000007,Move,0.3483072916666667,0.3680555555555556
1190388.1000000015,Move,0.3704427083333333,0.375
1190403.1000000015,Move,0.3938802083333333,0.3819444444444444
1190423.1000000015,Move,0.4303385416666667,0.39351851851851855
1190436.8000000007,Move,0.4524739583333333,0.40046296296296297
1190458.6000000015,Move,0.486328125,0.4097222222222222
1190471.8999999985,Move,0.5084635416666666,0.4166666666666667
1190486.3999999985,Move,0.5227864583333334,0.4212962962962963
1190507,Move,0.5553385416666666,0.43287037037037035
1190521.5,Move,0.5865885416666666,0.44212962962962965
1190541.6999999993,Move,0.630859375,0.4583333333333333
1190556.8999999985,Move,0.7076822916666666,0.4837962962962963
1190757.1999999993,Move,0.7688802083333334,0.48842592592592593
1190771,Move,0.7662760416666666,0.48842592592592593
1190785.1999999993,Move,0.7623697916666666,0.4861111111111111
1190805.3999999985,Move,0.7584635416666666,0.4837962962962963
1190813,Move,0.7571614583333334,0.48148148148148145
1190892.8999999985,Move,0.7571614583333334,0.4791666666666667
1190976.5,Move,0.7571614583333334,0.4791666666666667
1191140.3999999985,Move,0.7545572916666666,0.47685185185185186
1191154.8999999985,Move,0.7532552083333334,0.47685185185185186
1191175.1999999993,Move,0.7454427083333334,0.4722222222222222
1191190,Move,0.7376302083333334,0.4652777777777778
1191204.5,Move,0.7350260416666666,0.4652777777777778
1191225.5,Move,0.7298177083333334,0.46064814814814814
1191239.1000000015,Move,0.720703125,0.45601851851851855
1191253.3999999985,Move,0.7154947916666666,0.4513888888888889
1191273.5,Move,0.7115885416666666,0.44907407407407407
1191287.6999999993,Move,0.7037760416666666,0.4444444444444444
1191301.6000000015,Move,0.6946614583333334,0.4375
1191323.1000000015,Move,0.673828125,0.4236111111111111
1191337.6999999993,Move,0.6569010416666666,0.41203703703703703
1191351,Move,0.6399739583333334,0.39814814814814814
1191371.3999999985,Move,0.615234375,0.37962962962962965
1191386.1000000015,Move,0.5983072916666666,0.3680555555555556
1191407.3999999985,Move,0.5748697916666666,0.35185185185185186
1191421.1000000015,Move,0.5592447916666666,0.3425925925925926
1191436.1999999993,Move,0.5358072916666666,0.3263888888888889
1191457,Move,0.5032552083333334,0.3148148148148148
1191471.1999999993,Move,0.4694010416666667,0.30324074074074076
1191491,Move,0.4173177083333333,0.2847222222222222
1191505.6000000015,Move,0.3873697916666667,0.26851851851851855
1191519.5,Move,0.3782552083333333,0.2638888888888889
1191540.3000000007,Move,0.3587239583333333,0.25462962962962965
1191635.6000000015,Move,0.357421875,0.2523148148148148
1191660.1000000015,Move,0.357421875,0.2523148148148148
1191685.3999999985,Move,0.3561197916666667,0.2523148148148148
1191693,Move,0.3561197916666667,0.2523148148148148
1191717.6000000015,Move,0.3548177083333333,0.2523148148148148
1191740.3000000007,Move,0.353515625,0.2523148148148148
1191756.1999999993,Move,0.3522135416666667,0.2523148148148148
1191772.1000000015,Move,0.3509114583333333,0.2523148148148148
1191788.8999999985,Move,0.349609375,0.2523148148148148
1191804.8999999985,Move,0.3483072916666667,0.2523148148148148
1191822.1000000015,Move,0.3444010416666667,0.25
1191837.6999999993,Move,0.3391927083333333,0.25
1191853.3000000007,Move,0.3365885416666667,0.25
1191869.3000000007,Move,0.3352864583333333,0.25
1191887,Move,0.333984375,0.25
1191907.1000000015,Move,0.3326822916666667,0.25
1191920.8999999985,Move,0.3287760416666667,0.2523148148148148
1191935.8000000007,Move,0.3235677083333333,0.2523148148148148
1191956.8000000007,Move,0.3157552083333333,0.25462962962962965
1191970.1000000015,Move,0.310546875,0.25462962962962965
1191991.5,Move,0.3040364583333333,0.2569444444444444
1192006,Move,0.2975260416666667,0.25925925925925924
1192019.8999999985,Move,0.294921875,0.26157407407407407
1192039.6000000015,Move,0.291015625,0.26157407407407407
1192054.3999999985,Move,0.2858072916666667,0.2662037037037037
1192074.8999999985,Move,0.2805989583333333,0.27314814814814814
1192089.1000000015,Move,0.2766927083333333,0.2777777777777778
1192103.3999999985,Move,0.2740885416666667,0.2824074074074074
1192124.1999999993,Move,0.271484375,0.28703703703703703
1192137.6000000015,Move,0.2688802083333333,0.28935185185185186
1192152.8999999985,Move,0.267578125,0.2916666666666667
1192172.8000000007,Move,0.2662760416666667,0.29398148148148145
1192187.6000000015,Move,0.267578125,0.29398148148148145
1192208.6999999993,Move,0.2662760416666667,0.29398148148148145
1192222.1000000015,Move,0.2649739583333333,0.29398148148148145
1192228.8000000007,Move,0.263671875,0.29398148148148145
1192257.1999999993,Move,0.263671875,0.2962962962962963
1192271.6000000015,Move,0.263671875,0.2986111111111111
1192278.1000000015,Move,0.2623697916666667,0.2986111111111111
1192332.1999999993,Move,0.2623697916666667,0.2986111111111111
1192386.5,Move,0.2610677083333333,0.2986111111111111
1192413.8000000007,Move,0.2610677083333333,0.2986111111111111
1192441.8000000007,Move,0.259765625,0.2986111111111111
1192468.5,Move,0.259765625,0.2986111111111111
1192494.8000000007,Move,0.2584635416666667,0.2986111111111111
1192522.1999999993,Move,0.2571614583333333,0.2986111111111111
1192558.1000000015,Move,0.2571614583333333,0.30092592592592593
1192571.6000000015,Move,0.259765625,0.30324074074074076
1192591.8000000007,Move,0.2623697916666667,0.32407407407407407
1192606.3000000007,Move,0.2662760416666667,0.3541666666666667
1192619.8000000007,Move,0.275390625,0.4027777777777778
1192640.3000000007,Move,0.279296875,0.42824074074074076
1192655.5,Move,0.2805989583333333,0.4305555555555556
1192669.1000000015,Move,0.2805989583333333,0.4351851851851852
1192689.8000000007,Move,0.2845052083333333,0.4398148148148148
1192704.6999999993,Move,0.2858072916666667,0.4398148148148148
1192719.1999999993,Move,0.2936197916666667,0.4398148148148148
1192740.1999999993,Move,0.306640625,0.4398148148148148
1192755.3999999985,Move,0.3092447916666667,0.4398148148148148
1192774.8999999985,Move,0.322265625,0.44212962962962965
1192788.6000000015,Move,0.3287760416666667,0.4444444444444444
1192802.8999999985,Move,0.3313802083333333,0.4444444444444444
1192824.3999999985,Move,0.3444010416666667,0.44675925925925924
1192837.8000000007,Move,0.357421875,0.44907407407407407
1192852.3999999985,Move,0.373046875,0.4537037037037037
1192872.8000000007,Move,0.400390625,0.46296296296296297
1192886.6999999993,Move,0.4173177083333333,0.4699074074074074
1192908.1999999993,Move,0.4446614583333333,0.4791666666666667
1192921.8000000007,Move,0.4615885416666667,0.4837962962962963
1192936.5,Move,0.4798177083333333,0.48842592592592593
1192957.8999999985,Move,0.5319010416666666,0.47685185185185186
1192971.1000000015,Move,0.5735677083333334,0.46064814814814814
1192985.1999999993,Move,0.6608072916666666,0.4305555555555556
1193006.8000000007,Move,0.7467447916666666,0.4074074074074074
1193020.3000000007,Move,0.7662760416666666,0.4050925925925926
1193288.5,Move,0.767578125,0.4398148148148148
1193304.1000000015,Move,0.759765625,0.45601851851851855
1193320.3999999985,Move,0.755859375,0.46064814814814814
1193327.1000000015,Move,0.7545572916666666,0.46296296296296297
1193364.8000000007,Move,0.7545572916666666,0.46064814814814814
1193419.6000000015,Move,0.7545572916666666,0.46064814814814814
1193475,Move,0.7545572916666666,0.46064814814814814
1193528.1000000015,Move,0.7532552083333334,0.46064814814814814
1193581.3000000007,Move,0.7532552083333334,0.4583333333333333
1193636,Move,0.7376302083333334,0.4537037037037037
1193657.6000000015,Move,0.7180989583333334,0.44675925925925924
1193674.1999999993,Move,0.6985677083333334,0.4375
1193691.6999999993,Move,0.673828125,0.4236111111111111
1193706.3999999985,Move,0.6555989583333334,0.41435185185185186
1193720.3000000007,Move,0.6360677083333334,0.4050925925925926
1193740.8000000007,Move,0.6087239583333334,0.3958333333333333
1193755,Move,0.5930989583333334,0.3912037037037037
1193768.8000000007,Move,0.5735677083333334,0.3888888888888889
1193789.6000000015,Move,0.5384114583333334,0.39351851851851855
1193804.3000000007,Move,0.5188802083333334,0.3958333333333333
1193824.6999999993,Move,0.478515625,0.3958333333333333
1193839.5,Move,0.4576822916666667,0.3958333333333333
1193852.5,Move,0.4420572916666667,0.39351851851851855
1193874.6999999993,Move,0.416015625,0.3888888888888889
1193955.5,Move,0.4147135416666667,0.38657407407407407
1193970.3999999985,Move,0.412109375,0.38657407407407407
1193990.6999999993,Move,0.4069010416666667,0.3819444444444444
1194004.1999999993,Move,0.404296875,0.37962962962962965
1194019.1000000015,Move,0.4016927083333333,0.37962962962962965
1194040.3000000007,Move,0.3977864583333333,0.3773148148148148
1194054.1999999993,Move,0.396484375,0.375
1194060.6999999993,Move,0.3951822916666667,0.375
1194125,Move,0.396484375,0.3726851851851852
1194139.6000000015,Move,0.396484375,0.3726851851851852
1194153.6000000015,Move,0.400390625,0.3726851851851852
1194174.6999999993,Move,0.4016927083333333,0.3726851851851852
1194187.6000000015,Move,0.404296875,0.37037037037037035
1194202.3999999985,Move,0.408203125,0.3680555555555556
1194222,Move,0.4095052083333333,0.3680555555555556
1194236.6000000015,Move,0.412109375,0.3680555555555556
1194257.8999999985,Move,0.419921875,0.36342592592592593
1194272.5,Move,0.4264322916666667,0.3611111111111111
1194286.1999999993,Move,0.4329427083333333,0.3587962962962963
1194307.8999999985,Move,0.4446614583333333,0.3541666666666667
1194321.1000000015,Move,0.4524739583333333,0.34953703703703703
1194342.1000000015,Move,0.462890625,0.3472222222222222
1194355.8000000007,Move,0.4720052083333333,0.3425925925925926
1194370.8000000007,Move,0.4850260416666667,0.33796296296296297
1194390.3999999985,Move,0.5188802083333334,0.3263888888888889
1194405,Move,0.5345052083333334,0.32175925925925924
1194419.5,Move,0.5462239583333334,0.31712962962962965
1194439.3000000007,Move,0.556640625,0.3148148148148148
1194486,Move,0.5553385416666666,0.3148148148148148
1194502.1000000015,Move,0.5553385416666666,0.31712962962962965
1194517.3000000007,Move,0.5553385416666666,0.31712962962962965
1194532.3999999985,Move,0.5540364583333334,0.3194444444444444
1194548.8999999985,Move,0.5540364583333334,0.32175925925925924
1194562.8999999985,Move,0.5540364583333334,0.32175925925925924
1194577.3000000007,Move,0.552734375,0.32407407407407407
1194608.6999999993,Move,0.5514322916666666,0.3263888888888889
1194638.8999999985,Move,0.5514322916666666,0.3287037037037037
1194713.8999999985,Move,0.5501302083333334,0.3263888888888889
1194741.8999999985,Move,0.548828125,0.3263888888888889
1194757.1999999993,Move,0.5462239583333334,0.32407407407407407
1194770.3999999985,Move,0.5436197916666666,0.32175925925925924
1194791.3000000007,Move,0.5384114583333334,0.31712962962962965
1194805,Move,0.5345052083333334,0.3125
1194825.6999999993,Move,0.525390625,0.30324074074074076
1194839.1000000015,Move,0.5201822916666666,0.2962962962962963
1194854.6000000015,Move,0.513671875,0.28935185185185186
1194875.1999999993,Move,0.5045572916666666,0.2777777777777778
1194889.8999999985,Move,0.498046875,0.2708333333333333
1194902.6999999993,Move,0.4928385416666667,0.2638888888888889
1194923.1999999993,Move,0.4837239583333333,0.2523148148148148
1194938.1000000015,Move,0.4772135416666667,0.24537037037037038
1194951.8999999985,Move,0.4720052083333333,0.23842592592592593
1194973.1000000015,Move,0.462890625,0.22916666666666666
1194986,Move,0.455078125,0.22685185185185186
1195008.3999999985,Move,0.4381510416666667,0.2199074074074074
1195022,Move,0.427734375,0.2175925925925926
1195036.1999999993,Move,0.416015625,0.21296296296296297
1195057.6000000015,Move,0.3756510416666667,0.18981481481481483
1195070.8999999985,Move,0.3548177083333333,0.1736111111111111
1195077.3000000007,Move,0.3522135416666667,0.1712962962962963
1195149.8000000007,Move,0.3509114583333333,0.1736111111111111
1195171.5,Move,0.3509114583333333,0.1736111111111111
1195185.1999999993,Move,0.3509114583333333,0.1736111111111111
1195207.5,Move,0.349609375,0.1736111111111111
1195240.3000000007,Move,0.3483072916666667,0.1736111111111111
1195254.8999999985,Move,0.3470052083333333,0.1736111111111111
1195275.1000000015,Move,0.345703125,0.17592592592592593
1195289.6000000015,Move,0.3444010416666667,0.1736111111111111
1195304.8000000007,Move,0.3430989583333333,0.1736111111111111
1195324.3000000007,Move,0.3404947916666667,0.1736111111111111
1195338.3000000007,Move,0.3352864583333333,0.17592592592592593
1195354.1999999993,Move,0.3326822916666667,0.17592592592592593
1195367.3999999985,Move,0.3313802083333333,0.17592592592592593
1195388.1000000015,Move,0.330078125,0.17592592592592593
1195396.1000000015,Move,0.330078125,0.17592592592592593
1195416.1000000015,Move,0.3287760416666667,0.17824074074074073
1195437.6000000015,Move,0.3274739583333333,0.17824074074074073
1195451.3000000007,Move,0.326171875,0.17824074074074073
1195471.8999999985,Move,0.322265625,0.18055555555555555
1195487.1999999993,Move,0.3209635416666667,0.18287037037037038
1195506.6000000015,Move,0.3170572916666667,0.18287037037037038
1195521.1999999993,Move,0.3131510416666667,0.18518518518518517
1195541.5,Move,0.3092447916666667,0.1875
1195556.1000000015,Move,0.306640625,0.1875
1195569.6999999993,Move,0.3040364583333333,0.18981481481481483
1195591.8000000007,Move,0.298828125,0.18981481481481483
1195605.5,Move,0.294921875,0.19212962962962962
1195618.5,Move,0.2923177083333333,0.19212962962962962
1195639.3999999985,Move,0.2884114583333333,0.19444444444444445
1195654.1999999993,Move,0.2845052083333333,0.19675925925925927
1195668,Move,0.2819010416666667,0.19675925925925927
1195688.8000000007,Move,0.2766927083333333,0.19907407407407407
1195703.1999999993,Move,0.2701822916666667,0.2037037037037037
1195724,Move,0.2584635416666667,0.20833333333333334
1195737.8000000007,Move,0.251953125,0.21064814814814814
1195753,Move,0.24153645833333334,0.2175925925925926
1195772.8999999985,Move,0.21549479166666666,0.22916666666666666
1195787.1999999993,Move,0.205078125,0.2337962962962963
1195793.8999999985,Move,0.20377604166666666,0.2337962962962963
1195941.1999999993,Move,0.20377604166666666,0.2337962962962963
1195955.5,Move,0.20377604166666666,0.2361111111111111
1195966.1000000015,Move,0.205078125,0.2361111111111111
1195986.3000000007,Move,0.205078125,0.23842592592592593
1195996.1000000015,Move,0.205078125,0.24074074074074073
1196025.1999999993,Move,0.205078125,0.24305555555555555
1196055.5,Move,0.20638020833333334,0.24537037037037038
1196066.5,Move,0.20768229166666666,0.24768518518518517
1196086.1999999993,Move,0.208984375,0.2523148148148148
1196104.1000000015,Move,0.21158854166666666,0.25462962962962965
1196124.8000000007,Move,0.220703125,0.25925925925925924
1196139.6999999993,Move,0.22200520833333334,0.26157407407407407
1196153.8000000007,Move,0.22721354166666666,0.2638888888888889
1196173.1000000015,Move,0.23372395833333334,0.26851851851851855
1196188.3000000007,Move,0.23763020833333334,0.27314814814814814
1196209,Move,0.2506510416666667,0.2824074074074074
1196223,Move,0.263671875,0.29398148148148145
1196237.3000000007,Move,0.275390625,0.3055555555555556
1196258,Move,0.2936197916666667,0.32175925925925924
1196272.8000000007,Move,0.306640625,0.3287037037037037
1196287.8999999985,Move,0.3235677083333333,0.33564814814814814
1196306.6000000015,Move,0.3665364583333333,0.35185185185185186
1196320.8999999985,Move,0.419921875,0.37037037037037035
1196336.5,Move,0.4459635416666667,0.3819444444444444
1196355.8000000007,Move,0.4641927083333333,0.3912037037037037
1196448.1999999993,Move,0.4641927083333333,0.3912037037037037
1196470.1999999993,Move,0.4654947916666667,0.3912037037037037
1196491.3000000007,Move,0.466796875,0.3888888888888889
1196505.8000000007,Move,0.4694010416666667,0.3888888888888889
1196519.1000000015,Move,0.470703125,0.38657407407407407
1196539.8999999985,Move,0.4733072916666667,0.38425925925925924
1196554.3000000007,Move,0.4759114583333333,0.3819444444444444
1196569.5,Move,0.4798177083333333,0.37962962962962965
1196588.1000000015,Move,0.490234375,0.3726851851851852
1196673.3999999985,Move,0.490234375,0.37037037037037035
1196765.6000000015,Move,0.490234375,0.3680555555555556
1196950,Move,0.4889322916666667,0.37037037037037035
1196971.6999999993,Move,0.4889322916666667,0.37037037037037035
1196986.8000000007,Move,0.4876302083333333,0.3726851851851852
1197000,Move,0.486328125,0.375
1197020.5,Move,0.4850260416666667,0.3773148148148148
1197028.1000000015,Move,0.4837239583333333,0.3773148148148148
1197057.1000000015,Move,0.4798177083333333,0.3819444444444444
1197070.8999999985,Move,0.474609375,0.3888888888888889
1197090.8000000007,Move,0.4615885416666667,0.39814814814814814
1197105.1999999993,Move,0.455078125,0.4027777777777778
1197118,Move,0.443359375,0.41203703703703703
1197139.8999999985,Move,0.4212239583333333,0.4398148148148148
1197154.5,Move,0.4069010416666667,0.4699074074074074
1197175.3000000007,Move,0.392578125,0.5092592592592593
1197188.5,Move,0.3873697916666667,0.5231481481481481
1197202.1999999993,Move,0.384765625,0.5277777777777778
1197224.5,Move,0.384765625,0.5324074074074074
1197237.8000000007,Move,0.3834635416666667,0.5347222222222222
1197252.6999999993,Move,0.3834635416666667,0.5370370370370371
1197273.3999999985,Move,0.3821614583333333,0.5393518518518519
1197279.1999999993,Move,0.3821614583333333,0.5393518518518519
1197307.6999999993,Move,0.376953125,0.5462962962962963
1197322.5,Move,0.3756510416666667,0.5486111111111112
1197336.3000000007,Move,0.3743489583333333,0.5486111111111112
1197404.3000000007,Move,0.3756510416666667,0.5509259259259259
1197421.6000000015,Move,0.376953125,0.5509259259259259
1197437,Move,0.3782552083333333,0.5509259259259259
1197453.3999999985,Move,0.3795572916666667,0.5532407407407407
1197460.8999999985,Move,0.380859375,0.5532407407407407
1197484.8000000007,Move,0.3821614583333333,0.5532407407407407
1197501.8999999985,Move,0.3834635416666667,0.5532407407407407
1197525,Move,0.384765625,0.5532407407407407
1197533,Move,0.3860677083333333,0.5532407407407407
1197556.8999999985,Move,0.3873697916666667,0.5532407407407407
1197573,Move,0.388671875,0.5532407407407407
1197588.1000000015,Move,0.392578125,0.5509259259259259
1197602.5,Move,0.4095052083333333,0.5462962962962963
1197623,Move,0.439453125,0.5324074074074074
1197637.6000000015,Move,0.466796875,0.5185185185185185
1197658.3000000007,Move,0.498046875,0.5023148148148148
1197670.8999999985,Move,0.525390625,0.4930555555555556
1197686.1999999993,Move,0.5397135416666666,0.48842592592592593
1197706.8000000007,Move,0.5696614583333334,0.4861111111111111
1197721.5,Move,0.5930989583333334,0.48842592592592593
1197741.8999999985,Move,0.6256510416666666,0.4930555555555556
1197755.6000000015,Move,0.6399739583333334,0.49537037037037035
1197769.6000000015,Move,0.654296875,0.49537037037037035
1197790.5,Move,0.666015625,0.49537037037037035
1197805.6000000015,Move,0.6686197916666666,0.49537037037037035
1197820,Move,0.6712239583333334,0.49537037037037035
1197839.5,Move,0.6751302083333334,0.4930555555555556
1197846.6000000015,Move,0.6764322916666666,0.4930555555555556
1197875.3999999985,Move,0.6790364583333334,0.4930555555555556
1197925,Move,0.6790364583333334,0.49537037037037035
1197954.1000000015,Move,0.6790364583333334,0.49537037037037035
1197968,Move,0.6790364583333334,0.49537037037037035
1197988.3999999985,Move,0.6803385416666666,0.4976851851851852
1198003.5,Move,0.6803385416666666,0.5046296296296297
1198023.8000000007,Move,0.681640625,0.5138888888888888
1198037.1999999993,Move,0.681640625,0.5231481481481481
1198052.8999999985,Move,0.681640625,0.5300925925925926
1198072.6999999993,Move,0.681640625,0.5324074074074074
1198093.6999999993,Move,0.681640625,0.5324074074074074
1198122.8000000007,Move,0.681640625,0.5347222222222222
1198152.3000000007,Move,0.6790364583333334,0.5370370370370371
1198175.1000000015,Move,0.6686197916666666,0.5370370370370371
1198192.1999999993,Move,0.6595052083333334,0.5370370370370371
1198208.3000000007,Move,0.6477864583333334,0.5393518518518519
1198224.1999999993,Move,0.6139322916666666,0.5439814814814815
1198239.8999999985,Move,0.564453125,0.5555555555555556
1198255.5,Move,0.4928385416666667,0.5717592592592593
1198272.6000000015,Move,0.3977864583333333,0.5787037037037037
1198287.6000000015,Move,0.3352864583333333,0.5578703703703703
1198303.1999999993,Move,0.3001302083333333,0.5486111111111112
1198320,Move,0.2936197916666667,0.5462962962962963
1198336,Move,0.2897135416666667,0.5462962962962963
1198352.3999999985,Move,0.2845052083333333,0.5462962962962963
1198375.5,Move,0.2727864583333333,0.5462962962962963
1198392,Move,0.259765625,0.5462962962962963
1198399.1000000015,Move,0.255859375,0.5462962962962963
1198488.5,Move,0.255859375,0.5462962962962963
1198503.1999999993,Move,0.255859375,0.5439814814814815
1198524.5,Move,0.255859375,0.5393518518518519
1198538.3999999985,Move,0.2545572916666667,0.5324074074074074
1198557.8999999985,Move,0.251953125,0.5115740740740741
1198565.5,Move,0.2506510416666667,0.5092592592592593
1198580.6000000015,Move,0.2506510416666667,0.5069444444444444
1198602.1000000015,Move,0.2506510416666667,0.5046296296296297
1198624.1000000015,Move,0.251953125,0.5023148148148148
1198636.1999999993,Move,0.2532552083333333,0.5023148148148148
1198658.5,Move,0.2584635416666667,0.5
1198672.3999999985,Move,0.263671875,0.4976851851851852
1198685.5,Move,0.2701822916666667,0.49537037037037035
1198706.8999999985,Move,0.2805989583333333,0.49537037037037035
1198721.3000000007,Move,0.287109375,0.49537037037037035
1198741.5,Move,0.2962239583333333,0.49537037037037035
1198755.8999999985,Move,0.302734375,0.49537037037037035
1198770.3000000007,Move,0.310546875,0.49074074074074076
1198790.8000000007,Move,0.3235677083333333,0.4837962962962963
1198805.3999999985,Move,0.337890625,0.47453703703703703
1198825.6999999993,Move,0.3665364583333333,0.4537037037037037
1198840.6000000015,Move,0.3977864583333333,0.4351851851851852
1198854.6000000015,Move,0.435546875,0.41435185185185186
1198860.5,Move,0.4420572916666667,0.41203703703703703
1198920.5,Move,0.4407552083333333,0.41435185185185186
1198941.8999999985,Move,0.4381510416666667,0.41898148148148145
1198956.3000000007,Move,0.4368489583333333,0.4236111111111111
1198971,Move,0.4329427083333333,0.42824074074074076
1198991.5,Move,0.4290364583333333,0.43287037037037035
1198997.8999999985,Move,0.4290364583333333,0.43287037037037035
1199012.1999999993,Move,0.4290364583333333,0.4351851851851852
1199056.6999999993,Move,0.431640625,0.43287037037037035
1199070.6999999993,Move,0.4381510416666667,0.4236111111111111
1199091.3000000007,Move,0.443359375,0.4166666666666667
1199104.8000000007,Move,0.4524739583333333,0.4074074074074074
1199125.8000000007,Move,0.4576822916666667,0.40046296296296297
1199140.1999999993,Move,0.4680989583333333,0.38657407407407407
1199153,Move,0.4837239583333333,0.36574074074074076
1199175.3000000007,Move,0.5071614583333334,0.33796296296296297
1199188.6000000015,Move,0.521484375,0.32175925925925924
1199203.3000000007,Move,0.5358072916666666,0.30787037037037035
1199223.8000000007,Move,0.5748697916666666,0.2708333333333333
1199238.6000000015,Move,0.623046875,0.22685185185185186
1199251.6000000015,Move,0.646484375,0.20601851851851852
1199266.3999999985,Move,0.6595052083333334,0.19212962962962962
1199308,Move,0.6569010416666666,0.19212962962962962
1199325.1999999993,Move,0.654296875,0.19212962962962962
1199339.8999999985,Move,0.6529947916666666,0.19444444444444445
1199357.1999999993,Move,0.6490885416666666,0.19212962962962962
1199372.6000000015,Move,0.6477864583333334,0.19444444444444445
1199388.8999999985,Move,0.6477864583333334,0.19675925925925927
1199403.6999999993,Move,0.646484375,0.19907407407407407
1199420,Move,0.6451822916666666,0.19907407407407407
1199436.6999999993,Move,0.6438802083333334,0.2013888888888889
1199452.5,Move,0.642578125,0.2037037037037037
1199468.8000000007,Move,0.6412760416666666,0.20601851851851852
1199485.1000000015,Move,0.6399739583333334,0.20601851851851852
1199506.8999999985,Move,0.6373697916666666,0.20833333333333334
1199520.6999999993,Move,0.6321614583333334,0.21064814814814814
1199536.3000000007,Move,0.6256510416666666,0.21296296296296297
1199555.8999999985,Move,0.6126302083333334,0.2152777777777778
1199569.3000000007,Move,0.6022135416666666,0.2152777777777778
1199591.6999999993,Move,0.587890625,0.2152777777777778
1199605.3999999985,Move,0.5774739583333334,0.2152777777777778
1199619.1999999993,Move,0.568359375,0.2199074074074074
1199640.1999999993,Move,0.5553385416666666,0.22916666666666666
1199654.3000000007,Move,0.5436197916666666,0.23842592592592593
1199674.6999999993,Move,0.5162760416666666,0.25925925925925924
1199688.3000000007,Move,0.490234375,0.2800925925925926
1199704.3999999985,Move,0.447265625,0.3055555555555556
1199710.1000000015,Move,0.439453125,0.30787037037037035
1199789.8999999985,Move,0.439453125,0.30787037037037035
1199823.8000000007,Move,0.4381510416666667,0.3055555555555556
1199839.8999999985,Move,0.439453125,0.3055555555555556
1199855.6000000015,Move,0.4420572916666667,0.30092592592592593
1199870.8999999985,Move,0.4446614583333333,0.29398148148148145
1199887.8999999985,Move,0.4459635416666667,0.2916666666666667
1199894.6000000015,Move,0.4459635416666667,0.2916666666666667
1199911,Move,0.4459635416666667,0.28935185185185186
1199926.8000000007,Move,0.447265625,0.28935185185185186
1199950.3999999985,Move,0.4459635416666667,0.2916666666666667
1199986.1999999993,Move,0.4446614583333333,0.2916666666666667
1199993.8999999985,Move,0.4446614583333333,0.29398148148148145
1200023.5,Move,0.443359375,0.29398148148148145
1200035.8999999985,Move,0.4420572916666667,0.2962962962962963
1200057.3000000007,Move,0.4407552083333333,0.2986111111111111
1200071.1999999993,Move,0.4368489583333333,0.30324074074074076
1200085.6999999993,Move,0.4329427083333333,0.3101851851851852
1200106.3000000007,Move,0.4225260416666667,0.32407407407407407
1200120.3000000007,Move,0.4173177083333333,0.33101851851851855
1200141.3999999985,Move,0.4029947916666667,0.35185185185185186
1200155.6999999993,Move,0.3912760416666667,0.36574074074074076
1200169.6999999993,Move,0.3821614583333333,0.3773148148148148
1200190.6000000015,Move,0.3743489583333333,0.38657407407407407
1200203.6999999993,Move,0.369140625,0.3912037037037037
1200225.1000000015,Move,0.3678385416666667,0.3958333333333333
1200232.6999999993,Move,0.3665364583333333,0.3958333333333333
1200253,Move,0.365234375,0.39814814814814814
1200274.3000000007,Move,0.3639322916666667,0.39814814814814814
1200287.8000000007,Move,0.3639322916666667,0.39814814814814814
1200322.3000000007,Move,0.3626302083333333,0.40046296296296297
1200336.3999999985,Move,0.361328125,0.4027777777777778
1200351.8999999985,Move,0.3600260416666667,0.4050925925925926
1200459.6000000015,Move,0.3600260416666667,0.4050925925925926
1200506.8000000007,Move,0.3600260416666667,0.4097222222222222
1200523.5,Move,0.3600260416666667,0.4166666666666667
1200541.6000000015,Move,0.3600260416666667,0.4212962962962963
1200559.5,Move,0.3600260416666667,0.4236111111111111
1200605.6000000015,Move,0.3626302083333333,0.4212962962962963
1200620,Move,0.3678385416666667,0.4166666666666667
1200641.6999999993,Move,0.408203125,0.39814814814814814
1200655.5,Move,0.4459635416666667,0.3912037037037037
1200669.8000000007,Move,0.4759114583333333,0.38657407407407407
1200690,Move,0.529296875,0.3680555555555556
1200704.5,Move,0.5501302083333334,0.3541666666666667
1200724.8999999985,Move,0.5904947916666666,0.30787037037037035
1200739.8999999985,Move,0.6178385416666666,0.2662037037037037
1200753.6999999993,Move,0.6399739583333334,0.2337962962962963
1200773.8000000007,Move,0.6647135416666666,0.2013888888888889
1200788.3000000007,Move,0.673828125,0.19212962962962962
1200808.8000000007,Move,0.677734375,0.1875
1200815.8999999985,Move,0.6790364583333334,0.18518518518518517
1200837.6999999993,Move,0.6842447916666666,0.18287037037037038
1200858.1000000015,Move,0.6868489583333334,0.18055555555555555
1200956.6999999993,Move,0.6868489583333334,0.18287037037037038
1200973.5,Move,0.685546875,0.18981481481481483
1200989.5,Move,0.6842447916666666,0.19444444444444445
1201004.6999999993,Move,0.6829427083333334,0.2013888888888889
1201020.5,Move,0.681640625,0.21064814814814814
1201038.6000000015,Move,0.6803385416666666,0.2222222222222222
1201053.3000000007,Move,0.6790364583333334,0.22685185185185186
1201069.3999999985,Move,0.6790364583333334,0.22916666666666666
1201085.3000000007,Move,0.6790364583333334,0.23148148148148148
1201125.8000000007,Move,0.6790364583333334,0.23148148148148148
1201140.8000000007,Move,0.677734375,0.2337962962962963
1201154.3999999985,Move,0.6725260416666666,0.2361111111111111
1201175,Move,0.6673177083333334,0.23842592592592593
1201189.3000000007,Move,0.662109375,0.24305555555555555
1201203.5,Move,0.6569010416666666,0.24537037037037038
1201223.3000000007,Move,0.634765625,0.25925925925925924
1201238.8000000007,Move,0.6087239583333334,0.2777777777777778
1201258.8999999985,Move,0.564453125,0.3125
1201273.8999999985,Move,0.5162760416666666,0.3472222222222222
1201287.3000000007,Move,0.4602864583333333,0.38425925925925924
1201308.1999999993,Move,0.3899739583333333,0.40046296296296297
1201321.6999999993,Move,0.3626302083333333,0.39814814814814814
1201336.3000000007,Move,0.3444010416666667,0.40046296296296297
1201357.1999999993,Move,0.3391927083333333,0.4027777777777778
1201371.1000000015,Move,0.3365885416666667,0.4027777777777778
1201391.8000000007,Move,0.3326822916666667,0.4027777777777778
1201405.6000000015,Move,0.330078125,0.4027777777777778
1201419.6999999993,Move,0.3274739583333333,0.4027777777777778
1201440.3000000007,Move,0.3131510416666667,0.4097222222222222
1201455.8999999985,Move,0.3079427083333333,0.41203703703703703
1201461.8999999985,Move,0.3053385416666667,0.41203703703703703
1201557.1999999993,Move,0.306640625,0.4097222222222222
1201574,Move,0.306640625,0.4097222222222222
1201589.8000000007,Move,0.3092447916666667,0.4097222222222222
1201605.3999999985,Move,0.3079427083333333,0.4097222222222222
1201621.6999999993,Move,0.3092447916666667,0.4074074074074074
1201637.8000000007,Move,0.3092447916666667,0.4074074074074074
1201653.6999999993,Move,0.3118489583333333,0.4050925925925926
1201669.5,Move,0.3131510416666667,0.4027777777777778
1201685.3999999985,Move,0.3157552083333333,0.39814814814814814
1201708.8000000007,Move,0.3196614583333333,0.3912037037037037
1201725.6999999993,Move,0.3248697916666667,0.37962962962962965
1201741.3000000007,Move,0.3326822916666667,0.36574074074074076
1201757.1999999993,Move,0.3365885416666667,0.3587962962962963
1201765.8999999985,Move,0.3365885416666667,0.35648148148148145
1201890.8000000007,Move,0.3365885416666667,0.3587962962962963
1201946.6999999993,Move,0.3365885416666667,0.3611111111111111
1202056.8000000007,Move,0.3391927083333333,0.3587962962962963
1202072.3999999985,Move,0.3391927083333333,0.3587962962962963
1202086.3000000007,Move,0.3404947916666667,0.3587962962962963
1202108.3000000007,Move,0.3470052083333333,0.35648148148148145
1202121.8000000007,Move,0.3522135416666667,0.3541666666666667
1202142.3000000007,Move,0.3626302083333333,0.34953703703703703
1202155.8000000007,Move,0.3704427083333333,0.3472222222222222
1202170.3999999985,Move,0.3782552083333333,0.3449074074074074
1202191,Move,0.3912760416666667,0.3402777777777778
1202204.8999999985,Move,0.3990885416666667,0.33796296296296297
1202220.5,Move,0.4069010416666667,0.33564814814814814
1202240.6999999993,Move,0.4186197916666667,0.3333333333333333
1202254.1000000015,Move,0.4264322916666667,0.33101851851851855
1202274.3999999985,Move,0.4407552083333333,0.32407407407407407
1202288.6000000015,Move,0.4524739583333333,0.31712962962962965
1202303.5,Move,0.4720052083333333,0.3055555555555556
1202324.3999999985,Move,0.5006510416666666,0.28935185185185186
1202338.6999999993,Move,0.533203125,0.2708333333333333
1202351.8999999985,Move,0.5787760416666666,0.24768518518518517
1202366.8999999985,Move,0.599609375,0.23842592592592593
1202418.8999999985,Move,0.599609375,0.2361111111111111
1202439.3000000007,Move,0.599609375,0.23148148148148148
1202453.6000000015,Move,0.599609375,0.22916666666666666
1202474.8000000007,Move,0.599609375,0.22685185185185186
1202488.3999999985,Move,0.599609375,0.22453703703703703
1202503,Move,0.599609375,0.2199074074074074
1202524.6000000015,Move,0.599609375,0.2175925925925926
1202538.3000000007,Move,0.599609375,0.21296296296296297
1202552.8000000007,Move,0.599609375,0.21064814814814814
1202567,Move,0.5970052083333334,0.21296296296296297
1202589.3999999985,Move,0.591796875,0.2152777777777778
1202602.6000000015,Move,0.5813802083333334,0.2222222222222222
1202624.1000000015,Move,0.560546875,0.23842592592592593
1202638.6000000015,Move,0.5436197916666666,0.2523148148148148
1202658.5,Move,0.5188802083333334,0.27546296296296297
1202672.8999999985,Move,0.5032552083333334,0.28935185185185186
1202687.1999999993,Move,0.486328125,0.3055555555555556
1202707.6999999993,Move,0.4563802083333333,0.32407407407407407
1202722.1999999993,Move,0.4342447916666667,0.33564814814814814
1202736.8999999985,Move,0.3977864583333333,0.35648148148148145
1202757.5,Move,0.3287760416666667,0.3958333333333333
1202770.3000000007,Move,0.23502604166666666,0.4513888888888889
1202991.1999999993,Move,0.20377604166666666,0.5046296296296297
1203004.8999999985,Move,0.20768229166666666,0.5046296296296297
1203018.8000000007,Move,0.208984375,0.5046296296296297
1203039.8999999985,Move,0.21028645833333334,0.5046296296296297
1203047.3000000007,Move,0.21158854166666666,0.5046296296296297
1203060.8000000007,Move,0.21158854166666666,0.5069444444444444
1203142.8000000007,Move,0.212890625,0.5069444444444444
1203171,Move,0.21419270833333334,0.5069444444444444
1203198.1999999993,Move,0.216796875,0.5092592592592593
1203250.8999999985,Move,0.216796875,0.5092592592592593
1203339.6999999993,Move,0.22200520833333334,0.5069444444444444
1203353.8999999985,Move,0.22721354166666666,0.5046296296296297
1203375.6999999993,Move,0.2623697916666667,0.4837962962962963
1203389,Move,0.279296875,0.4675925925925926
1203404,Move,0.3040364583333333,0.44212962962962965
1203423.8000000007,Move,0.3326822916666667,0.4097222222222222
1203439.1000000015,Move,0.3561197916666667,0.38657407407407407
1203453.3000000007,Move,0.384765625,0.36574074074074076
1203474.5,Move,0.4147135416666667,0.35185185185185186
1203487.1000000015,Move,0.4407552083333333,0.3472222222222222
1203508.3999999985,Move,0.5032552083333334,0.3472222222222222
1203521.8999999985,Move,0.5475260416666666,0.35185185185185186
1203542.5,Move,0.599609375,0.35648148148148145
1203557.3000000007,Move,0.623046875,0.35648148148148145
1203571.1000000015,Move,0.6477864583333334,0.35648148148148145
1203592,Move,0.6647135416666666,0.3541666666666667
1203606.3000000007,Move,0.669921875,0.3541666666666667
1203619.5,Move,0.6725260416666666,0.35185185185185186
1203641.1999999993,Move,0.677734375,0.35185185185185186
1203655.6000000015,Move,0.681640625,0.35185185185185186
1203669.6000000015,Move,0.6829427083333334,0.35185185185185186
1203690.1999999993,Move,0.685546875,0.34953703703703703
1203697.6999999993,Move,0.6868489583333334,0.34953703703703703
1203774.3999999985,Move,0.685546875,0.3541666666666667
1203789.6000000015,Move,0.685546875,0.3587962962962963
1203802.8999999985,Move,0.685546875,0.36342592592592593
1203824,Move,0.6868489583333334,0.3726851851851852
1203838.3000000007,Move,0.685546875,0.37962962962962965
1203859.1999999993,Move,0.685546875,0.38657407407407407
1203873.6999999993,Move,0.6842447916666666,0.3958333333333333
1203887.3000000007,Move,0.6842447916666666,0.4027777777777778
1203901.3000000007,Move,0.6842447916666666,0.4097222222222222
1203921.8999999985,Move,0.6842447916666666,0.41898148148148145
1203937.8000000007,Move,0.6712239583333334,0.4097222222222222
1203959,Move,0.6569010416666666,0.40046296296296297
1203972.3999999985,Move,0.6477864583333334,0.3958333333333333
1203985.6999999993,Move,0.6373697916666666,0.39351851851851855
1204008.5,Move,0.6204427083333334,0.38657407407407407
1204022.1999999993,Move,0.6100260416666666,0.3819444444444444
1204041.8999999985,Move,0.5944010416666666,0.3726851851851852
1204056.1999999993,Move,0.5826822916666666,0.36574074074074076
1204069.3999999985,Move,0.5748697916666666,0.3587962962962963
1204090.6999999993,Move,0.552734375,0.33796296296296297
1204105.3000000007,Move,0.5397135416666666,0.32407407407407407
1204119.6000000015,Move,0.5279947916666666,0.3101851851851852
1204140.8999999985,Move,0.5032552083333334,0.2847222222222222
1204154.1999999993,Move,0.4889322916666667,0.27314814814814814
1204174.6999999993,Move,0.474609375,0.25925925925925924
1204189.8000000007,Move,0.466796875,0.25462962962962965
1204195.6000000015,Move,0.458984375,0.24768518518518517
1204309.1999999993,Move,0.4602864583333333,0.24537037037037038
1204324.3000000007,Move,0.4615885416666667,0.24305555555555555
1204338.1000000015,Move,0.4641927083333333,0.24074074074074073
1204359.1000000015,Move,0.466796875,0.23842592592592593
1204374,Move,0.4680989583333333,0.2361111111111111
1204387.6000000015,Move,0.470703125,0.23148148148148148
1204408,Move,0.4733072916666667,0.22685185185185186
1204423.3000000007,Move,0.474609375,0.2222222222222222
1204436.6999999993,Move,0.4759114583333333,0.2222222222222222
1204443.3000000007,Move,0.4772135416666667,0.2199074074074074
1204675.6000000015,Released,0.4772135416666667,0.2199074074074074
1204761.5,Released,0.4869791666666667,0.6331018518518519