resolution:1536,864
722138.6999999993,Pressed,0.5260416666666666,0.43287037037037035
722243.4000000004,Move,0.5260416666666666,0.43287037037037035
722260.9000000004,Move,0.5260416666666666,0.43287037037037035
722377.5999999996,Move,0.5260416666666666,0.43287037037037035
722508.5,Move,0.5266927083333334,0.4351851851851852
722521.5,Move,0.5279947916666666,0.4351851851851852
722536.8000000007,Move,0.5305989583333334,0.4398148148148148
722556.6999999993,Move,0.533203125,0.44212962962962965
722570.4000000004,Move,0.5358072916666666,0.44675925925925924
722592.5,Move,0.5462239583333334,0.4652777777777778
722605.5999999996,Move,0.556640625,0.48842592592592593
722621,Move,0.568359375,0.5115740740740741
722641.1999999993,Move,0.6048177083333334,0.5648148148148148
722655.8000000007,Move,0.6321614583333334,0.5856481481481481
722669.5,Move,0.6516927083333334,0.5949074074074074
722691.1999999993,Move,0.658203125,0.5995370370370371
722705.0999999996,Move,0.6595052083333334,0.6018518518518519
722719.5,Move,0.662109375,0.6041666666666666
722739.9000000004,Move,0.6634114583333334,0.6041666666666666
722753.9000000004,Move,0.6673177083333334,0.6111111111111112
722775.3000000007,Move,0.6712239583333334,0.6157407407407407
722859.4000000004,Move,0.6725260416666666,0.6157407407407407
723069.9000000004,Move,0.6569010416666666,0.6064814814814815
723077.5999999996,Move,0.6490885416666666,0.6018518518518519
723091.9000000004,Move,0.6360677083333334,0.5925925925925926
723104.6999999993,Move,0.619140625,0.5787037037037037
723119.3000000007,Move,0.603515625,0.5671296296296297
723139.5999999996,Move,0.5774739583333334,0.5462962962962963
723153.5999999996,Move,0.556640625,0.5324074074074074
723175.5,Move,0.5319010416666666,0.5138888888888888
723189.3000000007,Move,0.513671875,0.5023148148148148
723203.3000000007,Move,0.4876302083333333,0.4837962962962963
723223.9000000004,Move,0.4368489583333333,0.4513888888888889
723238.6999999993,Move,0.4055989583333333,0.43287037037037035
723251.8000000007,Move,0.3756510416666667,0.41203703703703703
723273,Move,0.3404947916666667,0.3888888888888889
723287.8000000007,Move,0.3170572916666667,0.375
723303.5,Move,0.2975260416666667,0.3611111111111111
723399.1999999993,Move,0.2975260416666667,0.3611111111111111
723408.0999999996,Move,0.298828125,0.3611111111111111
723420.6999999993,Move,0.3001302083333333,0.36574074074074076
723442.5,Move,0.302734375,0.3680555555555556
723455.3000000007,Move,0.3053385416666667,0.3726851851851852
723470.0999999996,Move,0.3092447916666667,0.3773148148148148
723491.5,Move,0.3118489583333333,0.3819444444444444
723505.4000000004,Move,0.3131510416666667,0.38425925925925924
723556.0999999996,Move,0.3157552083333333,0.3773148148148148
723569,Move,0.3157552083333333,0.375
723590.5999999996,Move,0.318359375,0.3726851851851852
723604.8000000007,Move,0.3196614583333333,0.37037037037037035
723625.5999999996,Move,0.3209635416666667,0.36574074074074076
723639,Move,0.322265625,0.36342592592592593
723652.9000000004,Move,0.3248697916666667,0.36342592592592593
723674.6999999993,Move,0.3274739583333333,0.35648148148148145
723688.1999999993,Move,0.3287760416666667,0.3541666666666667
723703.3000000007,Move,0.330078125,0.35185185185185186
723724.0999999996,Move,0.3326822916666667,0.3472222222222222
723737,Move,0.333984375,0.3449074074074074
723751.8000000007,Move,0.3365885416666667,0.3425925925925926
723771.8000000007,Move,0.3404947916666667,0.33564814814814814
723792.4000000004,Move,0.3430989583333333,0.3287037037037037
723807.0999999996,Move,0.345703125,0.3263888888888889
723820.6999999993,Move,0.3470052083333333,0.32175925925925924
723841.9000000004,Move,0.3509114583333333,0.31712962962962965
723855.9000000004,Move,0.3522135416666667,0.3148148148148148
723870.8000000007,Move,0.3548177083333333,0.3125
723884.6999999993,Move,0.3561197916666667,0.3101851851851852
723905.5,Move,0.357421875,0.30787037037037035
723970.5999999996,Move,0.357421875,0.30787037037037035
723989.9000000004,Move,0.357421875,0.3101851851851852
724017.8000000007,Move,0.357421875,0.3125
724028.4000000004,Move,0.357421875,0.3148148148148148
724048,Move,0.357421875,0.31712962962962965
724123,Move,0.369140625,0.32407407407407407
724130.5999999996,Move,0.3756510416666667,0.3263888888888889
724137.5999999996,Move,0.3795572916666667,0.3287037037037037
724158.1999999993,Move,0.400390625,0.3333333333333333
724173.8000000007,Move,0.4147135416666667,0.33796296296296297
724186.9000000004,Move,0.4329427083333333,0.3402777777777778
724207.3000000007,Move,0.4563802083333333,0.3472222222222222
724220.0999999996,Move,0.4680989583333333,0.35185185185185186
724241.5,Move,0.486328125,0.36342592592592593
724256.3000000007,Move,0.5006510416666666,0.375
724276.0999999996,Move,0.5266927083333334,0.4027777777777778
724290.5999999996,Move,0.5423177083333334,0.4166666666666667
724305.1999999993,Move,0.5592447916666666,0.43287037037037035
724319.9000000004,Move,0.576171875,0.44675925925925924
724340.9000000004,Move,0.5944010416666666,0.4583333333333333
724354.8000000007,Move,0.607421875,0.4652777777777778
724450.8000000007,Move,0.607421875,0.4675925925925926
724476.1999999993,Move,0.607421875,0.4699074074074074
724500.3000000007,Move,0.6087239583333334,0.4722222222222222
724523.3000000007,Move,0.6087239583333334,0.47685185185185186
724535.5999999996,Move,0.6087239583333334,0.4791666666666667
724561.1999999993,Move,0.6100260416666666,0.48148148148148145
724572.3000000007,Move,0.611328125,0.4837962962962963
724593.1999999993,Move,0.611328125,0.4861111111111111
724594.6999999993,Move,0.611328125,0.4861111111111111
724621.4000000004,Move,0.6126302083333334,0.48842592592592593
724716.9000000004,Move,0.611328125,0.48842592592592593
724731.1999999993,Move,0.6126302083333334,0.49074074074074076
724738.0999999996,Move,0.611328125,0.48842592592592593
724758.6999999993,Move,0.607421875,0.48148148148148145
724772.9000000004,Move,0.607421875,0.48148148148148145
724787.4000000004,Move,0.6061197916666666,0.4791666666666667
724801.0999999996,Move,0.603515625,0.47453703703703703
724815.1999999993,Move,0.599609375,0.4699074074074074
724836.8000000007,Move,0.5983072916666666,0.4675925925925926
724857,Move,0.5930989583333334,0.46296296296296297
724871.8000000007,Move,0.5891927083333334,0.4583333333333333
724892.3000000007,Move,0.5787760416666666,0.44907407407407407
724906.9000000004,Move,0.572265625,0.44212962962962965
724921.4000000004,Move,0.5670572916666666,0.4375
724940.8000000007,Move,0.556640625,0.42824074074074076
724955.8000000007,Move,0.5501302083333334,0.4212962962962963
724976.0999999996,Move,0.541015625,0.4050925925925926
724990.9000000004,Move,0.5319010416666666,0.3819444444444444
725004.6999999993,Move,0.5227864583333334,0.3541666666666667
725024.6999999993,Move,0.4967447916666667,0.2777777777777778
725038.6999999993,Move,0.4850260416666667,0.25
725053.0999999996,Move,0.4798177083333333,0.24074074074074073
725074.5,Move,0.4720052083333333,0.22453703703703703
725192.1999999993,Move,0.4720052083333333,0.2222222222222222
725214.5,Move,0.470703125,0.2222222222222222
725235.9000000004,Move,0.470703125,0.2199074074074074
725249.5999999996,Move,0.4694010416666667,0.2199074074074074
725262.8000000007,Move,0.4694010416666667,0.2199074074074074
725272.3000000007,Move,0.4694010416666667,0.2175925925925926
725291.1999999993,Move,0.4680989583333333,0.2175925925925926
725305.5,Move,0.4654947916666667,0.2152777777777778
725320.4000000004,Move,0.462890625,0.21296296296296297
725341.1999999993,Move,0.462890625,0.2152777777777778
725355.9000000004,Move,0.462890625,0.22685185185185186
725369.6999999993,Move,0.462890625,0.25
725390.4000000004,Move,0.4615885416666667,0.2847222222222222
725404,Move,0.4615885416666667,0.30324074074074076
725425.5,Move,0.4615885416666667,0.3425925925925926
725439,Move,0.4615885416666667,0.3587962962962963
725453.8000000007,Move,0.4641927083333333,0.38425925925925924
725474.5,Move,0.4680989583333333,0.43287037037037035
725487.9000000004,Move,0.470703125,0.4652777777777778
725503.5,Move,0.4733072916666667,0.4837962962962963
725522.9000000004,Move,0.474609375,0.5092592592592593
725537,Move,0.4759114583333333,0.5162037037037037
725557.6999999993,Move,0.4759114583333333,0.5185185185185185
725571.8000000007,Move,0.4759114583333333,0.5231481481481481
725587.1999999993,Move,0.4759114583333333,0.5254629629629629
725607,Move,0.4759114583333333,0.5277777777777778
725677.9000000004,Move,0.474609375,0.5300925925925926
725692.5999999996,Move,0.474609375,0.5324074074074074
725707.0999999996,Move,0.474609375,0.5347222222222222
725721.5,Move,0.4733072916666667,0.5370370370370371
725742.6999999993,Move,0.4733072916666667,0.5439814814814815
725756.8000000007,Move,0.4733072916666667,0.5462962962962963
725769.9000000004,Move,0.4733072916666667,0.5486111111111112
725791,Move,0.4733072916666667,0.5509259259259259
725798.6999999993,Move,0.4733072916666667,0.5532407407407407
725819.5999999996,Move,0.4733072916666667,0.5555555555555556
725839.5999999996,Move,0.4733072916666667,0.5578703703703703
725854.0999999996,Move,0.4733072916666667,0.5601851851851852
725861.9000000004,Move,0.4733072916666667,0.5601851851851852
725888.0999999996,Move,0.474609375,0.5625
725902.5999999996,Move,0.474609375,0.5625
725918.3000000007,Move,0.4772135416666667,0.5671296296296297
725941.5,Move,0.482421875,0.5763888888888888
725958,Move,0.4889322916666667,0.5879629629629629
725974.5999999996,Move,0.4915364583333333,0.5949074074074074
725981.8000000007,Move,0.4915364583333333,0.5972222222222222
725996.9000000004,Move,0.4915364583333333,0.5972222222222222
726022.5,Move,0.4928385416666667,0.5972222222222222
726038.6999999993,Move,0.4928385416666667,0.5995370370370371
726055.6999999993,Move,0.4928385416666667,0.5995370370370371
726077,Move,0.4915364583333333,0.5995370370370371
726091.8000000007,Move,0.490234375,0.5995370370370371
726105.9000000004,Move,0.4889322916666667,0.5995370370370371
726119.3000000007,Move,0.4876302083333333,0.5995370370370371
726132.8000000007,Move,0.4850260416666667,0.6018518518518519
726154.6999999993,Move,0.4811197916666667,0.5995370370370371
726174.9000000004,Move,0.4733072916666667,0.5995370370370371
726189,Move,0.4641927083333333,0.5949074074074074
726203.8000000007,Move,0.458984375,0.5925925925925926
726225.5,Move,0.4407552083333333,0.5879629629629629
726238.1999999993,Move,0.4225260416666667,0.5833333333333334
726258.8000000007,Move,0.3873697916666667,0.5810185185185185
726272.8000000007,Move,0.369140625,0.5810185185185185
726286.8000000007,Move,0.3561197916666667,0.5810185185185185
726307.4000000004,Move,0.3509114583333333,0.5810185185185185
726322.5,Move,0.349609375,0.5810185185185185
726336.8000000007,Move,0.3483072916666667,0.5810185185185185
726357.5999999996,Move,0.345703125,0.5810185185185185
726371.3000000007,Move,0.3444010416666667,0.5787037037037037
726385.5999999996,Move,0.3444010416666667,0.5787037037037037
726406.1999999993,Move,0.337890625,0.5787037037037037
726420.5,Move,0.3352864583333333,0.5763888888888888
726434.4000000004,Move,0.333984375,0.5763888888888888
726472.9000000004,Move,0.333984375,0.5763888888888888
726490.5,Move,0.3326822916666667,0.5740740740740741
726508.5,Move,0.3326822916666667,0.5740740740740741
726527.8000000007,Move,0.3313802083333333,0.5717592592592593
726546,Move,0.3313802083333333,0.5717592592592593
726563.3000000007,Move,0.330078125,0.5694444444444444
726580.5,Move,0.330078125,0.5694444444444444
726599.6999999993,Move,0.3287760416666667,0.5671296296296297
726690,Move,0.3313802083333333,0.5671296296296297
726704.1999999993,Move,0.3326822916666667,0.5671296296296297
726710.9000000004,Move,0.3326822916666667,0.5648148148148148
726725.4000000004,Move,0.3352864583333333,0.5648148148148148
726739.9000000004,Move,0.3391927083333333,0.5625
726754,Move,0.3444010416666667,0.5625
726775,Move,0.353515625,0.5625
726787.8000000007,Move,0.361328125,0.5601851851851852
726803.1999999993,Move,0.3704427083333333,0.5601851851851852
726823.5,Move,0.3860677083333333,0.5601851851851852
726837.3000000007,Move,0.396484375,0.5601851851851852
726858.5999999996,Move,0.4134114583333333,0.5601851851851852
726872.1999999993,Move,0.423828125,0.5578703703703703
726893,Move,0.439453125,0.5578703703703703
726907.8000000007,Move,0.451171875,0.5578703703703703
726921.1999999993,Move,0.4615885416666667,0.5578703703703703
726942.9000000004,Move,0.4772135416666667,0.5578703703703703
726956,Move,0.4876302083333333,0.5578703703703703
726970.6999999993,Move,0.4967447916666667,0.5555555555555556
726990.9000000004,Move,0.5162760416666666,0.5509259259259259
727005.5,Move,0.5319010416666666,0.5462962962962963
727019.5,Move,0.5475260416666666,0.5416666666666666
727039.9000000004,Move,0.5735677083333334,0.5324074074074074
727053.9000000004,Move,0.6139322916666666,0.5208333333333334
727074.0999999996,Move,0.6673177083333334,0.5115740740740741
727081.3000000007,Move,0.6725260416666666,0.5115740740740741
727163,Move,0.6725260416666666,0.5138888888888888
727206.5,Move,0.673828125,0.5162037037037037
727219.6999999993,Move,0.6751302083333334,0.5185185185185185
727241.0999999996,Move,0.677734375,0.5231481481481481
727255,Move,0.6803385416666666,0.5254629629629629
727275.8000000007,Move,0.6842447916666666,0.5300925925925926
727289.4000000004,Move,0.685546875,0.5324074074074074
727304.1999999993,Move,0.6881510416666666,0.5370370370370371
727325.5999999996,Move,0.6907552083333334,0.5393518518518519
727339.0999999996,Move,0.693359375,0.5439814814814815
727353.9000000004,Move,0.697265625,0.5462962962962963
727374.4000000004,Move,0.7076822916666666,0.5601851851851852
727380.8000000007,Move,0.708984375,0.5625
727422.0999999996,Move,0.708984375,0.5601851851851852
727499.1999999993,Move,0.708984375,0.5601851851851852
727572.9000000004,Move,0.708984375,0.5578703703703703
727647.6999999993,Move,0.7063802083333334,0.5578703703703703
727655.5999999996,Move,0.705078125,0.5578703703703703
727669,Move,0.6998697916666666,0.5578703703703703
727690.9000000004,Move,0.693359375,0.5555555555555556
727704.6999999993,Move,0.6881510416666666,0.5532407407407407
727725.4000000004,Move,0.681640625,0.5532407407407407
727739.5,Move,0.677734375,0.5532407407407407
727752.8000000007,Move,0.669921875,0.5509259259259259
727774.5999999996,Move,0.654296875,0.5486111111111112
727788.1999999993,Move,0.642578125,0.5462962962962963
727809.3000000007,Move,0.6243489583333334,0.5439814814814815
727823,Move,0.6100260416666666,0.5393518518518519
727836.8000000007,Move,0.591796875,0.5347222222222222
727858.9000000004,Move,0.5423177083333334,0.5185185185185185
727873,Move,0.4811197916666667,0.5
727886.4000000004,Move,0.4524739583333333,0.49074074074074076
727907,Move,0.4329427083333333,0.4861111111111111
727989.9000000004,Move,0.4329427083333333,0.4837962962962963
727996.6999999993,Move,0.4329427083333333,0.4837962962962963
728004,Move,0.4329427083333333,0.4837962962962963
728025.5999999996,Move,0.4342447916666667,0.48148148148148145
728038.0999999996,Move,0.435546875,0.47453703703703703
728059.5,Move,0.4420572916666667,0.45601851851851855
728074.5,Move,0.447265625,0.44907407407407407
728080.9000000004,Move,0.447265625,0.44675925925925924
728101.5999999996,Move,0.4485677083333333,0.44675925925925924
728123.5999999996,Move,0.4485677083333333,0.4444444444444444
728241.1999999993,Move,0.4498697916666667,0.4444444444444444
728330.8000000007,Move,0.4498697916666667,0.4444444444444444
728421,Move,0.451171875,0.4444444444444444
728509.6999999993,Move,0.4524739583333333,0.44212962962962965
728525,Move,0.4524739583333333,0.44212962962962965
728538.6999999993,Move,0.455078125,0.44212962962962965
728559.3000000007,Move,0.4641927083333333,0.4398148148148148
728572.5999999996,Move,0.4720052083333333,0.4398148148148148
728587.9000000004,Move,0.4811197916666667,0.4375
728608.8000000007,Move,0.4967447916666667,0.4351851851851852
728622.5999999996,Move,0.5084635416666666,0.43287037037037035
728636.9000000004,Move,0.5188802083333334,0.43287037037037035
728657.5999999996,Move,0.533203125,0.4305555555555556
728671.4000000004,Move,0.541015625,0.42592592592592593
728692.0999999996,Move,0.5592447916666666,0.4212962962962963
728706,Move,0.576171875,0.41435185185185186
728720.6999999993,Move,0.5944010416666666,0.4074074074074074
728741.5999999996,Move,0.6555989583333334,0.3888888888888889
728747.8000000007,Move,0.6634114583333334,0.38657407407407407
728788,Move,0.6647135416666666,0.3888888888888889
728802.0999999996,Move,0.6634114583333334,0.38657407407407407
728809.9000000004,Move,0.6634114583333334,0.38657407407407407
728830.5999999996,Move,0.6647135416666666,0.38657407407407407
728843.4000000004,Move,0.6647135416666666,0.38425925925925924
728858.5,Move,0.666015625,0.38425925925925924
728871.3000000007,Move,0.6686197916666666,0.3819444444444444
728892.5999999996,Move,0.673828125,0.375
728907.5999999996,Move,0.6790364583333334,0.36574074074074076
728921.1999999993,Move,0.6829427083333334,0.3587962962962963
728927.8000000007,Move,0.6842447916666666,0.3587962962962963
728949.5999999996,Move,0.6842447916666666,0.3587962962962963
728962.1999999993,Move,0.685546875,0.35648148148148145
728990.5,Move,0.6868489583333334,0.3541666666666667
728998.0999999996,Move,0.6868489583333334,0.3541666666666667
729011.5999999996,Move,0.6881510416666666,0.3541666666666667
729040.1999999993,Move,0.689453125,0.3472222222222222
729055.1999999993,Move,0.6907552083333334,0.3425925925925926
729075.5,Move,0.6946614583333334,0.3333333333333333
729089,Move,0.697265625,0.3263888888888889
729104,Move,0.6985677083333334,0.32175925925925924
729124.1999999993,Move,0.701171875,0.3125
729138.5,Move,0.7024739583333334,0.30787037037037035
729159.4000000004,Move,0.705078125,0.30324074074074076
729173.0999999996,Move,0.7063802083333334,0.2986111111111111
729180.5,Move,0.7063802083333334,0.2962962962962963
729207.8000000007,Move,0.7076822916666666,0.29398148148148145
729229,Move,0.7076822916666666,0.29398148148148145
729242.9000000004,Move,0.7076822916666666,0.29398148148148145
729311.0999999996,Move,0.7076822916666666,0.2962962962962963
729372.6999999993,Move,0.7076822916666666,0.2986111111111111
729512.5999999996,Move,0.7063802083333334,0.30092592592592593
729520.0999999996,Move,0.7037760416666666,0.30324074074074076
729541.0999999996,Move,0.6751302083333334,0.3263888888888889
729555.6999999993,Move,0.6516927083333334,0.3449074074074074
729576,Move,0.6126302083333334,0.3726851851851852
729590.4000000004,Move,0.5826822916666666,0.39814814814814814
729604,Move,0.5631510416666666,0.41435185185185186
729624.8000000007,Move,0.5266927083333334,0.44675925925925924
729639.3000000007,Move,0.5032552083333334,0.47453703703703703
729653.5999999996,Move,0.4798177083333333,0.4976851851851852
729674.0999999996,Move,0.4563802083333333,0.5231481481481481
729688.0999999996,Move,0.4459635416666667,0.5324074074074074
729709.1999999993,Move,0.4420572916666667,0.5370370370370371
729721.8000000007,Move,0.439453125,0.5393518518518519
729737,Move,0.4368489583333333,0.5416666666666666
729757.6999999993,Move,0.4342447916666667,0.5439814814814815
729764.9000000004,Move,0.4342447916666667,0.5439814814814815
729880.5999999996,Move,0.4329427083333333,0.5439814814814815
729888,Move,0.431640625,0.5439814814814815
729909.1999999993,Move,0.423828125,0.5462962962962963
729923.5999999996,Move,0.4186197916666667,0.5462962962962963
729937.5,Move,0.4134114583333333,0.5509259259259259
729957.6999999993,Move,0.4069010416666667,0.5555555555555556
729971.8000000007,Move,0.4055989583333333,0.5578703703703703
729986.4000000004,Move,0.4055989583333333,0.5578703703703703
730014.6999999993,Move,0.404296875,0.5486111111111112
730022.5,Move,0.404296875,0.5370370370370371
730036.5999999996,Move,0.404296875,0.5277777777777778
730056.5,Move,0.4029947916666667,0.5138888888888888
730071.1999999993,Move,0.4029947916666667,0.4976851851851852
730085.3000000007,Move,0.4016927083333333,0.4861111111111111
730107,Move,0.4016927083333333,0.46296296296296297
730121,Move,0.400390625,0.44907407407407407
730141.3000000007,Move,0.400390625,0.4236111111111111
730154.4000000004,Move,0.3990885416666667,0.4074074074074074
730170.1999999993,Move,0.3990885416666667,0.3888888888888889
730191.1999999993,Move,0.3977864583333333,0.375
730204.8000000007,Move,0.3977864583333333,0.3611111111111111
730218.1999999993,Move,0.3977864583333333,0.34953703703703703
730239.5,Move,0.396484375,0.3333333333333333
730253,Move,0.3951822916666667,0.32407407407407407
730275.0999999996,Move,0.3938802083333333,0.30324074074074076
730287.9000000004,Move,0.3938802083333333,0.2962962962962963
730309.5999999996,Move,0.392578125,0.2847222222222222
730324.1999999993,Move,0.392578125,0.27314814814814814
730338.1999999993,Move,0.3912760416666667,0.2662037037037037
730358.5999999996,Move,0.3899739583333333,0.25
730372.6999999993,Move,0.3899739583333333,0.24074074074074073
730392.4000000004,Move,0.388671875,0.22685185185185186
730408.1999999993,Move,0.388671875,0.2175925925925926
730421.3000000007,Move,0.3873697916666667,0.20601851851851852
730427.3000000007,Move,0.3873697916666667,0.2013888888888889
730519.8000000007,Move,0.388671875,0.2037037037037037
730550.0999999996,Move,0.388671875,0.2037037037037037
730564.9000000004,Move,0.388671875,0.20601851851851852
730580.0999999996,Move,0.3899739583333333,0.20601851851851852
730595.9000000004,Move,0.3899739583333333,0.20833333333333334
730626.0999999996,Move,0.3899739583333333,0.21064814814814814
730654.5999999996,Move,0.3899739583333333,0.21064814814814814
730670.0999999996,Move,0.3899739583333333,0.21296296296296297
730684.5,Move,0.3899739583333333,0.2152777777777778
730699.9000000004,Move,0.3899739583333333,0.2152777777777778
730715.5,Move,0.3899739583333333,0.2175925925925926
730730.4000000004,Move,0.3899739583333333,0.2175925925925926
730744.8000000007,Move,0.3899739583333333,0.2199074074074074
730775.3000000007,Move,0.3938802083333333,0.22685185185185186
730789.3000000007,Move,0.3990885416666667,0.2337962962962963
730803.6999999993,Move,0.4029947916666667,0.23842592592592593
730824.5999999996,Move,0.4095052083333333,0.25
730837.8000000007,Move,0.4134114583333333,0.25462962962962965
730859.1999999993,Move,0.4212239583333333,0.2662037037037037
730871.9000000004,Move,0.4264322916666667,0.27546296296296297
730886.8000000007,Move,0.4329427083333333,0.2824074074074074
730908.4000000004,Move,0.4407552083333333,0.2962962962962963
730922.6999999993,Move,0.443359375,0.30092592592592593
730936.6999999993,Move,0.4485677083333333,0.3101851851851852
730957.0999999996,Move,0.455078125,0.3194444444444444
730972,Move,0.458984375,0.3287037037037037
730992.3000000007,Move,0.4694010416666667,0.3472222222222222
731006.5999999996,Move,0.4733072916666667,0.35648148148148145
731021.0999999996,Move,0.4772135416666667,0.36342592592592593
731041,Move,0.4876302083333333,0.38425925925925924
731055.5,Move,0.4928385416666667,0.3958333333333333
731076.0999999996,Move,0.4993489583333333,0.4074074074074074
731090.4000000004,Move,0.5045572916666666,0.41898148148148145
731103.8000000007,Move,0.5084635416666666,0.4236111111111111
731118.4000000004,Move,0.513671875,0.43287037037037035
731162.8000000007,Move,0.513671875,0.43287037037037035
731184.8000000007,Move,0.5149739583333334,0.43287037037037035
731203.3000000007,Move,0.5162760416666666,0.43287037037037035
731224.9000000004,Move,0.5162760416666666,0.43287037037037035
731234.5999999996,Move,0.517578125,0.43287037037037035
731254.6999999993,Move,0.5188802083333334,0.43287037037037035
731283.6999999993,Move,0.5188802083333334,0.43287037037037035
731294.5999999996,Move,0.5201822916666666,0.43287037037037035
731314.4000000004,Move,0.521484375,0.43287037037037035
731324.8000000007,Move,0.521484375,0.43287037037037035
731334.4000000004,Move,0.5227864583333334,0.43287037037037035
731353.6999999993,Move,0.5266927083333334,0.43287037037037035
731583.5,Released,0.5266927083333334,0.43287037037037035
731660.9000000004,Released,0.4869791666666667,0.6331018518518519