resolution:1920,1080
1199277.1999999993,Pressed,700,177
1199280.0999999996,Move,700,177
1199296.2999999989,Move,700,177
1199512.4000000004,Move,700,177
1199524.4000000004,Move,701,176
1199545.4000000004,Move,702,176
1199560.5,Move,702,174
1199573.7999999989,Move,704,172
1199594.2999999989,Move,708,168
1199608.4000000004,Move,710,165
1199622.2999999989,Move,713,163
1199643.4000000004,Move,717,161
1199657.0999999996,Move,718,159
1199671.2999999989,Move,723,156
1199692.4000000004,Move,734,149
1199706.2999999989,Move,742,143
1199728.2999999989,Move,745,140
1199742.1999999993,Move,746,139
1199756.2999999989,Move,748,139
1199777.4000000004,Move,758,135
1199791.5,Move,770,131
1199805.5,Move,783,127
1199819.1999999993,Move,789,125
1199833.5999999996,Move,790,125
1199853.6999999993,Move,791,125
1199875.1999999993,Move,793,125
1199889.5999999996,Move,794,124
1199911,Move,805,124
1199924.9000000004,Move,814,125
1199939.6999999993,Move,824,124
1199960.5,Move,836,120
1199974.4000000004,Move,843,117
1199995.2999999989,Move,848,116
1200009.1999999993,Move,849,116
1200045.4000000004,Move,850,117
1200074.5999999996,Move,849,117
1200088.6999999993,Move,852,117
1200110.2999999989,Move,854,117
1200124.5,Move,855,117
1200144.0999999996,Move,858,118
1200158.0999999996,Move,860,118
1200173.1999999993,Move,862,118
1200193.4000000004,Move,865,118
1200208.2999999989,Move,867,117
1200221.7999999989,Move,869,117
1200242.5999999996,Move,873,118
1200257.2999999989,Move,875,118
1200277,Move,880,117
1200292,Move,885,117
1200307.1999999993,Move,889,117
1200326.6999999993,Move,903,117
1200342.7999999989,Move,912,117
1200347.4000000004,Move,913,117
1200378.4000000004,Move,912,118
1200417.7999999989,Move,911,119
1200455,Move,910,120
1200531.5,Move,909,121
1200607.0999999996,Move,910,122
1200640,Move,911,122
1200657.1999999993,Move,913,121
1200687.5,Move,914,122
1200695.5,Move,915,122
1200719.9000000004,Move,916,122
1200728.0999999996,Move,917,121
1200743.0999999996,Move,918,122
1200759.9000000004,Move,920,123
1200775.5999999996,Move,922,123
1200791.9000000004,Move,924,123
1200808.4000000004,Move,926,124
1200825,Move,929,124
1200839.5,Move,931,124
1200856.7999999989,Move,933,125
1200872.5,Move,936,126
1200887.5999999996,Move,941,128
1200911.4000000004,Move,953,134
1200927.5999999996,Move,963,139
1200943.4000000004,Move,969,141
1200960,Move,971,142
1200967.5999999996,Move,973,143
1201075.7999999989,Move,971,143
1201119.5,Move,970,143
1201164.6999999993,Move,969,143
1201253.1999999993,Move,970,144
1201268.4000000004,Move,972,145
1201279.4000000004,Move,974,145
1201285,Move,975,145
1201310.4000000004,Move,978,147
1201325.6999999993,Move,980,148
1201341.9000000004,Move,983,149
1201358.0999999996,Move,986,150
1201372.2999999989,Move,987,153
1201390,Move,989,154
1201405.5,Move,991,156
1201421.9000000004,Move,993,157
1201445.1999999993,Move,998,160
1201461.5,Move,1002,164
1201477.9000000004,Move,1009,168
1201493.4000000004,Move,1020,175
1201501.1999999993,Move,1022,176
1201624.4000000004,Move,1024,176
1201678.4000000004,Move,1025,176
1201730.7999999989,Move,1026,176
1201838.5,Move,1027,177
1201845.9000000004,Move,1028,176
1201858.9000000004,Move,1033,180
1201875.5999999996,Move,1040,183
1201894.5,Move,1050,189
1201910.4000000004,Move,1054,194
1201924.9000000004,Move,1062,203
1201944.0999999996,Move,1072,213
1201958.1999999993,Move,1076,217
1201965,Move,1077,218
1201987.1999999993,Move,1078,219
1202031,Move,1079,220
1202075.4000000004,Move,1077,222
1202088.0999999996,Move,1078,222
1202095.2999999989,Move,1078,223
1202110.5999999996,Move,1078,221
1202116.4000000004,Move,1079,222
1202137.6999999993,Move,1080,223
1202158.7999999989,Move,1082,225
1202173.4000000004,Move,1083,226
1202194,Move,1085,228
1202200.5,Move,1086,229
1202228.2999999989,Move,1089,232
1202241.9000000004,Move,1091,233
1202257.2999999989,Move,1092,234
1202270.5,Move,1093,237
1202291.7999999989,Move,1095,239
1202307.0999999996,Move,1096,240
1202327.4000000004,Move,1098,242
1202341.4000000004,Move,1100,244
1202361.7999999989,Move,1103,248
1202375.0999999996,Move,1105,252
1202389.7999999989,Move,1106,254
1202410.5999999996,Move,1110,261
1202425.7999999989,Move,1115,268
1202438.9000000004,Move,1120,274
1202445.5,Move,1122,276
1202494,Move,1122,274
1202552.6999999993,Move,1122,273
1202594.2999999989,Move,1122,272
1202694.1999999993,Move,1123,273
1202723.1999999993,Move,1121,272
1202742.7999999989,Move,1122,274
1202757.0999999996,Move,1123,275
1202777.5,Move,1125,278
1202791.5,Move,1126,281
1202806,Move,1127,283
1202827.5999999996,Move,1128,286
1202842.1999999993,Move,1128,288
1202856,Move,1129,291
1202875.5999999996,Move,1130,294
1202890.5999999996,Move,1131,296
1202911.5999999996,Move,1132,299
1202925.9000000004,Move,1133,300
1202940.5,Move,1135,302
1202960.5,Move,1139,308
1202975.5,Move,1142,311
1202990.0999999996,Move,1146,316
1203010.0999999996,Move,1155,329
1203023.6999999993,Move,1157,333
1203145.5,Move,1157,331
1203189.7999999989,Move,1157,330
1203233.5,Move,1157,329
1203319.1999999993,Move,1158,330
1203333.7999999989,Move,1158,331
1203339.6999999993,Move,1158,332
1203360.5999999996,Move,1159,338
1203375.6999999993,Move,1163,345
1203390,Move,1170,361
1203411.5,Move,1178,384
1203424.2999999989,Move,1179,386
1203445.5,Move,1180,387
1203460.6999999993,Move,1181,390
1203475.0999999996,Move,1182,391
1203490.2999999989,Move,1182,392
1203510.6999999993,Move,1182,398
1203525.5999999996,Move,1181,404
1203545.1999999993,Move,1181,411
1203559.5,Move,1180,417
1203573.6999999993,Move,1181,423
1203593.6999999993,Move,1182,428
1203608.9000000004,Move,1183,433
1203629,Move,1186,439
1203643.9000000004,Move,1188,442
1203657.5999999996,Move,1189,445
1203678.1999999993,Move,1189,448
1203693.1999999993,Move,1189,449
1203720.6999999993,Move,1189,450
1203748.6999999993,Move,1189,451
1203816,Move,1190,451
1203879.4000000004,Move,1191,451
1203948,Move,1193,451
1204073.4000000004,Move,1194,452
1204081,Move,1194,450
1204087.2999999989,Move,1194,451
1204101.0999999996,Move,1194,452
1204128.9000000004,Move,1194,454
1204143.6999999993,Move,1194,457
1204157.5,Move,1195,462
1204178.1999999993,Move,1196,472
1204193.5,Move,1197,483
1204206.9000000004,Move,1196,495
1204228.2999999989,Move,1195,504
1204242,Move,1195,506
1204250.2999999989,Move,1194,506
1204263.4000000004,Move,1194,507
1204282.5999999996,Move,1194,508
1204311.2999999989,Move,1194,511
1204318.4000000004,Move,1194,512
1204421,Move,1195,512
1204477.9000000004,Move,1196,512
1204588.5,Move,1198,512
1204643.5,Move,1197,516
1204677.7999999989,Move,1193,531
1204706.2999999989,Move,1191,542
1204727.5999999996,Move,1190,551
1204742.5999999996,Move,1189,557
1204754.9000000004,Move,1188,563
1204768.5999999996,Move,1188,568
1204791.1999999993,Move,1186,571
1204806.2999999989,Move,1184,576
1204827.7999999989,Move,1181,587
1204841.4000000004,Move,1178,593
1204855.5999999996,Move,1176,598
1204877,Move,1169,606
1204890.0999999996,Move,1167,610
1204911.6999999993,Move,1164,613
1204925.6999999993,Move,1164,614
1204931.5999999996,Move,1164,615
1204953.9000000004,Move,1164,616
1204976,Move,1163,617
1205022.0999999996,Move,1160,620
1205039.1999999993,Move,1158,622
1205058.0999999996,Move,1155,624
1205075.4000000004,Move,1152,627
1205093.6999999993,Move,1149,629
1205104.0999999996,Move,1148,630
1205120.0999999996,Move,1145,634
1205138.1999999993,Move,1143,636
1205157.7999999989,Move,1141,638
1205174.4000000004,Move,1139,641
1205191.5999999996,Move,1138,645
1205211,Move,1137,648
1205228.5,Move,1136,650
1205237,Move,1135,651
1205255.7999999989,Move,1135,652
1205273.5,Move,1134,654
1205300.2999999989,Move,1134,655
1205310.1999999993,Move,1134,656
1205327.1999999993,Move,1134,655
1205353.0999999996,Move,1133,655
1205380.6999999993,Move,1133,654
1205481.0999999996,Move,1133,655
1205529.6999999993,Move,1133,656
1205625.0999999996,Move,1133,658
1205676.1999999993,Move,1132,659
1207710.5999999996,Move,809,659
1207726.9000000004,Move,808,657
1207741.5999999996,Move,806,656
1207758.9000000004,Move,803,654
1207774.4000000004,Move,801,652
1207781.5,Move,800,651
1207805.2999999989,Move,796,649
1207822.9000000004,Move,795,648
1207839.2999999989,Move,793,646
1207861.9000000004,Move,790,644
1207877.9000000004,Move,789,641
1207894.0999999996,Move,787,640
1207910.5999999996,Move,785,636
1207926.7999999989,Move,781,634
1207942.9000000004,Move,778,631
1207957.1999999993,Move,773,627
1207973.5999999996,Move,764,621
1207989,Move,758,615
1207996.4000000004,Move,757,615
1208067.9000000004,Move,758,616
1208138.9000000004,Move,759,617
1208205.4000000004,Move,760,618
1208239,Move,761,619
1208273.9000000004,Move,758,616
1208295.9000000004,Move,754,612
1208309.5999999996,Move,751,609
1208323.7999999989,Move,747,606
1208343.9000000004,Move,740,600
1208358.6999999993,Move,736,597
1208374.1999999993,Move,732,595
1208392.9000000004,Move,729,592
1208407.5,Move,727,589
1208421.4000000004,Move,726,586
1208443.1999999993,Move,724,582
1208456,Move,722,579
1208477.2999999989,Move,719,575
1208491.4000000004,Move,717,574
1208498.5,Move,716,572
1208574.4000000004,Move,716,571
1208645.9000000004,Move,716,570
1208679.9000000004,Move,716,568
1208715.5,Move,715,567
1208744,Move,715,566
1208759.5,Move,714,565
1208764.9000000004,Move,714,566
1208806.9000000004,Move,714,564
1208821.4000000004,Move,714,563
1208856.5,Move,713,563
1208878.2999999989,Move,713,561
1208891.5999999996,Move,712,559
1208911.5,Move,713,558
1208925.5,Move,711,556
1208933.5,Move,712,554
1208962.4000000004,Move,711,551
1208975.5,Move,711,550
1208995.6999999993,Move,708,545
1209009.6999999993,Move,705,540
1209023.6999999993,Move,700,533
1209045.0999999996,Move,690,518
1209059.1999999993,Move,687,512
1209073.5,Move,686,510
1209087.5,Move,684,507
1209161,Move,684,508
1209204,Move,683,509
1209246,Move,682,509
1209330.2999999989,Move,681,510
1209373.4000000004,Move,680,511
1209414.9000000004,Move,679,510
1209443.5,Move,679,506
1209509.7999999989,Move,674,498
1209527.5,Move,671,490
1209541.5,Move,667,481
1209562.5,Move,659,463
1209576.9000000004,Move,655,456
1209590.0999999996,Move,653,451
1209611.2999999989,Move,652,450
1209653.5,Move,652,449
1209675.4000000004,Move,651,447
1209681.1999999993,Move,651,446
1209790.5,Move,652,447
1209857.0999999996,Move,653,447
1209884.6999999993,Move,653,448
1209919,Move,654,449
1209948.4000000004,Move,655,450
1209978.1999999993,Move,654,449
1210013.6999999993,Move,653,448
1210040.6999999993,Move,652,447
1210055.7999999989,Move,652,446
1210075.4000000004,Move,652,445
1210090.9000000004,Move,653,444
1210111.2999999989,Move,654,439
1210125.4000000004,Move,654,435
1210139.5999999996,Move,654,431
1210161.5999999996,Move,653,420
1210174,Move,652,411
1210188.5,Move,649,403
1210209.1999999993,Move,647,395
1210223.4000000004,Move,646,392
1210244.6999999993,Move,646,390
1210258.0999999996,Move,646,389
1210264.9000000004,Move,645,389
1210293.0999999996,Move,644,388
1210321.4000000004,Move,643,387
1210335.2999999989,Move,642,385
1210351.1999999993,Move,641,384
1210467.0999999996,Move,641,385
1210565.1999999993,Move,641,386
1210613,Move,641,388
1210661.1999999993,Move,640,387
1210683.5999999996,Move,640,386
1210703,Move,640,384
1210745.2999999989,Move,640,380
1210773.6999999993,Move,639,381
1210793.5999999996,Move,639,378
1210810,Move,639,376
1210821.7999999989,Move,640,373
1210843,Move,640,370
1210857.7999999989,Move,639,369
1210877.6999999993,Move,639,365
1210892.5,Move,639,362
1210907.0999999996,Move,639,357
1210927.6999999993,Move,639,344
1210941.2999999989,Move,639,335
1210962.0999999996,Move,639,328
1210975.1999999993,Move,639,324
1211071.1999999993,Move,639,325
1211128,Move,639,326
1211240,Move,639,328
1211312,Move,638,325
1211325.7999999989,Move,640,324
1211345.6999999993,Move,641,317
1211360.1999999993,Move,644,306
1211374.9000000004,Move,647,286
1211395.2999999989,Move,649,277
1211401.6999999993,Move,649,276
1211423.7999999989,Move,650,274
1211430.0999999996,Move,650,272
1211446.0999999996,Move,651,271
1211477.7999999989,Move,648,272
1211495.4000000004,Move,648,271
1211510.9000000004,Move,649,270
1211526.2999999989,Move,651,268
1211541.6999999993,Move,651,267
1211558.9000000004,Move,652,266
1211575.1999999993,Move,652,265
1211598,Move,653,265
1211614.9000000004,Move,653,264
1211645.5999999996,Move,654,262
1211653.9000000004,Move,656,261
1211678.6999999993,Move,657,258
1211695,Move,657,256
1211710.2999999989,Move,658,254
1211728.0999999996,Move,659,252
1211742.4000000004,Move,659,250
1211758.6999999993,Move,660,249
1211774.0999999996,Move,660,248
1211791,Move,661,246
1211806.6999999993,Move,663,242
1211823.5,Move,665,240
1211838.5,Move,670,234
1211854.4000000004,Move,674,228
1211877.9000000004,Move,677,223
1211895.1999999993,Move,677,222
1211909.7999999989,Move,678,220
1212016.6999999993,Move,677,220
1212051.7999999989,Move,677,221
1212088.1999999993,Move,676,222
1212123.6999999993,Move,675,223
1212159.6999999993,Move,674,224
1212196.0999999996,Move,675,223
1212203.4000000004,Move,675,224
1212217.5,Move,675,223
1212245.1999999993,Move,678,223
1212253.2999999989,Move,677,224
1212274.7999999989,Move,677,222
1212295.1999999993,Move,677,220
1212308.9000000004,Move,678,219
1212328.6999999993,Move,679,217
1212343.4000000004,Move,680,216
1212349.7999999989,Move,680,215
1212378,Move,682,215
1212392.7999999989,Move,683,213
1212398.0999999996,Move,684,212
1212427.9000000004,Move,685,210
1212443,Move,686,208
1212461.7999999989,Move,689,202
1212476.6999999993,Move,690,197
1212490.1999999993,Move,692,193
1212510.6999999993,Move,697,180
1212525.5999999996,Move,701,174
1212533.9000000004,Move,701,173
1212639.4000000004,Move,701,174
1212701.6999999993,Move,701,175
1212767.6999999993,Move,701,177
1213114.5999999996,Released,701,177
1213166.9000000004,Released,940,673
