resolution:1536,864
329109,Pressed,0.5084635416666666,0.3287037037037037
329136,Move,0.5084635416666666,0.3287037037037037
329151.90000000224,Move,0.5084635416666666,0.3287037037037037
329335.6000000015,Move,0.5084635416666666,0.3287037037037037
329352.200000003,Move,0.5084635416666666,0.3287037037037037
329403,Move,0.509765625,0.33101851851851855
329410.90000000224,Move,0.509765625,0.33101851851851855
329431.200000003,Move,0.509765625,0.3333333333333333
329445.30000000075,Move,0.509765625,0.33564814814814814
329466,Move,0.509765625,0.33796296296296297
329480.5,Move,0.509765625,0.3425925925925926
329501,Move,0.509765625,0.3472222222222222
329515.90000000224,Move,0.5110677083333334,0.35185185185185186
329529.80000000075,Move,0.5110677083333334,0.35648148148148145
329544.40000000224,Move,0.5110677083333334,0.3611111111111111
329565.200000003,Move,0.5123697916666666,0.3680555555555556
329584.700000003,Move,0.513671875,0.375
329600.1000000015,Move,0.513671875,0.37962962962962965
329614,Move,0.5149739583333334,0.38425925925925924
329627.30000000075,Move,0.5149739583333334,0.3912037037037037
329650,Move,0.5149739583333334,0.39814814814814814
329662.30000000075,Move,0.5162760416666666,0.4027777777777778
329683.80000000075,Move,0.5162760416666666,0.4097222222222222
329697.200000003,Move,0.5162760416666666,0.41898148148148145
329712.700000003,Move,0.5162760416666666,0.4305555555555556
329732.700000003,Move,0.5149739583333334,0.44907407407407407
329745.5,Move,0.5149739583333334,0.46296296296296297
329765.90000000224,Move,0.5149739583333334,0.5023148148148148
329781.5,Move,0.5149739583333334,0.5277777777777778
329794.90000000224,Move,0.5149739583333334,0.5393518518518519
329882.90000000224,Move,0.513671875,0.5393518518518519
329957.80000000075,Move,0.513671875,0.5393518518518519
329982.90000000224,Move,0.5123697916666666,0.5393518518518519
330009.700000003,Move,0.5123697916666666,0.5393518518518519
330032.5,Move,0.509765625,0.5393518518518519
330058.5,Move,0.509765625,0.5393518518518519
330083.30000000075,Move,0.5084635416666666,0.5393518518518519
330104.80000000075,Move,0.5084635416666666,0.5393518518518519
330119,Move,0.5071614583333334,0.5393518518518519
330133.30000000075,Move,0.505859375,0.5416666666666666
330147.90000000224,Move,0.5045572916666666,0.5416666666666666
330167.6000000015,Move,0.501953125,0.5439814814814815
330181.5,Move,0.4993489583333333,0.5439814814814815
330198.1000000015,Move,0.4967447916666667,0.5462962962962963
330216.1000000015,Move,0.4928385416666667,0.5486111111111112
330230.90000000224,Move,0.490234375,0.5509259259259259
330251.1000000015,Move,0.486328125,0.5532407407407407
330265.200000003,Move,0.4837239583333333,0.5532407407407407
330278.80000000075,Move,0.4811197916666667,0.5578703703703703
330293.90000000224,Move,0.478515625,0.5578703703703703
330314.6000000015,Move,0.474609375,0.5601851851851852
330330.200000003,Move,0.470703125,0.5625
330351.1000000015,Move,0.462890625,0.5648148148148148
330363.1000000015,Move,0.4576822916666667,0.5671296296296297
330384.5,Move,0.4420572916666667,0.5740740740740741
330398,Move,0.431640625,0.5787037037037037
330405.200000003,Move,0.4303385416666667,0.5787037037037037
330446.6000000015,Move,0.431640625,0.5810185185185185
330484,Move,0.431640625,0.5810185185185185
330516.80000000075,Move,0.431640625,0.5833333333333334
330553.30000000075,Move,0.4329427083333333,0.5833333333333334
330588.200000003,Move,0.4329427083333333,0.5833333333333334
330660.30000000075,Move,0.4329427083333333,0.5810185185185185
330674.6000000015,Move,0.431640625,0.5810185185185185
330682.1000000015,Move,0.431640625,0.5787037037037037
330696.90000000224,Move,0.4290364583333333,0.5694444444444444
330716.200000003,Move,0.4251302083333333,0.5532407407407407
330731.200000003,Move,0.4212239583333333,0.5370370370370371
330745.700000003,Move,0.416015625,0.5185185185185185
330765.1000000015,Move,0.4069010416666667,0.4930555555555556
330780.30000000075,Move,0.4029947916666667,0.47685185185185186
330794.40000000224,Move,0.3990885416666667,0.46296296296296297
330815.200000003,Move,0.396484375,0.44212962962962965
330829,Move,0.392578125,0.41898148148148145
330850.200000003,Move,0.3873697916666667,0.37962962962962965
330865.40000000224,Move,0.3756510416666667,0.31712962962962965
330878.30000000075,Move,0.3665364583333333,0.27314814814814814
330949.700000003,Move,0.365234375,0.2708333333333333
330964.40000000224,Move,0.365234375,0.26851851851851855
330977.80000000075,Move,0.3639322916666667,0.2638888888888889
330997.80000000075,Move,0.361328125,0.25925925925925924
331013,Move,0.3600260416666667,0.25462962962962965
331034.30000000075,Move,0.357421875,0.25
331046.90000000224,Move,0.3561197916666667,0.24537037037037038
331061.40000000224,Move,0.3548177083333333,0.24305555555555555
331076.80000000075,Move,0.3548177083333333,0.24305555555555555
331111.6000000015,Move,0.3561197916666667,0.24305555555555555
331125.90000000224,Move,0.357421875,0.24305555555555555
331147,Move,0.3587239583333333,0.24305555555555555
331166.6000000015,Move,0.3600260416666667,0.24537037037037038
331182.200000003,Move,0.3626302083333333,0.24768518518518517
331196.6000000015,Move,0.3665364583333333,0.24768518518518517
331216.6000000015,Move,0.3743489583333333,0.25462962962962965
331231.5,Move,0.3782552083333333,0.2569444444444444
331251.1000000015,Move,0.3912760416666667,0.26851851851851855
331264.30000000075,Move,0.4029947916666667,0.27314814814814814
331280.30000000075,Move,0.4173177083333333,0.2777777777777778
331300.40000000224,Move,0.435546875,0.2777777777777778
331315,Move,0.443359375,0.2777777777777778
331329,Move,0.447265625,0.2777777777777778
331348.80000000075,Move,0.4485677083333333,0.2777777777777778
331363.6000000015,Move,0.4498697916666667,0.2777777777777778
331382.700000003,Move,0.4498697916666667,0.2800925925925926
331398.40000000224,Move,0.451171875,0.2800925925925926
331411.30000000075,Move,0.451171875,0.2800925925925926
331434.1000000015,Move,0.455078125,0.2824074074074074
331448.1000000015,Move,0.4563802083333333,0.2824074074074074
331462.1000000015,Move,0.458984375,0.2824074074074074
331524.200000003,Move,0.4576822916666667,0.2824074074074074
331567.6000000015,Move,0.4563802083333333,0.2847222222222222
331587.700000003,Move,0.4563802083333333,0.28703703703703703
331608.1000000015,Move,0.455078125,0.28703703703703703
331629.5,Move,0.455078125,0.28935185185185186
331649.6000000015,Move,0.4537760416666667,0.28935185185185186
331671.1000000015,Move,0.4537760416666667,0.2916666666666667
331786.5,Move,0.455078125,0.2986111111111111
331794.5,Move,0.4563802083333333,0.3055555555555556
331814.30000000075,Move,0.4576822916666667,0.3148148148148148
331829.6000000015,Move,0.4576822916666667,0.3194444444444444
331849.30000000075,Move,0.4602864583333333,0.33101851851851855
331863.700000003,Move,0.4602864583333333,0.33796296296296297
331877.90000000224,Move,0.4615885416666667,0.3449074074074074
331898.1000000015,Move,0.462890625,0.3587962962962963
331912.80000000075,Move,0.4641927083333333,0.36342592592592593
331933.30000000075,Move,0.4654947916666667,0.3773148148148148
331948.40000000224,Move,0.466796875,0.38425925925925924
331961.700000003,Move,0.4680989583333333,0.39351851851851855
331982,Move,0.470703125,0.4027777777777778
331997,Move,0.4720052083333333,0.41203703703703703
332016.90000000224,Move,0.4733072916666667,0.42592592592592593
332031.90000000224,Move,0.4772135416666667,0.44212962962962965
332047.5,Move,0.478515625,0.4537037037037037
332065.700000003,Move,0.4811197916666667,0.4699074074074074
332081,Move,0.4837239583333333,0.4861111111111111
332096.6000000015,Move,0.486328125,0.5
332116.90000000224,Move,0.490234375,0.5208333333333334
332130.40000000224,Move,0.4928385416666667,0.5347222222222222
332143.80000000075,Move,0.494140625,0.5416666666666666
332163.200000003,Move,0.4967447916666667,0.5555555555555556
332184.6000000015,Move,0.498046875,0.5694444444444444
332273.6000000015,Move,0.498046875,0.5694444444444444
332282.200000003,Move,0.498046875,0.5694444444444444
332287.5,Move,0.498046875,0.5717592592592593
332316.200000003,Move,0.4967447916666667,0.5717592592592593
332330.5,Move,0.4954427083333333,0.5717592592592593
332349.700000003,Move,0.4928385416666667,0.5763888888888888
332365.30000000075,Move,0.490234375,0.5787037037037037
332379.200000003,Move,0.486328125,0.5856481481481481
332400.90000000224,Move,0.482421875,0.5925925925925926
332408.200000003,Move,0.4837239583333333,0.5902777777777778
332422.1000000015,Move,0.4850260416666667,0.5879629629629629
332451.40000000224,Move,0.486328125,0.5856481481481481
332463.6000000015,Move,0.490234375,0.5810185185185185
332478.40000000224,Move,0.4928385416666667,0.5740740740740741
332499.700000003,Move,0.498046875,0.5648148148148148
332512.90000000224,Move,0.501953125,0.5555555555555556
332534.1000000015,Move,0.5084635416666666,0.5416666666666666
332549.1000000015,Move,0.5123697916666666,0.5300925925925926
332562.1000000015,Move,0.517578125,0.5208333333333334
332583.200000003,Move,0.5227864583333334,0.5069444444444444
332595.700000003,Move,0.5266927083333334,0.4976851851851852
332617.6000000015,Move,0.5319010416666666,0.48148148148148145
332632.5,Move,0.5358072916666666,0.4722222222222222
332645.40000000224,Move,0.5397135416666666,0.46296296296296297
332666.80000000075,Move,0.5462239583333334,0.44907407407407407
332681.1000000015,Move,0.5501302083333334,0.4398148148148148
332695.6000000015,Move,0.5579427083333334,0.42824074074074076
332716.80000000075,Move,0.5826822916666666,0.3958333333333333
332731.30000000075,Move,0.599609375,0.3773148148148148
332751.1000000015,Move,0.6282552083333334,0.3425925925925926
332766.200000003,Move,0.6634114583333334,0.29398148148148145
332780.200000003,Move,0.6946614583333334,0.24768518518518517
332794.5,Move,0.7063802083333334,0.22916666666666666
332855.5,Move,0.7063802083333334,0.22685185185185186
332864,Move,0.7076822916666666,0.22916666666666666
332884.200000003,Move,0.7115885416666666,0.2199074074074074
332898.200000003,Move,0.716796875,0.21296296296296297
332913.1000000015,Move,0.720703125,0.20601851851851852
332933.1000000015,Move,0.7259114583333334,0.19675925925925927
332946.5,Move,0.7298177083333334,0.19212962962962962
332960.6000000015,Move,0.732421875,0.1875
332982.200000003,Move,0.7350260416666666,0.18287037037037038
332996.1000000015,Move,0.736328125,0.18055555555555555
333017.700000003,Move,0.7376302083333334,0.17824074074074073
333037.40000000224,Move,0.7376302083333334,0.17824074074074073
333081.200000003,Move,0.736328125,0.18518518518518517
333096.30000000075,Move,0.732421875,0.21296296296296297
333117.30000000075,Move,0.728515625,0.2662037037037037
333132.200000003,Move,0.7259114583333334,0.2962962962962963
333145.6000000015,Move,0.7220052083333334,0.3333333333333333
333164.80000000075,Move,0.7141927083333334,0.3819444444444444
333181.5,Move,0.7076822916666666,0.4236111111111111
333201.5,Move,0.6985677083333334,0.47453703703703703
333216.6000000015,Move,0.6946614583333334,0.4976851851851852
333231.40000000224,Move,0.693359375,0.5069444444444444
333251.30000000075,Move,0.693359375,0.5115740740740741
333264.5,Move,0.693359375,0.5162037037037037
333279,Move,0.6920572916666666,0.5162037037037037
333284.90000000224,Move,0.6920572916666666,0.5185185185185185
333394.30000000075,Move,0.6920572916666666,0.5185185185185185
333410.200000003,Move,0.6920572916666666,0.5162037037037037
333443,Move,0.6920572916666666,0.5162037037037037
333475.30000000075,Move,0.6920572916666666,0.5162037037037037
333507.700000003,Move,0.693359375,0.5138888888888888
333522.6000000015,Move,0.693359375,0.5138888888888888
333540.5,Move,0.6946614583333334,0.5115740740740741
333554,Move,0.6946614583333334,0.5115740740740741
333570.1000000015,Move,0.6946614583333334,0.5115740740740741
333588.40000000224,Move,0.6959635416666666,0.5092592592592593
333602.200000003,Move,0.697265625,0.5069444444444444
333618.6000000015,Move,0.6985677083333334,0.5046296296296297
333634.80000000075,Move,0.6998697916666666,0.5046296296296297
333667.80000000075,Move,0.6868489583333334,0.49074074074074076
333682,Move,0.673828125,0.4791666666666667
333696.5,Move,0.654296875,0.46064814814814814
333716.30000000075,Move,0.6243489583333334,0.4351851851851852
333730.80000000075,Move,0.6022135416666666,0.41435185185185186
333747,Move,0.5774739583333334,0.3912037037037037
333766.30000000075,Move,0.548828125,0.36342592592592593
333782.30000000075,Move,0.533203125,0.34953703703703703
333793.700000003,Move,0.5201822916666666,0.33796296296296297
333814,Move,0.4993489583333333,0.31712962962962965
333829.200000003,Move,0.490234375,0.30787037037037035
333849.5,Move,0.474609375,0.2916666666666667
333864.30000000075,Move,0.458984375,0.2777777777777778
333878.5,Move,0.4459635416666667,0.2638888888888889
333899,Move,0.427734375,0.24537037037037038
333913.1000000015,Move,0.4134114583333333,0.2337962962962963
333996.5,Move,0.4134114583333333,0.23148148148148148
334045.200000003,Move,0.412109375,0.23148148148148148
334078.40000000224,Move,0.412109375,0.22916666666666666
334108.700000003,Move,0.4108072916666667,0.22916666666666666
334141.6000000015,Move,0.4108072916666667,0.22685185185185186
334156.80000000075,Move,0.4095052083333333,0.22453703703703703
334172.90000000224,Move,0.408203125,0.22453703703703703
334189.80000000075,Move,0.4095052083333333,0.22453703703703703
334196.40000000224,Move,0.4095052083333333,0.22453703703703703
334217.1000000015,Move,0.416015625,0.22916666666666666
334230.40000000224,Move,0.4173177083333333,0.22916666666666666
334244.5,Move,0.4225260416666667,0.2337962962962963
334266.200000003,Move,0.4329427083333333,0.24074074074074073
334279.90000000224,Move,0.4498697916666667,0.25
334301.30000000075,Move,0.4759114583333333,0.26851851851851855
334315.6000000015,Move,0.509765625,0.28935185185185186
334329.40000000224,Move,0.5592447916666666,0.32175925925925924
334351,Move,0.6204427083333334,0.36342592592592593
334365.1000000015,Move,0.6373697916666666,0.3726851851851852
334384.6000000015,Move,0.642578125,0.3773148148148148
334392.90000000224,Move,0.642578125,0.3773148148148148
334414.30000000075,Move,0.646484375,0.37962962962962965
334427.200000003,Move,0.6490885416666666,0.3819444444444444
334448.90000000224,Move,0.6608072916666666,0.3888888888888889
334463.40000000224,Move,0.6647135416666666,0.3912037037037037
334565,Move,0.666015625,0.3912037037037037
334575.5,Move,0.666015625,0.3912037037037037
334582.1000000015,Move,0.666015625,0.3912037037037037
334598.700000003,Move,0.6673177083333334,0.3888888888888889
334614.90000000224,Move,0.6712239583333334,0.3819444444444444
334630.1000000015,Move,0.6764322916666666,0.37037037037037035
334646.90000000224,Move,0.6842447916666666,0.3541666666666667
334661.200000003,Move,0.6868489583333334,0.34953703703703703
334677.40000000224,Move,0.6868489583333334,0.34953703703703703
334694.90000000224,Move,0.6881510416666666,0.3472222222222222
334702.200000003,Move,0.6881510416666666,0.3449074074074074
334732.700000003,Move,0.6881510416666666,0.3425925925925926
334746.40000000224,Move,0.6868489583333334,0.3449074074074074
334761.200000003,Move,0.6842447916666666,0.3449074074074074
334783.30000000075,Move,0.6829427083333334,0.3449074074074074
334795.30000000075,Move,0.6803385416666666,0.3472222222222222
334817.80000000075,Move,0.6803385416666666,0.34953703703703703
334830.6000000015,Move,0.677734375,0.35185185185185186
334845.40000000224,Move,0.6751302083333334,0.35185185185185186
334866.30000000075,Move,0.6673177083333334,0.3541666666666667
334879.80000000075,Move,0.662109375,0.3541666666666667
334893.6000000015,Move,0.6569010416666666,0.35648148148148145
334913.5,Move,0.6490885416666666,0.35648148148148145
334929.200000003,Move,0.6451822916666666,0.3587962962962963
334949.6000000015,Move,0.634765625,0.3611111111111111
334964.30000000075,Move,0.626953125,0.36342592592592593
334977.30000000075,Move,0.611328125,0.3680555555555556
334998,Move,0.595703125,0.375
335013.30000000075,Move,0.591796875,0.375
335027.80000000075,Move,0.587890625,0.375
335091.6000000015,Move,0.5865885416666666,0.375
335108,Move,0.587890625,0.375
335123.200000003,Move,0.587890625,0.375
335157.30000000075,Move,0.5865885416666666,0.375
335172.200000003,Move,0.5865885416666666,0.375
335205.40000000224,Move,0.5852864583333334,0.375
335219.700000003,Move,0.5852864583333334,0.375
335235.200000003,Move,0.583984375,0.375
335251.90000000224,Move,0.583984375,0.375
335284.1000000015,Move,0.5813802083333334,0.375
335300.30000000075,Move,0.5813802083333334,0.375
335316.700000003,Move,0.5787760416666666,0.375
335332.30000000075,Move,0.5774739583333334,0.375
335349.30000000075,Move,0.576171875,0.375
335364.1000000015,Move,0.5748697916666666,0.375
335370.30000000075,Move,0.5748697916666666,0.375
335391.40000000224,Move,0.5735677083333334,0.375
335413.5,Move,0.5696614583333334,0.37037037037037035
335433.80000000075,Move,0.5618489583333334,0.3611111111111111
335447.80000000075,Move,0.5514322916666666,0.34953703703703703
335463.1000000015,Move,0.537109375,0.3402777777777778
335482.200000003,Move,0.521484375,0.33564814814814814
335496.700000003,Move,0.5201822916666666,0.33564814814814814
335517.80000000075,Move,0.5188802083333334,0.3333333333333333
335526.6000000015,Move,0.5188802083333334,0.3333333333333333
335546.700000003,Move,0.5162760416666666,0.33101851851851855
335566.30000000075,Move,0.513671875,0.3287037037037037
335602.1000000015,Move,0.513671875,0.3287037037037037
335619.80000000075,Move,0.5123697916666666,0.3287037037037037
335640.90000000224,Move,0.5110677083333334,0.3287037037037037
335656.30000000075,Move,0.509765625,0.3287037037037037
335674.40000000224,Move,0.5084635416666666,0.3287037037037037
335961,Released,0.5084635416666666,0.3287037037037037
336016.90000000224,Released,0.4869791666666667,0.6331018518518519