resolution:1536,864
305523,Pressed,0.5598958333333334,0.2743055555555556
306038,Move,0.55859375,0.27314814814814814
306050,Move,0.5559895833333334,0.27199074074074076
306064,Move,0.55078125,0.2708333333333333
306084,Move,0.5481770833333334,0.26967592592592593
306098,Move,0.54296875,0.2673611111111111
306120,Move,0.5286458333333334,0.26157407407407407
306133,Move,0.51171875,0.2523148148148148
306148,Move,0.49609375,0.24421296296296297
306170,Move,0.4928385416666667,0.24421296296296297
306181,Move,0.4908854166666667,0.24305555555555555
306197,Move,0.490234375,0.24305555555555555
306218,Move,0.4876302083333333,0.24189814814814814
306231,Move,0.4856770833333333,0.24074074074074073
306252,Move,0.484375,0.23958333333333334
306269,Move,0.482421875,0.23842592592592593
306281,Move,0.4817708333333333,0.23842592592592593
306296,Move,0.48046875,0.23842592592592593
306308,Move,0.4778645833333333,0.23726851851851852
306326,Move,0.4765625,0.23726851851851852
306349,Move,0.4680989583333333,0.2337962962962963
306365,Move,0.4596354166666667,0.23148148148148148
306378,Move,0.4466145833333333,0.22916666666666666
306402,Move,0.4264322916666667,0.22453703703703703
306414,Move,0.41015625,0.22337962962962962
306436,Move,0.3841145833333333,0.2199074074074074
306449,Move,0.3723958333333333,0.21875
306464,Move,0.369140625,0.2175925925925926
306478,Move,0.3684895833333333,0.21643518518518517
306498,Move,0.3678385416666667,0.21643518518518517
306519,Move,0.3658854166666667,0.2152777777777778
306533,Move,0.36328125,0.2152777777777778
306547,Move,0.3600260416666667,0.21412037037037038
306671,Move,0.3606770833333333,0.2152777777777778
306691,Move,0.3606770833333333,0.2152777777777778
306715,Move,0.3606770833333333,0.2152777777777778
306735,Move,0.3619791666666667,0.2152777777777778
306757,Move,0.36328125,0.21643518518518517
306781,Move,0.36328125,0.21643518518518517
306801,Move,0.36328125,0.21643518518518517
306823,Move,0.36328125,0.21643518518518517
306847,Move,0.3639322916666667,0.21643518518518517
306868,Move,0.3645833333333333,0.21643518518518517
306889,Move,0.365234375,0.2175925925925926
306911,Move,0.3658854166666667,0.2175925925925926
306933,Move,0.3671875,0.21875
306955,Move,0.3671875,0.21875
306977,Move,0.3684895833333333,0.21875
306998,Move,0.3684895833333333,0.2199074074074074
307020,Move,0.3704427083333333,0.2199074074074074
307043,Move,0.37109375,0.2199074074074074
307064,Move,0.37109375,0.2199074074074074
307088,Move,0.37109375,0.2199074074074074
307108,Move,0.37109375,0.2199074074074074
307131,Move,0.37109375,0.2199074074074074
307156,Move,0.3717447916666667,0.22106481481481483
307164,Move,0.373046875,0.2222222222222222
307185,Move,0.3763020833333333,0.22569444444444445
307200,Move,0.3802083333333333,0.22916666666666666
307211,Move,0.3841145833333333,0.2337962962962963
307233,Move,0.38671875,0.23726851851851852
307248,Move,0.3899739583333333,0.24074074074074073
307268,Move,0.3977864583333333,0.2488425925925926
307284,Move,0.4075520833333333,0.26157407407407407
307295,Move,0.4205729166666667,0.27546296296296297
307318,Move,0.447265625,0.3101851851851852
307332,Move,0.46484375,0.33101851851851855
307346,Move,0.46875,0.33564814814814814
307368,Move,0.470703125,0.33912037037037035
307382,Move,0.47265625,0.3402777777777778
307401,Move,0.4739583333333333,0.3449074074074074
307415,Move,0.4752604166666667,0.3449074074074074
307430,Move,0.4765625,0.3472222222222222
307452,Move,0.4798177083333333,0.35185185185185186
307465,Move,0.48046875,0.35300925925925924
307477,Move,0.4811197916666667,0.3541666666666667
307500,Move,0.4830729166666667,0.35532407407407407
307514,Move,0.484375,0.3576388888888889
307534,Move,0.486328125,0.3599537037037037
307549,Move,0.4876302083333333,0.3599537037037037
307563,Move,0.48828125,0.36226851851851855
307584,Move,0.4915364583333333,0.36574074074074076
307604,Move,0.4947916666666667,0.36921296296296297
307618,Move,0.4986979166666667,0.3726851851851852
307632,Move,0.501953125,0.3773148148148148
307647,Move,0.505859375,0.3819444444444444
307662,Move,0.5143229166666666,0.3900462962962963
307682,Move,0.525390625,0.40046296296296297
307702,Move,0.541015625,0.41435185185185186
307716,Move,0.55078125,0.4236111111111111
307725,Move,0.556640625,0.42824074074074076
307745,Move,0.5735677083333334,0.4398148148148148
307766,Move,0.595703125,0.45601851851851855
307787,Move,0.6100260416666666,0.4664351851851852
307801,Move,0.6197916666666666,0.47453703703703703
307815,Move,0.6236979166666666,0.4791666666666667
307828,Move,0.625,0.4791666666666667
307850,Move,0.6256510416666666,0.48032407407407407
307864,Move,0.6263020833333334,0.48032407407407407
307880,Move,0.6263020833333334,0.48032407407407407
307899,Move,0.6282552083333334,0.48148148148148145
307913,Move,0.6302083333333334,0.4837962962962963
307933,Move,0.6328125,0.4849537037037037
307949,Move,0.63671875,0.48842592592592593
307956,Move,0.6380208333333334,0.4895833333333333
308037,Move,0.638671875,0.4895833333333333
308174,Move,0.6393229166666666,0.4895833333333333
308309,Move,0.6393229166666666,0.4895833333333333
308444,Move,0.6373697916666666,0.48842592592592593
308452,Move,0.6360677083333334,0.48842592592592593
308464,Move,0.62890625,0.4837962962962963
308480,Move,0.6223958333333334,0.48032407407407407
308500,Move,0.62109375,0.48032407407407407
308514,Move,0.615234375,0.47800925925925924
308534,Move,0.6119791666666666,0.4756944444444444
308549,Move,0.6106770833333334,0.47453703703703703
308564,Move,0.607421875,0.47337962962962965
308583,Move,0.6041666666666666,0.4722222222222222
308597,Move,0.599609375,0.4699074074074074
308619,Move,0.5924479166666666,0.4652777777777778
308633,Move,0.5891927083333334,0.46412037037037035
308649,Move,0.5885416666666666,0.46296296296296297
308669,Move,0.58203125,0.45949074074074076
308682,Move,0.580078125,0.45717592592592593
308697,Move,0.578125,0.4583333333333333
308717,Move,0.5716145833333334,0.4548611111111111
308734,Move,0.5677083333333334,0.4513888888888889
308745,Move,0.564453125,0.45023148148148145
308767,Move,0.55859375,0.44675925925925924
308787,Move,0.5553385416666666,0.4444444444444444
308801,Move,0.55078125,0.44212962962962965
308808,Move,0.5475260416666666,0.4398148148148148
308829,Move,0.5423177083333334,0.4375
308849,Move,0.5384114583333334,0.4340277777777778
308864,Move,0.5345052083333334,0.43287037037037035
308885,Move,0.5279947916666666,0.42824074074074076
308901,Move,0.5266927083333334,0.42824074074074076
308913,Move,0.5221354166666666,0.42592592592592593
308935,Move,0.5149739583333334,0.4212962962962963
308948,Move,0.51171875,0.41898148148148145
308969,Move,0.5065104166666666,0.4166666666666667
308977,Move,0.5065104166666666,0.41550925925925924
309005,Move,0.5013020833333334,0.4131944444444444
309018,Move,0.4967447916666667,0.41087962962962965
309032,Move,0.4921875,0.4085648148148148
309048,Move,0.4889322916666667,0.4074074074074074
309068,Move,0.484375,0.4050925925925926
309082,Move,0.4817708333333333,0.4039351851851852
309103,Move,0.4778645833333333,0.40162037037037035
309115,Move,0.474609375,0.3993055555555556
309131,Move,0.4720052083333333,0.39699074074074076
309151,Move,0.466796875,0.3958333333333333
309166,Move,0.4622395833333333,0.3923611111111111
309179,Move,0.45703125,0.3912037037037037
309200,Move,0.4544270833333333,0.3888888888888889
309212,Move,0.451171875,0.38773148148148145
309234,Move,0.4407552083333333,0.38310185185185186
309248,Move,0.4361979166666667,0.3819444444444444
309270,Move,0.4264322916666667,0.3773148148148148
309284,Move,0.4244791666666667,0.3761574074074074
309297,Move,0.421875,0.3738425925925926
309312,Move,0.41796875,0.3726851851851852
309333,Move,0.4114583333333333,0.37037037037037035
309346,Move,0.4088541666666667,0.36921296296296297
309366,Move,0.4029947916666667,0.3680555555555556
309375,Move,0.4016927083333333,0.3680555555555556
309397,Move,0.39453125,0.3645833333333333
309417,Move,0.384765625,0.3599537037037037
309431,Move,0.3815104166666667,0.3587962962962963
309451,Move,0.3763020833333333,0.35648148148148145
309467,Move,0.3717447916666667,0.3541666666666667
309484,Move,0.3665364583333333,0.35300925925925924
309501,Move,0.3561197916666667,0.34837962962962965
309515,Move,0.3541666666666667,0.3472222222222222
309536,Move,0.3489583333333333,0.3449074074074074
309551,Move,0.3424479166666667,0.3425925925925926
309557,Move,0.33984375,0.3414351851851852
309584,Move,0.3359375,0.3402777777777778
309599,Move,0.333984375,0.33912037037037035
309614,Move,0.328125,0.33564814814814814
309635,Move,0.3229166666666667,0.33449074074074076
309646,Move,0.3203125,0.33217592592592593
309670,Move,0.3151041666666667,0.33101851851851855
309685,Move,0.3131510416666667,0.3298611111111111
309698,Move,0.3118489583333333,0.3287037037037037
309718,Move,0.3098958333333333,0.3275462962962963
309731,Move,0.3033854166666667,0.32407407407407407
309753,Move,0.298828125,0.32175925925925924
309863,Move,0.2994791666666667,0.3229166666666667
309906,Move,0.3001302083333333,0.3229166666666667
309951,Move,0.30078125,0.32407407407407407
309993,Move,0.3014322916666667,0.32523148148148145
310035,Move,0.3020833333333333,0.3263888888888889
310079,Move,0.3033854166666667,0.3263888888888889
310121,Move,0.3033854166666667,0.3275462962962963
310163,Move,0.3033854166666667,0.3275462962962963
310206,Move,0.3033854166666667,0.3275462962962963
310250,Move,0.3033854166666667,0.3275462962962963
310294,Move,0.3033854166666667,0.3275462962962963
310341,Move,0.3111979166666667,0.3287037037037037
310347,Move,0.322265625,0.3287037037037037
310369,Move,0.3365885416666667,0.3298611111111111
310381,Move,0.3372395833333333,0.3298611111111111
310396,Move,0.3509114583333333,0.3298611111111111
310417,Move,0.3645833333333333,0.33101851851851855
310431,Move,0.3743489583333333,0.33101851851851855
310452,Move,0.3893229166666667,0.33101851851851855
310465,Move,0.3990885416666667,0.33217592592592593
310479,Move,0.40234375,0.33217592592592593
310500,Move,0.4231770833333333,0.33449074074074076
310514,Move,0.4342447916666667,0.33449074074074076
310536,Move,0.453125,0.33564814814814814
310551,Move,0.4609375,0.33564814814814814
310564,Move,0.4700520833333333,0.33564814814814814
310585,Move,0.48828125,0.3368055555555556
310599,Move,0.49609375,0.3368055555555556
310620,Move,0.5123697916666666,0.3368055555555556
310651,Move,0.5423177083333334,0.3368055555555556
310670,Move,0.5696614583333334,0.3368055555555556
310683,Move,0.5794270833333334,0.3368055555555556
310697,Move,0.591796875,0.3368055555555556
310716,Move,0.6158854166666666,0.3368055555555556
310731,Move,0.6341145833333334,0.3368055555555556
310754,Move,0.6614583333333334,0.3368055555555556
310767,Move,0.6744791666666666,0.3368055555555556
310781,Move,0.6940104166666666,0.3368055555555556
310789,Move,0.697265625,0.3368055555555556
310816,Move,0.7200520833333334,0.33796296296296297
310830,Move,0.7311197916666666,0.33796296296296297
310851,Move,0.7486979166666666,0.33796296296296297
310859,Move,0.75390625,0.33796296296296297
310942,Move,0.75390625,0.33796296296296297
310963,Move,0.7526041666666666,0.33912037037037035
310982,Move,0.751953125,0.3402777777777778
311001,Move,0.7513020833333334,0.3402777777777778
311020,Move,0.7513020833333334,0.3402777777777778
311038,Move,0.7506510416666666,0.3414351851851852
311057,Move,0.75,0.3414351851851852
311076,Move,0.75,0.3425925925925926
311095,Move,0.7493489583333334,0.34375
311114,Move,0.7486979166666666,0.34375
311134,Move,0.7486979166666666,0.3449074074074074
311151,Move,0.7486979166666666,0.3449074074074074
311172,Move,0.748046875,0.3449074074074074
311192,Move,0.7473958333333334,0.3460648148148148
311210,Move,0.7473958333333334,0.3460648148148148
311229,Move,0.7434895833333334,0.3449074074074074
311236,Move,0.736328125,0.3425925925925926
311252,Move,0.72265625,0.3402777777777778
311265,Move,0.7213541666666666,0.3402777777777778
311281,Move,0.708984375,0.33796296296296297
311300,Move,0.701171875,0.33796296296296297
311315,Move,0.6966145833333334,0.33796296296296297
311336,Move,0.6796875,0.33796296296296297
311351,Move,0.6686197916666666,0.33912037037037035
311378,Move,0.654296875,0.3402777777777778
311383,Move,0.650390625,0.3402777777777778
311398,Move,0.6419270833333334,0.3425925925925926
311412,Move,0.62890625,0.3449074074074074
311425,Move,0.6184895833333334,0.3460648148148148
311448,Move,0.6061197916666666,0.34837962962962965
311468,Move,0.58203125,0.35300925925925924
311482,Move,0.5774739583333334,0.35300925925925924
311497,Move,0.5657552083333334,0.3541666666666667
311517,Move,0.5520833333333334,0.35532407407407407
311530,Move,0.5455729166666666,0.35648148148148145
311551,Move,0.5227864583333334,0.35648148148148145
311566,Move,0.5169270833333334,0.35648148148148145
311580,Move,0.5110677083333334,0.35532407407407407
311594,Move,0.5032552083333334,0.3541666666666667
311614,Move,0.4908854166666667,0.35185185185185186
311636,Move,0.4798177083333333,0.34953703703703703
311650,Move,0.4739583333333333,0.3460648148148148
311663,Move,0.46875,0.3449074074074074
311671,Move,0.4654947916666667,0.3425925925925926
311698,Move,0.4485677083333333,0.3333333333333333
311720,Move,0.44140625,0.3287037037037037
311735,Move,0.4296875,0.32060185185185186
311748,Move,0.4205729166666667,0.3125
311763,Move,0.4134114583333333,0.30439814814814814
311782,Move,0.4069010416666667,0.2986111111111111
311796,Move,0.4010416666666667,0.29282407407407407
311819,Move,0.3932291666666667,0.2835648148148148
311824,Move,0.3919270833333333,0.28125
311847,Move,0.3763020833333333,0.2650462962962963
311867,Move,0.3684895833333333,0.25578703703703703
311880,Move,0.3626302083333333,0.2488425925925926
311903,Move,0.34765625,0.2326388888888889
311916,Move,0.3444010416666667,0.22916666666666666
311933,Move,0.3365885416666667,0.2222222222222222
311944,Move,0.3294270833333333,0.2152777777777778
311966,Move,0.32421875,0.21064814814814814
311986,Move,0.3131510416666667,0.2013888888888889
311999,Move,0.306640625,0.19675925925925927
312014,Move,0.30078125,0.19328703703703703
312034,Move,0.296875,0.19212962962962962
312049,Move,0.28515625,0.1875
312062,Move,0.2766927083333333,0.1840277777777778
312115,Move,0.27734375,0.18518518518518517
312123,Move,0.2779947916666667,0.18518518518518517
312136,Move,0.279296875,0.18518518518518517
312149,Move,0.2805989583333333,0.1863425925925926
312164,Move,0.2819010416666667,0.1875
312183,Move,0.283203125,0.1875
312200,Move,0.28515625,0.1875
312211,Move,0.28515625,0.1875
312234,Move,0.287109375,0.1886574074074074
312248,Move,0.2877604166666667,0.1909722222222222
312268,Move,0.2897135416666667,0.19212962962962962
312283,Move,0.2903645833333333,0.19212962962962962
312297,Move,0.29296875,0.19212962962962962
312318,Move,0.294921875,0.19212962962962962
312332,Move,0.2955729166666667,0.19212962962962962
312353,Move,0.2981770833333333,0.19328703703703703
312367,Move,0.3001302083333333,0.19328703703703703
312380,Move,0.30078125,0.19328703703703703
312404,Move,0.302734375,0.19212962962962962
312409,Move,0.3033854166666667,0.19212962962962962
312436,Move,0.3053385416666667,0.19212962962962962
312451,Move,0.306640625,0.19212962962962962
312464,Move,0.3079427083333333,0.19212962962962962
312484,Move,0.3092447916666667,0.19212962962962962
312502,Move,0.3098958333333333,0.19212962962962962
312518,Move,0.3098958333333333,0.19212962962962962
312532,Move,0.310546875,0.19212962962962962
312548,Move,0.3131510416666667,0.19212962962962962
312564,Move,0.3157552083333333,0.19212962962962962
312581,Move,0.3190104166666667,0.1909722222222222
312605,Move,0.32421875,0.1909722222222222
312620,Move,0.3274739583333333,0.1909722222222222
312628,Move,0.3294270833333333,0.1909722222222222
312643,Move,0.3333333333333333,0.1909722222222222
312668,Move,0.3411458333333333,0.18981481481481483
312685,Move,0.3463541666666667,0.18981481481481483
312700,Move,0.3515625,0.18981481481481483
312716,Move,0.3567708333333333,0.18981481481481483
312732,Move,0.3626302083333333,0.18981481481481483
312750,Move,0.3678385416666667,0.18981481481481483
312765,Move,0.373046875,0.18981481481481483
312780,Move,0.3782552083333333,0.18981481481481483
312795,Move,0.3834635416666667,0.18981481481481483
312820,Move,0.3912760416666667,0.18981481481481483
312836,Move,0.396484375,0.18981481481481483
312852,Move,0.4016927083333333,0.18981481481481483
312868,Move,0.4069010416666667,0.18981481481481483
312884,Move,0.4114583333333333,0.18981481481481483
312900,Move,0.4173177083333333,0.18981481481481483
312918,Move,0.421875,0.18981481481481483
312932,Move,0.4264322916666667,0.18981481481481483
312948,Move,0.43359375,0.1886574074074074
312964,Move,0.4440104166666667,0.1886574074074074
312982,Move,0.4544270833333333,0.1886574074074074
313003,Move,0.46875,0.1875
313020,Move,0.4778645833333333,0.1863425925925926
313036,Move,0.48828125,0.18518518518518517
313053,Move,0.509765625,0.1840277777777778
313060,Move,0.5221354166666666,0.18287037037037038
313084,Move,0.5572916666666666,0.18171296296296297
313100,Move,0.5696614583333334,0.18171296296296297
313109,Move,0.572265625,0.18171296296296297
313211,Move,0.5716145833333334,0.18287037037037038
313220,Move,0.5716145833333334,0.18287037037037038
313228,Move,0.5716145833333334,0.18287037037037038
313247,Move,0.5716145833333334,0.18287037037037038
313265,Move,0.5703125,0.18518518518518517
313282,Move,0.5690104166666666,0.1875
313301,Move,0.5696614583333334,0.1875
313319,Move,0.5696614583333334,0.1875
313327,Move,0.5696614583333334,0.1875
313346,Move,0.5677083333333334,0.18981481481481483
313364,Move,0.56640625,0.19212962962962962
313381,Move,0.5657552083333334,0.19444444444444445
313400,Move,0.5638020833333334,0.19675925925925927
313418,Move,0.5631510416666666,0.19675925925925927
313427,Move,0.5618489583333334,0.19675925925925927
313454,Move,0.55859375,0.20023148148148148
313462,Move,0.55859375,0.2013888888888889
313481,Move,0.55859375,0.2025462962962963
313501,Move,0.55859375,0.2025462962962963
313518,Move,0.55859375,0.2037037037037037
313536,Move,0.55859375,0.2037037037037037
313545,Move,0.55859375,0.2048611111111111
313566,Move,0.55859375,0.20601851851851852
313579,Move,0.55859375,0.21064814814814814
313602,Move,0.55859375,0.21643518518518517
313614,Move,0.55859375,0.2199074074074074
313636,Move,0.55859375,0.22569444444444445
313650,Move,0.55859375,0.23032407407407407
313668,Move,0.5592447916666666,0.2337962962962963
313685,Move,0.5592447916666666,0.24421296296296297
313698,Move,0.5592447916666666,0.2523148148148148
313713,Move,0.5598958333333334,0.25810185185185186
313735,Move,0.5598958333333334,0.2662037037037037
313751,Move,0.5598958333333334,0.26967592592592593
313769,Move,0.560546875,0.27199074074074076
313784,Move,0.560546875,0.27314814814814814
313796,Move,0.5598958333333334,0.27314814814814814
313811,Move,0.5598958333333334,0.2743055555555556
313833,Move,0.5598958333333334,0.2743055555555556
313852,Move,0.5598958333333334,0.2743055555555556
313860,Move,0.5598958333333334,0.2743055555555556
313905,Move,0.5598958333333334,0.2743055555555556
313905,Move,0.5598958333333334,0.2743055555555556
313907,Released,0.5598958333333334,0.2743055555555556
313931,Released,0.486328125,0.6331018518518519