resolution:1536,864
246085.20000000298,Pressed,0.5423177083333334,0.33796296296296297
246135.90000000224,Move,0.5423177083333334,0.33796296296296297
246143.1000000015,Move,0.5423177083333334,0.33796296296296297
246160.20000000298,Move,0.5423177083333334,0.33796296296296297
246309.80000000075,Move,0.5423177083333334,0.33796296296296297
246326.30000000075,Move,0.5423177083333334,0.33796296296296297
246374.30000000075,Move,0.5423177083333334,0.3449074074074074
246387.6000000015,Move,0.5423177083333334,0.34953703703703703
246403.90000000224,Move,0.5436197916666666,0.3587962962962963
246423.1000000015,Move,0.5436197916666666,0.37037037037037035
246437.5,Move,0.5436197916666666,0.3773148148148148
246457.5,Move,0.544921875,0.3888888888888889
246471.70000000298,Move,0.544921875,0.39814814814814814
246486.30000000075,Move,0.544921875,0.4050925925925926
246505.70000000298,Move,0.5436197916666666,0.4212962962962963
246521.80000000075,Move,0.5436197916666666,0.4305555555555556
246541.70000000298,Move,0.5436197916666666,0.4444444444444444
246558.20000000298,Move,0.5436197916666666,0.4513888888888889
246570.90000000224,Move,0.5436197916666666,0.4583333333333333
246585.80000000075,Move,0.541015625,0.45601851851851855
246607.40000000224,Move,0.5384114583333334,0.4537037037037037
246619.80000000075,Move,0.5319010416666666,0.44907407407407407
246641.1000000015,Move,0.5201822916666666,0.4398148148148148
246656.1000000015,Move,0.509765625,0.42824074074074076
246669.20000000298,Move,0.4993489583333333,0.4166666666666667
246691.5,Move,0.4811197916666667,0.3958333333333333
246704.30000000075,Move,0.4694010416666667,0.3819444444444444
246724.40000000224,Move,0.4524739583333333,0.3611111111111111
246740.40000000224,Move,0.4407552083333333,0.3472222222222222
246753.40000000224,Move,0.4290364583333333,0.33564814814814814
246773.80000000075,Move,0.412109375,0.3263888888888889
246787.80000000075,Move,0.3951822916666667,0.3194444444444444
246802.30000000075,Move,0.3704427083333333,0.30787037037037035
246823.30000000075,Move,0.3326822916666667,0.29398148148148145
246836.90000000224,Move,0.2805989583333333,0.2662037037037037
246856.70000000298,Move,0.21940104166666666,0.22685185185185186
246942,Move,0.21940104166666666,0.22685185185185186
246970.70000000298,Move,0.21940104166666666,0.22916666666666666
246984.6000000015,Move,0.21940104166666666,0.22916666666666666
247000,Move,0.21940104166666666,0.23148148148148148
247003.6000000015,Move,0.220703125,0.2337962962962963
247019.30000000075,Move,0.220703125,0.23842592592592593
247039.80000000075,Move,0.21940104166666666,0.23842592592592593
247054.40000000224,Move,0.220703125,0.24074074074074073
247075.30000000075,Move,0.220703125,0.24537037037037038
247081.5,Move,0.220703125,0.24537037037037038
247103.20000000298,Move,0.220703125,0.24768518518518517
247117.80000000075,Move,0.220703125,0.2523148148148148
247139.1000000015,Move,0.22200520833333334,0.2569444444444444
247155.20000000298,Move,0.22200520833333334,0.2662037037037037
247174.30000000075,Move,0.232421875,0.2708333333333333
247186.90000000224,Move,0.24674479166666666,0.27314814814814814
247201.80000000075,Move,0.2610677083333333,0.27546296296296297
247221.6000000015,Move,0.2819010416666667,0.2800925925925926
247236.6000000015,Move,0.2975260416666667,0.2847222222222222
247257.5,Move,0.3170572916666667,0.2916666666666667
247271.30000000075,Move,0.3326822916666667,0.2962962962962963
247286.20000000298,Move,0.3522135416666667,0.30324074074074076
247308.6000000015,Move,0.373046875,0.3101851851851852
247320.90000000224,Move,0.388671875,0.3148148148148148
247341.30000000075,Move,0.4095052083333333,0.31712962962962965
247355.80000000075,Move,0.4264322916666667,0.3194444444444444
247370,Move,0.4381510416666667,0.3194444444444444
247390.20000000298,Move,0.4576822916666667,0.31712962962962965
247404.80000000075,Move,0.474609375,0.3148148148148148
247424.80000000075,Move,0.5084635416666666,0.30787037037037035
247439.20000000298,Move,0.521484375,0.30324074074074076
247453.30000000075,Move,0.537109375,0.2986111111111111
247474.6000000015,Move,0.568359375,0.28703703703703703
247488.90000000224,Move,0.5852864583333334,0.2800925925925926
247502.6000000015,Move,0.6100260416666666,0.2708333333333333
247522.5,Move,0.634765625,0.2638888888888889
247536.5,Move,0.646484375,0.26157407407407407
247552,Move,0.6634114583333334,0.26157407407407407
247571.6000000015,Move,0.6829427083333334,0.25925925925925924
247579.6000000015,Move,0.6907552083333334,0.25925925925925924
247655.5,Move,0.6920572916666666,0.2569444444444444
247670.20000000298,Move,0.6907552083333334,0.25462962962962965
247689.6000000015,Move,0.6907552083333334,0.2523148148148148
247704.20000000298,Move,0.6907552083333334,0.2523148148148148
247720.6000000015,Move,0.6907552083333334,0.25
247738.5,Move,0.6907552083333334,0.24537037037037038
247752.6000000015,Move,0.6907552083333334,0.24074074074074073
247775.1000000015,Move,0.689453125,0.2361111111111111
247788.70000000298,Move,0.6881510416666666,0.23148148148148148
247802.30000000075,Move,0.6868489583333334,0.22685185185185186
247824,Move,0.6803385416666666,0.21064814814814814
247836.80000000075,Move,0.6764322916666666,0.19907407407407407
247858.80000000075,Move,0.6751302083333334,0.19444444444444445
247874.1000000015,Move,0.673828125,0.19675925925925927
247888.20000000298,Move,0.6686197916666666,0.19675925925925927
247908.1000000015,Move,0.6608072916666666,0.19675925925925927
247922.20000000298,Move,0.6516927083333334,0.19675925925925927
247937.80000000075,Move,0.6438802083333334,0.19907407407407407
247957.40000000224,Move,0.6048177083333334,0.20833333333333334
247971,Move,0.556640625,0.2222222222222222
247991.5,Move,0.4811197916666667,0.24537037037037038
248005.6000000015,Move,0.3977864583333333,0.2638888888888889
248019.20000000298,Move,0.322265625,0.2569444444444444
248041.80000000075,Move,0.255859375,0.2361111111111111
248053.6000000015,Move,0.23502604166666666,0.2337962962962963
248068.6000000015,Move,0.23111979166666666,0.2337962962962963
248089.30000000075,Move,0.22591145833333334,0.23148148148148148
248103.20000000298,Move,0.22200520833333334,0.23148148148148148
248124.30000000075,Move,0.216796875,0.23148148148148148
248136.70000000298,Move,0.201171875,0.2337962962962963
248340.20000000298,Move,0.201171875,0.2800925925925926
248354.30000000075,Move,0.20247395833333334,0.2847222222222222
248374.80000000075,Move,0.205078125,0.2916666666666667
248389.20000000298,Move,0.20638020833333334,0.2962962962962963
248395.6000000015,Move,0.20768229166666666,0.2986111111111111
248519.70000000298,Move,0.20768229166666666,0.30092592592592593
248596.80000000075,Move,0.208984375,0.30324074074074076
248724.80000000075,Move,0.21419270833333334,0.30324074074074076
248739.6000000015,Move,0.21809895833333334,0.30092592592592593
248753.20000000298,Move,0.23763020833333334,0.2962962962962963
248773,Move,0.2610677083333333,0.2916666666666667
248788.6000000015,Move,0.2819010416666667,0.28935185185185186
248803.1000000015,Move,0.3001302083333333,0.28703703703703703
248824.6000000015,Move,0.326171875,0.2847222222222222
248837.6000000015,Move,0.3483072916666667,0.2800925925925926
248858.5,Move,0.369140625,0.27546296296296297
248872.1000000015,Move,0.3834635416666667,0.2708333333333333
248887.30000000075,Move,0.404296875,0.26157407407407407
248907.80000000075,Move,0.4368489583333333,0.24768518518518517
248921.70000000298,Move,0.458984375,0.2361111111111111
248941.1000000015,Move,0.4837239583333333,0.2222222222222222
248955.6000000015,Move,0.4967447916666667,0.2152777777777778
248970.80000000075,Move,0.509765625,0.21064814814814814
248990,Move,0.521484375,0.20601851851851852
249005.40000000224,Move,0.525390625,0.20601851851851852
249019.6000000015,Move,0.5266927083333334,0.20601851851851852
249039.80000000075,Move,0.529296875,0.2037037037037037
249053.90000000224,Move,0.5319010416666666,0.2037037037037037
249069.20000000298,Move,0.5345052083333334,0.2013888888888889
249082.90000000224,Move,0.5358072916666666,0.2013888888888889
249103.80000000075,Move,0.537109375,0.19907407407407407
249190.6000000015,Move,0.5384114583333334,0.19907407407407407
249220.80000000075,Move,0.5384114583333334,0.19907407407407407
249251.40000000224,Move,0.5397135416666666,0.19907407407407407
249281.20000000298,Move,0.5397135416666666,0.19907407407407407
249301.90000000224,Move,0.541015625,0.19907407407407407
249320,Move,0.5423177083333334,0.19675925925925927
249341.1000000015,Move,0.5423177083333334,0.19675925925925927
249351.6000000015,Move,0.5436197916666666,0.19675925925925927
249371,Move,0.544921875,0.19675925925925927
249391.6000000015,Move,0.5475260416666666,0.19444444444444445
249400.40000000224,Move,0.5501302083333334,0.19212962962962962
249419.5,Move,0.552734375,0.18981481481481483
249428.6000000015,Move,0.552734375,0.18981481481481483
249451.20000000298,Move,0.541015625,0.21064814814814814
249471.80000000075,Move,0.5279947916666666,0.2361111111111111
249486.6000000015,Move,0.5162760416666666,0.26851851851851855
249507.5,Move,0.5006510416666666,0.31712962962962965
249521.80000000075,Move,0.4915364583333333,0.3472222222222222
249536.80000000075,Move,0.4798177083333333,0.3819444444444444
249556.40000000224,Move,0.4615885416666667,0.41898148148148145
249570.90000000224,Move,0.4498697916666667,0.4398148148148148
249586.70000000298,Move,0.4342447916666667,0.4583333333333333
249607.1000000015,Move,0.3977864583333333,0.4837962962962963
249620.1000000015,Move,0.380859375,0.49074074074074076
249641.40000000224,Move,0.3470052083333333,0.5115740740740741
249656,Move,0.326171875,0.5277777777777778
249669.30000000075,Move,0.310546875,0.5462962962962963
249690.80000000075,Move,0.2936197916666667,0.5694444444444444
249695.70000000298,Move,0.283203125,0.5833333333333334
249738.20000000298,Move,0.283203125,0.5833333333333334
249754.30000000075,Move,0.2819010416666667,0.5810185185185185
249773.6000000015,Move,0.2819010416666667,0.5787037037037037
249787.30000000075,Move,0.2819010416666667,0.5740740740740741
249808.5,Move,0.2819010416666667,0.5717592592592593
249822.5,Move,0.283203125,0.5671296296296297
249836.30000000075,Move,0.283203125,0.5648148148148148
249858.1000000015,Move,0.283203125,0.5625
249872.70000000298,Move,0.283203125,0.5578703703703703
249885.5,Move,0.283203125,0.5462962962962963
249906.80000000075,Move,0.283203125,0.5393518518518519
249922,Move,0.283203125,0.5370370370370371
249936.90000000224,Move,0.2845052083333333,0.5370370370370371
249956.70000000298,Move,0.2884114583333333,0.5370370370370371
249971,Move,0.2936197916666667,0.5347222222222222
249992.1000000015,Move,0.3014322916666667,0.5324074074074074
250006.30000000075,Move,0.3079427083333333,0.5300925925925926
250020.80000000075,Move,0.3118489583333333,0.5300925925925926
250041.5,Move,0.3209635416666667,0.5277777777777778
250057.90000000224,Move,0.326171875,0.5254629629629629
250075.5,Move,0.3313802083333333,0.5254629629629629
250090,Move,0.3365885416666667,0.5231481481481481
250104.1000000015,Move,0.341796875,0.5231481481481481
250125.30000000075,Move,0.349609375,0.5231481481481481
250139.1000000015,Move,0.3548177083333333,0.5208333333333334
250151.80000000075,Move,0.3587239583333333,0.5208333333333334
250174.6000000015,Move,0.3639322916666667,0.5208333333333334
250188.40000000224,Move,0.365234375,0.5208333333333334
250202.90000000224,Move,0.3678385416666667,0.5208333333333334
250216.70000000298,Move,0.369140625,0.5208333333333334
250258.30000000075,Move,0.369140625,0.5208333333333334
250292.1000000015,Move,0.3704427083333333,0.5208333333333334
250439.70000000298,Move,0.3717447916666667,0.5208333333333334
250452.30000000075,Move,0.3717447916666667,0.5208333333333334
250479.80000000075,Move,0.373046875,0.5208333333333334
250492.5,Move,0.3743489583333333,0.5208333333333334
250522.6000000015,Move,0.3743489583333333,0.5208333333333334
250531.80000000075,Move,0.3756510416666667,0.5208333333333334
250558,Move,0.376953125,0.5208333333333334
250569,Move,0.3782552083333333,0.5208333333333334
250604.70000000298,Move,0.3743489583333333,0.5208333333333334
250618.90000000224,Move,0.365234375,0.5208333333333334
250638.5,Move,0.341796875,0.5208333333333334
250653.5,Move,0.3235677083333333,0.5185185185185185
250673.70000000298,Move,0.2962239583333333,0.5185185185185185
250687.70000000298,Move,0.2858072916666667,0.5185185185185185
250701.30000000075,Move,0.271484375,0.5208333333333334
250724,Move,0.2506510416666667,0.5277777777777778
250737.40000000224,Move,0.240234375,0.5300925925925926
250757.30000000075,Move,0.22721354166666666,0.5347222222222222
250771.90000000224,Move,0.22330729166666666,0.5347222222222222
250786.20000000298,Move,0.22200520833333334,0.5347222222222222
250807.6000000015,Move,0.21940104166666666,0.5347222222222222
250814.90000000224,Move,0.21809895833333334,0.5347222222222222
250835.40000000224,Move,0.216796875,0.5347222222222222
250902.5,Move,0.216796875,0.5370370370370371
250939.6000000015,Move,0.21549479166666666,0.5370370370370371
250975.30000000075,Move,0.21419270833333334,0.5370370370370371
251002.70000000298,Move,0.212890625,0.5370370370370371
251011.70000000298,Move,0.21158854166666666,0.5393518518518519
251039.20000000298,Move,0.21028645833333334,0.5393518518518519
251055.5,Move,0.208984375,0.5393518518518519
251072.6000000015,Move,0.205078125,0.5393518518518519
251091.40000000224,Move,0.20638020833333334,0.5393518518518519
251108.5,Move,0.20768229166666666,0.5393518518518519
251124.20000000298,Move,0.208984375,0.5393518518518519
251139.70000000298,Move,0.212890625,0.5393518518518519
251156.20000000298,Move,0.21940104166666666,0.5393518518518519
251171.80000000075,Move,0.228515625,0.5416666666666666
251188.1000000015,Move,0.23763020833333334,0.5416666666666666
251204.20000000298,Move,0.24934895833333334,0.5439814814814815
251219.90000000224,Move,0.263671875,0.5462962962962963
251236.20000000298,Move,0.279296875,0.5509259259259259
251252.70000000298,Move,0.2962239583333333,0.5555555555555556
251268.5,Move,0.314453125,0.5625
251284.40000000224,Move,0.3326822916666667,0.5671296296296297
251307.90000000224,Move,0.3587239583333333,0.5763888888888888
251325,Move,0.376953125,0.5833333333333334
251340,Move,0.3951822916666667,0.5902777777777778
251356.5,Move,0.412109375,0.5949074074074074
251372.90000000224,Move,0.4290364583333333,0.6018518518518519
251388.5,Move,0.4446614583333333,0.6041666666666666
251404.70000000298,Move,0.4615885416666667,0.6087962962962963
251420.20000000298,Move,0.4759114583333333,0.6111111111111112
251436.70000000298,Move,0.4967447916666667,0.6087962962962963
251453.40000000224,Move,0.517578125,0.5972222222222222
251469,Move,0.537109375,0.5833333333333334
251492.30000000075,Move,0.564453125,0.5625
251507.20000000298,Move,0.6100260416666666,0.5439814814814815
251523.90000000224,Move,0.6725260416666666,0.5300925925925926
251540.40000000224,Move,0.7180989583333334,0.5277777777777778
251548.30000000075,Move,0.7259114583333334,0.5277777777777778
251635.80000000075,Move,0.7233072916666666,0.5277777777777778
251656.1000000015,Move,0.720703125,0.5254629629629629
251671.5,Move,0.716796875,0.5231481481481481
251687.1000000015,Move,0.7141927083333334,0.5231481481481481
251705.6000000015,Move,0.7102864583333334,0.5208333333333334
251721.20000000298,Move,0.7076822916666666,0.5208333333333334
251741.80000000075,Move,0.7037760416666666,0.5208333333333334
251754.40000000224,Move,0.7024739583333334,0.5185185185185185
251770.6000000015,Move,0.6998697916666666,0.5185185185185185
251790.6000000015,Move,0.697265625,0.5162037037037037
251806.40000000224,Move,0.6946614583333334,0.5162037037037037
251824.90000000224,Move,0.6907552083333334,0.5162037037037037
251838.70000000298,Move,0.689453125,0.5138888888888888
251854.30000000075,Move,0.6881510416666666,0.5138888888888888
251859.70000000298,Move,0.6868489583333334,0.5138888888888888
251961.5,Move,0.685546875,0.5138888888888888
252028.30000000075,Move,0.6842447916666666,0.5138888888888888
252169.70000000298,Move,0.669921875,0.5208333333333334
252191,Move,0.654296875,0.5231481481481481
252204,Move,0.642578125,0.5277777777777778
252224.90000000224,Move,0.626953125,0.5300925925925926
252240.40000000224,Move,0.6139322916666666,0.5324074074074074
252253.40000000224,Move,0.603515625,0.5324074074074074
252274.1000000015,Move,0.5865885416666666,0.5370370370370371
252288.40000000224,Move,0.5735677083333334,0.5416666666666666
252308.20000000298,Move,0.5579427083333334,0.5462962962962963
252323.5,Move,0.5436197916666666,0.5532407407407407
252337,Move,0.521484375,0.5625
252356.80000000075,Move,0.4993489583333333,0.5763888888888888
252372,Move,0.4798177083333333,0.5856481481481481
252386.90000000224,Move,0.458984375,0.5949074074074074
252407.20000000298,Move,0.4407552083333333,0.6041666666666666
252421,Move,0.4264322916666667,0.6111111111111112
252441.1000000015,Move,0.408203125,0.6157407407407407
252522.70000000298,Move,0.408203125,0.6157407407407407
252534.6000000015,Move,0.408203125,0.6157407407407407
252556.20000000298,Move,0.4069010416666667,0.6134259259259259
252571.80000000075,Move,0.4055989583333333,0.6111111111111112
252591.90000000224,Move,0.3990885416666667,0.5995370370370371
252605.80000000075,Move,0.396484375,0.5949074074074074
252640.70000000298,Move,0.3951822916666667,0.5925925925925926
252669.90000000224,Move,0.3977864583333333,0.5902777777777778
252691.20000000298,Move,0.404296875,0.5856481481481481
252706.20000000298,Move,0.416015625,0.5787037037037037
252724,Move,0.4329427083333333,0.5717592592592593
252739.40000000224,Move,0.447265625,0.5671296296296297
252753.6000000015,Move,0.4576822916666667,0.5625
252775.80000000075,Move,0.4798177083333333,0.5532407407407407
252789.20000000298,Move,0.4876302083333333,0.5462962962962963
252803.30000000075,Move,0.4954427083333333,0.5393518518518519
252823.40000000224,Move,0.513671875,0.5185185185185185
252839.40000000224,Move,0.5240885416666666,0.5046296296296297
252852.6000000015,Move,0.5345052083333334,0.48842592592592593
252873.6000000015,Move,0.5462239583333334,0.4722222222222222
252887.70000000298,Move,0.5540364583333334,0.46296296296296297
252907.70000000298,Move,0.560546875,0.4537037037037037
252921.6000000015,Move,0.5618489583333334,0.4537037037037037
252934.90000000224,Move,0.5631510416666666,0.4513888888888889
252956,Move,0.564453125,0.4513888888888889
252971.5,Move,0.5657552083333334,0.44907407407407407
252984.5,Move,0.5670572916666666,0.44907407407407407
253005.80000000075,Move,0.568359375,0.44675925925925924
253012.30000000075,Move,0.568359375,0.44675925925925924
253082.5,Move,0.5696614583333334,0.44675925925925924
253119.70000000298,Move,0.5696614583333334,0.4444444444444444
253140,Move,0.5709635416666666,0.44212962962962965
253153.1000000015,Move,0.572265625,0.44212962962962965
253174.30000000075,Move,0.5735677083333334,0.4398148148148148
253188.20000000298,Move,0.5735677083333334,0.4375
253202.30000000075,Move,0.5748697916666666,0.4351851851851852
253223.30000000075,Move,0.576171875,0.43287037037037035
253236.80000000075,Move,0.5774739583333334,0.4305555555555556
253257.1000000015,Move,0.5813802083333334,0.42592592592592593
253272.6000000015,Move,0.5826822916666666,0.42592592592592593
253286.20000000298,Move,0.5826822916666666,0.42592592592592593
253303.1000000015,Move,0.5826822916666666,0.4305555555555556
253322,Move,0.5826822916666666,0.4305555555555556
253336,Move,0.583984375,0.4351851851851852
253356.90000000224,Move,0.583984375,0.4351851851851852
253371.70000000298,Move,0.5852864583333334,0.4398148148148148
253391.90000000224,Move,0.5865885416666666,0.44675925925925924
253405.90000000224,Move,0.587890625,0.4513888888888889
253419.70000000298,Move,0.5891927083333334,0.45601851851851855
253441.6000000015,Move,0.591796875,0.4675925925925926
253455.5,Move,0.5930989583333334,0.48148148148148145
253475.40000000224,Move,0.5970052083333334,0.5185185185185185
253491.90000000224,Move,0.5983072916666666,0.5347222222222222
253504.90000000224,Move,0.599609375,0.5416666666666666
253525.70000000298,Move,0.583984375,0.5254629629629629
253541,Move,0.5748697916666666,0.5162037037037037
253555.90000000224,Move,0.5631510416666666,0.5046296296296297
253568.6000000015,Move,0.5501302083333334,0.4930555555555556
253590.40000000224,Move,0.5305989583333334,0.47685185185185186
253604.70000000298,Move,0.517578125,0.4652777777777778
253624,Move,0.4928385416666667,0.4444444444444444
253639,Move,0.4798177083333333,0.4305555555555556
253652.5,Move,0.4654947916666667,0.41898148148148145
253673.40000000224,Move,0.4498697916666667,0.40046296296296297
253687,Move,0.4381510416666667,0.38657407407407407
253709.20000000298,Move,0.4212239583333333,0.36574074074074076
253722.70000000298,Move,0.408203125,0.3472222222222222
253735.5,Move,0.3977864583333333,0.33101851851851855
253758,Move,0.3834635416666667,0.30787037037037035
253772.30000000075,Move,0.369140625,0.2824074074074074
253786.1000000015,Move,0.357421875,0.2638888888888889
253806.40000000224,Move,0.337890625,0.2361111111111111
253821,Move,0.330078125,0.22453703703703703
253840.90000000224,Move,0.3157552083333333,0.20601851851851852
253855.90000000224,Move,0.302734375,0.19212962962962962
253955.1000000015,Move,0.3040364583333333,0.18981481481481483
253971.5,Move,0.3040364583333333,0.1875
253978.1000000015,Move,0.3053385416666667,0.18518518518518517
254002.6000000015,Move,0.3053385416666667,0.18287037037037038
254018.80000000075,Move,0.306640625,0.18055555555555555
254034.20000000298,Move,0.306640625,0.17824074074074073
254057.90000000224,Move,0.3079427083333333,0.17592592592592593
254074,Move,0.3092447916666667,0.1736111111111111
254089.5,Move,0.3092447916666667,0.1712962962962963
254106.5,Move,0.310546875,0.16898148148148148
254122.1000000015,Move,0.310546875,0.16666666666666666
254136.70000000298,Move,0.3118489583333333,0.16666666666666666
254147.20000000298,Move,0.3118489583333333,0.16435185185185186
254163.20000000298,Move,0.3131510416666667,0.16435185185185186
254186.80000000075,Move,0.314453125,0.16435185185185186
254207.80000000075,Move,0.3196614583333333,0.16898148148148148
254220.80000000075,Move,0.3248697916666667,0.1736111111111111
254236.20000000298,Move,0.3313802083333333,0.18055555555555555
254256.1000000015,Move,0.361328125,0.2152777777777778
254270.30000000075,Move,0.384765625,0.24305555555555555
254291.6000000015,Move,0.4615885416666667,0.3055555555555556
254304.30000000075,Move,0.5084635416666666,0.32407407407407407
254325.90000000224,Move,0.529296875,0.33564814814814814
254339.1000000015,Move,0.5319010416666666,0.33796296296296297
254353.90000000224,Move,0.5358072916666666,0.33796296296296297
254375.20000000298,Move,0.5423177083333334,0.3425925925925926
254389.30000000075,Move,0.5501302083333334,0.34953703703703703
254395.40000000224,Move,0.552734375,0.35185185185185186
254467.40000000224,Move,0.5514322916666666,0.34953703703703703
254489,Move,0.5501302083333334,0.34953703703703703
254509,Move,0.548828125,0.3472222222222222
254517.30000000075,Move,0.5475260416666666,0.3449074074074074
254540.30000000075,Move,0.5462239583333334,0.3425925925925926
254558.80000000075,Move,0.544921875,0.3402777777777778
254567.80000000075,Move,0.5436197916666666,0.3402777777777778
254590.20000000298,Move,0.5423177083333334,0.33796296296296297
254598.20000000298,Move,0.5423177083333334,0.33796296296296297
254878.6000000015,Released,0.5423177083333334,0.33796296296296297
254915,Released,0.4869791666666667,0.6331018518518519