resolution:1536,864
418507.80000000075,Pressed,0.21028645833333334,0.3680555555555556
418511.30000000075,Move,0.21028645833333334,0.3680555555555556
418526.40000000224,Move,0.21028645833333334,0.3680555555555556
418726.80000000075,Move,0.21028645833333334,0.3680555555555556
418770,Move,0.21158854166666666,0.3680555555555556
418790.6000000015,Move,0.212890625,0.37037037037037035
418805.200000003,Move,0.21809895833333334,0.3773148148148148
418818.90000000224,Move,0.22330729166666666,0.38425925925925924
418840.40000000224,Move,0.232421875,0.39351851851851855
418854,Move,0.23763020833333334,0.40046296296296297
418874,Move,0.24544270833333334,0.4097222222222222
418889,Move,0.2532552083333333,0.41898148148148145
418902.80000000075,Move,0.255859375,0.42592592592592593
418924.30000000075,Move,0.263671875,0.4375
418938.1000000015,Move,0.2701822916666667,0.4537037037037037
418952,Move,0.275390625,0.4675925925925926
418973.1000000015,Move,0.283203125,0.48842592592592593
418986.6000000015,Move,0.287109375,0.4976851851851852
419008.30000000075,Move,0.2923177083333333,0.5092592592592593
419021.30000000075,Move,0.2936197916666667,0.5138888888888888
419028.80000000075,Move,0.294921875,0.5162037037037037
419056.80000000075,Move,0.2962239583333333,0.5185185185185185
419071.6000000015,Move,0.2975260416666667,0.5208333333333334
419085.30000000075,Move,0.298828125,0.5208333333333334
419099.700000003,Move,0.298828125,0.5231481481481481
419121.30000000075,Move,0.298828125,0.5231481481481481
419134.1000000015,Move,0.298828125,0.5254629629629629
419176.30000000075,Move,0.298828125,0.5254629629629629
419191.6000000015,Move,0.3001302083333333,0.5277777777777778
419218.90000000224,Move,0.3001302083333333,0.5277777777777778
419233.200000003,Move,0.3014322916666667,0.5300925925925926
419269.700000003,Move,0.3014322916666667,0.5300925925925926
419273.90000000224,Move,0.302734375,0.5324074074074074
419288.40000000224,Move,0.302734375,0.5324074074074074
419318.5,Move,0.3040364583333333,0.5347222222222222
419351.200000003,Move,0.306640625,0.5231481481481481
419372.1000000015,Move,0.310546875,0.5162037037037037
419387.1000000015,Move,0.3131510416666667,0.5069444444444444
419402.40000000224,Move,0.314453125,0.5023148148148148
419422.90000000224,Move,0.3196614583333333,0.49074074074074076
419437,Move,0.322265625,0.48148148148148145
419451.1000000015,Move,0.3248697916666667,0.47453703703703703
419471.80000000075,Move,0.3287760416666667,0.46296296296296297
419486.30000000075,Move,0.3326822916666667,0.4537037037037037
419506.6000000015,Move,0.3352864583333333,0.4444444444444444
419520.90000000224,Move,0.337890625,0.4351851851851852
419542,Move,0.3430989583333333,0.41898148148148145
419555.6000000015,Move,0.3444010416666667,0.41203703703703703
419570.1000000015,Move,0.3470052083333333,0.4027777777777778
419583.700000003,Move,0.349609375,0.39351851851851855
419604,Move,0.3548177083333333,0.3773148148148148
419618.90000000224,Move,0.3561197916666667,0.37037037037037035
419639.200000003,Move,0.3587239583333333,0.3587962962962963
419652.40000000224,Move,0.361328125,0.35185185185185186
419693.30000000075,Move,0.361328125,0.34953703703703703
419755,Move,0.361328125,0.34953703703703703
419769.200000003,Move,0.361328125,0.3472222222222222
419784.200000003,Move,0.361328125,0.3449074074074074
419799.5,Move,0.361328125,0.3402777777777778
419815.1000000015,Move,0.361328125,0.33796296296296297
419830.6000000015,Move,0.361328125,0.3333333333333333
419875.1000000015,Move,0.361328125,0.3333333333333333
419935.700000003,Move,0.3626302083333333,0.3333333333333333
419955.200000003,Move,0.3626302083333333,0.3402777777777778
419970.40000000224,Move,0.3626302083333333,0.3449074074074074
419991.5,Move,0.361328125,0.35185185185185186
420006,Move,0.3626302083333333,0.3611111111111111
420019.90000000224,Move,0.3626302083333333,0.36342592592592593
420040.6000000015,Move,0.3626302083333333,0.3773148148148148
420055,Move,0.3626302083333333,0.3912037037037037
420069.6000000015,Move,0.361328125,0.4050925925925926
420088,Move,0.361328125,0.42592592592592593
420103.6000000015,Move,0.3626302083333333,0.4375
420124.80000000075,Move,0.3639322916666667,0.4583333333333333
420139.40000000224,Move,0.3665364583333333,0.4791666666666667
420151.80000000075,Move,0.3717447916666667,0.5185185185185185
420172.6000000015,Move,0.373046875,0.5439814814814815
420188.90000000224,Move,0.3743489583333333,0.5555555555555556
420273.6000000015,Move,0.3743489583333333,0.5532407407407407
420310,Move,0.3743489583333333,0.5509259259259259
420347.30000000075,Move,0.3743489583333333,0.5509259259259259
420419.6000000015,Move,0.3756510416666667,0.5486111111111112
420432.90000000224,Move,0.376953125,0.5486111111111112
420441.30000000075,Move,0.376953125,0.5462962962962963
420454.40000000224,Move,0.3782552083333333,0.5462962962962963
420468.200000003,Move,0.3821614583333333,0.5416666666666666
420489.6000000015,Move,0.3912760416666667,0.5347222222222222
420502.700000003,Move,0.3977864583333333,0.5277777777777778
420524.30000000075,Move,0.4108072916666667,0.5162037037037037
420537.30000000075,Move,0.4212239583333333,0.5046296296296297
420552.200000003,Move,0.431640625,0.49537037037037035
420572.5,Move,0.4498697916666667,0.48148148148148145
420586.80000000075,Move,0.4615885416666667,0.4722222222222222
420608.5,Move,0.4772135416666667,0.4583333333333333
420621.700000003,Move,0.4889322916666667,0.44907407407407407
420636,Move,0.4993489583333333,0.4398148148148148
420657.1000000015,Move,0.5162760416666666,0.42592592592592593
420670.6000000015,Move,0.525390625,0.4166666666666667
420690.700000003,Move,0.5397135416666666,0.40046296296296297
420706.200000003,Move,0.5514322916666666,0.3819444444444444
420720.80000000075,Move,0.564453125,0.36342592592592593
420741.5,Move,0.5813802083333334,0.3333333333333333
420755.700000003,Move,0.6139322916666666,0.2916666666666667
420775.30000000075,Move,0.6634114583333334,0.2361111111111111
420782,Move,0.6686197916666666,0.22916666666666666
420852.80000000075,Move,0.6686197916666666,0.23148148148148148
420866.200000003,Move,0.6686197916666666,0.23148148148148148
420879.40000000224,Move,0.6673177083333334,0.2337962962962963
420892.30000000075,Move,0.6673177083333334,0.2361111111111111
420906.6000000015,Move,0.666015625,0.23842592592592593
420918.80000000075,Move,0.666015625,0.24074074074074073
420930,Move,0.666015625,0.24074074074074073
420946.700000003,Move,0.666015625,0.24305555555555555
420972.40000000224,Move,0.666015625,0.24305555555555555
421022.80000000075,Move,0.662109375,0.24537037037037038
421037.5,Move,0.6555989583333334,0.24768518518518517
421058.200000003,Move,0.6490885416666666,0.24768518518518517
421072.5,Move,0.6438802083333334,0.2523148148148148
421086.40000000224,Move,0.6399739583333334,0.25462962962962965
421107.1000000015,Move,0.6321614583333334,0.25925925925925924
421121.80000000075,Move,0.6256510416666666,0.2638888888888889
421141.80000000075,Move,0.619140625,0.2662037037037037
421155.6000000015,Move,0.6126302083333334,0.26851851851851855
421170.200000003,Move,0.6087239583333334,0.2708333333333333
421191.700000003,Move,0.599609375,0.27314814814814814
421204.1000000015,Move,0.5944010416666666,0.27314814814814814
421225.40000000224,Move,0.5852864583333334,0.27314814814814814
421239.5,Move,0.576171875,0.27314814814814814
421255.700000003,Move,0.568359375,0.2708333333333333
421274.90000000224,Move,0.5579427083333334,0.2708333333333333
421289.5,Move,0.5462239583333334,0.2662037037037037
421303.6000000015,Move,0.5384114583333334,0.2662037037037037
421324.40000000224,Move,0.5240885416666666,0.2662037037037037
421337.40000000224,Move,0.5188802083333334,0.2662037037037037
421352.80000000075,Move,0.5123697916666666,0.2662037037037037
421372.90000000224,Move,0.5045572916666666,0.2662037037037037
421379.200000003,Move,0.5006510416666666,0.2662037037037037
421422,Move,0.5006510416666666,0.26851851851851855
421484.40000000224,Move,0.5006510416666666,0.26851851851851855
421550.80000000075,Move,0.5006510416666666,0.2708333333333333
421669.6000000015,Move,0.498046875,0.27314814814814814
421677.40000000224,Move,0.498046875,0.27314814814814814
421686.40000000224,Move,0.494140625,0.27314814814814814
421701.80000000075,Move,0.486328125,0.27546296296296297
421724.40000000224,Move,0.4798177083333333,0.27546296296296297
421741.80000000075,Move,0.4720052083333333,0.2777777777777778
421757.30000000075,Move,0.4680989583333333,0.2777777777777778
421765.30000000075,Move,0.4641927083333333,0.2800925925925926
421790.6000000015,Move,0.4420572916666667,0.2847222222222222
421806.1000000015,Move,0.4225260416666667,0.28935185185185186
421821.90000000224,Move,0.404296875,0.29398148148148145
421838.40000000224,Move,0.388671875,0.2962962962962963
421853.5,Move,0.3743489583333333,0.2986111111111111
421870.5,Move,0.349609375,0.30324074074074076
421888.6000000015,Move,0.3131510416666667,0.3055555555555556
421903.40000000224,Move,0.2662760416666667,0.3101851851851852
421918.200000003,Move,0.240234375,0.3148148148148148
421933.200000003,Move,0.22591145833333334,0.31712962962962965
422001,Move,0.22591145833333334,0.3148148148148148
422015.6000000015,Move,0.22721354166666666,0.3148148148148148
422030.1000000015,Move,0.22721354166666666,0.3125
422037.200000003,Move,0.22721354166666666,0.3125
422057,Move,0.22981770833333334,0.3055555555555556
422071.5,Move,0.232421875,0.2962962962962963
422078.6000000015,Move,0.23372395833333334,0.29398148148148145
422113.40000000224,Move,0.23372395833333334,0.29398148148148145
422137.30000000075,Move,0.23372395833333334,0.29398148148148145
422159.40000000224,Move,0.23502604166666666,0.29398148148148145
422187.200000003,Move,0.236328125,0.2962962962962963
422207.40000000224,Move,0.23893229166666666,0.2962962962962963
422221.6000000015,Move,0.24153645833333334,0.2962962962962963
422237.40000000224,Move,0.24283854166666666,0.2962962962962963
422256.5,Move,0.24674479166666666,0.30092592592592593
422270.80000000075,Move,0.24934895833333334,0.30324074074074076
422290.40000000224,Move,0.2532552083333333,0.30324074074074076
422306.80000000075,Move,0.255859375,0.3055555555555556
422321.200000003,Move,0.2584635416666667,0.30787037037037035
422341,Move,0.2623697916666667,0.3101851851851852
422355,Move,0.263671875,0.3125
422368.90000000224,Move,0.2662760416666667,0.3148148148148148
422391.1000000015,Move,0.2701822916666667,0.31712962962962965
422404.200000003,Move,0.271484375,0.31712962962962965
422425,Move,0.279296875,0.32175925925925924
422438,Move,0.2845052083333333,0.32407407407407407
422453.40000000224,Move,0.2897135416666667,0.3263888888888889
422474.30000000075,Move,0.3040364583333333,0.3333333333333333
422487.40000000224,Move,0.3157552083333333,0.33796296296296297
422501.80000000075,Move,0.3209635416666667,0.3402777777777778
422553.1000000015,Move,0.3209635416666667,0.3425925925925926
422624.700000003,Move,0.322265625,0.3449074074074074
422662.40000000224,Move,0.3235677083333333,0.3449074074074074
422770.6000000015,Move,0.3235677083333333,0.3472222222222222
422779,Move,0.3248697916666667,0.3472222222222222
422793.200000003,Move,0.326171875,0.3472222222222222
422805.40000000224,Move,0.3313802083333333,0.34953703703703703
422820.6000000015,Move,0.333984375,0.34953703703703703
422841.5,Move,0.3404947916666667,0.35185185185185186
422854.80000000075,Move,0.3444010416666667,0.35185185185185186
422868.1000000015,Move,0.3522135416666667,0.3541666666666667
422889.6000000015,Move,0.376953125,0.3611111111111111
422904.700000003,Move,0.4055989583333333,0.36574074074074076
422925.1000000015,Move,0.4381510416666667,0.37037037037037035
422939,Move,0.4811197916666667,0.37962962962962965
422954.5,Move,0.529296875,0.39351851851851855
422973.40000000224,Move,0.5983072916666666,0.42592592592592593
422988.200000003,Move,0.6295572916666666,0.4444444444444444
423008.200000003,Move,0.658203125,0.4583333333333333
423021.6000000015,Move,0.6634114583333334,0.46064814814814814
423039.30000000075,Move,0.666015625,0.46296296296296297
423057.40000000224,Move,0.6686197916666666,0.4652777777777778
423070.90000000224,Move,0.6712239583333334,0.4652777777777778
423086.90000000224,Move,0.673828125,0.4675925925925926
423106.1000000015,Move,0.677734375,0.4699074074074074
423121.5,Move,0.6881510416666666,0.4722222222222222
423141.40000000224,Move,0.6959635416666666,0.47685185185185186
423148.6000000015,Move,0.697265625,0.47685185185185186
423201.5,Move,0.6959635416666666,0.4791666666666667
423222.700000003,Move,0.6946614583333334,0.48148148148148145
423237.40000000224,Move,0.6946614583333334,0.4837962962962963
423257.5,Move,0.6920572916666666,0.48842592592592593
423271.80000000075,Move,0.6907552083333334,0.49074074074074076
423278,Move,0.689453125,0.4930555555555556
423305.90000000224,Move,0.6881510416666666,0.4976851851851852
423320.80000000075,Move,0.6881510416666666,0.5023148148148148
423341.5,Move,0.6868489583333334,0.5092592592592593
423355.5,Move,0.685546875,0.5138888888888888
423375.30000000075,Move,0.6842447916666666,0.5208333333333334
423390.6000000015,Move,0.6842447916666666,0.5231481481481481
423404.200000003,Move,0.6829427083333334,0.5254629629629629
423412.1000000015,Move,0.6829427083333334,0.5277777777777778
423472.1000000015,Move,0.6842447916666666,0.5277777777777778
423554.80000000075,Move,0.6842447916666666,0.5277777777777778
423717.200000003,Move,0.6764322916666666,0.5208333333333334
423723.700000003,Move,0.6634114583333334,0.5115740740740741
423744.40000000224,Move,0.650390625,0.5023148148148148
423759.700000003,Move,0.6399739583333334,0.49537037037037035
423779.5,Move,0.6165364583333334,0.48148148148148145
423793.5,Move,0.6022135416666666,0.47453703703703703
423807.700000003,Move,0.5852864583333334,0.4675925925925926
423828.80000000075,Move,0.5631510416666666,0.45601851851851855
423843.1000000015,Move,0.541015625,0.44675925925925924
423858.700000003,Move,0.525390625,0.4375
423877.40000000224,Move,0.4993489583333333,0.4236111111111111
423892,Move,0.4850260416666667,0.4166666666666667
423912.700000003,Move,0.466796875,0.4027777777777778
423927.80000000075,Move,0.455078125,0.39351851851851855
423942.5,Move,0.4459635416666667,0.38657407407407407
423961,Move,0.427734375,0.3680555555555556
423976.5,Move,0.4186197916666667,0.3587962962962963
423991.40000000224,Move,0.4029947916666667,0.3402777777777778
424011.30000000075,Move,0.3899739583333333,0.32175925925925924
424025.40000000224,Move,0.3821614583333333,0.3125
424045.700000003,Move,0.365234375,0.28935185185185186
424059.6000000015,Move,0.3561197916666667,0.27314814814814814
424080.200000003,Move,0.3404947916666667,0.25
424096.40000000224,Move,0.3287760416666667,0.2337962962962963
424108.200000003,Move,0.3196614583333333,0.22453703703703703
424129.6000000015,Move,0.3053385416666667,0.21064814814814814
424143.30000000075,Move,0.3001302083333333,0.20601851851851852
424158.200000003,Move,0.283203125,0.19212962962962962
424227.700000003,Move,0.283203125,0.19212962962962962
424262.90000000224,Move,0.2845052083333333,0.19444444444444445
424283.1000000015,Move,0.2858072916666667,0.19444444444444445
424296.700000003,Move,0.287109375,0.19675925925925927
424312,Move,0.287109375,0.19675925925925927
424326.30000000075,Move,0.2884114583333333,0.19675925925925927
424346.1000000015,Move,0.291015625,0.19907407407407407
424361.700000003,Move,0.291015625,0.2013888888888889
424375.40000000224,Move,0.2923177083333333,0.2037037037037037
424394.5,Move,0.294921875,0.20601851851851852
424409.700000003,Move,0.2975260416666667,0.20601851851851852
424430.700000003,Move,0.3040364583333333,0.21064814814814814
424444,Move,0.3079427083333333,0.21296296296296297
424458.6000000015,Move,0.310546875,0.21296296296296297
424474.80000000075,Move,0.3118489583333333,0.21296296296296297
424521.1000000015,Move,0.3131510416666667,0.21296296296296297
424599.30000000075,Move,0.3131510416666667,0.21064814814814814
424674.90000000224,Move,0.314453125,0.21064814814814814
424713.40000000224,Move,0.314453125,0.21064814814814814
424728.30000000075,Move,0.3157552083333333,0.2152777777777778
424742.200000003,Move,0.3157552083333333,0.2175925925925926
424762,Move,0.3209635416666667,0.2361111111111111
424777.40000000224,Move,0.322265625,0.24537037037037038
424797.1000000015,Move,0.3274739583333333,0.2638888888888889
424811.200000003,Move,0.330078125,0.27314814814814814
424825.30000000075,Move,0.3326822916666667,0.2847222222222222
424846.30000000075,Move,0.337890625,0.30787037037037035
424861,Move,0.3391927083333333,0.3148148148148148
424876.1000000015,Move,0.341796875,0.3263888888888889
424896.5,Move,0.3470052083333333,0.35185185185185186
424910.6000000015,Move,0.349609375,0.37037037037037035
424924.200000003,Move,0.353515625,0.3888888888888889
424944.80000000075,Move,0.3587239583333333,0.41435185185185186
424959.40000000224,Move,0.3600260416666667,0.4236111111111111
424979.90000000224,Move,0.3639322916666667,0.44212962962962965
424994.200000003,Move,0.365234375,0.44675925925925924
425014.1000000015,Move,0.365234375,0.4513888888888889
425028.80000000075,Move,0.3665364583333333,0.4513888888888889
425043.80000000075,Move,0.3665364583333333,0.4537037037037037
425064.200000003,Move,0.3665364583333333,0.4583333333333333
425078.200000003,Move,0.3665364583333333,0.4583333333333333
425092,Move,0.3665364583333333,0.46064814814814814
425114.700000003,Move,0.3665364583333333,0.46064814814814814
425184.5,Move,0.3678385416666667,0.46064814814814814
425225.200000003,Move,0.3678385416666667,0.46064814814814814
425315.80000000075,Move,0.369140625,0.46064814814814814
425346.1000000015,Move,0.369140625,0.46064814814814814
425378.200000003,Move,0.369140625,0.4583333333333333
425386.700000003,Move,0.369140625,0.4583333333333333
425395.1000000015,Move,0.369140625,0.45601851851851855
425417.700000003,Move,0.369140625,0.4537037037037037
425427,Move,0.3678385416666667,0.4537037037037037
425442.1000000015,Move,0.3678385416666667,0.44907407407407407
425458.5,Move,0.369140625,0.44675925925925924
425474.6000000015,Move,0.3678385416666667,0.44212962962962965
425497.200000003,Move,0.3678385416666667,0.4305555555555556
425505.200000003,Move,0.3665364583333333,0.42592592592592593
425530.40000000224,Move,0.3665364583333333,0.41435185185185186
425546.30000000075,Move,0.365234375,0.40046296296296297
425561.30000000075,Move,0.3626302083333333,0.3819444444444444
425577.5,Move,0.3626302083333333,0.3587962962962963
425594.80000000075,Move,0.361328125,0.3333333333333333
425608.80000000075,Move,0.361328125,0.3125
425626.200000003,Move,0.361328125,0.2962962962962963
425640.5,Move,0.361328125,0.28935185185185186
425658.30000000075,Move,0.361328125,0.28703703703703703
425674.200000003,Move,0.361328125,0.2847222222222222
425690.5,Move,0.361328125,0.2847222222222222
425706.200000003,Move,0.361328125,0.2824074074074074
425714.40000000224,Move,0.361328125,0.2824074074074074
425737.200000003,Move,0.361328125,0.2800925925925926
425761.40000000224,Move,0.361328125,0.2777777777777778
425777.700000003,Move,0.361328125,0.27314814814814814
425794.90000000224,Move,0.361328125,0.2708333333333333
425800.80000000075,Move,0.361328125,0.2708333333333333
425912.700000003,Move,0.3600260416666667,0.2708333333333333
425950,Move,0.3600260416666667,0.27314814814814814
425990.80000000075,Move,0.3600260416666667,0.27314814814814814
426027.90000000224,Move,0.3587239583333333,0.27314814814814814
426065.200000003,Move,0.3587239583333333,0.27546296296296297
426141.200000003,Move,0.357421875,0.2777777777777778
426148.40000000224,Move,0.3587239583333333,0.27546296296296297
426162.700000003,Move,0.3587239583333333,0.2777777777777778
426176.5,Move,0.3587239583333333,0.2847222222222222
426182.700000003,Move,0.357421875,0.28703703703703703
426211.40000000224,Move,0.357421875,0.29398148148148145
426225.700000003,Move,0.3561197916666667,0.30092592592592593
426245.90000000224,Move,0.3561197916666667,0.30324074074074076
426260.700000003,Move,0.3561197916666667,0.30787037037037035
426274.5,Move,0.3548177083333333,0.31712962962962965
426296,Move,0.3522135416666667,0.3333333333333333
426310.80000000075,Move,0.3509114583333333,0.3472222222222222
426329.80000000075,Move,0.3483072916666667,0.36574074074074076
426344.80000000075,Move,0.3470052083333333,0.3773148148148148
426359.700000003,Move,0.345703125,0.3912037037037037
426373.40000000224,Move,0.3444010416666667,0.4027777777777778
426394.30000000075,Move,0.3430989583333333,0.43287037037037035
426413.80000000075,Move,0.3404947916666667,0.4861111111111111
426429.6000000015,Move,0.3391927083333333,0.5115740740740741
426441.700000003,Move,0.337890625,0.5277777777777778
426462.5,Move,0.3365885416666667,0.5439814814814815
426566.40000000224,Move,0.3365885416666667,0.5416666666666666
426583.90000000224,Move,0.337890625,0.5439814814814815
426603.6000000015,Move,0.3365885416666667,0.5439814814814815
426620.30000000075,Move,0.337890625,0.5439814814814815
426638.80000000075,Move,0.337890625,0.5416666666666666
426676,Move,0.337890625,0.5416666666666666
426692.700000003,Move,0.3391927083333333,0.5416666666666666
426711.1000000015,Move,0.3391927083333333,0.5393518518518519
426729.5,Move,0.3404947916666667,0.5393518518518519
426747.1000000015,Move,0.341796875,0.5393518518518519
426765.700000003,Move,0.3430989583333333,0.5393518518518519
426783.200000003,Move,0.3444010416666667,0.5393518518518519
426801.90000000224,Move,0.3509114583333333,0.5254629629629629
426809.80000000075,Move,0.353515625,0.5208333333333334
426829.200000003,Move,0.3665364583333333,0.4976851851851852
426842.700000003,Move,0.3743489583333333,0.4837962962962963
426857.200000003,Move,0.3860677083333333,0.4652777777777778
426878.1000000015,Move,0.4016927083333333,0.4398148148148148
426891.30000000075,Move,0.4134114583333333,0.4212962962962963
426913,Move,0.4251302083333333,0.39814814814814814
426926.80000000075,Move,0.431640625,0.38657407407407407
426947.700000003,Move,0.443359375,0.36342592592592593
426962.40000000224,Move,0.451171875,0.3449074074074074
426976.6000000015,Move,0.4563802083333333,0.33101851851851855
426997.1000000015,Move,0.4680989583333333,0.3055555555555556
427011.1000000015,Move,0.4759114583333333,0.28703703703703703
427025.30000000075,Move,0.4837239583333333,0.2708333333333333
427044.40000000224,Move,0.4928385416666667,0.25462962962962965
427053,Move,0.498046875,0.24305555555555555
427167.80000000075,Move,0.4993489583333333,0.24537037037037038
427205,Move,0.4993489583333333,0.24537037037037038
427218.5,Move,0.4993489583333333,0.24537037037037038
427248.30000000075,Move,0.5006510416666666,0.24537037037037038
427269.700000003,Move,0.501953125,0.24537037037037038
427279.6000000015,Move,0.501953125,0.24537037037037038
427312.700000003,Move,0.501953125,0.24768518518518517
427314.5,Move,0.501953125,0.24768518518518517
427317.80000000075,Move,0.5032552083333334,0.24768518518518517
427346,Move,0.5032552083333334,0.25
427359.40000000224,Move,0.5045572916666666,0.2523148148148148
427379.200000003,Move,0.5084635416666666,0.2569444444444444
427389.200000003,Move,0.509765625,0.25925925925925924
427409.5,Move,0.5110677083333334,0.26157407407407407
427430.200000003,Move,0.5110677083333334,0.2638888888888889
427436.1000000015,Move,0.5123697916666666,0.2638888888888889
427460.30000000075,Move,0.517578125,0.26851851851851855
427478.200000003,Move,0.521484375,0.2708333333333333
427493.40000000224,Move,0.525390625,0.27314814814814814
427507.40000000224,Move,0.5305989583333334,0.2800925925925926
427528.30000000075,Move,0.552734375,0.30092592592592593
427547.5,Move,0.5774739583333334,0.3263888888888889
427561.700000003,Move,0.6087239583333334,0.3541666666666667
427575.80000000075,Move,0.650390625,0.3888888888888889
427597.200000003,Move,0.705078125,0.4236111111111111
427611.5,Move,0.7259114583333334,0.4351851851851852
427625.6000000015,Move,0.7311197916666666,0.4398148148148148
427646,Move,0.7337239583333334,0.44212962962962965
427660.5,Move,0.7376302083333334,0.44212962962962965
427680.90000000224,Move,0.7389322916666666,0.4444444444444444
427696.5,Move,0.744140625,0.44907407407407407
427711.700000003,Move,0.7506510416666666,0.4537037037037037
427722.90000000224,Move,0.7545572916666666,0.45601851851851855
427796.40000000224,Move,0.7545572916666666,0.4583333333333333
427846.80000000075,Move,0.7532552083333334,0.45601851851851855
427860.40000000224,Move,0.751953125,0.45601851851851855
427876.6000000015,Move,0.748046875,0.4513888888888889
427896.30000000075,Move,0.744140625,0.4398148148148148
427911.30000000075,Move,0.7428385416666666,0.4375
427923.90000000224,Move,0.7428385416666666,0.4351851851851852
427936.5,Move,0.7415364583333334,0.4351851851851852
427959.40000000224,Move,0.7415364583333334,0.43287037037037035
427980.700000003,Move,0.740234375,0.43287037037037035
427996,Move,0.7389322916666666,0.4351851851851852
428011.30000000075,Move,0.732421875,0.4351851851851852
428029.700000003,Move,0.7180989583333334,0.4398148148148148
428043.5,Move,0.7063802083333334,0.4444444444444444
428057.80000000075,Move,0.6959635416666666,0.44675925925925924
428079.1000000015,Move,0.6803385416666666,0.4537037037037037
428092.30000000075,Move,0.669921875,0.45601851851851855
428113.5,Move,0.658203125,0.45601851851851855
428127.6000000015,Move,0.6438802083333334,0.4537037037037037
428142.40000000224,Move,0.6321614583333334,0.4513888888888889
428161.6000000015,Move,0.6139322916666666,0.44675925925925924
428176.6000000015,Move,0.6061197916666666,0.4444444444444444
428196.90000000224,Move,0.5944010416666666,0.44212962962962965
428210.80000000075,Move,0.591796875,0.44212962962962965
428226.200000003,Move,0.5904947916666666,0.44212962962962965
428246.30000000075,Move,0.5891927083333334,0.44212962962962965
428260.5,Move,0.587890625,0.44212962962962965
428275.90000000224,Move,0.5865885416666666,0.44212962962962965
428294.40000000224,Move,0.5852864583333334,0.44212962962962965
428303.6000000015,Move,0.5852864583333334,0.44212962962962965
428367.700000003,Move,0.583984375,0.44212962962962965
428381.5,Move,0.583984375,0.44212962962962965
428394.80000000075,Move,0.5813802083333334,0.4398148148148148
428408,Move,0.5813802083333334,0.4398148148148148
428421.40000000224,Move,0.580078125,0.4398148148148148
428432.80000000075,Move,0.5787760416666666,0.4375
428448.200000003,Move,0.5774739583333334,0.4375
428465.700000003,Move,0.5774739583333334,0.4375
428539.1000000015,Move,0.5748697916666666,0.4398148148148148
428546.700000003,Move,0.5735677083333334,0.4398148148148148
428561.200000003,Move,0.5592447916666666,0.44212962962962965
428575.1000000015,Move,0.541015625,0.44907407407407407
428596.80000000075,Move,0.5110677083333334,0.46296296296296297
428609.90000000224,Move,0.4889322916666667,0.4699074074074074
428630.40000000224,Move,0.4615885416666667,0.47685185185185186
428645,Move,0.4368489583333333,0.47453703703703703
428659.1000000015,Move,0.4095052083333333,0.4699074074074074
428679.200000003,Move,0.3756510416666667,0.46296296296296297
428692.80000000075,Move,0.3600260416666667,0.46064814814814814
428713.200000003,Move,0.349609375,0.46064814814814814
428727.5,Move,0.3483072916666667,0.46064814814814814
428742.700000003,Move,0.3444010416666667,0.46064814814814814
428756.90000000224,Move,0.3430989583333333,0.46064814814814814
428776.80000000075,Move,0.341796875,0.46064814814814814
428864.200000003,Move,0.341796875,0.4583333333333333
428879,Move,0.3430989583333333,0.45601851851851855
428892.200000003,Move,0.3430989583333333,0.4537037037037037
428907.30000000075,Move,0.3444010416666667,0.4537037037037037
428928,Move,0.3444010416666667,0.4513888888888889
428942.30000000075,Move,0.345703125,0.44675925925925924
428961.700000003,Move,0.3483072916666667,0.4398148148148148
428977,Move,0.349609375,0.4351851851851852
428991.80000000075,Move,0.3509114583333333,0.4305555555555556
429011.6000000015,Move,0.3522135416666667,0.42592592592592593
429027.5,Move,0.3509114583333333,0.4236111111111111
429042.200000003,Move,0.349609375,0.4212962962962963
429062.40000000224,Move,0.3470052083333333,0.41203703703703703
429078.5,Move,0.345703125,0.41203703703703703
429091.40000000224,Move,0.3430989583333333,0.4074074074074074
429111.80000000075,Move,0.341796875,0.4027777777777778
429126.6000000015,Move,0.3391927083333333,0.39814814814814814
429145.40000000224,Move,0.3352864583333333,0.38657407407407407
429160.90000000224,Move,0.330078125,0.3773148148148148
429174.80000000075,Move,0.326171875,0.3680555555555556
429194.80000000075,Move,0.3196614583333333,0.35185185185185186
429210.1000000015,Move,0.3157552083333333,0.3402777777777778
429230.40000000224,Move,0.3014322916666667,0.30787037037037035
429244.90000000224,Move,0.2819010416666667,0.2638888888888889
429260.30000000075,Move,0.2688802083333333,0.22916666666666666
429279.700000003,Move,0.2584635416666667,0.20833333333333334
429286.700000003,Move,0.2571614583333333,0.2037037037037037
429380.80000000075,Move,0.2584635416666667,0.2037037037037037
429446.5,Move,0.2584635416666667,0.2037037037037037
429491.90000000224,Move,0.259765625,0.2037037037037037
429516.40000000224,Move,0.259765625,0.2037037037037037
429534.90000000224,Move,0.2610677083333333,0.2037037037037037
429556.90000000224,Move,0.2610677083333333,0.2037037037037037
429580.200000003,Move,0.263671875,0.2037037037037037
429608.700000003,Move,0.2649739583333333,0.2037037037037037
429644.80000000075,Move,0.2623697916666667,0.21064814814814814
429660,Move,0.259765625,0.2152777777777778
429680.5,Move,0.2545572916666667,0.22453703703703703
429694.80000000075,Move,0.251953125,0.22916666666666666
429708.700000003,Move,0.24674479166666666,0.2361111111111111
429729.30000000075,Move,0.24153645833333334,0.24305555555555555
429742.30000000075,Move,0.23763020833333334,0.25
429764.1000000015,Move,0.232421875,0.25925925925925924
429778.80000000075,Move,0.22981770833333334,0.2638888888888889
429791.90000000224,Move,0.22721354166666666,0.2708333333333333
429813,Move,0.22200520833333334,0.28703703703703703
429827,Move,0.220703125,0.2962962962962963
429841.700000003,Move,0.21809895833333334,0.3055555555555556
429862.40000000224,Move,0.212890625,0.32407407407407407
429876.200000003,Move,0.21028645833333334,0.3333333333333333
429897.200000003,Move,0.20638020833333334,0.3449074074074074
429911.40000000224,Move,0.205078125,0.34953703703703703
429916.6000000015,Move,0.20247395833333334,0.3541666666666667
429978,Move,0.20377604166666666,0.3541666666666667
430013.700000003,Move,0.20377604166666666,0.35648148148148145
430031.6000000015,Move,0.205078125,0.35648148148148145
430049.1000000015,Move,0.205078125,0.3587962962962963
430059.5,Move,0.205078125,0.3587962962962963
430077.30000000075,Move,0.20638020833333334,0.3611111111111111
430095.30000000075,Move,0.20768229166666666,0.36342592592592593
430112.700000003,Move,0.21028645833333334,0.36574074074074076
430122,Move,0.21028645833333334,0.3680555555555556
430362.200000003,Released,0.21028645833333334,0.3680555555555556
430411.200000003,Released,0.4869791666666667,0.6331018518518519