resolution:1536,864
337989,Pressed,0.6901041666666666,0.3368055555555556
338489,Move,0.689453125,0.33564814814814814
338499,Move,0.689453125,0.33564814814814814
338519,Move,0.689453125,0.33564814814814814
338534,Move,0.689453125,0.33564814814814814
338548,Move,0.6888020833333334,0.33449074074074076
338568,Move,0.6888020833333334,0.33449074074074076
338582,Move,0.689453125,0.33101851851851855
338600,Move,0.689453125,0.33101851851851855
338603,Move,0.6888020833333334,0.33101851851851855
338632,Move,0.6888020833333334,0.3298611111111111
338652,Move,0.6875,0.3263888888888889
338667,Move,0.6868489583333334,0.32523148148148145
338681,Move,0.6868489583333334,0.32407407407407407
338688,Move,0.6861979166666666,0.32407407407407407
338715,Move,0.6848958333333334,0.32175925925925924
338737,Move,0.6829427083333334,0.32175925925925924
338754,Move,0.681640625,0.32060185185185186
338758,Move,0.6809895833333334,0.3194444444444444
338786,Move,0.6803385416666666,0.31712962962962965
338800,Move,0.6796875,0.3159722222222222
338820,Move,0.6783854166666666,0.3125
338835,Move,0.6770833333333334,0.3113425925925926
338848,Move,0.6764322916666666,0.3090277777777778
338870,Move,0.67578125,0.30787037037037035
338883,Move,0.6751302083333334,0.30671296296296297
338897,Move,0.6744791666666666,0.30439814814814814
338920,Move,0.6731770833333334,0.30092592592592593
338933,Move,0.6725260416666666,0.29976851851851855
338947,Move,0.671875,0.2986111111111111
338967,Move,0.6705729166666666,0.2974537037037037
338982,Move,0.6705729166666666,0.2974537037037037
338997,Move,0.6705729166666666,0.2951388888888889
339002,Move,0.669921875,0.29398148148148145
339024,Move,0.6692708333333334,0.29282407407407407
339051,Move,0.66796875,0.29050925925925924
339066,Move,0.6666666666666666,0.29050925925925924
339080,Move,0.666015625,0.28935185185185186
339101,Move,0.6653645833333334,0.2847222222222222
339116,Move,0.6653645833333334,0.2824074074074074
339135,Move,0.6627604166666666,0.2800925925925926
339150,Move,0.662109375,0.27662037037037035
339163,Move,0.6614583333333334,0.2743055555555556
339185,Move,0.66015625,0.2708333333333333
339199,Move,0.66015625,0.2673611111111111
339220,Move,0.66015625,0.26157407407407407
339233,Move,0.6595052083333334,0.25578703703703703
339248,Move,0.658203125,0.2488425925925926
339263,Move,0.6575520833333334,0.24305555555555555
339283,Move,0.65625,0.2361111111111111
339304,Move,0.65625,0.2337962962962963
339433,Move,0.6555989583333334,0.2349537037037037
339478,Move,0.6555989583333334,0.2349537037037037
339520,Move,0.6555989583333334,0.2349537037037037
339567,Move,0.6549479166666666,0.23726851851851852
339609,Move,0.6536458333333334,0.23842592592592593
339653,Move,0.6529947916666666,0.23958333333333334
339697,Move,0.6529947916666666,0.23958333333333334
339742,Move,0.6529947916666666,0.23958333333333334
339784,Move,0.6529947916666666,0.23958333333333334
339831,Move,0.65234375,0.24189814814814814
339838,Move,0.6510416666666666,0.24305555555555555
339866,Move,0.64453125,0.2523148148148148
339880,Move,0.6412760416666666,0.25578703703703703
339901,Move,0.6315104166666666,0.2673611111111111
339915,Move,0.6178385416666666,0.2847222222222222
339929,Move,0.5983072916666666,0.3090277777777778
339943,Move,0.5924479166666666,0.3159722222222222
339964,Move,0.5885416666666666,0.32060185185185186
339986,Move,0.5826822916666666,0.3275462962962963
340000,Move,0.5794270833333334,0.33217592592592593
340013,Move,0.5748697916666666,0.3368055555555556
340034,Move,0.5677083333333334,0.3460648148148148
340050,Move,0.5559895833333334,0.3599537037037037
340069,Move,0.5364583333333334,0.3854166666666667
340083,Move,0.5221354166666666,0.4074074074074074
340091,Move,0.515625,0.4166666666666667
340111,Move,0.5026041666666666,0.4386574074074074
340132,Move,0.4967447916666667,0.44907407407407407
340146,Move,0.48828125,0.4652777777777778
340167,Move,0.4733072916666667,0.4930555555555556
340181,Move,0.4602864583333333,0.5162037037037037
340195,Move,0.4485677083333333,0.5393518518518519
340216,Move,0.4368489583333333,0.5567129629629629
340230,Move,0.4361979166666667,0.5590277777777778
340251,Move,0.435546875,0.5590277777777778
340268,Move,0.4348958333333333,0.5613425925925926
340281,Move,0.4329427083333333,0.5636574074074074
340300,Move,0.4290364583333333,0.5694444444444444
340343,Move,0.4296875,0.5682870370370371
340360,Move,0.4296875,0.5682870370370371
340369,Move,0.4296875,0.5682870370370371
340385,Move,0.4296875,0.5682870370370371
340401,Move,0.4296875,0.5671296296296297
340414,Move,0.4296875,0.5671296296296297
340427,Move,0.4296875,0.5671296296296297
340444,Move,0.4303385416666667,0.5671296296296297
340469,Move,0.4303385416666667,0.5659722222222222
340484,Move,0.4303385416666667,0.5648148148148148
340501,Move,0.4309895833333333,0.5636574074074074
340510,Move,0.4309895833333333,0.5636574074074074
340526,Move,0.4309895833333333,0.5613425925925926
340540,Move,0.4309895833333333,0.5613425925925926
340568,Move,0.4309895833333333,0.5601851851851852
340584,Move,0.4309895833333333,0.5590277777777778
340595,Move,0.431640625,0.5590277777777778
340609,Move,0.431640625,0.5578703703703703
340637,Move,0.4329427083333333,0.5567129629629629
340653,Move,0.43359375,0.5543981481481481
340664,Move,0.43359375,0.5532407407407407
340679,Move,0.4342447916666667,0.5509259259259259
340693,Move,0.435546875,0.5486111111111112
340706,Move,0.435546875,0.5474537037037037
340729,Move,0.4361979166666667,0.5486111111111112
340752,Move,0.4361979166666667,0.5486111111111112
340764,Move,0.4368489583333333,0.5486111111111112
340786,Move,0.4368489583333333,0.5474537037037037
340791,Move,0.4375,0.5474537037037037
340813,Move,0.4388020833333333,0.5486111111111112
340833,Move,0.4420572916666667,0.5486111111111112
340847,Move,0.4440104166666667,0.5486111111111112
340868,Move,0.4446614583333333,0.5497685185185185
340875,Move,0.4446614583333333,0.5497685185185185
340897,Move,0.4440104166666667,0.5509259259259259
340920,Move,0.4446614583333333,0.5520833333333334
340932,Move,0.4459635416666667,0.5520833333333334
340939,Move,0.4466145833333333,0.5520833333333334
340969,Move,0.4498697916666667,0.5543981481481481
340982,Move,0.4505208333333333,0.5543981481481481
341004,Move,0.451171875,0.5543981481481481
341015,Move,0.4518229166666667,0.5555555555555556
341032,Move,0.4518229166666667,0.5555555555555556
341051,Move,0.453125,0.5555555555555556
341065,Move,0.4544270833333333,0.5567129629629629
341086,Move,0.4563802083333333,0.5578703703703703
341100,Move,0.4576822916666667,0.5578703703703703
341117,Move,0.4596354166666667,0.5590277777777778
341135,Move,0.4622395833333333,0.5590277777777778
341150,Move,0.46484375,0.5590277777777778
341163,Move,0.466796875,0.5601851851851852
341185,Move,0.470703125,0.5625
341190,Move,0.4720052083333333,0.5636574074074074
341215,Move,0.4752604166666667,0.5671296296296297
341233,Move,0.478515625,0.5694444444444444
341247,Move,0.4811197916666667,0.5717592592592593
341269,Move,0.4850260416666667,0.5729166666666666
341276,Move,0.4856770833333333,0.5740740740740741
341303,Move,0.4908854166666667,0.5763888888888888
341318,Move,0.4934895833333333,0.5787037037037037
341330,Move,0.49609375,0.5798611111111112
341353,Move,0.4993489583333333,0.5821759259259259
341366,Move,0.501953125,0.5833333333333334
341386,Move,0.505859375,0.5856481481481481
341401,Move,0.5091145833333334,0.5868055555555556
341414,Move,0.5143229166666666,0.5891203703703703
341435,Move,0.5221354166666666,0.5914351851851852
341443,Move,0.5247395833333334,0.5925925925925926
341465,Move,0.5325520833333334,0.5949074074074074
341485,Move,0.54296875,0.5960648148148148
341499,Move,0.556640625,0.5972222222222222
341520,Move,0.576171875,0.5972222222222222
341527,Move,0.5813802083333334,0.5983796296296297
341550,Move,0.5885416666666666,0.5983796296296297
341568,Move,0.6022135416666666,0.5995370370370371
341582,Move,0.60546875,0.5995370370370371
341597,Move,0.6080729166666666,0.6006944444444444
341611,Move,0.6106770833333334,0.6018518518518519
341634,Move,0.6158854166666666,0.6041666666666666
341653,Move,0.62109375,0.6041666666666666
341660,Move,0.62109375,0.6041666666666666
341782,Move,0.62109375,0.6041666666666666
341797,Move,0.62109375,0.6041666666666666
341815,Move,0.62109375,0.6041666666666666
341829,Move,0.6217447916666666,0.6018518518518519
341846,Move,0.6223958333333334,0.6018518518518519
341864,Move,0.623046875,0.6018518518518519
341878,Move,0.623046875,0.6006944444444444
341893,Move,0.623046875,0.6006944444444444
341909,Move,0.6236979166666666,0.6006944444444444
341926,Move,0.6236979166666666,0.5995370370370371
341942,Move,0.6243489583333334,0.5972222222222222
341958,Move,0.625,0.5960648148148148
341974,Move,0.625,0.5949074074074074
341989,Move,0.6256510416666666,0.5949074074074074
342006,Move,0.6263020833333334,0.5925925925925926
342023,Move,0.626953125,0.5902777777777778
342054,Move,0.626953125,0.5902777777777778
342071,Move,0.626953125,0.5902777777777778
342085,Move,0.626953125,0.5902777777777778
342106,Move,0.6263020833333334,0.5902777777777778
342114,Move,0.6263020833333334,0.5902777777777778
342134,Move,0.6256510416666666,0.5902777777777778
342148,Move,0.6243489583333334,0.5902777777777778
342157,Move,0.6236979166666666,0.5891203703703703
342184,Move,0.6184895833333334,0.5810185185185185
342198,Move,0.6178385416666666,0.5810185185185185
342219,Move,0.6158854166666666,0.5787037037037037
342225,Move,0.615234375,0.5763888888888888
342250,Move,0.6106770833333334,0.5729166666666666
342266,Move,0.609375,0.5717592592592593
342281,Move,0.6061197916666666,0.5671296296296297
342302,Move,0.59765625,0.5578703703703703
342317,Move,0.5911458333333334,0.5497685185185185
342337,Move,0.578125,0.5358796296296297
342352,Move,0.5657552083333334,0.5231481481481481
342364,Move,0.5572916666666666,0.5150462962962963
342380,Move,0.55078125,0.5081018518518519
342393,Move,0.5384114583333334,0.49537037037037035
342414,Move,0.513671875,0.4699074074074074
342435,Move,0.4830729166666667,0.4340277777777778
342448,Move,0.4596354166666667,0.4050925925925926
342462,Move,0.4348958333333333,0.37037037037037035
342476,Move,0.4127604166666667,0.33912037037037035
342499,Move,0.3860677083333333,0.2986111111111111
342517,Move,0.365234375,0.26851851851851855
342534,Move,0.35546875,0.25462962962962965
342547,Move,0.3502604166666667,0.24768518518518517
342559,Move,0.3489583333333333,0.24537037037037038
342582,Move,0.3463541666666667,0.24305555555555555
342603,Move,0.3450520833333333,0.23958333333333334
342617,Move,0.3430989583333333,0.23842592592592593
342626,Move,0.3424479166666667,0.23726851851851852
342652,Move,0.33984375,0.2337962962962963
342666,Move,0.3385416666666667,0.23148148148148148
342680,Move,0.337890625,0.23032407407407407
342701,Move,0.3365885416666667,0.22916666666666666
342716,Move,0.3346354166666667,0.22453703703703703
342731,Move,0.330078125,0.21875
342750,Move,0.32421875,0.21064814814814814
342763,Move,0.3216145833333333,0.20717592592592593
342784,Move,0.318359375,0.2037037037037037
342793,Move,0.3177083333333333,0.2025462962962963
342882,Move,0.3170572916666667,0.2013888888888889
342914,Move,0.3170572916666667,0.2013888888888889
342940,Move,0.3170572916666667,0.2013888888888889
342970,Move,0.3170572916666667,0.2013888888888889
342998,Move,0.31640625,0.2013888888888889
343028,Move,0.3157552083333333,0.2013888888888889
343056,Move,0.3151041666666667,0.2013888888888889
343086,Move,0.3138020833333333,0.2013888888888889
343114,Move,0.3111979166666667,0.20023148148148148
343144,Move,0.310546875,0.20023148148148148
343173,Move,0.310546875,0.20023148148148148
343202,Move,0.310546875,0.20023148148148148
343233,Move,0.310546875,0.20023148148148148
343258,Move,0.3098958333333333,0.20023148148148148
343289,Move,0.3098958333333333,0.20023148148148148
343318,Move,0.3098958333333333,0.20023148148148148
343350,Move,0.310546875,0.2013888888888889
343364,Move,0.3111979166666667,0.2025462962962963
343385,Move,0.3125,0.20717592592592593
343398,Move,0.3131510416666667,0.21064814814814814
343414,Move,0.3138020833333333,0.21064814814814814
343428,Move,0.314453125,0.2152777777777778
343443,Move,0.31640625,0.2199074074074074
343468,Move,0.3229166666666667,0.24074074074074073
343483,Move,0.3274739583333333,0.2534722222222222
343497,Move,0.330078125,0.26157407407407407
343509,Move,0.3307291666666667,0.26157407407407407
343532,Move,0.33203125,0.2650462962962963
343553,Move,0.3333333333333333,0.2673611111111111
343568,Move,0.3346354166666667,0.2708333333333333
343583,Move,0.3359375,0.27546296296296297
343595,Move,0.3372395833333333,0.2789351851851852
343615,Move,0.337890625,0.2824074074074074
343629,Move,0.33984375,0.2881944444444444
343652,Move,0.3450520833333333,0.30092592592592593
343657,Move,0.345703125,0.30439814814814814
343687,Move,0.3528645833333333,0.3263888888888889
343700,Move,0.3567708333333333,0.3402777777777778
343713,Move,0.359375,0.34953703703703703
343736,Move,0.3626302083333333,0.3599537037037037
343742,Move,0.3626302083333333,0.3611111111111111
343765,Move,0.3639322916666667,0.3680555555555556
343783,Move,0.3678385416666667,0.3819444444444444
343798,Move,0.3697916666666667,0.3912037037037037
343818,Move,0.3736979166666667,0.4085648148148148
343826,Move,0.3763020833333333,0.4166666666666667
343848,Move,0.3815104166666667,0.4340277777777778
343870,Move,0.3841145833333333,0.44675925925925924
343881,Move,0.384765625,0.4479166666666667
343895,Move,0.3854166666666667,0.44907407407407407
343916,Move,0.384765625,0.45023148148148145
343932,Move,0.384765625,0.45023148148148145
343952,Move,0.3854166666666667,0.4513888888888889
343967,Move,0.3860677083333333,0.4537037037037037
343980,Move,0.38671875,0.45601851851851855
343991,Move,0.38671875,0.45601851851851855
344102,Move,0.3873697916666667,0.45601851851851855
344166,Move,0.3880208333333333,0.4548611111111111
344234,Move,0.388671875,0.4537037037037037
344297,Move,0.388671875,0.4537037037037037
344365,Move,0.388671875,0.4537037037037037
344430,Move,0.3893229166666667,0.4548611111111111
344438,Move,0.390625,0.4548611111111111
344450,Move,0.3932291666666667,0.4548611111111111
344465,Move,0.396484375,0.4548611111111111
344481,Move,0.40625,0.45601851851851855
344500,Move,0.4231770833333333,0.45949074074074076
344514,Move,0.43359375,0.4618055555555556
344536,Move,0.4537760416666667,0.4699074074074074
344548,Move,0.4661458333333333,0.47453703703703703
344564,Move,0.4752604166666667,0.4791666666666667
344586,Move,0.4934895833333333,0.4849537037037037
344605,Move,0.5149739583333334,0.4895833333333333
344618,Move,0.5221354166666666,0.49074074074074076
344628,Move,0.52734375,0.49074074074074076
344647,Move,0.541015625,0.49074074074074076
344661,Move,0.5559895833333334,0.48842592592592593
344682,Move,0.5794270833333334,0.4837962962962963
344704,Move,0.6009114583333334,0.4756944444444444
344716,Move,0.615234375,0.4699074074074074
344731,Move,0.6263020833333334,0.4664351851851852
344745,Move,0.6354166666666666,0.46412037037037035
344760,Move,0.64453125,0.4618055555555556
344781,Move,0.6575520833333334,0.45949074074074076
344801,Move,0.6634114583333334,0.45949074074074076
344817,Move,0.666015625,0.4583333333333333
344836,Move,0.66796875,0.45949074074074076
344849,Move,0.6692708333333334,0.45949074074074076
344858,Move,0.669921875,0.45949074074074076
344885,Move,0.6731770833333334,0.46064814814814814
344899,Move,0.6744791666666666,0.45949074074074076
344912,Move,0.6751302083333334,0.45949074074074076
344934,Move,0.6751302083333334,0.4583333333333333
344948,Move,0.6764322916666666,0.4583333333333333
344970,Move,0.6764322916666666,0.4583333333333333
344977,Move,0.6764322916666666,0.4583333333333333
345051,Move,0.677734375,0.45717592592592593
345069,Move,0.6790364583333334,0.45601851851851855
345088,Move,0.6809895833333334,0.45601851851851855
345107,Move,0.6809895833333334,0.4548611111111111
345126,Move,0.6809895833333334,0.4548611111111111
345147,Move,0.6809895833333334,0.4548611111111111
345163,Move,0.6809895833333334,0.4548611111111111
345183,Move,0.6809895833333334,0.4548611111111111
345202,Move,0.6809895833333334,0.4548611111111111
345221,Move,0.6809895833333334,0.4548611111111111
345240,Move,0.6809895833333334,0.4548611111111111
345261,Move,0.6809895833333334,0.4548611111111111
345279,Move,0.6809895833333334,0.4548611111111111
345297,Move,0.6809895833333334,0.4548611111111111
345317,Move,0.6809895833333334,0.4548611111111111
345336,Move,0.6809895833333334,0.4548611111111111
345353,Move,0.6809895833333334,0.4548611111111111
345373,Move,0.6809895833333334,0.4548611111111111
345392,Move,0.6809895833333334,0.4548611111111111
345411,Move,0.6809895833333334,0.4548611111111111
345432,Move,0.6809895833333334,0.4548611111111111
345448,Move,0.6809895833333334,0.4548611111111111
345468,Move,0.6809895833333334,0.4548611111111111
345488,Move,0.6809895833333334,0.4548611111111111
345507,Move,0.6809895833333334,0.4548611111111111
345524,Move,0.681640625,0.4548611111111111
345544,Move,0.681640625,0.4548611111111111
345563,Move,0.681640625,0.4548611111111111
345582,Move,0.681640625,0.4548611111111111
345602,Move,0.681640625,0.4548611111111111
345620,Move,0.681640625,0.4548611111111111
345639,Move,0.6822916666666666,0.4537037037037037
345657,Move,0.6829427083333334,0.4537037037037037
345676,Move,0.6848958333333334,0.4513888888888889
345697,Move,0.6881510416666666,0.45023148148148145
345715,Move,0.69140625,0.44675925925925924
345735,Move,0.6927083333333334,0.44675925925925924
345753,Move,0.6946614583333334,0.4444444444444444
345772,Move,0.6953125,0.4444444444444444
345797,Move,0.6927083333333334,0.44212962962962965
345805,Move,0.69140625,0.44212962962962965
345813,Move,0.6868489583333334,0.4398148148148148
345829,Move,0.6783854166666666,0.4363425925925926
345844,Move,0.6744791666666666,0.4351851851851852
345870,Move,0.6608072916666666,0.43171296296296297
345885,Move,0.638671875,0.4270833333333333
345901,Move,0.6015625,0.4236111111111111
345912,Move,0.58203125,0.4236111111111111
345933,Move,0.5690104166666666,0.4236111111111111
345949,Move,0.5625,0.4236111111111111
345966,Move,0.5559895833333334,0.4236111111111111
345974,Move,0.5501302083333334,0.4236111111111111
346004,Move,0.5345052083333334,0.42476851851851855
346013,Move,0.5319010416666666,0.4236111111111111
346028,Move,0.51953125,0.4236111111111111
346045,Move,0.4954427083333333,0.4224537037037037
346053,Move,0.4837239583333333,0.4201388888888889
346085,Move,0.4231770833333333,0.3958333333333333
346102,Move,0.3997395833333333,0.3784722222222222
346119,Move,0.3815104166666667,0.36226851851851855
346134,Move,0.375,0.35532407407407407
346140,Move,0.3684895833333333,0.34837962962962965
346166,Move,0.3391927083333333,0.3136574074074074
346181,Move,0.31640625,0.28587962962962965
346198,Move,0.287109375,0.2523148148148148
346204,Move,0.2721354166666667,0.2361111111111111
346229,Move,0.23958333333333334,0.20833333333333334
346253,Move,0.232421875,0.2037037037037037
346268,Move,0.23307291666666666,0.2037037037037037
346285,Move,0.23177083333333334,0.2037037037037037
346293,Move,0.23046875,0.2025462962962963
346306,Move,0.228515625,0.2013888888888889
346332,Move,0.21809895833333334,0.19560185185185186
346466,Move,0.21875,0.19444444444444445
346473,Move,0.21809895833333334,0.19560185185185186
346502,Move,0.21809895833333334,0.19444444444444445
346515,Move,0.21875,0.19328703703703703
346535,Move,0.21940104166666666,0.19212962962962962
346553,Move,0.22005208333333334,0.1875
346564,Move,0.220703125,0.18171296296296297
346584,Move,0.22330729166666666,0.16898148148148148
346600,Move,0.22526041666666666,0.15856481481481483
346621,Move,0.2265625,0.14699074074074073
346636,Move,0.2265625,0.14467592592592593
346649,Move,0.22721354166666666,0.14351851851851852
346665,Move,0.2265625,0.14351851851851852
346684,Move,0.2265625,0.1412037037037037
346704,Move,0.22721354166666666,0.1400462962962963
346710,Move,0.22786458333333334,0.1388888888888889
346726,Move,0.22786458333333334,0.13773148148148148
346755,Move,0.22786458333333334,0.1400462962962963
347015,Move,0.22786458333333334,0.1400462962962963
347277,Move,0.22981770833333334,0.1412037037037037
347285,Move,0.22981770833333334,0.1423611111111111
347309,Move,0.23111979166666666,0.14351851851851852
347325,Move,0.23307291666666666,0.14583333333333334
347341,Move,0.23763020833333334,0.15046296296296297
347356,Move,0.24283854166666666,0.1550925925925926
347373,Move,0.24869791666666666,0.16087962962962962
347391,Move,0.251953125,0.16435185185185186
347405,Move,0.2526041666666667,0.16435185185185186
347420,Move,0.25390625,0.16550925925925927
347444,Move,0.2591145833333333,0.1712962962962963
347452,Move,0.26171875,0.1736111111111111
347469,Move,0.267578125,0.17939814814814814
347493,Move,0.2760416666666667,0.1875
347508,Move,0.2766927083333333,0.1886574074074074
347525,Move,0.2779947916666667,0.1909722222222222
347539,Move,0.2799479166666667,0.19212962962962962
347558,Move,0.28515625,0.19791666666666666
347588,Move,0.2975260416666667,0.21064814814814814
347605,Move,0.3059895833333333,0.2199074074074074
347620,Move,0.314453125,0.22916666666666666
347641,Move,0.3248697916666667,0.24074074074074073
347653,Move,0.3372395833333333,0.2534722222222222
347677,Move,0.3541666666666667,0.27199074074074076
347683,Move,0.3600260416666667,0.2789351851851852
347709,Move,0.3782552083333333,0.2986111111111111
347718,Move,0.3841145833333333,0.30439814814814814
347741,Move,0.4010416666666667,0.3229166666666667
347757,Move,0.4127604166666667,0.33564814814814814
347774,Move,0.423828125,0.34837962962962965
347784,Move,0.4296875,0.3541666666666667
347806,Move,0.4466145833333333,0.3726851851851852
347821,Move,0.45703125,0.38310185185185186
347839,Move,0.4680989583333333,0.39467592592592593
347856,Move,0.486328125,0.4131944444444444
347870,Move,0.5045572916666666,0.43171296296296297
347893,Move,0.5319010416666666,0.45601851851851855
347909,Move,0.5481770833333334,0.4710648148148148
347925,Move,0.5787760416666666,0.49421296296296297
347942,Move,0.6067708333333334,0.5138888888888888
347958,Move,0.6243489583333334,0.5254629629629629
347973,Move,0.634765625,0.5324074074074074
347990,Move,0.6575520833333334,0.5520833333333334
348006,Move,0.6640625,0.5578703703703703
348023,Move,0.6692708333333334,0.5625
348037,Move,0.681640625,0.5740740740740741
348054,Move,0.6920572916666666,0.5844907407407407
348061,Move,0.6927083333333334,0.5844907407407407
348124,Move,0.693359375,0.5833333333333334
348132,Move,0.693359375,0.5833333333333334
348140,Move,0.693359375,0.5833333333333334
348156,Move,0.693359375,0.5833333333333334
348168,Move,0.693359375,0.5833333333333334
348192,Move,0.6940104166666666,0.5833333333333334
348204,Move,0.6953125,0.5833333333333334
348220,Move,0.6966145833333334,0.5833333333333334
348236,Move,0.697265625,0.5821759259259259
348244,Move,0.6979166666666666,0.5821759259259259
348267,Move,0.69921875,0.5810185185185185
348291,Move,0.7018229166666666,0.5775462962962963
348308,Move,0.7024739583333334,0.5763888888888888
348319,Move,0.703125,0.5763888888888888
348340,Move,0.7044270833333334,0.5763888888888888
348356,Move,0.705078125,0.5763888888888888
348372,Move,0.7057291666666666,0.5752314814814815
348380,Move,0.7063802083333334,0.5740740740740741
348405,Move,0.7076822916666666,0.5740740740740741
348423,Move,0.708984375,0.5729166666666666
348444,Move,0.7109375,0.5717592592592593
348461,Move,0.7122395833333334,0.5717592592592593
348475,Move,0.71484375,0.5717592592592593
348494,Move,0.7161458333333334,0.5717592592592593
348508,Move,0.7180989583333334,0.5717592592592593
348524,Move,0.72265625,0.5717592592592593
348540,Move,0.7272135416666666,0.5694444444444444
348557,Move,0.728515625,0.5694444444444444
348625,Move,0.728515625,0.5682870370370371
348889,Move,0.728515625,0.5671296296296297
349151,Move,0.7278645833333334,0.5659722222222222
349160,Move,0.7278645833333334,0.5636574074074074
349186,Move,0.7265625,0.5555555555555556
349199,Move,0.7259114583333334,0.5532407407407407
349216,Move,0.7252604166666666,0.5451388888888888
349235,Move,0.72265625,0.5300925925925926
349256,Move,0.7174479166666666,0.48842592592592593
349264,Move,0.7154947916666666,0.47685185185185186
349288,Move,0.71484375,0.47337962962962965
349296,Move,0.71484375,0.4722222222222222
349320,Move,0.712890625,0.4710648148148148
349335,Move,0.7122395833333334,0.4675925925925926
349352,Move,0.7122395833333334,0.4664351851851852
349369,Move,0.7135416666666666,0.4652777777777778
349377,Move,0.712890625,0.46412037037037035
349400,Move,0.7122395833333334,0.46064814814814814
349416,Move,0.7122395833333334,0.4583333333333333
349431,Move,0.7122395833333334,0.4548611111111111
349440,Move,0.7115885416666666,0.4525462962962963
349464,Move,0.7102864583333334,0.4444444444444444
349488,Move,0.70703125,0.42592592592592593
349504,Move,0.7044270833333334,0.41203703703703703
349520,Move,0.701171875,0.39699074074074076
349528,Move,0.69921875,0.3900462962962963
349554,Move,0.6940104166666666,0.36342592592592593
349568,Move,0.69140625,0.35185185185185186
349584,Move,0.69140625,0.34837962962962965
349600,Move,0.69140625,0.34837962962962965
349618,Move,0.69140625,0.3472222222222222
349640,Move,0.6907552083333334,0.34375
349657,Move,0.6901041666666666,0.3402777777777778
349664,Move,0.6901041666666666,0.3368055555555556
349707,Move,0.6901041666666666,0.3368055555555556
349709,Move,0.6901041666666666,0.3368055555555556
349709,Released,0.6901041666666666,0.3368055555555556
349735,Released,0.486328125,0.6331018518518519