resolution:1536,864
1102669.1999999993,Pressed,820,246
1102863.2999999989,Move,821,247
1102878.3999999985,Move,824,249
1102887.3999999985,Move,825,251
1102907.3999999985,Move,831,256
1102922.2999999989,Move,835,260
1102944.0999999996,Move,839,264
1102959,Move,843,269
1102973.8999999985,Move,844,272
1102989,Move,845,276
1103010.2999999989,Move,847,280
1103025.2999999989,Move,847,283
1103039.5999999996,Move,847,287
1103061.6999999993,Move,847,297
1103076.5999999996,Move,847,306
1103091,Move,845,314
1103105.7999999989,Move,844,318
1103128,Move,842,327
1103142.5999999996,Move,837,334
1103157.2999999989,Move,834,342
1103171.7999999989,Move,830,349
1103194,Move,825,358
1103208.2999999989,Move,821,363
1103223,Move,819,367
1103238.0999999996,Move,816,371
1103260.1999999993,Move,812,376
1103274.5,Move,807,379
1103289.1999999993,Move,802,383
1103311.6999999993,Move,797,388
1103326.2999999989,Move,793,390
1103341.1999999993,Move,790,392
1103355.3999999985,Move,787,393
1103377.7999999989,Move,780,393
1103392.0999999996,Move,775,393
1103406.5,Move,768,393
1103429,Move,761,392
1103443.5999999996,Move,755,390
1103457.7999999989,Move,751,389
1103472.6999999993,Move,747,387
1103494.8999999985,Move,739,383
1103510,Move,732,379
1103524.5,Move,727,375
1103538.8999999985,Move,722,371
1103561.0999999996,Move,716,365
1103575.3999999985,Move,712,361
1103590.0999999996,Move,709,357
1103612.0999999996,Move,702,350
1103627.2999999989,Move,696,344
1103641.7999999989,Move,692,339
1103656.1999999993,Move,687,332
1103678.2999999989,Move,683,322
1103692.8999999985,Move,679,316
1103707.8999999985,Move,677,310
1103722.3999999985,Move,675,305
1103744.3999999985,Move,675,298
1103759.5,Move,675,292
1103774,Move,675,287
1103788.3999999985,Move,675,283
1103810.3999999985,Move,676,277
1103825.5999999996,Move,678,273
1103840.3999999985,Move,681,270
1103862.2999999989,Move,685,262
1103877.1999999993,Move,689,258
1103891.7999999989,Move,692,255
1103906.3999999985,Move,694,251
1103928.3999999985,Move,698,247
1103943,Move,701,244
1103957.5,Move,706,241
1103972.1999999993,Move,711,237
1103994,Move,715,234
1104009.0999999996,Move,720,233
1104023.6999999993,Move,725,229
1104045.6999999993,Move,733,227
1104060.1999999993,Move,737,226
1104075,Move,742,223
1104089.5999999996,Move,745,223
1104111.8999999985,Move,751,223
1104126.5999999996,Move,755,223
1104141.0999999996,Move,758,223
1104156.2999999989,Move,762,223
1104178,Move,765,223
1104192.2999999989,Move,769,225
1104207.3999999985,Move,770,226
1104222.1999999993,Move,772,227
1104243.6999999993,Move,778,230
1104259,Move,783,234
1104273.3999999985,Move,791,237
1104295.5,Move,799,243
1104310.1999999993,Move,802,244
1104324.5999999996,Move,805,245
1104339.3999999985,Move,808,247
1104361.2999999989,Move,811,249
1104368.8999999985,Move,811,250
1104375.2999999989,Released,811,250
1106000.0999999996,Released,751,517
1106611.3999999985,Released,736,531
