resolution:1536,864
9414350,Pressed,505,295
9414353.8,Move,499,290
9414362.099999998,Move,493,286
9414368,Move,487,282
9414376,Move,481,279
9414384.5,Move,476,278
9414392.3,Move,469,277
9414400.3,Move,462,277
9414408,Move,457,278
9414415.899999999,Move,450,279
9414424.7,Move,444,281
9414430,Move,441,283
9414438.099999998,Move,436,285
9414446,Move,433,288
9414454.2,Move,430,291
9414462.3,Move,426,297
9414470.099999998,Move,423,303
9414477.899999999,Move,420,311
9414486.099999998,Move,418,320
9414492.099999998,Move,417,328
9414500.399999999,Move,417,335
9414508.099999998,Move,417,343
9414516,Move,417,351
9414524.5,Move,419,360
9414531.899999999,Move,422,369
9414540.5,Move,425,377
9414548.099999998,Move,428,385
9414554.3,Move,431,391
9414562,Move,434,397
9414570.3,Move,437,401
9414578.399999999,Move,439,404
9414587.3,Move,441,407
9414595,Move,444,409
9414599.899999999,Move,444,409
9414600.2,Move,447,410
9414608.3,Move,449,411
9414616.2,Move,453,411
9414624.3,Move,457,411
9414632.2,Move,460,411
9414640.099999998,Move,466,410
9414648.399999999,Move,471,409
9414656.2,Move,476,408
9414662.099999998,Move,482,406
9414670.099999998,Move,486,405
9414678.099999998,Move,491,402
9414686.399999999,Move,494,400
9414693.899999999,Move,500,397
9414701.899999999,Move,506,394
9414710.099999998,Move,512,391
9414718.099999998,Move,518,387
9414724.399999999,Move,524,382
9414731.8,Move,529,377
9414740.099999998,Move,533,371
9414748,Move,538,366
9414756,Move,543,362
9414763.899999999,Move,547,356
9414772.399999999,Move,549,351
9414777.8,Move,552,346
9414786.3,Move,555,340
9414794.3,Move,556,337
9414802,Move,557,334
9414809.899999999,Move,557,331
9414818.099999998,Move,557,328
9414826,Move,557,323
9414833.8,Move,554,318
9414840,Move,551,314
9414847.8,Move,547,311
9414856.599999998,Move,545,306
9414864.099999998,Move,540,301
9414872,Move,535,297
9414880.099999998,Move,529,293
9414888,Move,523,290
9414896.099999998,Move,515,286
9414902.2,Move,507,282
9414910.2,Move,500,279
9414917.8,Move,493,276
9414925.8,Move,486,273
9414934.399999999,Move,481,271
9414934.599999998,Released,481,271
9415817.5,Released,459,531
