resolution:1536,864
9404362.599999998,Pressed,443,256
9404365.899999999,Move,433,257
9404375.2,Move,423,259
9404382.2,Move,413,262
9404388.399999999,Move,403,266
9404395.899999999,Move,398,270
9404404.3,Move,392,276
9404412.099999998,Move,386,284
9404420,Move,381,291
9404428.8,Move,377,301
9404434,Move,375,310
9404442,Move,374,319
9404449.8,Move,374,328
9404457.899999999,Move,375,337
9404466.3,Move,378,345
9404474.099999998,Move,382,353
9404482.099999998,Move,389,361
9404490.399999999,Move,396,369
9404496.599999998,Move,405,374
9404503.899999999,Move,413,377
9404512.399999999,Move,421,379
9404520,Move,429,379
9404528.399999999,Move,437,378
9404535.8,Move,445,375
9404544.599999998,Move,452,371
9404552.3,Move,458,367
9404557.899999999,Move,462,361
9404566.3,Move,467,353
9404574.8,Move,471,345
9404582.599999998,Move,475,338
9404586.7,Move,475,338
9404589.899999999,Move,479,329
9404598,Move,482,321
9404606.2,Move,483,313
9404612.2,Move,483,305
9404620.099999998,Move,483,299
9404628.099999998,Move,482,293
9404636,Move,481,289
9404644.5,Move,478,285
9404651.899999999,Move,474,283
9404659.8,Move,471,279
9404668.2,Move,465,277
9404674.2,Move,459,275
9404682.399999999,Move,452,273
9404690.099999998,Move,445,271
9404698.599999998,Move,438,271
9404706.399999999,Move,433,269
9404714,Move,427,269
9404714.399999999,Released,427,269
9405286.8,Released,451,524
