resolution:1536,864
79391.8999999999,Pressed,813,410
79481.70000000019,Move,813,411
79489.79999999981,Move,813,411
79498.1000000001,Move,812,412
79511.70000000019,Move,809,415
79527.8999999999,Move,805,417
79544.20000000019,Move,802,418
79565.8999999999,Move,795,420
79582.20000000019,Move,789,423
79597.79999999981,Move,783,424
79614.79999999981,Move,776,427
79628.20000000019,Move,769,428
79644.1000000001,Move,763,430
79667.8999999999,Move,754,433
79681.70000000019,Move,748,435
79697.79999999981,Move,740,438
79714.29999999981,Move,733,440
79730,Move,723,441
79744.20000000019,Move,714,442
79759.70000000019,Move,707,442
79783.70000000019,Move,699,442
79798.1000000001,Move,695,442
79813.6000000001,Move,691,441
79830.29999999981,Move,686,440
79846.20000000019,Move,681,438
79867.79999999981,Move,671,436
79883.6000000001,Move,665,433
79899.79999999981,Move,661,431
79914.29999999981,Move,655,429
79929.6000000001,Move,651,425
79945.8999999999,Move,646,422
79959.70000000019,Move,642,419
79983.8999999999,Move,635,411
79999.3999999999,Move,630,407
80015.70000000019,Move,627,402
80030.3999999999,Move,623,398
80045.70000000019,Move,618,392
80061.8999999999,Move,614,387
80084.20000000019,Move,611,381
80099.8999999999,Move,609,376
80115.5,Move,607,372
80131.79999999981,Move,606,367
80145.8999999999,Move,604,363
80161.70000000019,Move,603,358
80178.29999999981,Move,603,353
80199.8999999999,Move,603,345
80215.79999999981,Move,603,341
80231.5,Move,605,334
80247.6000000001,Move,606,327
80261.6000000001,Move,610,318
80278.29999999981,Move,616,307
80294,Move,623,297
80315.79999999981,Move,631,280
80331.79999999981,Move,635,273
80347.70000000019,Move,640,267
80363.6000000001,Move,643,262
80377.79999999981,Move,645,257
80393.5,Move,647,253
80418.29999999981,Move,653,248
80433.79999999981,Move,656,244
80447.79999999981,Move,658,241
80464.1000000001,Move,663,239
80479.8999999999,Move,667,237
80494,Move,673,235
80517.79999999981,Move,684,232
80534,Move,690,231
80547.70000000019,Move,697,229
80563.8999999999,Move,701,228
80579.70000000019,Move,705,226
80595.70000000019,Move,710,225
80617.8999999999,Move,721,224
80634,Move,732,224
80650.29999999981,Move,743,225
80666,Move,754,226
80679.70000000019,Move,764,228
80695.5,Move,771,230
80711.70000000019,Move,775,231
80733.70000000019,Move,782,233
80750.1000000001,Move,786,235
80765.3999999999,Move,791,237
80780.3999999999,Move,796,239
80795.6000000001,Move,802,242
80811.79999999981,Move,807,245
80833.79999999981,Move,813,249
80850.29999999981,Move,819,253
80866.1000000001,Move,823,256
80881.5,Move,829,261
80895.79999999981,Move,834,266
80911.79999999981,Move,837,270
80927.8999999999,Move,841,276
80943.5,Move,843,280
80966.1000000001,Move,845,287
80981.70000000019,Move,847,293
80997.5,Move,848,298
81013.70000000019,Move,849,303
81028.1000000001,Move,851,308
81043.70000000019,Move,852,313
81066.29999999981,Move,853,320
81081.70000000019,Move,851,327
81097.79999999981,Move,850,333
81113.70000000019,Move,847,340
81128.1000000001,Move,846,345
81143.8999999999,Move,844,350
81167.79999999981,Move,841,357
81183.70000000019,Move,840,361
81198,Move,839,365
81213.70000000019,Move,837,369
81229.70000000019,Move,836,373
81245.79999999981,Move,834,376
81268.20000000019,Move,832,382
81283.70000000019,Move,830,386
81298.1000000001,Move,828,389
81313.6000000001,Move,826,392
81329.5,Move,823,395
81346.1000000001,Move,821,398
81367.6000000001,Move,819,402
81384.5,Move,818,403
81399.8999999999,Move,817,405
81416.20000000019,Move,816,406
81429.3999999999,Move,815,407
81446.1000000001,Move,814,408
81461.5,Move,813,409
81477.6000000001,Move,813,410
81491.79999999981,Move,813,410
81523.8999999999,Released,813,410
82157.79999999981,Released,750,539
