resolution:1536,864
202577.5,Pressed,719,173
202774.40000000037,Move,717,173
202795.40000000037,Move,711,173
202804.1000000001,Move,707,173
202825.30000000028,Move,701,173
202840.1000000001,Move,697,173
202854.40000000037,Move,696,173
202869.2000000002,Move,695,173
202891.30000000028,Move,693,173
202906,Move,691,173
202913.2000000002,Move,691,173
202942.7000000002,Move,689,174
202957.5,Move,684,175
202971.90000000037,Move,680,177
202986.6000000001,Move,673,181
203008.7000000002,Move,666,184
203023.6000000001,Move,662,185
203037.90000000037,Move,659,188
203053.2000000002,Move,655,189
203075.2000000002,Move,647,193
203089.6000000001,Move,643,195
203103.80000000028,Move,638,198
203119.30000000028,Move,635,199
203140.80000000028,Move,631,201
203155.6000000001,Move,629,203
203170.2000000002,Move,627,204
203185.2000000002,Move,625,207
203206.40000000037,Move,621,212
203221.7000000002,Move,618,215
203236.40000000037,Move,616,219
203258.5,Move,612,222
203272.7000000002,Move,610,226
203287.1000000001,Move,608,229
203301.6000000001,Move,604,232
203324.6000000001,Move,602,236
203338.6000000001,Move,601,240
203353.30000000028,Move,599,243
203375.5,Move,597,247
203390.2000000002,Move,595,248
203404.30000000028,Move,594,250
203419.7000000002,Move,593,252
203441.90000000037,Move,591,255
203455.90000000037,Move,589,258
203471.1000000001,Move,589,261
203485.40000000037,Move,589,264
203507.5,Move,588,268
203522.5,Move,588,271
203537.2000000002,Move,588,274
203551.90000000037,Move,588,277
203574.2000000002,Move,588,281
203588.40000000037,Move,588,285
203603.2000000002,Move,588,287
203617.80000000028,Move,588,291
203640.30000000028,Move,588,294
203654.5,Move,588,299
203669.5,Move,588,301
203691,Move,588,306
203705.7000000002,Move,588,308
203720.2000000002,Move,588,311
203735,Move,588,313
203758,Move,589,318
203773,Move,591,320
203787.80000000028,Move,593,323
203802.5,Move,594,326
203824.5,Move,596,333
203839.2000000002,Move,598,336
203853.5,Move,600,341
203868.6000000001,Move,601,343
203890.7000000002,Move,603,348
203905.6000000001,Move,605,351
203920,Move,607,355
203941.90000000037,Move,609,360
203956,Move,611,364
203971.5,Move,613,369
203987,Move,616,371
204008.1000000001,Move,619,377
204022.7000000002,Move,621,380
204037.5,Move,623,383
204059,Move,625,389
204073.90000000037,Move,629,391
204088.2000000002,Move,630,394
204103.30000000028,Move,633,398
204125.40000000037,Move,637,401
204139.40000000037,Move,640,405
204154.5,Move,643,406
204169.40000000037,Move,644,407
204191.6000000001,Move,647,410
204205.6000000001,Move,650,411
204220.40000000037,Move,652,412
204235.30000000028,Move,656,414
204257.40000000037,Move,659,416
204271.7000000002,Move,661,418
204286.5,Move,665,419
204308.30000000028,Move,671,421
204323.2000000002,Move,675,423
204337.40000000037,Move,679,425
204352.90000000037,Move,682,426
204375.2000000002,Move,687,428
204389.40000000037,Move,690,431
204404.30000000028,Move,693,432
204419.1000000001,Move,696,433
204441.30000000028,Move,700,434
204455.30000000028,Move,702,435
204470.30000000028,Move,705,435
204485.30000000028,Move,708,435
204507.1000000001,Move,713,437
204522,Move,715,437
204536,Move,717,438
204558.6000000001,Move,721,439
204572.90000000037,Move,724,439
204587.5,Move,727,439
204602.2000000002,Move,730,439
204624.30000000028,Move,734,439
204639,Move,737,440
204653.6000000001,Move,740,440
204669.1000000001,Move,743,440
204691,Move,747,440
204705.40000000037,Move,750,440
204720.40000000037,Move,753,440
204741.80000000028,Move,757,438
204756.6000000001,Move,760,437
204771.6000000001,Move,764,435
204785.7000000002,Move,768,433
204808.40000000037,Move,775,429
204822.7000000002,Move,779,427
204837.7000000002,Move,781,425
204852.7000000002,Move,784,423
204874.6000000001,Move,789,419
204888.90000000037,Move,793,417
204903.90000000037,Move,797,413
204925.40000000037,Move,804,408
204940.30000000028,Move,810,403
204955.1000000001,Move,813,400
204970,Move,816,397
204991.90000000037,Move,818,393
205006.6000000001,Move,819,389
205020.90000000037,Move,821,386
205036,Move,824,383
205057.80000000028,Move,828,376
205072.6000000001,Move,830,373
205087.40000000037,Move,831,369
205102.6000000001,Move,833,367
205123.7000000002,Move,837,360
205138.5,Move,841,354
205153.1000000001,Move,842,350
205168,Move,844,343
205190.1000000001,Move,847,335
205204.90000000037,Move,848,330
205220,Move,849,326
205241.5,Move,849,318
205256.2000000002,Move,850,312
205271.2000000002,Move,850,307
205286.1000000001,Move,850,302
205308,Move,850,295
205322.1000000001,Move,850,290
205336.7000000002,Move,850,284
205359.1000000001,Move,849,276
205374.1000000001,Move,847,272
205388.30000000028,Move,845,268
205403.5,Move,844,265
205417.90000000037,Move,843,262
205439.5,Move,841,257
205454.6000000001,Move,840,255
205469.6000000001,Move,839,251
205491.6000000001,Move,837,247
205505.30000000028,Move,835,243
205520.80000000028,Move,834,241
205536.40000000037,Move,833,237
205557.7000000002,Move,830,233
205572,Move,829,231
205586.80000000028,Move,827,229
205608.80000000028,Move,823,224
205624.1000000001,Move,822,222
205637.90000000037,Move,819,219
205653.1000000001,Move,816,217
205675.40000000037,Move,813,213
205689.90000000037,Move,810,210
205704.6000000001,Move,807,207
205719.1000000001,Move,804,203
205740.90000000037,Move,799,197
205755.6000000001,Move,795,194
205770.30000000028,Move,794,192
205792.2000000002,Move,791,188
205807,Move,787,187
205820.90000000037,Move,785,186
205836.40000000037,Move,780,184
205857.80000000028,Move,773,181
205872.6000000001,Move,768,180
205887.30000000028,Move,763,178
205902,Move,758,177
205923.6000000001,Move,747,173
205938.6000000001,Move,741,173
205953.2000000002,Move,736,173
205975.2000000002,Move,729,173
205989.90000000037,Move,724,174
206004.6000000001,Move,718,175
206019.30000000028,Move,712,176
206041.2000000002,Move,705,177
206055.80000000028,Move,702,177
206063.1000000001,Move,701,177
206070,Released,701,177
206893.30000000028,Released,735,539
