resolution:1536,864
2100.800000000745,Pressed,0.3776041666666667,0.16087962962962962
2186,Move,0.3776041666666667,0.16087962962962962
3138.199999999255,Move,0.376953125,0.16087962962962962
3146,Move,0.376953125,0.16087962962962962
3162.099999997765,Move,0.3763020833333333,0.16087962962962962
3192.199999999255,Move,0.3756510416666667,0.16087962962962962
3224.300000000745,Move,0.3756510416666667,0.16087962962962962
3253.89999999851,Move,0.375,0.16087962962962962
3300.300000000745,Move,0.375,0.16087962962962962
3340.099999997765,Move,0.3743489583333333,0.16087962962962962
3416.099999997765,Move,0.3743489583333333,0.16087962962962962
3518.199999999255,Move,0.3736979166666667,0.16087962962962962
3618.39999999851,Move,0.373046875,0.16087962962962962
3741.800000000745,Move,0.373046875,0.16087962962962962
3771.800000000745,Move,0.373046875,0.16203703703703703
3788.099999997765,Move,0.3723958333333333,0.16203703703703703
3803.89999999851,Move,0.3717447916666667,0.16203703703703703
3820,Move,0.3717447916666667,0.16319444444444445
3827.800000000745,Move,0.37109375,0.16319444444444445
3849.89999999851,Move,0.3704427083333333,0.16319444444444445
3873.800000000745,Move,0.3704427083333333,0.16319444444444445
3896.5,Move,0.3704427083333333,0.16319444444444445
3958.300000000745,Move,0.3704427083333333,0.16319444444444445
4014.199999999255,Move,0.3704427083333333,0.16435185185185186
4036.39999999851,Move,0.3697916666666667,0.16435185185185186
4060.300000000745,Move,0.369140625,0.16435185185185186
4074.099999997765,Move,0.369140625,0.16550925925925927
4090.300000000745,Move,0.369140625,0.16550925925925927
4105.800000000745,Move,0.3684895833333333,0.16666666666666666
4130,Move,0.3678385416666667,0.16666666666666666
4152.699999999255,Move,0.3678385416666667,0.16666666666666666
4168.5,Move,0.3678385416666667,0.16782407407407407
4176.099999997765,Move,0.3678385416666667,0.16782407407407407
4184.300000000745,Move,0.3678385416666667,0.16782407407407407
4206.199999999255,Move,0.3671875,0.1701388888888889
4213.800000000745,Move,0.3665364583333333,0.1701388888888889
4238,Move,0.3665364583333333,0.1712962962962963
4245.800000000745,Move,0.3665364583333333,0.1712962962962963
4275.89999999851,Move,0.3665364583333333,0.1724537037037037
4283.89999999851,Move,0.3658854166666667,0.1724537037037037
4299.699999999255,Move,0.3658854166666667,0.1736111111111111
4322,Move,0.3658854166666667,0.17476851851851852
4338,Move,0.365234375,0.17476851851851852
4345.599999997765,Move,0.365234375,0.17476851851851852
4367.89999999851,Move,0.365234375,0.17592592592592593
4408.300000000745,Move,0.365234375,0.17592592592592593
4415.89999999851,Move,0.365234375,0.17708333333333334
4423.800000000745,Move,0.365234375,0.17708333333333334
4437.89999999851,Move,0.365234375,0.17708333333333334
4454.099999997765,Move,0.365234375,0.17939814814814814
4469.699999999255,Move,0.365234375,0.17939814814814814
4486.599999997765,Move,0.3645833333333333,0.18055555555555555
4508.300000000745,Move,0.3645833333333333,0.18055555555555555
4523.599999997765,Move,0.3639322916666667,0.18171296296296297
4540.39999999851,Move,0.3639322916666667,0.18171296296296297
4624.39999999851,Move,0.3639322916666667,0.18287037037037038
4639.800000000745,Move,0.3639322916666667,0.1840277777777778
4648.300000000745,Move,0.3639322916666667,0.1840277777777778
4656.300000000745,Move,0.3639322916666667,0.18518518518518517
4672.099999997765,Move,0.3639322916666667,0.18518518518518517
4677.699999999255,Move,0.3639322916666667,0.1863425925925926
4701.89999999851,Move,0.3639322916666667,0.1863425925925926
4718.300000000745,Move,0.3639322916666667,0.1875
4756.199999999255,Move,0.3639322916666667,0.1886574074074074
4763.89999999851,Move,0.3639322916666667,0.1886574074074074
4780.099999997765,Move,0.3639322916666667,0.1886574074074074
4802.199999999255,Move,0.3639322916666667,0.18981481481481483
4847.89999999851,Move,0.3639322916666667,0.1909722222222222
4987.599999997765,Move,0.36328125,0.19328703703703703
5011.300000000745,Move,0.36328125,0.19328703703703703
5025.39999999851,Move,0.36328125,0.19444444444444445
5041.39999999851,Move,0.36328125,0.19560185185185186
5066.199999999255,Move,0.36328125,0.19560185185185186
5082.300000000745,Move,0.36328125,0.19675925925925927
5128.5,Move,0.36328125,0.19791666666666666
5149.599999997765,Move,0.36328125,0.19791666666666666
5157.800000000745,Move,0.36328125,0.19791666666666666
5173.699999999255,Move,0.36328125,0.19907407407407407
5228,Move,0.36328125,0.20023148148148148
5251.89999999851,Move,0.36328125,0.20023148148148148
5265.800000000745,Move,0.36328125,0.2013888888888889
5306.099999997765,Move,0.36328125,0.2013888888888889
5313.5,Move,0.36328125,0.2025462962962963
5352.5,Move,0.3639322916666667,0.2025462962962963
5376.199999999255,Move,0.3639322916666667,0.2025462962962963
5414.599999997765,Move,0.3639322916666667,0.2037037037037037
5437.89999999851,Move,0.3639322916666667,0.2048611111111111
5476.199999999255,Move,0.3639322916666667,0.2048611111111111
5498.300000000745,Move,0.3639322916666667,0.20601851851851852
5545.699999999255,Move,0.3639322916666667,0.20601851851851852
5576.099999997765,Move,0.3639322916666667,0.20717592592592593
5615.800000000745,Move,0.3645833333333333,0.20717592592592593
5662,Move,0.3645833333333333,0.20717592592592593
5675.89999999851,Move,0.3645833333333333,0.20833333333333334
5692.5,Move,0.365234375,0.20949074074074073
5761.39999999851,Move,0.365234375,0.20949074074074073
5777.599999997765,Move,0.365234375,0.21064814814814814
5785.39999999851,Move,0.365234375,0.21064814814814814
5801.5,Move,0.365234375,0.21180555555555555
5815.5,Move,0.3658854166666667,0.21180555555555555
5839.699999999255,Move,0.3658854166666667,0.21180555555555555
5861.5,Move,0.3658854166666667,0.21296296296296297
5878.099999997765,Move,0.3658854166666667,0.21412037037037038
5885.89999999851,Move,0.3665364583333333,0.21412037037037038
5909.599999997765,Move,0.3665364583333333,0.21412037037037038
5947.5,Move,0.3665364583333333,0.21412037037037038
5971.599999997765,Move,0.3665364583333333,0.2152777777777778
5979.5,Move,0.3671875,0.2152777777777778
6001.699999999255,Move,0.3671875,0.21643518518518517
6080.300000000745,Move,0.3678385416666667,0.21643518518518517
6133.39999999851,Move,0.3678385416666667,0.21643518518518517
6157.300000000745,Move,0.3678385416666667,0.21643518518518517
6195.5,Move,0.3678385416666667,0.2175925925925926
6219.599999997765,Move,0.3684895833333333,0.2175925925925926
6233.39999999851,Move,0.3684895833333333,0.21875
6249.39999999851,Move,0.369140625,0.21875
6273.699999999255,Move,0.369140625,0.2199074074074074
6279.5,Move,0.3697916666666667,0.2199074074074074
6311.800000000745,Move,0.3704427083333333,0.2199074074074074
6335.599999997765,Move,0.3704427083333333,0.2199074074074074
6349.5,Move,0.3704427083333333,0.22106481481481483
6397.39999999851,Move,0.37109375,0.22106481481481483
6473.699999999255,Move,0.37109375,0.22106481481481483
6481.300000000745,Move,0.3717447916666667,0.22106481481481483
6535.5,Move,0.3717447916666667,0.22106481481481483
6559.300000000745,Move,0.3723958333333333,0.2222222222222222
6575.39999999851,Move,0.373046875,0.2222222222222222
6589.39999999851,Move,0.373046875,0.22337962962962962
6635.5,Move,0.3736979166666667,0.22337962962962962
6651.300000000745,Move,0.3736979166666667,0.22337962962962962
6675.699999999255,Move,0.3743489583333333,0.22337962962962962
6705.39999999851,Move,0.3743489583333333,0.22337962962962962
6721.599999997765,Move,0.375,0.22453703703703703
6729.599999997765,Move,0.3756510416666667,0.22453703703703703
6737.5,Move,0.3756510416666667,0.22453703703703703
6751.800000000745,Move,0.3756510416666667,0.22453703703703703
6768,Move,0.3763020833333333,0.22569444444444445
6799.39999999851,Move,0.3763020833333333,0.22569444444444445
6815.699999999255,Move,0.376953125,0.22569444444444445
6821.39999999851,Move,0.376953125,0.22569444444444445
6869.800000000745,Move,0.376953125,0.22685185185185186
6899.5,Move,0.3776041666666667,0.22685185185185186
6939.39999999851,Move,0.3782552083333333,0.22685185185185186
6961.599999997765,Move,0.3782552083333333,0.22685185185185186
7039.39999999851,Move,0.37890625,0.22685185185185186
7077.599999997765,Move,0.37890625,0.22800925925925927
7123.800000000745,Move,0.3795572916666667,0.22800925925925927
7139.39999999851,Move,0.3795572916666667,0.22800925925925927
7155.599999997765,Move,0.380859375,0.22800925925925927
7171.599999997765,Move,0.380859375,0.22800925925925927
7193.39999999851,Move,0.3815104166666667,0.22800925925925927
7217.800000000745,Move,0.3815104166666667,0.22800925925925927
7239.5,Move,0.3821614583333333,0.22800925925925927
7263.39999999851,Move,0.3821614583333333,0.22800925925925927
7309.39999999851,Move,0.3828125,0.22800925925925927
7411.599999997765,Move,0.3834635416666667,0.22800925925925927
7426.199999999255,Move,0.3834635416666667,0.22800925925925927
7434.199999999255,Move,0.3841145833333333,0.22800925925925927
7450.199999999255,Move,0.3841145833333333,0.22800925925925927
7466.300000000745,Move,0.384765625,0.22800925925925927
7488.099999997765,Move,0.384765625,0.22916666666666666
7495.89999999851,Move,0.3854166666666667,0.22916666666666666
7528.39999999851,Move,0.3860677083333333,0.22916666666666666
7550,Move,0.3860677083333333,0.22916666666666666
7558,Move,0.38671875,0.22916666666666666
7573.699999999255,Move,0.38671875,0.22916666666666666
7590.099999997765,Move,0.3873697916666667,0.22916666666666666
7604.5,Move,0.3873697916666667,0.22916666666666666
7652,Move,0.3880208333333333,0.22916666666666666
7674,Move,0.388671875,0.22916666666666666
7682,Move,0.388671875,0.22916666666666666
7698.099999997765,Move,0.3893229166666667,0.23032407407407407
7711.699999999255,Move,0.3899739583333333,0.23032407407407407
7736,Move,0.390625,0.23032407407407407
7751.89999999851,Move,0.3912760416666667,0.23032407407407407
7759.699999999255,Move,0.3912760416666667,0.23032407407407407
7806.099999997765,Move,0.3912760416666667,0.23032407407407407
7822.199999999255,Move,0.3919270833333333,0.23032407407407407
7827.89999999851,Move,0.392578125,0.23032407407407407
7843.39999999851,Move,0.392578125,0.23032407407407407
7952.199999999255,Move,0.3932291666666667,0.23032407407407407
7999.800000000745,Move,0.3938802083333333,0.23032407407407407
8022.300000000745,Move,0.3938802083333333,0.23032407407407407
8070.199999999255,Move,0.3938802083333333,0.23032407407407407
8108.199999999255,Move,0.39453125,0.23032407407407407
8146.099999997765,Move,0.3951822916666667,0.23032407407407407
8186.300000000745,Move,0.3951822916666667,0.23032407407407407
8208.099999997765,Move,0.3958333333333333,0.23032407407407407
8254.199999999255,Move,0.3958333333333333,0.23032407407407407
8308,Move,0.396484375,0.23032407407407407
8332.099999997765,Move,0.396484375,0.23032407407407407
8370.5,Move,0.3971354166666667,0.23032407407407407
8432.099999997765,Move,0.3977864583333333,0.23032407407407407
8472.599999997765,Move,0.3977864583333333,0.23032407407407407
8493.699999999255,Move,0.3984375,0.23032407407407407
8509.89999999851,Move,0.3984375,0.23032407407407407
8556.39999999851,Move,0.3990885416666667,0.22916666666666666
8580.300000000745,Move,0.3990885416666667,0.22916666666666666
8588.300000000745,Move,0.3997395833333333,0.22800925925925927
8618.199999999255,Move,0.400390625,0.22800925925925927
8634.099999997765,Move,0.400390625,0.22800925925925927
8642.199999999255,Move,0.400390625,0.22800925925925927
8666.199999999255,Move,0.4010416666666667,0.22800925925925927
8679.800000000745,Move,0.4010416666666667,0.22800925925925927
8720.300000000745,Move,0.4016927083333333,0.22685185185185186
8742.300000000745,Move,0.4016927083333333,0.22685185185185186
8758.300000000745,Move,0.40234375,0.22569444444444445
8788.199999999255,Move,0.4029947916666667,0.22569444444444445
8811.89999999851,Move,0.4029947916666667,0.22569444444444445
8874.300000000745,Move,0.4036458333333333,0.22453703703703703
8952.099999997765,Move,0.4036458333333333,0.22337962962962962
8968.099999997765,Move,0.404296875,0.22337962962962962
8982.39999999851,Move,0.404296875,0.22337962962962962
8989.89999999851,Move,0.404296875,0.22337962962962962
9036.099999997765,Move,0.4049479166666667,0.22337962962962962
9044.300000000745,Move,0.4055989583333333,0.22337962962962962
9076.199999999255,Move,0.40625,0.2222222222222222
9089.699999999255,Move,0.40625,0.22106481481481483
9114.099999997765,Move,0.4069010416666667,0.22106481481481483
9122.099999997765,Move,0.4069010416666667,0.22106481481481483
9184.300000000745,Move,0.4069010416666667,0.22106481481481483
9237.89999999851,Move,0.4069010416666667,0.2199074074074074
9284.300000000745,Move,0.4075520833333333,0.2199074074074074
9315.5,Move,0.4075520833333333,0.21875
9392.39999999851,Move,0.4075520833333333,0.21875
9400.5,Move,0.408203125,0.21875
9440.300000000745,Move,0.408203125,0.21875
9494.39999999851,Move,0.408203125,0.2175925925925926
9524.5,Move,0.408203125,0.21643518518518517
9532.199999999255,Move,0.408203125,0.21643518518518517
9548.300000000745,Move,0.4088541666666667,0.21643518518518517
9556.300000000745,Move,0.4088541666666667,0.2152777777777778
9572.199999999255,Move,0.4088541666666667,0.2152777777777778
9594.300000000745,Move,0.4088541666666667,0.21412037037037038
9609.89999999851,Move,0.4088541666666667,0.21412037037037038
9618.39999999851,Move,0.4088541666666667,0.21296296296296297
9631.89999999851,Move,0.4088541666666667,0.21180555555555555
9648.199999999255,Move,0.4088541666666667,0.21180555555555555
9671.89999999851,Move,0.4095052083333333,0.21064814814814814
9677.599999997765,Move,0.4095052083333333,0.21064814814814814
9702.39999999851,Move,0.4095052083333333,0.20949074074074073
9740.5,Move,0.4095052083333333,0.20949074074074073
9772.099999997765,Move,0.4095052083333333,0.20949074074074073
9788,Move,0.4095052083333333,0.20717592592592593
9842.199999999255,Move,0.4095052083333333,0.20717592592592593
9871.5,Move,0.41015625,0.20717592592592593
9879.699999999255,Move,0.41015625,0.20601851851851852
9887.599999997765,Move,0.41015625,0.20601851851851852
9904.199999999255,Move,0.41015625,0.2048611111111111
9920,Move,0.41015625,0.2048611111111111
9966.199999999255,Move,0.41015625,0.2037037037037037
9988.099999997765,Move,0.41015625,0.2025462962962963
10004.199999999255,Move,0.41015625,0.2013888888888889
10035.800000000745,Move,0.4108072916666667,0.2013888888888889
10058.099999997765,Move,0.4108072916666667,0.20023148148148148
10066.300000000745,Move,0.4108072916666667,0.20023148148148148
10082.300000000745,Move,0.4108072916666667,0.19907407407407407
10098.099999997765,Move,0.4108072916666667,0.19791666666666666
10152,Move,0.4108072916666667,0.19791666666666666
10174.199999999255,Move,0.4108072916666667,0.19675925925925927
10214.39999999851,Move,0.4108072916666667,0.19675925925925927
10305.699999999255,Move,0.4108072916666667,0.19560185185185186
10352.300000000745,Move,0.4108072916666667,0.19560185185185186
10392.5,Move,0.4108072916666667,0.19444444444444445
10454.300000000745,Move,0.4108072916666667,0.19328703703703703
10476.300000000745,Move,0.4108072916666667,0.19328703703703703
10508.300000000745,Move,0.4108072916666667,0.19212962962962962
10516.099999997765,Move,0.4108072916666667,0.1909722222222222
10537.699999999255,Move,0.4108072916666667,0.18981481481481483
10546.199999999255,Move,0.41015625,0.1886574074074074
10570.599999997765,Move,0.41015625,0.1875
10584.800000000745,Move,0.4095052083333333,0.1863425925925926
10608.099999997765,Move,0.4095052083333333,0.1863425925925926
10623.800000000745,Move,0.4095052083333333,0.18518518518518517
10699.89999999851,Move,0.4095052083333333,0.18518518518518517
10748.099999997765,Move,0.4095052083333333,0.1840277777777778
10872.099999997765,Move,0.4095052083333333,0.1840277777777778
10902.5,Move,0.4095052083333333,0.18287037037037038
10918,Move,0.4088541666666667,0.18287037037037038
10956.099999997765,Move,0.408203125,0.18171296296296297
11010,Move,0.408203125,0.18171296296296297
11212.099999997765,Move,0.408203125,0.18055555555555555
11228.099999997765,Move,0.408203125,0.17939814814814814
11242,Move,0.408203125,0.17939814814814814
11250.199999999255,Move,0.408203125,0.17939814814814814
11266.300000000745,Move,0.408203125,0.17824074074074073
11290.099999997765,Move,0.408203125,0.17824074074074073
11304.300000000745,Move,0.4075520833333333,0.17708333333333334
11320.39999999851,Move,0.4075520833333333,0.17708333333333334
11327.800000000745,Move,0.4075520833333333,0.17592592592592593
11344.199999999255,Move,0.4069010416666667,0.17592592592592593
11360.300000000745,Move,0.4069010416666667,0.17476851851851852
11382.300000000745,Move,0.4069010416666667,0.1736111111111111
11398.099999997765,Move,0.40625,0.1736111111111111
11405.699999999255,Move,0.40625,0.1724537037037037
11420.199999999255,Move,0.4055989583333333,0.1724537037037037
11451.800000000745,Move,0.4055989583333333,0.1712962962962963
11467.800000000745,Move,0.4055989583333333,0.1712962962962963
11475.89999999851,Move,0.4055989583333333,0.1701388888888889
11498.300000000745,Move,0.4049479166666667,0.1701388888888889
11505.599999997765,Move,0.4049479166666667,0.16898148148148148
11559.599999997765,Move,0.404296875,0.16898148148148148
11668.199999999255,Move,0.404296875,0.16782407407407407
11676,Move,0.404296875,0.16782407407407407
11683.699999999255,Move,0.4036458333333333,0.16782407407407407
11721.699999999255,Move,0.4036458333333333,0.16666666666666666
11762.39999999851,Move,0.4036458333333333,0.16666666666666666
11784,Move,0.4036458333333333,0.16550925925925927
11800.199999999255,Move,0.4029947916666667,0.16550925925925927
11808.199999999255,Move,0.4029947916666667,0.16550925925925927
11838.5,Move,0.4029947916666667,0.16550925925925927
11862.300000000745,Move,0.4029947916666667,0.16435185185185186
11869.89999999851,Move,0.40234375,0.16435185185185186
11886.099999997765,Move,0.4016927083333333,0.16435185185185186
11962.099999997765,Move,0.4016927083333333,0.16319444444444445
11978.300000000745,Move,0.4010416666666667,0.16319444444444445
12048.199999999255,Move,0.4010416666666667,0.16319444444444445
12078.199999999255,Move,0.4010416666666667,0.16319444444444445
12126.099999997765,Move,0.400390625,0.16319444444444445
12164.39999999851,Move,0.400390625,0.16319444444444445
12180,Move,0.3997395833333333,0.16319444444444445
12188,Move,0.3997395833333333,0.16203703703703703
12241.5,Move,0.3990885416666667,0.16203703703703703
12250.099999997765,Move,0.3990885416666667,0.16203703703703703
12271.599999997765,Move,0.3984375,0.16087962962962962
12318.300000000745,Move,0.3984375,0.16087962962962962
12396.199999999255,Move,0.3977864583333333,0.16087962962962962
12420,Move,0.3977864583333333,0.16087962962962962
12442,Move,0.3977864583333333,0.16087962962962962
12474,Move,0.3971354166666667,0.1597222222222222
12519.89999999851,Move,0.396484375,0.1597222222222222
12574.099999997765,Move,0.396484375,0.1597222222222222
12652.300000000745,Move,0.3958333333333333,0.1597222222222222
12698,Move,0.3958333333333333,0.1597222222222222
12713.599999997765,Move,0.3951822916666667,0.1597222222222222
12736.300000000745,Move,0.3951822916666667,0.1597222222222222
12744,Move,0.3951822916666667,0.15856481481481483
12760.39999999851,Move,0.3938802083333333,0.15856481481481483
12798.5,Move,0.3938802083333333,0.15856481481481483
12806.199999999255,Move,0.3932291666666667,0.15856481481481483
12846.199999999255,Move,0.3932291666666667,0.15856481481481483
12867.5,Move,0.392578125,0.15856481481481483
12892,Move,0.392578125,0.15856481481481483
12914.300000000745,Move,0.3919270833333333,0.15856481481481483
12922.199999999255,Move,0.3912760416666667,0.15856481481481483
12967.599999997765,Move,0.3912760416666667,0.15856481481481483
12992.39999999851,Move,0.390625,0.15856481481481483
13069.800000000745,Move,0.390625,0.15856481481481483
13077.699999999255,Move,0.3899739583333333,0.15856481481481483
13107.800000000745,Move,0.3899739583333333,0.15856481481481483
13124,Move,0.3893229166666667,0.15856481481481483
13131.800000000745,Move,0.388671875,0.15856481481481483
13145.699999999255,Move,0.388671875,0.15856481481481483
13162.300000000745,Move,0.3880208333333333,0.15856481481481483
13186.199999999255,Move,0.3880208333333333,0.15856481481481483
13232.300000000745,Move,0.3873697916666667,0.15856481481481483
13247.5,Move,0.38671875,0.15856481481481483
13286.099999997765,Move,0.3860677083333333,0.15856481481481483
13326.39999999851,Move,0.3860677083333333,0.15856481481481483
13347.89999999851,Move,0.3854166666666667,0.15856481481481483
13372.199999999255,Move,0.3854166666666667,0.15856481481481483
13572,Move,0.384765625,0.15856481481481483
13674,Move,0.384765625,0.15856481481481483
13690.300000000745,Move,0.3841145833333333,0.15856481481481483
13696,Move,0.3834635416666667,0.15856481481481483
13712.300000000745,Move,0.3834635416666667,0.15856481481481483
13728.099999997765,Move,0.3828125,0.15856481481481483
13735.599999997765,Move,0.3828125,0.15856481481481483
13758.39999999851,Move,0.3821614583333333,0.15856481481481483
13782.099999997765,Move,0.3815104166666667,0.15856481481481483
13836.199999999255,Move,0.3815104166666667,0.15856481481481483
13860.099999997765,Move,0.380859375,0.15856481481481483
13874.199999999255,Move,0.380859375,0.15856481481481483
13881.699999999255,Move,0.3802083333333333,0.15856481481481483
14029.800000000745,Move,0.3802083333333333,0.15856481481481483
14051.89999999851,Move,0.3795572916666667,0.15856481481481483
14076.300000000745,Move,0.3795572916666667,0.15856481481481483
14129.89999999851,Move,0.3795572916666667,0.15856481481481483
14153.699999999255,Move,0.37890625,0.1597222222222222
14161.699999999255,Move,0.3782552083333333,0.1597222222222222
14216,Move,0.3782552083333333,0.16087962962962962
14237.89999999851,Move,0.3776041666666667,0.16087962962962962
14292.099999997765,Move,0.3776041666666667,0.16087962962962962
14399.89999999851,Released,0.3776041666666667,0.16087962962962962
15190,Released,0.4967447916666667,0.6018518518518519