resolution:1536,864
127875.1000000001,Pressed,793,199
127879.6000000001,Move,793,199
127896.1000000001,Move,792,199
127909.79999999981,Move,791,198
127926.1000000001,Move,789,198
127942.5,Move,787,197
127964.8999999999,Move,783,197
127980.70000000019,Move,781,197
127996.79999999981,Move,779,196
128012.79999999981,Move,779,196
128026.79999999981,Move,777,196
128042.5,Move,775,196
128066.29999999981,Move,767,197
128080.6000000001,Move,759,199
128097.1000000001,Move,749,202
128112.5,Move,739,204
128129,Move,735,205
128142.79999999981,Move,730,207
128158.70000000019,Move,726,209
128182.79999999981,Move,718,212
128196.29999999981,Move,715,213
128212.6000000001,Move,711,215
128228.5,Move,710,216
128244.79999999981,Move,709,217
128259.20000000019,Move,708,217
128282.3999999999,Move,705,219
128298.70000000019,Move,703,221
128314.3999999999,Move,701,224
128328.5,Move,699,227
128344.5,Move,695,229
128361,Move,691,233
128382.5,Move,684,241
128399,Move,679,249
128414.3999999999,Move,674,254
128428.70000000019,Move,669,261
128444.3999999999,Move,665,266
128460.5,Move,663,270
128482.29999999981,Move,661,277
128497.6000000001,Move,659,281
128514,Move,657,285
128529.8999999999,Move,655,289
128543.5,Move,654,294
128560.1000000001,Move,653,299
128576.3999999999,Move,651,304
128592.1000000001,Move,649,309
128613.6000000001,Move,647,314
128629.6000000001,Move,646,319
128646.1000000001,Move,646,323
128660.1000000001,Move,645,327
128676.20000000019,Move,645,331
128692.29999999981,Move,645,334
128713.5,Move,645,337
128730,Move,647,340
128745.8999999999,Move,647,343
128761.70000000019,Move,648,345
128776,Move,649,349
128792.1000000001,Move,651,351
128816.1000000001,Move,653,355
128831.8999999999,Move,654,357
128846.3999999999,Move,655,359
128861.79999999981,Move,657,362
128878.1000000001,Move,658,364
128894.1000000001,Move,659,366
128916.29999999981,Move,661,368
128932.6000000001,Move,663,369
128948.20000000019,Move,664,371
128962,Move,665,372
128977.6000000001,Move,667,373
128994.1000000001,Move,668,374
129015.8999999999,Move,670,376
129031.6000000001,Move,673,377
129047.79999999981,Move,675,378
129061.5,Move,679,380
129077.79999999981,Move,683,381
129094.20000000019,Move,688,383
129109.79999999981,Move,692,384
129131.6000000001,Move,701,384
129147.79999999981,Move,708,384
129163.8999999999,Move,719,382
129180.29999999981,Move,731,379
129194.20000000019,Move,741,377
129209.5,Move,751,375
129231.70000000019,Move,765,372
129247.5,Move,774,369
129263.8999999999,Move,783,368
129280.1000000001,Move,793,367
129293.6000000001,Move,798,365
129310.3999999999,Move,802,364
129325.79999999981,Move,805,363
129341.70000000019,Move,806,363
129364.1000000001,Move,808,361
129380.3999999999,Move,809,359
129396.5,Move,812,358
129412.1000000001,Move,815,355
129426.3999999999,Move,818,353
129442.20000000019,Move,820,349
129464.3999999999,Move,822,343
129480.29999999981,Move,824,339
129496.6000000001,Move,825,335
129511.6000000001,Move,827,330
129525.79999999981,Move,829,325
129542.5,Move,831,318
129565.70000000019,Move,833,309
129581.70000000019,Move,834,303
129596.29999999981,Move,836,297
129612.3999999999,Move,837,291
129627.79999999981,Move,839,285
129644.29999999981,Move,840,278
129658.3999999999,Move,841,272
129681.8999999999,Move,842,263
129696.3999999999,Move,842,257
129712,Move,843,252
129728.5,Move,843,249
129743.70000000019,Move,843,244
129758,Move,843,242
129782.6000000001,Move,843,239
129798.1000000001,Move,841,235
129813.8999999999,Move,840,232
129828.29999999981,Move,838,227
129844.5,Move,837,224
129860.20000000019,Move,835,221
129882.3999999999,Move,833,216
129897.70000000019,Move,831,214
129914.5,Move,830,213
129930.5,Move,828,212
129943.79999999981,Move,825,211
129960.6000000001,Move,822,209
129976.3999999999,Move,817,207
129998.3999999999,Move,811,205
130013.5,Move,808,205
130030.6000000001,Move,806,204
130045.79999999981,Move,805,203
130060.5,Move,803,203
130076,Move,801,203
130092.5,Move,800,203
130114,Move,797,202
130130.3999999999,Move,795,202
130146.20000000019,Move,794,202
130161.79999999981,Released,794,202
130771.79999999981,Released,748,517
131027.8999999999,Released,751,524
