resolution:1536,864
1632463.8999999985,Pressed,809,360
1632492.8000000007,Move,809,360
1632570.1999999993,Move,809,361
1632578.1000000015,Move,809,361
1632584,Move,808,362
1632600.3000000007,Move,807,365
1632616.5,Move,805,367
1632638.1000000015,Move,801,369
1632654.1000000015,Move,798,370
1632670.3999999985,Move,795,372
1632684.8999999985,Move,793,374
1632700.3999999985,Move,791,375
1632716.8000000007,Move,788,376
1632732.6000000015,Move,786,377
1632754.3000000007,Move,782,379
1632770,Move,779,379
1632785.8999999985,Move,777,380
1632801.8999999985,Move,775,381
1632816.1000000015,Move,773,381
1632832.3999999985,Move,771,382
1632847.8000000007,Move,769,382
1632870.1999999993,Move,764,383
1632886.3000000007,Move,759,383
1632901.8999999985,Move,755,383
1632918.3000000007,Move,751,384
1632932.3000000007,Move,747,384
1632948.3999999985,Move,743,384
1632972,Move,738,384
1632988.1999999993,Move,737,384
1633002.1000000015,Move,735,383
1633018.1000000015,Move,733,382
1633034,Move,729,381
1633050.1999999993,Move,727,380
1633072.5,Move,725,378
1633088.1999999993,Move,723,377
1633102,Move,721,375
1633118.1999999993,Move,719,374
1633133.8000000007,Move,717,373
1633150.1000000015,Move,716,372
1633172.1000000015,Move,714,370
1633188.6000000015,Move,713,369
1633204.1999999993,Move,712,367
1633218.1000000015,Move,711,365
1633234.1999999993,Move,709,362
1633250.3999999985,Move,708,358
1633266.1999999993,Move,706,355
1633288.1999999993,Move,704,349
1633304.3999999985,Move,703,345
1633320.3999999985,Move,701,342
1633336.1000000015,Move,700,338
1633350.1000000015,Move,699,335
1633366.1000000015,Move,697,331
1633388.1999999993,Move,695,324
1633404.1000000015,Move,693,319
1633420.3999999985,Move,692,313
1633436.1999999993,Move,690,308
1633450.3999999985,Move,689,302
1633466.1999999993,Move,689,299
1633482.6000000015,Move,689,294
1633498.5,Move,690,290
1633520.1999999993,Move,691,284
1633536.5,Move,692,281
1633552.3999999985,Move,693,279
1633568.5,Move,694,276
1633582.1000000015,Move,695,273
1633598.3000000007,Move,697,271
1633622.5,Move,699,270
1633636.1000000015,Move,700,269
1633652.3000000007,Move,701,267
1633668.6999999993,Move,703,264
1633682,Move,707,261
1633697.8999999985,Move,711,257
1633721.8000000007,Move,717,253
1633738.1999999993,Move,720,251
1633752.5,Move,725,250
1633768.5,Move,729,248
1633784.8000000007,Move,733,246
1633800.6999999993,Move,737,245
1633822.1000000015,Move,745,243
1633838.3000000007,Move,749,241
1633853.6999999993,Move,753,240
1633868.3000000007,Move,758,239
1633884.3999999985,Move,763,238
1633900.5,Move,767,237
1633916.1999999993,Move,770,237
1633938.6000000015,Move,774,238
1633954,Move,778,239
1633970.5,Move,783,240
1633986.3000000007,Move,787,241
1634000,Move,791,243
1634016.5,Move,794,245
1634038.5,Move,799,248
1634054.3000000007,Move,803,252
1634070.1000000015,Move,807,255
1634086.1000000015,Move,812,257
1634100.5,Move,815,260
1634116.3999999985,Move,817,263
1634132.1000000015,Move,819,264
1634154.3999999985,Move,821,267
1634170.3999999985,Move,823,271
1634186.1000000015,Move,825,273
1634202,Move,827,277
1634216.5,Move,829,279
1634232.5,Move,832,284
1634256,Move,835,291
1634272.3999999985,Move,836,294
1634286.1000000015,Move,837,298
1634302.1000000015,Move,839,301
1634318.6999999993,Move,839,303
1634334.1000000015,Move,841,305
1634348.3999999985,Move,841,309
1634372.1000000015,Move,842,314
1634386.1000000015,Move,843,317
1634402.3999999985,Move,843,321
1634418.5,Move,843,323
1634434.1000000015,Move,843,326
1634448.5,Move,843,328
1634472,Move,843,332
1634488,Move,843,335
1634504.3999999985,Move,842,337
1634518.3000000007,Move,841,340
1634534.1999999993,Move,841,341
1634550.3999999985,Move,840,344
1634572.1999999993,Move,839,347
1634588.1000000015,Move,837,350
1634604.3000000007,Move,836,355
1634620.3000000007,Move,835,357
1634634,Move,833,359
1634650.6000000015,Move,832,361
1634666,Move,831,363
1634688.3000000007,Move,829,365
1634704.1999999993,Move,827,367
1634720.6000000015,Move,826,368
1634734,Move,825,369
1634750.5,Move,824,370
1634766.3999999985,Move,823,371
1634782.1000000015,Move,822,372
1634804.1999999993,Move,819,374
1634820.3000000007,Move,817,375
1634836.1000000015,Move,815,375
1634852.5,Move,815,376
1634866.1999999993,Move,813,377
1634882.1000000015,Move,812,377
1634906.1000000015,Move,810,379
1634920.6000000015,Move,809,379
1634936.1000000015,Move,807,380
1634952.1000000015,Move,806,381
1634968.1000000015,Move,806,381
1634982.3999999985,Move,805,381
1634998.1000000015,Move,804,382
1635022.3999999985,Move,802,382
1635030.3999999985,Move,802,383
1635031,Released,802,383
1635595.1999999993,Released,762,536
