resolution:1536,864
27357.60000000056,Pressed,719,203
27366.10000000056,Move,727,200
27381.200000000186,Move,733,199
27398.5,Move,739,199
27413,Move,746,198
27427.10000000056,Move,753,198
27443.10000000056,Move,759,198
27467.200000000186,Move,767,201
27483.200000000186,Move,773,202
27497.400000000373,Move,778,203
27513,Move,783,205
27527.10000000056,Move,789,207
27551.400000000373,Move,798,211
27567.300000000745,Move,803,214
27585.10000000056,Move,807,218
27597.400000000373,Move,811,223
27613,Move,815,227
27629.10000000056,Move,818,232
27645.300000000745,Move,821,236
27667.300000000745,Move,823,244
27682.700000000186,Move,825,249
27699.200000000186,Move,826,254
27713.10000000056,Move,828,259
27729.200000000186,Move,829,267
27745.5,Move,831,274
27767,Move,832,282
27782.800000000745,Move,832,288
27799.10000000056,Move,832,295
27815.400000000373,Move,832,300
27829,Move,832,305
27844.800000000745,Move,831,311
27861.10000000056,Move,830,318
27883,Move,827,326
27899,Move,824,332
27915,Move,821,338
27931.300000000745,Move,817,345
27945.400000000373,Move,813,350
27961.10000000056,Move,808,356
27984.800000000745,Move,802,363
28001.10000000056,Move,797,367
28015,Move,793,372
28031.5,Move,788,377
28047.900000000373,Move,782,381
28061.400000000373,Move,777,384
28077.400000000373,Move,771,387
28101.200000000186,Move,763,390
28115.400000000373,Move,758,391
28131.300000000745,Move,749,394
28147.5,Move,739,396
28162.900000000373,Move,728,398
28177.200000000186,Move,719,399
28201.10000000056,Move,709,401
28217,Move,703,401
28231.10000000056,Move,694,401
28247.200000000186,Move,688,399
28263.200000000186,Move,683,398
28279.5,Move,677,396
28301.5,Move,671,395
28317.60000000056,Move,667,394
28332.800000000745,Move,661,393
28347.5,Move,656,392
28363.10000000056,Move,651,390
28379.300000000745,Move,645,389
28395.900000000373,Move,639,387
28417.5,Move,630,384
28433.300000000745,Move,625,382
28449.5,Move,619,379
28463.10000000056,Move,615,375
28479.5,Move,610,370
28495.400000000373,Move,605,363
28511.200000000186,Move,600,357
28532.800000000745,Move,591,345
28548.700000000186,Move,585,337
28565.10000000056,Move,578,331
28579.10000000056,Move,573,323
28598.10000000056,Move,569,318
28611.10000000056,Move,565,311
28632.900000000373,Move,562,302
28649.10000000056,Move,560,295
28665,Move,559,289
28681,Move,558,285
28695.10000000056,Move,558,280
28711.10000000056,Move,558,274
28734.800000000745,Move,558,265
28751,Move,559,259
28765,Move,561,254
28781.200000000186,Move,562,249
28797.400000000373,Move,563,245
28810.700000000186,Move,568,240
28827.800000000745,Move,572,237
28843.10000000056,Move,575,233
28865.200000000186,Move,579,231
28881.400000000373,Move,583,229
28896.800000000745,Move,587,228
28912.700000000186,Move,592,227
28926.900000000373,Move,597,224
28950.300000000745,Move,608,221
28967.10000000056,Move,618,218
28982.900000000373,Move,627,216
28996.900000000373,Move,637,215
29013,Move,643,213
29029.200000000186,Move,649,211
29043.300000000745,Move,655,210
29067.60000000056,Move,665,207
29083.60000000056,Move,670,206
29097.200000000186,Move,675,205
29113.10000000056,Move,679,205
29129.60000000056,Move,683,205
29145.60000000056,Move,689,204
29167.300000000745,Move,698,204
29183.10000000056,Move,704,204
29199.300000000745,Move,709,204
29212.800000000745,Move,711,204
29229.900000000373,Move,712,204
29245.60000000056,Move,713,204
29261.400000000373,Move,715,204
29282.800000000745,Move,718,204
29299.300000000745,Move,722,205
29315.300000000745,Move,726,207
29329.400000000373,Move,730,209
29336.5,Move,731,210
29336.900000000373,Released,731,210
29846.300000000745,Released,735,529
