resolution:1536,864
152495.30000000028,Pressed,808,229
152723.80000000028,Move,808,229
152889.2000000002,Move,808,228
152910.40000000037,Move,807,228
152925.6000000001,Move,807,227
152932.30000000028,Move,807,227
152969.40000000037,Move,807,227
152991.6000000001,Move,807,226
153005.80000000028,Move,806,226
153035.30000000028,Move,806,225
153064.90000000037,Move,806,225
153071.90000000037,Move,806,224
153093.90000000037,Move,804,222
153108.7000000002,Move,802,221
153123.80000000028,Move,801,219
153138.30000000028,Move,801,218
153160,Move,799,216
153174.90000000037,Move,798,215
153189.1000000001,Move,796,214
153204.90000000037,Move,795,213
153226.2000000002,Move,793,210
153240.7000000002,Move,792,209
153256,Move,791,209
153285.7000000002,Move,790,209
153307.2000000002,Move,789,209
153314.7000000002,Move,789,209
153321.90000000037,Move,788,208
153343.7000000002,Move,787,205
153358,Move,785,204
153372.90000000037,Move,783,203
153388.1000000001,Move,783,203
153402.80000000028,Move,783,202
153424.5,Move,782,201
153454.40000000037,Move,781,201
153469.2000000002,Move,781,201
153483.30000000028,Move,781,201
153527.80000000028,Move,780,200
153542.30000000028,Move,778,199
153549.6000000001,Move,778,198
153571.80000000028,Move,777,198
153623.30000000028,Move,777,198
153638.2000000002,Move,775,197
153660.5,Move,773,195
153675.1000000001,Move,772,195
153689.90000000037,Move,771,193
153704.30000000028,Move,769,193
153726,Move,767,192
153740.5,Move,766,192
153756.30000000028,Move,765,191
153778,Move,763,190
153792.5,Move,761,189
153799.6000000001,Move,761,189
153829.1000000001,Move,760,189
153873.40000000037,Move,759,189
153887.7000000002,Move,758,187
153910.1000000001,Move,757,187
153925.30000000028,Move,755,187
153939.40000000037,Move,754,186
153961.30000000028,Move,752,185
153976.5,Move,751,185
153990.7000000002,Move,749,185
154005.7000000002,Move,748,185
154020.30000000028,Move,747,185
154115.5,Move,747,185
154123,Move,746,185
154143.90000000037,Move,744,185
154159,Move,743,185
154173.5,Move,741,184
154188.90000000037,Move,740,184
154210,Move,737,184
154225.40000000037,Move,736,184
154239.6000000001,Move,735,184
154255.1000000001,Move,733,184
154276.80000000028,Move,731,184
154313.7000000002,Move,731,184
154335.5,Move,731,184
154393.80000000028,Move,729,184
154408.90000000037,Move,728,184
154423.7000000002,Move,726,184
154437.6000000001,Move,725,184
154459.90000000037,Move,723,184
154474.2000000002,Move,722,184
154482.1000000001,Move,722,184
154496.80000000028,Move,721,184
154578.30000000028,Move,720,184
154593.2000000002,Move,719,184
154607.7000000002,Move,718,184
154622.40000000037,Move,717,184
154644.6000000001,Move,714,184
154658.90000000037,Move,713,184
154674.1000000001,Move,712,184
154689.1000000001,Move,711,184
154710.7000000002,Move,709,184
154814,Move,708,184
154879.6000000001,Move,708,185
154894.30000000028,Move,707,185
154908.30000000028,Move,706,185
154923.7000000002,Move,705,187
154939.2000000002,Move,703,187
154960.6000000001,Move,701,189
154975.30000000028,Move,700,189
154989.30000000028,Move,699,189
155011.90000000037,Move,697,189
155078.40000000037,Move,697,189
155092.6000000001,Move,696,190
155107.5,Move,695,191
155123,Move,693,191
155143.90000000037,Move,691,193
155158.5,Move,690,193
155173.90000000037,Move,689,194
155180.7000000002,Move,688,194
155416.1000000001,Move,688,195
155423.80000000028,Move,687,195
155430.5,Move,687,195
155453.1000000001,Move,685,195
155467.5,Move,684,195
155489.40000000037,Move,684,195
155533.5,Move,684,196
155548.6000000001,Move,682,198
155570.40000000037,Move,680,200
155585.2000000002,Move,679,201
155599.40000000037,Move,676,202
155614.7000000002,Move,675,204
155636.90000000037,Move,673,205
155651,Move,672,207
155665.7000000002,Move,671,207
155680.30000000028,Move,669,207
155754.30000000028,Move,669,208
155798.1000000001,Move,669,209
155820.5,Move,667,211
155834.90000000037,Move,665,212
155849.40000000037,Move,665,213
155901.1000000001,Move,665,214
155915.30000000028,Move,663,216
155937.30000000028,Move,661,219
155952.30000000028,Move,661,220
155966.7000000002,Move,659,223
155981.5,Move,657,224
156003.5,Move,656,225
156018.6000000001,Move,655,227
156033,Move,653,228
156039.40000000037,Move,653,228
156143.2000000002,Move,653,229
156150.2000000002,Move,652,229
156165.5,Move,651,231
156179.90000000037,Move,651,232
156209,Move,651,233
156253.30000000028,Move,650,235
156267.1000000001,Move,649,236
156281.7000000002,Move,647,237
156304.30000000028,Move,646,239
156319,Move,646,240
156333,Move,646,241
156348.40000000037,Move,646,243
156363.40000000037,Move,645,245
156385.7000000002,Move,645,246
156400.30000000028,Move,645,247
156415.2000000002,Move,644,249
156436.80000000028,Move,643,251
156452.1000000001,Move,642,252
156466.6000000001,Move,641,253
156482.1000000001,Move,641,255
156503.2000000002,Move,641,257
156517.80000000028,Move,641,258
156532.5,Move,641,259
156547.2000000002,Move,641,261
156569.5,Move,641,262
156576.2000000002,Move,641,262
156613.30000000028,Move,641,263
156620.2000000002,Move,641,263
156635.6000000001,Move,641,265
156650.30000000028,Move,641,267
156665.5,Move,641,267
156672.1000000001,Move,641,268
156701.7000000002,Move,641,269
156753.6000000001,Move,641,271
156767.40000000037,Move,641,273
156782.90000000037,Move,641,274
156796.80000000028,Move,641,275
156819.2000000002,Move,641,277
156840.7000000002,Move,641,278
156863.2000000002,Move,641,279
156885.5,Move,641,279
156899.7000000002,Move,641,280
156936.7000000002,Move,641,281
156951.40000000037,Move,641,281
156965.7000000002,Move,641,283
156980.7000000002,Move,641,284
157002.5,Move,641,285
157017.30000000028,Move,641,287
157031.40000000037,Move,643,288
157046.90000000037,Move,643,289
157068.5,Move,644,291
157083.40000000037,Move,645,293
157099.2000000002,Move,645,293
157120.6000000001,Move,645,296
157134.5,Move,646,297
157141.90000000037,Move,646,298
157171.1000000001,Move,647,299
157186.6000000001,Move,647,301
157200.80000000028,Move,649,302
157215.40000000037,Move,650,303
157237.1000000001,Move,651,304
157251.90000000037,Move,652,305
157266,Move,653,305
157281.90000000037,Move,654,307
157304,Move,655,308
157318.7000000002,Move,656,309
157333.80000000028,Move,657,310
157348.1000000001,Move,657,311
157370.40000000037,Move,659,313
157384.5,Move,660,314
157398.7000000002,Move,661,315
157413.80000000028,Move,661,315
157436.2000000002,Move,663,317
157450.80000000028,Move,663,319
157465.5,Move,665,320
157487.1000000001,Move,667,322
157502.30000000028,Move,668,323
157517.40000000037,Move,669,325
157531.7000000002,Move,670,325
157553.40000000037,Move,672,327
157560.5,Move,673,327
157583.2000000002,Move,673,327
157590.2000000002,Move,673,328
157619.7000000002,Move,675,330
157634.40000000037,Move,676,331
157649.2000000002,Move,678,331
157663.90000000037,Move,679,333
157686.2000000002,Move,680,333
157700.40000000037,Move,681,334
157707.90000000037,Move,682,335
157737,Move,683,336
157751.80000000028,Move,685,337
157759,Move,685,337
157781.80000000028,Move,686,338
157803.30000000028,Move,687,339
157818,Move,688,340
157832.7000000002,Move,689,341
157840,Move,690,341
157862.2000000002,Move,691,343
157884.40000000037,Move,692,343
157898.80000000028,Move,693,344
157920.6000000001,Move,694,345
157928.1000000001,Move,695,345
157950.40000000037,Move,696,346
157965.5,Move,697,348
157987.2000000002,Move,699,349
157994.2000000002,Move,699,349
158016.6000000001,Move,701,349
158023.30000000028,Move,701,349
158053.30000000028,Move,703,351
158068,Move,704,351
158082.6000000001,Move,704,352
158089.80000000028,Move,705,352
158112.2000000002,Move,705,352
158134,Move,707,354
158185.6000000001,Move,707,354
158192.80000000028,Move,708,354
158214.90000000037,Move,708,354
158229.5,Move,709,354
158244.2000000002,Move,710,354
158265.80000000028,Move,711,354
158287.40000000037,Move,713,355
158295.30000000028,Move,713,355
158316.6000000001,Move,715,355
158324.30000000028,Move,715,355
158339.1000000001,Move,716,355
158368.1000000001,Move,717,355
158390.7000000002,Move,718,355
158397.80000000028,Move,719,355
158412.5,Move,719,355
158427.2000000002,Move,720,355
158449.6000000001,Move,721,356
158471.7000000002,Move,721,356
158493.5,Move,722,356
158500.80000000028,Move,723,357
158507.90000000037,Move,724,357
158537.7000000002,Move,725,357
158559.30000000028,Move,726,357
158566.6000000001,Move,726,357
158573.90000000037,Move,727,357
158604.2000000002,Move,729,357
158618,Move,730,357
158625.6000000001,Move,730,357
158648.1000000001,Move,731,357
158662.5,Move,733,357
158684.7000000002,Move,734,357
158691.80000000028,Move,734,357
158713.90000000037,Move,736,357
158735.40000000037,Move,737,357
158750.7000000002,Move,738,357
158772.6000000001,Move,738,357
158779.80000000028,Move,739,357
158801.90000000037,Move,739,357
158809.40000000037,Move,740,357
158823.80000000028,Move,741,357
158853.6000000001,Move,742,357
158875.90000000037,Move,743,357
158882.6000000001,Move,743,357
158905,Move,744,357
158912.2000000002,Move,745,357
158926.80000000028,Move,745,357
158956.30000000028,Move,746,357
158971.30000000028,Move,747,357
158978.1000000001,Move,747,357
159014.80000000028,Move,748,357
159029.90000000037,Move,749,357
159066.90000000037,Move,750,357
159073.7000000002,Move,750,356
159103.7000000002,Move,751,356
159118.6000000001,Move,751,355
159140.40000000037,Move,753,355
159147.40000000037,Move,753,355
159169.1000000001,Move,754,355
159183.90000000037,Move,755,354
159191.30000000028,Move,755,353
159220.80000000028,Move,756,352
159227.6000000001,Move,757,352
159250.30000000028,Move,757,351
159256.90000000037,Move,759,351
159279.6000000001,Move,760,350
159301.6000000001,Move,761,349
159315.80000000028,Move,762,348
159331.5,Move,763,347
159345.80000000028,Move,764,346
159367.80000000028,Move,765,345
159382.80000000028,Move,766,345
159397.40000000037,Move,767,343
159404.90000000037,Move,768,343
159433.80000000028,Move,769,341
159448.80000000028,Move,770,341
159471.2000000002,Move,771,339
159485.2000000002,Move,772,338
159492.1000000001,Move,773,338
159515.7000000002,Move,774,337
159529.7000000002,Move,774,335
159551.90000000037,Move,774,334
159559,Move,775,334
159581.6000000001,Move,777,333
159603.7000000002,Move,777,331
159610.40000000037,Move,778,329
159625,Move,778,329
159654.7000000002,Move,779,327
159669.2000000002,Move,779,327
159684.40000000037,Move,779,325
159698.80000000028,Move,780,324
159720.5,Move,782,322
159735.5,Move,782,321
159742.6000000001,Move,782,320
159765.30000000028,Move,783,319
159786.5,Move,784,317
159801.40000000037,Move,785,315
159816.7000000002,Move,785,315
159830.5,Move,785,313
159853,Move,786,311
159867.1000000001,Move,787,310
159882.2000000002,Move,788,310
159904.5,Move,789,308
159919,Move,790,306
159933.40000000037,Move,790,305
159947.6000000001,Move,790,305
159969.90000000037,Move,791,303
159984.80000000028,Move,792,302
159999.5,Move,794,300
160014.30000000028,Move,795,299
160035.6000000001,Move,797,296
160050.6000000001,Move,797,294
160065.30000000028,Move,798,293
160087.30000000028,Move,800,291
160102.1000000001,Move,800,290
160116.80000000028,Move,801,288
160132.1000000001,Move,803,285
160152.90000000037,Move,803,282
160168.2000000002,Move,804,280
160182.90000000037,Move,804,279
160197.6000000001,Move,805,277
160219.40000000037,Move,805,275
160233.7000000002,Move,805,274
160248.6000000001,Move,806,273
160270.90000000037,Move,807,269
160285.2000000002,Move,807,267
160300,Move,807,266
160315.2000000002,Move,807,264
160336.90000000037,Move,808,261
160350.90000000037,Move,808,260
160367.40000000037,Move,808,259
160381.40000000037,Move,808,257
160403.7000000002,Move,808,256
160418.5,Move,809,254
160433.30000000028,Move,809,252
160447.80000000028,Move,809,251
160469.90000000037,Move,809,248
160485.2000000002,Move,809,246
160499.30000000028,Move,809,244
160514.1000000001,Move,809,243
160536.1000000001,Move,810,240
160550.7000000002,Move,810,239
160565.5,Move,810,237
160587.90000000037,Move,810,234
160602.1000000001,Move,810,233
160624.7000000002,Move,810,233
160674.40000000037,Released,810,233
161528.1000000001,Released,760,522
