resolution:1536,864
146079.2999999998,Pressed,854,341
146154.3999999999,Move,854,341
146162.5,Move,854,342
146178,Move,855,343
146200.1000000001,Move,855,349
146216.1000000001,Move,855,353
146231.7000000002,Move,854,356
146245.7999999998,Move,853,361
146261.7999999998,Move,851,365
146277.7000000002,Move,850,369
146293.5,Move,849,372
146316.2000000002,Move,847,375
146332,Move,845,377
146348.2000000002,Move,844,379
146363.6000000001,Move,843,380
146378.2999999998,Move,842,382
146393.7000000002,Move,841,383
146410.2000000002,Move,839,384
146431.7000000002,Move,837,386
146447.5,Move,835,387
146464,Move,833,389
146479.7999999998,Move,830,390
146494.5,Move,827,391
146510.1000000001,Move,823,393
146532,Move,818,395
146547.7000000002,Move,815,396
146563.7000000002,Move,811,397
146579.6000000001,Move,807,399
146594.2000000002,Move,802,400
146610,Move,798,402
146625.7999999998,Move,793,403
146650.2000000002,Move,786,405
146663.6000000001,Move,780,406
146679.6000000001,Move,775,406
146695.7000000002,Move,771,406
146711.7999999998,Move,766,406
146733.6000000001,Move,760,404
146749.8999999999,Move,755,403
146764,Move,751,403
146779.7000000002,Move,747,402
146795.5,Move,741,402
146811.5,Move,737,402
146825.5,Move,733,402
146849.6000000001,Move,727,402
146865.8999999999,Move,724,402
146881.7000000002,Move,721,401
146895.5,Move,716,399
146911.3999999999,Move,712,398
146927.7999999998,Move,707,395
146950.1000000001,Move,701,390
146965.7000000002,Move,696,387
146981.8999999999,Move,691,384
146998.3999999999,Move,688,381
147011.5,Move,686,379
147027.6000000001,Move,683,376
147043.8999999999,Move,681,372
147066.2999999998,Move,675,366
147081.3999999999,Move,673,363
147097.6000000001,Move,670,359
147111.7999999998,Move,668,355
147127.8999999999,Move,666,351
147144,Move,665,347
147159.7999999998,Move,662,343
147182.2000000002,Move,659,335
147197.7000000002,Move,658,332
147213.7999999998,Move,657,327
147229.6000000001,Move,655,323
147243.6000000001,Move,653,319
147260.3999999999,Move,652,314
147283.7000000002,Move,652,309
147297.7999999998,Move,652,306
147313.7000000002,Move,652,302
147329.8999999999,Move,653,299
147343.7999999998,Move,654,295
147360.2000000002,Move,655,291
147383.8999999999,Move,657,285
147399.8999999999,Move,658,279
147413.6000000001,Move,660,274
147429.7999999998,Move,662,269
147445.3999999999,Move,663,263
147462.1000000001,Move,665,258
147476.2000000002,Move,668,253
147500,Move,672,246
147516.2000000002,Move,673,242
147529.5,Move,675,237
147545.5,Move,677,234
147561.8999999999,Move,679,231
147584,Move,682,227
147600.2999999998,Move,685,224
147615.8999999999,Move,687,221
147631.3999999999,Move,692,218
147645.3999999999,Move,695,217
147661.7000000002,Move,697,215
147677.7000000002,Move,700,213
147700.1000000001,Move,705,211
147716.3999999999,Move,708,210
147732.1000000001,Move,711,209
147747.7000000002,Move,715,207
147761.6000000001,Move,719,206
147778,Move,723,204
147794.1000000001,Move,727,203
147809.7999999998,Move,733,202
147831.5,Move,743,201
147848.2000000002,Move,749,200
147864.2000000002,Move,755,199
147877.8999999999,Move,760,199
147893.8999999999,Move,764,199
147909.8999999999,Move,768,199
147931.7999999998,Move,773,199
147947.8999999999,Move,776,199
147964.2999999998,Move,778,200
147980.1000000001,Move,782,201
147994.1000000001,Move,786,202
148009.8999999999,Move,790,203
148033.7999999998,Move,798,206
148047.6000000001,Move,805,209
148063.8999999999,Move,812,212
148079.8999999999,Move,819,215
148095.7000000002,Move,823,216
148109.5,Move,827,218
148126.7999999998,Move,829,219
148151,Move,836,221
148164.2000000002,Move,841,223
148180.7000000002,Move,849,227
148196.7999999998,Move,856,231
148212.7999999998,Move,859,233
148226.6000000001,Move,861,236
148242.7000000002,Move,863,238
148266.8999999999,Move,865,243
148281.2999999998,Move,866,246
148297,Move,868,249
148313,Move,869,252
148328.8999999999,Move,870,255
148343,Move,870,257
148367,Move,873,262
148382.8999999999,Move,873,266
148398.5,Move,874,269
148412.7000000002,Move,873,274
148428.7999999998,Move,872,277
148450.5,Move,871,284
148467,Move,871,287
148482.7999999998,Move,871,291
148498.8999999999,Move,870,294
148512.5,Move,869,296
148528.7999999998,Move,869,299
148544.7999999998,Move,868,303
148566.7000000002,Move,867,309
148583.1000000001,Move,866,315
148598.6000000001,Move,865,320
148614.7000000002,Move,864,325
148628.7000000002,Move,863,331
148644.2999999998,Move,862,336
148661.2000000002,Move,861,340
148676.6000000001,Move,860,343
148697.7000000002,Move,859,345
148714.5,Move,857,346
148729.7999999998,Move,857,347
148744.2000000002,Move,856,349
148760.2000000002,Move,856,350
148783.6000000001,Move,854,353
148797.8999999999,Move,852,357
148798.6000000001,Released,852,357
149355.8999999999,Released,763,530
