resolution:1536,864
9399194.2,Pressed,429,199
9399197.7,Move,418,205
9399204.399999999,Move,409,210
9399212,Move,399,216
9399220.2,Move,391,221
9399228.099999998,Move,385,225
9399235.899999999,Move,379,230
9399244.599999998,Move,373,237
9399252.3,Move,366,243
9399260,Move,362,249
9399266.3,Move,360,252
9399273.899999999,Move,359,257
9399282.2,Move,359,262
9399290.2,Move,359,267
9399298,Move,361,271
9399306,Move,365,277
9399314.2,Move,369,283
9399322,Move,373,288
9399327.8,Move,379,292
9399335.899999999,Move,387,295
9399344,Move,398,298
9399352,Move,409,300
9399360.3,Move,420,300
9399368.399999999,Move,429,300
9399376.099999998,Move,437,299
9399384.2,Move,447,294
9399390.2,Move,457,288
9399398,Move,465,280
9399407.8,Move,471,274
9399414.099999998,Move,475,267
9399419.599999998,Move,475,267
9399421.8,Move,479,258
9399429.8,Move,482,249
9399435.899999999,Move,487,237
9399443.899999999,Move,490,229
9399452.099999998,Move,492,219
9399460,Move,493,211
9399467.8,Move,493,203
9399476.2,Move,492,195
9399483.899999999,Move,489,187
9399492.599999998,Move,485,182
9399497.899999999,Move,479,177
9399506.3,Move,471,174
9399514,Move,463,172
9399522.3,Move,454,171
9399529.899999999,Move,446,170
9399538,Move,437,170
9399546.7,Move,429,171
9399546.899999999,Released,429,171
9400126.2,Released,459,527
