resolution:1536,864
10246.700000000186,Pressed,762,191
10331.5,Move,758,191
10338.200000000186,Move,748,189
10352.400000000373,Move,727,189
10367.80000000028,Move,709,191
10389.5,Move,685,197
10404.600000000093,Move,669,205
10419.30000000028,Move,658,214
10433.5,Move,647,224
10455.5,Move,629,243
10471.100000000093,Move,621,257
10485.30000000028,Move,612,279
10499.900000000373,Move,605,301
10522.200000000186,Move,601,333
10536.100000000093,Move,601,352
10551.400000000373,Move,601,365
10573.5,Move,607,386
10588,Move,614,401
10602.5,Move,621,409
10617.100000000093,Move,631,415
10639.200000000186,Move,666,421
10653.900000000373,Move,687,421
10668.80000000028,Move,709,419
10683.400000000373,Move,725,416
10706.30000000028,Move,751,407
10720.400000000373,Move,767,398
10734.900000000373,Move,778,390
10750.600000000093,Move,787,384
10771.400000000373,Move,797,372
10786.100000000093,Move,805,362
10800.80000000028,Move,815,350
10823.400000000373,Move,826,327
10837.700000000186,Move,831,316
10852.200000000186,Move,836,303
10867.400000000373,Move,838,290
10889.400000000373,Move,840,274
10904.200000000186,Move,841,260
10919.200000000186,Move,841,248
10933.5,Move,839,237
10955.600000000093,Move,836,227
10969.900000000373,Move,832,221
10985,Move,827,214
11006.80000000028,Move,819,206
11021.600000000093,Move,813,201
11036,Move,807,198
11051.200000000186,Move,799,194
11073.200000000186,Move,787,189
11087.100000000093,Move,779,188
11102.100000000093,Move,769,188
11124.100000000093,Move,741,191
11139.100000000093,Move,731,191
11146.400000000373,Move,727,191
11153.80000000028,Released,727,191
11955.400000000373,Released,740,521
