resolution:1536,864
76343.20000000019,Pressed,833,325
76412,Move,833,325
76420,Move,832,327
76434.20000000019,Move,830,331
76450.3999999999,Move,827,335
76466.3999999999,Move,823,340
76482.1000000001,Move,817,345
76495.79999999981,Move,811,349
76512.3999999999,Move,807,351
76534,Move,802,354
76550.3999999999,Move,798,357
76566.6000000001,Move,792,360
76581.8999999999,Move,787,363
76596,Move,780,367
76612.6000000001,Move,775,369
76629,Move,771,371
76644.6000000001,Move,764,372
76666.3999999999,Move,755,375
76682.70000000019,Move,746,377
76699,Move,739,379
76714.79999999981,Move,732,381
76729.1000000001,Move,728,382
76744.8999999999,Move,725,383
76760.79999999981,Move,720,383
76782.70000000019,Move,717,383
76798.8999999999,Move,713,382
76814.70000000019,Move,709,381
76828.79999999981,Move,706,380
76844.79999999981,Move,701,379
76860.79999999981,Move,697,377
76883.1000000001,Move,689,374
76898.6000000001,Move,682,372
76914.6000000001,Move,678,368
76930.6000000001,Move,673,364
76944.3999999999,Move,670,361
76960.79999999981,Move,668,356
76984.6000000001,Move,664,349
77000.5,Move,662,344
77014.70000000019,Move,658,337
77030.79999999981,Move,655,331
77046.70000000019,Move,654,326
77062.29999999981,Move,652,322
77084.5,Move,650,315
77100.8999999999,Move,649,311
77114.3999999999,Move,648,306
77130.6000000001,Move,647,300
77147,Move,646,293
77162.79999999981,Move,646,287
77177,Move,646,281
77200.3999999999,Move,648,271
77216.6000000001,Move,650,265
77232.70000000019,Move,654,257
77246.79999999981,Move,657,251
77263,Move,661,245
77278.8999999999,Move,665,239
77301.29999999981,Move,669,230
77316.6000000001,Move,672,224
77332.79999999981,Move,675,219
77348.70000000019,Move,680,213
77362.79999999981,Move,685,209
77379,Move,690,203
77395,Move,696,199
77416.70000000019,Move,703,196
77432.79999999981,Move,707,194
77447.8999999999,Move,712,193
77464.29999999981,Move,719,191
77479,Move,725,190
77494.3999999999,Move,731,189
77510,Move,737,189
77532.20000000019,Move,750,191
77548.29999999981,Move,761,192
77564.20000000019,Move,768,193
77579.70000000019,Move,773,194
77594.1000000001,Move,777,195
77610.3999999999,Move,782,196
77634.5,Move,789,198
77648.6000000001,Move,794,200
77664.29999999981,Move,798,202
77680.1000000001,Move,803,203
77694.20000000019,Move,807,205
77710.5,Move,811,208
77734.29999999981,Move,818,211
77750.6000000001,Move,823,215
77763.8999999999,Move,827,218
77780.5,Move,831,223
77796,Move,835,227
77817.6000000001,Move,839,234
77833.6000000001,Move,841,238
77849.79999999981,Move,842,241
77866.1000000001,Move,843,244
77880.20000000019,Move,845,247
77896.1000000001,Move,846,249
77912.1000000001,Move,847,252
77934.5,Move,847,258
77950.3999999999,Move,848,262
77965.6000000001,Move,848,266
77981.70000000019,Move,848,271
77996.20000000019,Move,847,275
78012.6000000001,Move,846,279
78028.3999999999,Move,845,283
78050.5,Move,843,287
78066.29999999981,Move,842,289
78082.29999999981,Move,841,291
78097.79999999981,Move,839,294
78112.1000000001,Move,838,297
78128.8999999999,Move,837,300
78144,Move,835,303
78159.6000000001,Move,834,305
78181.70000000019,Move,832,308
78198.70000000019,Move,831,309
78214.20000000019,Move,830,311
78228.70000000019,Move,829,311
78244.1000000001,Move,829,313
78260.20000000019,Move,828,313
78282.29999999981,Move,827,314
78306.70000000019,Move,827,314
78313.79999999981,Move,826,315
78330.29999999981,Move,825,316
78336.29999999981,Move,825,318
78336.79999999981,Released,825,318
78979.8999999999,Released,747,537
