resolution:1536,864
622325.7999999998,Pressed,685,360
622328.6999999997,Move,683,360
622344.2999999998,Move,681,359
622360.3999999999,Move,680,359
622376,Move,677,359
622398.2999999998,Move,671,359
622414.2999999998,Move,666,359
622430.1000000001,Move,661,361
622444,Move,657,361
622460.3999999999,Move,653,363
622476,Move,649,364
622498.1000000001,Move,646,365
622514.5,Move,645,366
622530.1999999997,Move,644,367
622540.3999999999,Move,643,367
622560.1999999997,Move,641,369
622575.8999999999,Move,641,370
622592.1000000001,Move,639,371
622616.1000000001,Move,637,374
622630.1999999997,Move,636,377
622646.5,Move,635,381
622662.6999999997,Move,633,384
622675.7999999998,Move,633,386
622691.8999999999,Move,632,389
622716.2999999998,Move,632,393
622729.8999999999,Move,632,394
622746.1999999997,Move,632,395
622762,Move,633,397
622778.2999999998,Move,634,399
622792.1999999997,Move,635,401
622815.7999999998,Move,637,403
622831.7999999998,Move,639,405
622845.8999999999,Move,641,407
622862.1999999997,Move,644,408
622878.1999999997,Move,647,410
622894.1000000001,Move,651,411
622916,Move,657,414
622932.2999999998,Move,661,414
622948.2999999998,Move,665,414
622961.8999999999,Move,670,414
622978.2999999998,Move,674,413
622994.1999999997,Move,679,413
623015.8999999999,Move,685,411
623031.8999999999,Move,689,410
623048.1999999997,Move,691,410
623063.8999999999,Move,692,409
623078.3999999999,Move,693,409
623094,Move,695,408
623110.1000000001,Move,696,407
623126.3999999999,Move,697,406
623148.1000000001,Move,699,402
623163.7999999998,Move,700,398
623180.1000000001,Move,701,395
623196.2999999998,Move,703,392
623210.1000000001,Move,704,389
623226.3999999999,Move,704,387
623248.2999999998,Move,705,382
623264.3999999999,Move,705,378
623280.1000000001,Move,705,376
623296.1999999997,Move,705,372
623310.3999999999,Move,705,369
623326.1999999997,Move,705,367
623342.3999999999,Move,704,366
623364.1999999997,Move,703,364
623380.1000000001,Move,702,363
623396.1000000001,Move,701,362
623412.1999999997,Move,700,361
623426.1000000001,Move,696,361
623442.1999999997,Move,691,360
623465.7999999998,Move,682,361
623482,Move,677,362
623496.1999999997,Move,675,363
623504,Move,674,363
623520,Move,674,363
623528,Released,674,363
624146.3999999999,Released,740,525
