resolution:1536,864
208071.80000000028,Pressed,638,278
208252.80000000028,Move,637,280
208259.80000000028,Move,637,282
208274.2000000002,Move,635,287
208289.30000000028,Move,634,290
208304,Move,633,293
208325.7000000002,Move,631,295
208340.6000000001,Move,631,296
208355.30000000028,Move,631,299
208369.6000000001,Move,631,302
208391.90000000037,Move,631,307
208406.80000000028,Move,631,309
208421.1000000001,Move,631,313
208436.2000000002,Move,631,315
208458.5,Move,631,319
208473.40000000037,Move,629,323
208487.1000000001,Move,629,326
208501.90000000037,Move,629,329
208524.30000000028,Move,629,333
208539.40000000037,Move,629,336
208553.40000000037,Move,629,339
208575.30000000028,Move,629,343
208590.1000000001,Move,629,347
208605,Move,629,349
208619.80000000028,Move,629,353
208642,Move,629,357
208656.6000000001,Move,629,360
208670.6000000001,Move,629,362
208685.7000000002,Move,629,363
208707.5,Move,629,367
208722.30000000028,Move,629,369
208737.2000000002,Move,630,372
208752.1000000001,Move,632,375
208774.2000000002,Move,634,378
208788.1000000001,Move,635,381
208803.40000000037,Move,637,384
208825.5,Move,640,387
208839.80000000028,Move,641,389
208854.5,Move,644,392
208869.1000000001,Move,645,393
208891.7000000002,Move,649,397
208906.30000000028,Move,651,401
208920.90000000037,Move,653,403
208935.30000000028,Move,655,407
208957.2000000002,Move,659,411
208971.90000000037,Move,661,415
208987.2000000002,Move,665,418
209009.1000000001,Move,669,423
209023.7000000002,Move,673,426
209038,Move,675,429
209052.90000000037,Move,678,430
209075.30000000028,Move,683,432
209089.40000000037,Move,686,435
209104,Move,689,436
209119.2000000002,Move,692,438
209141.2000000002,Move,697,440
209155.30000000028,Move,703,442
209170.5,Move,708,444
209185.90000000037,Move,713,444
209207.6000000001,Move,719,447
209221.7000000002,Move,723,447
209236.6000000001,Move,726,449
209259.2000000002,Move,733,451
209273,Move,738,451
209287.80000000028,Move,742,452
209303.1000000001,Move,747,453
209325,Move,753,453
209339.6000000001,Move,756,454
209354.2000000002,Move,760,455
209368.5,Move,763,455
209391.2000000002,Move,771,456
209405.6000000001,Move,777,456
209421.1000000001,Move,782,456
209436.2000000002,Move,786,456
209458,Move,792,456
209471.90000000037,Move,797,456
209486.7000000002,Move,801,454
209501.5,Move,806,453
209524.5,Move,813,451
209538.90000000037,Move,817,450
209553.90000000037,Move,820,448
209575.7000000002,Move,825,446
209589.90000000037,Move,827,444
209606.30000000028,Move,831,443
209619.7000000002,Move,834,441
209642,Move,838,439
209656,Move,840,437
209670.90000000037,Move,843,433
209685.7000000002,Move,846,431
209707.80000000028,Move,851,427
209722.90000000037,Move,853,425
209736.90000000037,Move,855,423
209751.80000000028,Move,857,420
209773.90000000037,Move,859,417
209788.5,Move,861,415
209802.90000000037,Move,862,411
209826,Move,863,409
209840,Move,866,406
209854.7000000002,Move,867,404
209870,Move,867,402
209891.90000000037,Move,870,397
209906.30000000028,Move,870,395
209920.7000000002,Move,872,392
209935.7000000002,Move,873,390
209957.7000000002,Move,874,387
209972,Move,874,385
209986.90000000037,Move,874,384
210008.90000000037,Move,876,379
210023.6000000001,Move,877,376
210038.80000000028,Move,878,374
210053.40000000037,Move,880,371
210074.40000000037,Move,880,369
210089.2000000002,Move,880,367
210104,Move,880,365
210119.30000000028,Move,881,364
210140.7000000002,Move,881,361
210155.30000000028,Move,882,358
210169.90000000037,Move,883,355
210192.2000000002,Move,883,352
210206.6000000001,Move,883,351
210221.40000000037,Move,884,348
210236.30000000028,Move,884,347
210258.2000000002,Move,885,343
210272.80000000028,Move,885,339
210288.1000000001,Move,885,335
210302.30000000028,Move,885,333
210325.6000000001,Move,885,330
210339.7000000002,Move,885,329
210354.2000000002,Move,885,326
210368.6000000001,Move,885,325
210391.1000000001,Move,885,321
210405.6000000001,Move,885,320
210420.40000000037,Move,885,319
210442.5,Move,885,317
210457.30000000028,Move,885,316
210471.6000000001,Move,885,315
210486.40000000037,Move,885,313
210508.6000000001,Move,885,311
210523,Move,885,309
210538.2000000002,Move,885,307
210552.40000000037,Move,885,305
210574.90000000037,Move,884,300
210589.40000000037,Move,883,296
210604.30000000028,Move,883,293
210618.7000000002,Move,882,291
210640.6000000001,Move,881,287
210654.2000000002,Move,881,287
210669.90000000037,Move,881,285
210691.90000000037,Move,879,280
210705.5,Move,877,275
210720.30000000028,Move,875,270
210735.40000000037,Move,873,265
210757.90000000037,Move,871,259
210771.80000000028,Move,869,255
210787.30000000028,Move,868,252
210808.5,Move,866,245
210823.6000000001,Move,865,241
210837.90000000037,Move,863,237
210852.5,Move,861,234
210874.80000000028,Move,860,231
210890.5,Move,860,229
210912.2000000002,Move,859,229
210927.1000000001,Move,859,228
210942,Move,858,226
210956.80000000028,Move,856,225
210971.80000000028,Move,855,223
210986.2000000002,Move,853,220
211008.1000000001,Move,849,215
211022.80000000028,Move,845,212
211037.1000000001,Move,842,207
211059,Move,837,203
211074.30000000028,Move,836,199
211088.6000000001,Move,833,197
211103.5,Move,831,195
211125.5,Move,826,191
211140.80000000028,Move,823,190
211155.30000000028,Move,820,187
211169.7000000002,Move,819,186
211191.2000000002,Move,815,185
211206.40000000037,Move,814,184
211220.80000000028,Move,813,183
211235.80000000028,Move,811,183
211257.2000000002,Move,810,183
211272.6000000001,Move,807,181
211287.40000000037,Move,805,180
211308.5,Move,800,178
211323.6000000001,Move,798,177
211338.80000000028,Move,793,174
211353.90000000037,Move,789,173
211375,Move,779,171
211390.30000000028,Move,775,169
211404.80000000028,Move,771,169
211419.5,Move,769,169
211441.5,Move,767,169
211456.40000000037,Move,765,169
211470.6000000001,Move,764,169
211492.5,Move,763,169
211507.40000000037,Move,761,169
211522.1000000001,Move,759,169
211536.90000000037,Move,755,169
211558.30000000028,Move,748,170
211573.7000000002,Move,744,171
211587.7000000002,Move,741,171
211603.40000000037,Move,738,173
211624.7000000002,Move,733,176
211639.30000000028,Move,728,177
211654.6000000001,Move,724,179
211668.7000000002,Move,721,180
211690.90000000037,Move,717,182
211706.1000000001,Move,716,182
211720.7000000002,Move,715,183
211742.1000000001,Move,711,185
211757.30000000028,Move,710,186
211771.40000000037,Move,709,187
211786.5,Move,705,189
211808.5,Move,701,191
211823.5,Move,697,193
211838.30000000028,Move,695,195
211852.40000000037,Move,691,198
211874.80000000028,Move,687,203
211889,Move,685,205
211904.40000000037,Move,683,206
211925.80000000028,Move,682,207
211941,Move,681,209
211955,Move,677,211
211970.40000000037,Move,674,217
211991.7000000002,Move,669,226
212007,Move,665,230
212021.80000000028,Move,662,234
212036.1000000001,Move,659,237
212057.2000000002,Move,654,243
212072.40000000037,Move,651,246
212087.40000000037,Move,647,251
212108.80000000028,Move,642,259
212124.2000000002,Move,640,264
212138.40000000037,Move,639,269
212153.40000000037,Move,637,273
212175.5,Move,634,278
212190.40000000037,Move,633,281
212205.40000000037,Move,631,285
212220.5,Move,630,289
212242,Move,627,297
212256.7000000002,Move,625,302
212270.30000000028,Move,624,305
212292,Move,624,307
212307.2000000002,Move,624,308
212328.2000000002,Released,624,308
213291.6000000001,Released,750,533
