resolution:1536,864
205263.2000000002,Pressed,727,300
205266.7999999998,Move,725,299
205289.5,Move,719,297
205305.8999999999,Move,715,295
205321.8999999999,Move,713,295
205335.7999999998,Move,710,294
205352,Move,706,294
205368.1000000001,Move,703,294
205384,Move,702,294
205405.7000000002,Move,700,295
205421.7000000002,Move,699,295
205437.7000000002,Move,697,296
205451.8999999999,Move,694,297
205467.8999999999,Move,690,298
205483.5,Move,686,300
205499.7000000002,Move,683,301
205521.8999999999,Move,681,303
205538,Move,679,305
205554.1000000001,Move,677,308
205568,Move,674,313
205584,Move,671,317
205599.8999999999,Move,668,323
205622,Move,665,330
205638,Move,663,335
205653.7999999998,Move,662,338
205669.5,Move,661,342
205683.7000000002,Move,659,345
205700.2000000002,Move,658,348
205716.2000000002,Move,657,351
205737.5,Move,657,356
205754,Move,656,359
205769.5,Move,655,365
205785.5,Move,655,369
205800.1000000001,Move,656,373
205816.3999999999,Move,658,378
205831.7000000002,Move,659,382
205853.5,Move,661,387
205870.3999999999,Move,663,389
205886.2999999998,Move,664,390
205901.6000000001,Move,665,392
205915.7999999998,Move,667,395
205931.3999999999,Move,669,397
205956,Move,672,399
205969.7000000002,Move,677,401
205986.1000000001,Move,679,403
206001.5,Move,682,405
206017.6000000001,Move,684,406
206031.5,Move,687,407
206056.2000000002,Move,690,409
206072,Move,693,411
206086,Move,698,411
206101.5,Move,702,412
206117.3999999999,Move,708,412
206139.5,Move,717,414
206155.7999999998,Move,722,414
206171.7999999998,Move,727,414
206187.7000000002,Move,731,414
206201.6000000001,Move,735,414
206217.5,Move,738,415
206233.8999999999,Move,741,414
206256.1000000001,Move,743,414
206271.6000000001,Move,745,414
206287.5,Move,747,414
206303.6000000001,Move,750,412
206317.5,Move,752,411
206333.6000000001,Move,757,407
206349.8999999999,Move,761,403
206371.7000000002,Move,767,397
206388,Move,769,394
206403.7000000002,Move,770,390
206420.1000000001,Move,771,387
206433.5,Move,773,383
206449.3999999999,Move,773,380
206466.1000000001,Move,774,375
206487.7000000002,Move,775,371
206504,Move,776,366
206519.2999999998,Move,777,363
206535.3999999999,Move,777,360
206549.3999999999,Move,777,357
206566,Move,777,354
206582.1000000001,Move,777,350
206605.5,Move,776,343
206619.2999999998,Move,776,341
206635.6000000001,Move,774,336
206651.6000000001,Move,773,334
206667.7000000002,Move,772,332
206681.6000000001,Move,771,331
206705.5,Move,769,329
206720.2000000002,Move,768,328
206735.7000000002,Move,766,327
206751.7999999998,Move,764,325
206767.6000000001,Move,761,324
206781.3999999999,Move,756,323
206805.6000000001,Move,750,320
206821.3999999999,Move,746,319
206836,Move,743,317
206851.7000000002,Move,739,315
206867.6000000001,Move,736,313
206884.2000000002,Move,733,312
206906.2999999998,Move,729,311
206921.7000000002,Move,727,309
206937.7000000002,Move,726,309
206945.6000000001,Move,725,309
206959.8999999999,Move,725,309
207021.6000000001,Move,723,309
207029.3999999999,Move,723,308
207045.7999999998,Move,723,308
207069.8999999999,Released,723,308
207579.8999999999,Released,758,526
