resolution:1536,864
18311.199999999255,Pressed,766,257
18314.800000000745,Move,765,258
18329.300000000745,Move,762,259
18345.099999999627,Move,757,259
18361.599999999627,Move,753,260
18383.300000000745,Move,745,262
18399.800000000745,Move,739,265
18415.400000000373,Move,731,271
18431.199999999255,Move,724,276
18445.699999999255,Move,715,283
18462,Move,711,290
18477.800000000745,Move,709,297
18493.599999999627,Move,708,307
18515.900000000373,Move,708,321
18532.300000000745,Move,710,328
18547.699999999255,Move,713,336
18563.900000000373,Move,719,343
18577.900000000373,Move,726,350
18593.699999999255,Move,734,355
18615.800000000745,Move,743,359
18631.900000000373,Move,752,360
18647.699999999255,Move,761,360
18663.699999999255,Move,771,360
18678,Move,781,359
18701.199999999255,Move,792,355
18716.699999999255,Move,797,351
18733.099999999627,Move,801,347
18747.800000000745,Move,803,342
18763.099999999627,Move,806,337
18778.800000000745,Move,807,332
18795.5,Move,808,326
18817,Move,808,317
18833.300000000745,Move,808,313
18849.400000000373,Move,808,309
18863.800000000745,Move,808,305
18879,Move,807,299
18895.400000000373,Move,805,295
18917.400000000373,Move,804,290
18933,Move,803,289
18949.400000000373,Move,802,288
18965.300000000745,Move,801,287
18979.300000000745,Move,799,285
18995.199999999255,Move,796,283
19010.800000000745,Move,793,282
19032.900000000373,Move,789,280
19049,Move,788,279
19065.599999999627,Move,786,278
19081.300000000745,Move,782,277
19095.599999999627,Move,778,275
19111.599999999627,Move,773,274
19127.400000000373,Move,771,272
19143.5,Move,770,272
19165.099999999627,Move,769,271
19181,Move,766,271
19197.199999999255,Move,764,269
19210.900000000373,Move,762,269
19227,Move,760,268
19243.300000000745,Move,759,268
19265.900000000373,Move,756,266
19266.300000000745,Released,756,266
19963.599999999627,Released,756,527
