resolution:1536,864
1613511.5,Pressed,803,294
1613516.3000000007,Move,803,294
1613592.8000000007,Move,803,293
1613608.3999999985,Move,803,291
1613616.3000000007,Move,802,291
1613632.5,Move,801,289
1613654.3000000007,Move,800,288
1613670.3999999985,Move,800,287
1613686.3000000007,Move,799,285
1613701.8000000007,Move,797,285
1613716.1999999993,Move,796,283
1613732.1000000015,Move,795,282
1613747.8000000007,Move,794,281
1613770.3999999985,Move,792,279
1613786.3000000007,Move,791,278
1613802,Move,790,277
1613816.1000000015,Move,789,277
1613832.3000000007,Move,788,275
1613848.5,Move,787,275
1613864.1000000015,Move,785,274
1613886.3000000007,Move,783,273
1613902.3000000007,Move,783,273
1613918.3999999985,Move,781,273
1613934,Move,781,273
1613948.1999999993,Move,780,272
1613964.6000000015,Move,779,272
1613980.6999999993,Move,777,272
1614002.6000000015,Move,776,272
1614018.3999999985,Move,775,272
1614034.6000000015,Move,773,272
1614050.6000000015,Move,772,272
1614064.3999999985,Move,771,272
1614080.1000000015,Move,770,273
1614104.3999999985,Move,768,274
1614118.6999999993,Move,767,275
1614134.1000000015,Move,766,277
1614150.1000000015,Move,765,277
1614166.1999999993,Move,764,278
1614180.6999999993,Move,763,279
1614204.1000000015,Move,761,281
1614220.6000000015,Move,761,282
1614234.1999999993,Move,760,283
1614250.3999999985,Move,759,284
1614266,Move,758,285
1614282.1000000015,Move,757,286
1614304.1999999993,Move,755,288
1614320.3000000007,Move,754,289
1614336.1000000015,Move,753,290
1614350.6999999993,Move,752,291
1614366.6999999993,Move,751,293
1614382,Move,750,294
1614404.5,Move,749,295
1614420.1000000015,Move,749,297
1614436.3999999985,Move,748,298
1614452.1999999993,Move,747,299
1614466.1999999993,Move,747,300
1614481.8999999985,Move,747,301
1614498.1000000015,Move,747,302
1614513.6999999993,Move,746,304
1614536.1000000015,Move,746,306
1614552.1000000015,Move,746,307
1614568,Move,747,309
1614584.3000000007,Move,748,311
1614598.6999999993,Move,748,313
1614614.8000000007,Move,749,315
1614630.5,Move,750,316
1614653.1000000015,Move,751,317
1614668.6999999993,Move,752,319
1614684.8000000007,Move,753,321
1614700.8000000007,Move,754,322
1614714.8000000007,Move,755,323
1614730.3999999985,Move,756,325
1614752.6000000015,Move,757,326
1614768.6000000015,Move,759,327
1614776.3999999985,Move,759,328
1614800.1999999993,Move,760,329
1614814,Move,761,329
1614838.1000000015,Move,763,330
1614854.3999999985,Move,764,330
1614870.1999999993,Move,765,331
1614884.1999999993,Move,766,331
1614900.3999999985,Move,768,331
1614917,Move,769,331
1614930.3999999985,Move,770,331
1614953.8000000007,Move,772,331
1614970.3999999985,Move,773,331
1614986.3999999985,Move,774,331
1615000.6000000015,Move,776,331
1615016,Move,777,329
1615032.3999999985,Move,780,328
1615054.5,Move,781,327
1615070.1999999993,Move,783,326
1615086.1000000015,Move,783,326
1615102.3999999985,Move,784,325
1615116.3999999985,Move,785,325
1615132,Move,787,324
1615148.6999999993,Move,787,323
1615164.1000000015,Move,789,321
1615186,Move,790,321
1615202.3999999985,Move,791,320
1615218.1999999993,Move,792,319
1615232,Move,793,317
1615248.6000000015,Move,795,316
1615264.1999999993,Move,795,315
1615286.1000000015,Move,796,314
1615302,Move,797,313
1615318.3999999985,Move,798,312
1615334.3999999985,Move,799,310
1615348.6000000015,Move,799,309
1615364.5,Move,799,308
1615380.3000000007,Move,800,307
1615402,Move,801,304
1615418.3000000007,Move,801,303
1615434,Move,801,302
1615450.3000000007,Move,801,300
1615464,Move,802,299
1615472.3000000007,Move,802,299
1615503.8999999985,Move,802,297
1615520.5,Move,802,296
1615534,Move,802,295
1615549.8999999985,Move,802,293
1615566.1000000015,Move,802,292
1615580.1999999993,Move,801,292
1615587.8999999985,Released,801,292
1616215.8999999985,Released,755,520
