resolution:1536,864
57210.60000000009,Pressed,857,261
57358.40000000037,Move,857,263
57366.200000000186,Move,857,268
57380.40000000037,Move,857,285
57402.700000000186,Move,847,313
57416.40000000037,Move,841,336
57429.10000000009,Move,836,346
57446.200000000186,Move,829,363
57468.5,Move,823,373
57482.40000000037,Move,817,377
57497.40000000037,Move,809,383
57512.40000000037,Move,799,387
57534,Move,788,390
57549.40000000037,Move,779,390
57563.700000000186,Move,770,390
57578.90000000037,Move,760,389
57599.90000000037,Move,748,385
57615.60000000009,Move,739,382
57630,Move,729,377
57651.80000000028,Move,716,370
57666.80000000028,Move,706,358
57680.90000000037,Move,698,347
57696.40000000037,Move,691,337
57717.90000000037,Move,686,323
57733.10000000009,Move,682,310
57747.40000000037,Move,680,299
57762.200000000186,Move,678,289
57784.5,Move,678,274
57798.80000000028,Move,678,267
57813.40000000037,Move,679,257
57835.80000000028,Move,685,243
57849.90000000037,Move,690,231
57864.60000000009,Move,699,217
57880.200000000186,Move,707,208
57901.60000000009,Move,716,199
57915.90000000037,Move,723,193
57931.30000000028,Move,735,186
57945.60000000009,Move,752,179
57968,Move,773,170
57982.700000000186,Move,781,167
57997.80000000028,Move,790,165
58019.30000000028,Move,801,165
58034.200000000186,Move,807,165
58048.30000000028,Move,811,165
58063.5,Move,816,165
58085.60000000009,Move,821,168
58100.200000000186,Move,823,169
58115,Move,827,171
58129.30000000028,Move,829,173
58151.90000000037,Move,834,177
58166.30000000028,Move,836,181
58180.700000000186,Move,840,189
58195.60000000009,Move,842,196
58217.90000000037,Move,845,205
58232.30000000028,Move,845,209
58247.30000000028,Move,845,216
58268.700000000186,Move,845,227
58283.5,Move,845,232
58298.200000000186,Move,845,237
58312.80000000028,Move,845,239
58334.5,Move,845,241
58349.5,Move,845,243
58364.10000000009,Move,845,247
58385.90000000037,Move,845,252
58400.80000000028,Move,845,255
58415.5,Move,845,256
58430.10000000009,Move,845,257
58452.200000000186,Move,844,259
58466.200000000186,Released,844,259
59268.60000000009,Released,753,527
