resolution:1536,864
71969.39999999851,Pressed,791,193
71989.80000000075,Move,790,191
72003,Move,789,190
72020,Move,787,188
72036.30000000075,Move,785,187
72057.69999999925,Move,781,185
72073.69999999925,Move,779,184
72089.69999999925,Move,776,183
72103.80000000075,Move,772,182
72119.60000000149,Move,767,181
72135.5,Move,762,179
72152.69999999925,Move,756,179
72174.30000000075,Move,751,179
72190.80000000075,Move,747,179
72206,Move,744,179
72220.19999999925,Move,739,180
72235.89999999851,Move,736,180
72252.19999999925,Move,732,181
72267.39999999851,Move,729,181
72290,Move,726,183
72306.19999999925,Move,723,183
72321.80000000075,Move,721,185
72338,Move,718,186
72352.30000000075,Move,715,187
72368.10000000149,Move,713,188
72389.69999999925,Move,710,190
72405.80000000075,Move,707,191
72422,Move,705,192
72438,Move,702,194
72451.69999999925,Move,699,196
72468.19999999925,Move,696,197
72483.69999999925,Move,692,199
72507.69999999925,Move,688,202
72521.80000000075,Move,685,205
72537.89999999851,Move,681,207
72553.60000000149,Move,677,211
72569.39999999851,Move,674,215
72591.19999999925,Move,671,221
72606.69999999925,Move,669,226
72620.80000000075,Move,665,232
72637.80000000075,Move,663,237
72653.19999999925,Move,662,243
72670.30000000075,Move,659,249
72684.19999999925,Move,655,255
72708.10000000149,Move,648,267
72723.5,Move,641,277
72740.5,Move,637,284
72753.80000000075,Move,635,291
72770.30000000075,Move,633,299
72785.89999999851,Move,631,306
72808,Move,629,315
72824.19999999925,Move,627,321
72840.19999999925,Move,626,325
72856.10000000149,Move,626,330
72870.5,Move,626,335
72886.60000000149,Move,625,339
72902,Move,625,342
72924.39999999851,Move,626,347
72939.80000000075,Move,626,351
72956.39999999851,Move,628,354
72972.30000000075,Move,629,356
72986.39999999851,Move,630,358
73002,Move,631,360
73018,Move,633,361
73040.19999999925,Move,635,363
73056,Move,636,364
73072.10000000149,Move,638,365
73088,Move,639,366
73102.19999999925,Move,640,367
73118.39999999851,Move,641,369
73134.10000000149,Move,643,369
73155.89999999851,Move,644,370
73171.89999999851,Move,646,371
73187.80000000075,Move,647,372
73204,Move,648,373
73218.19999999925,Move,649,373
73234.30000000075,Move,651,374
73257.89999999851,Move,652,375
73272,Move,653,376
73287.19999999925,Move,655,377
73304.5,Move,656,377
73320.5,Move,657,377
73334,Move,658,379
73358.10000000149,Move,662,380
73374.30000000075,Move,663,380
73388,Move,665,381
73403.80000000075,Move,666,381
73420.39999999851,Move,668,383
73436.5,Move,669,383
73457.89999999851,Move,671,384
73474.19999999925,Move,672,384
73490,Move,674,384
73506.10000000149,Move,675,385
73519.80000000075,Move,677,385
73536.39999999851,Move,679,385
73552.5,Move,681,386
73574.30000000075,Move,684,386
73590.30000000075,Move,686,386
73605.80000000075,Move,688,386
73622.39999999851,Move,693,387
73635.69999999925,Move,695,387
73651.60000000149,Move,699,387
73673.60000000149,Move,706,388
73689.30000000075,Move,709,388
73705.5,Move,712,389
73721,Move,715,389
73735.69999999925,Move,720,389
73751.30000000075,Move,721,389
73768,Move,724,389
73790.60000000149,Move,729,389
73806.5,Move,732,389
73822.10000000149,Move,737,389
73838.30000000075,Move,743,389
73852.5,Move,749,388
73867,Move,754,387
73884.30000000075,Move,760,385
73900.30000000075,Move,765,384
73921.80000000075,Move,774,382
73938.10000000149,Move,778,379
73954,Move,783,378
73970.5,Move,787,377
73983.80000000075,Move,791,374
74007.89999999851,Move,795,372
74022.39999999851,Move,797,370
74037.19999999925,Move,799,367
74054,Move,802,365
74070.39999999851,Move,804,362
74084.5,Move,806,359
74108.19999999925,Move,812,352
74124.30000000075,Move,814,348
74140,Move,817,343
74153.69999999925,Move,821,339
74170.19999999925,Move,823,334
74186.19999999925,Move,826,330
74202.19999999925,Move,828,326
74224.19999999925,Move,831,321
74240.5,Move,832,317
74253.69999999925,Move,833,311
74270.10000000149,Move,835,307
74286.39999999851,Move,837,302
74302,Move,837,297
74324,Move,838,290
74340.30000000075,Move,838,285
74360.10000000149,Move,838,282
74371.69999999925,Move,839,277
74386.39999999851,Move,839,273
74402.10000000149,Move,839,269
74418.39999999851,Move,839,265
74440.5,Move,839,259
74456.19999999925,Move,840,255
74472,Move,840,249
74487.69999999925,Move,840,244
74501.80000000075,Move,841,240
74518,Move,841,236
74534,Move,841,231
74557.80000000075,Move,841,226
74571.89999999851,Move,840,221
74588.30000000075,Move,839,219
74603.69999999925,Move,837,216
74617.69999999925,Move,836,213
74634,Move,834,209
74657.89999999851,Move,833,204
74671,Move,831,202
74688.10000000149,Move,830,199
74703.89999999851,Move,829,198
74720.10000000149,Move,828,196
74741.60000000149,Move,825,193
74757.5,Move,823,192
74773.30000000075,Move,822,191
74788,Move,821,190
74803.69999999925,Move,819,189
74819.39999999851,Move,817,187
74836.19999999925,Move,815,187
74857.89999999851,Move,813,185
74873.80000000075,Move,811,184
74890.10000000149,Move,810,184
74903.89999999851,Move,809,183
74919.60000000149,Move,808,183
74936,Move,806,183
74958,Move,803,183
74973.80000000075,Move,802,183
74989.69999999925,Move,801,183
75005.80000000075,Move,800,183
75020,Move,798,183
75035.60000000149,Move,796,182
75052,Move,795,182
75068.30000000075,Move,794,182
75090.39999999851,Move,792,182
75105.89999999851,Move,791,182
75122.10000000149,Move,790,182
75137.19999999925,Move,789,182
75152.10000000149,Move,787,182
75168.60000000149,Move,786,182
75184.19999999925,Move,785,182
75205.89999999851,Move,782,182
75221.80000000075,Move,781,182
75238.10000000149,Move,780,182
75253.10000000149,Move,779,182
75259.89999999851,Move,778,182
75329.19999999925,Released,778,182
76033,Released,765,534
