resolution:1536,864
9381162.099999998,Released,463,74
9381676.3,Pressed,485,229
9381680.3,Move,484,229
9381688.7,Move,483,228
9381696.899999999,Move,481,228
9381704.7,Move,477,228
9381713,Move,474,228
9381719.099999998,Move,470,229
9381727,Move,462,231
9381734.8,Move,455,234
9381742.599999998,Move,447,237
9381751.099999998,Move,441,240
9381758.5,Move,435,243
9381767,Move,429,247
9381774.7,Move,422,254
9381781.2,Move,417,260
9381788.899999999,Move,413,268
9381796.899999999,Move,409,278
9381804.7,Move,406,287
9381813.099999998,Move,405,298
9381821,Move,404,308
9381828.7,Move,406,316
9381837.099999998,Move,410,321
9381842.7,Move,417,326
9381851,Move,424,330
9381858.599999998,Move,434,335
9381867,Move,443,336
9381874.599999998,Move,453,335
9381883.099999998,Move,461,332
9381890.899999999,Move,471,329
9381898.399999999,Move,484,322
9381904.8,Move,501,313
9381912.3,Move,511,307
9381920.899999999,Move,525,299
9381928.8,Move,531,291
9381937.099999998,Move,535,284
9381944.5,Move,537,277
9381953,Move,538,271
9381960.2,Move,537,266
9381967,Move,534,257
9381974.5,Move,530,246
9381982.7,Move,525,235
9381990.8,Move,520,227
9381998.7,Move,511,218
9382006.8,Move,501,212
9382014.899999999,Move,487,207
9382022.8,Move,475,204
9382028.5,Move,464,202
9382037.099999998,Move,455,201
9382044.5,Move,445,201
9382053.099999998,Move,437,201
9382060.599999998,Move,432,203
9382060.8,Released,432,203
9382726.099999998,Released,461,529
