resolution:1920,1080
43361,Pressed,0.49947916666666664,0.23425925925925925
43515,Move,0.4973958333333333,0.23148148148148148
43523,Move,0.4947916666666667,0.22870370370370371
43537,Move,0.48802083333333335,0.22037037037037038
43552,Move,0.478125,0.21203703703703702
43566,Move,0.46875,0.2064814814814815
43581,Move,0.459375,0.20092592592592592
43589,Move,0.4546875,0.2
43618,Move,0.4401041666666667,0.19814814814814816
43633,Move,0.4328125,0.19907407407407407
43656,Move,0.4244791666666667,0.20277777777777778
43669,Move,0.4192708333333333,0.2074074074074074
43684,Move,0.41510416666666666,0.21481481481481482
43707,Move,0.409375,0.22777777777777777
43717,Move,0.4083333333333333,0.23333333333333334
43728,Move,0.40625,0.24166666666666667
43764,Move,0.4036458333333333,0.25925925925925924
43781,Move,0.403125,0.2740740740740741
43801,Move,0.403125,0.28888888888888886
43816,Move,0.4036458333333333,0.29907407407407405
43830,Move,0.40572916666666664,0.3111111111111111
43853,Move,0.409375,0.32685185185185184
43869,Move,0.41354166666666664,0.33796296296296297
43889,Move,0.42083333333333334,0.3537037037037037
43897,Move,0.4239583333333333,0.35833333333333334
43913,Move,0.43125,0.36944444444444446
43934,Move,0.4432291666666667,0.38425925925925924
43949,Move,0.453125,0.3925925925925926
43963,Move,0.4609375,0.3990740740740741
43986,Move,0.47552083333333334,0.40370370370370373
44000,Move,0.48541666666666666,0.40370370370370373
44015,Move,0.49583333333333335,0.4
44036,Move,0.5114583333333333,0.3888888888888889
44051,Move,0.51875,0.38055555555555554
44066,Move,0.5260416666666666,0.37222222222222223
44089,Move,0.534375,0.36203703703703705
44104,Move,0.5385416666666667,0.3527777777777778
44117,Move,0.5416666666666666,0.3435185185185185
44133,Move,0.5442708333333334,0.3351851851851852
44154,Move,0.5458333333333333,0.31666666666666665
44169,Move,0.5458333333333333,0.30648148148148147
44183,Move,0.5453125,0.2935185185185185
44198,Move,0.5432291666666667,0.2796296296296296
44220,Move,0.5395833333333333,0.262037037037037
44235,Move,0.5338541666666666,0.2462962962962963
44251,Move,0.5276041666666667,0.22962962962962963
44268,Move,0.5177083333333333,0.21388888888888888
44285,Move,0.5078125,0.2
44301,Move,0.49322916666666666,0.19074074074074074
44316,Move,0.48541666666666666,0.18981481481481483
44341,Move,0.4708333333333333,0.19444444444444445
44345,Move,0.465625,0.19814814814814816
44375,Move,0.44479166666666664,0.2111111111111111
44381,Move,0.4401041666666667,0.21481481481481482
44411,Move,0.4270833333333333,0.2324074074074074
44433,Move,0.4203125,0.2462962962962963
44447,Move,0.415625,0.2564814814814815
44464,Move,0.4125,0.26944444444444443
44478,Move,0.41041666666666665,0.2814814814814815
44496,Move,0.4078125,0.2916666666666667
44513,Move,0.40625,0.30185185185185187
44529,Move,0.4046875,0.3111111111111111
44546,Move,0.4046875,0.31574074074074077
44550,Move,0.4046875,0.3175925925925926
44563,Released,0.4046875,0.3175925925925926
45658,Released,0.490625,0.49537037037037035