resolution:1536,864
171975.7000000002,Pressed,812,200
171980.1000000001,Move,811,199
171998.8999999999,Move,809,198
172014.5,Move,807,198
172030.6000000001,Move,806,197
172051.8999999999,Move,804,197
172067.7999999998,Move,802,197
172083.7999999998,Move,798,196
172097.7999999998,Move,793,195
172114.2999999998,Move,787,194
172130.5,Move,781,193
172146.1000000001,Move,775,193
172168.3999999999,Move,761,193
172184.1000000001,Move,755,193
172200.2999999998,Move,751,193
172215.8999999999,Move,747,193
172230.2000000002,Move,743,193
172246.2999999998,Move,739,193
172262.7999999998,Move,735,194
172284.2999999998,Move,728,196
172300.3999999999,Move,723,198
172316.5,Move,720,199
172332.7000000002,Move,719,200
172346.5,Move,718,200
172353.7000000002,Move,717,200
172384,Move,716,201
172400.6000000001,Move,715,203
172416.3999999999,Move,713,204
172432.3999999999,Move,711,207
172446.3999999999,Move,709,210
172462.7999999998,Move,704,214
172478.3999999999,Move,700,219
172494.2999999998,Move,695,223
172516.7999999998,Move,689,229
172531.7999999998,Move,686,233
172548.2000000002,Move,685,237
172563.7999999998,Move,682,241
172578.5,Move,680,245
172594.3999999999,Move,677,250
172616.3999999999,Move,672,257
172631.5,Move,669,262
172648.2999999998,Move,666,267
172663.6000000001,Move,664,271
172678.5,Move,662,275
172701.8999999999,Move,659,281
172718,Move,658,285
172734.2999999998,Move,656,290
172747.7999999998,Move,655,294
172764.2000000002,Move,653,298
172780.7000000002,Move,652,302
172796.6000000001,Move,652,306
172818.2999999998,Move,651,312
172834.3999999999,Move,651,316
172847.7999999998,Move,651,321
172864,Move,651,327
172880.2999999998,Move,652,331
172896.6000000001,Move,654,335
172918,Move,656,341
172934,Move,657,345
172950.5,Move,658,349
172966.2999999998,Move,659,351
172980,Move,661,355
172996.5,Move,662,358
173012.8999999999,Move,663,361
173034.3999999999,Move,665,365
173049.8999999999,Move,667,367
173066,Move,669,369
173081.7999999998,Move,671,371
173096,Move,672,373
173112.7999999998,Move,675,374
173128.6000000001,Move,677,375
173150.3999999999,Move,679,377
173165.7999999998,Move,682,379
173182.3999999999,Move,684,379
173198.7000000002,Move,689,381
173212.7999999998,Move,693,382
173228.1000000001,Move,697,384
173251.6000000001,Move,703,386
173266.2999999998,Move,707,387
173282.2999999998,Move,710,388
173298.3999999999,Move,714,388
173314.2000000002,Move,718,389
173328.5,Move,722,389
173344.3999999999,Move,727,389
173368.1000000001,Move,735,389
173381.5,Move,740,389
173397.8999999999,Move,744,389
173413.7999999998,Move,749,388
173430.6000000001,Move,753,388
173444.2000000002,Move,757,387
173468.5,Move,764,386
173483.6000000001,Move,769,386
173498,Move,774,386
173514.3999999999,Move,781,385
173530.3999999999,Move,791,383
173544.5,Move,802,382
173568.2000000002,Move,816,379
173584.6000000001,Move,823,377
173600.3999999999,Move,827,376
173614.1000000001,Move,831,375
173630.3999999999,Move,833,373
173646.6000000001,Move,836,372
173667.6000000001,Move,843,368
173684.2000000002,Move,847,366
173700.2999999998,Move,851,363
173716.3999999999,Move,853,361
173730.2000000002,Move,855,360
173746.2999999998,Move,858,357
173763,Move,861,354
173784.8999999999,Move,866,347
173800.5,Move,871,343
173816.2999999998,Move,875,337
173832.2999999998,Move,878,330
173846.7000000002,Move,881,325
173862.6000000001,Move,883,319
173878.7000000002,Move,885,313
173900.5,Move,887,307
173916.1000000001,Move,889,303
173931.7999999998,Move,890,299
173948.2999999998,Move,892,295
173962,Move,893,292
173978.2000000002,Move,894,287
173994.5,Move,895,282
174016.2999999998,Move,897,276
174031.6000000001,Move,897,272
174048.5,Move,898,269
174064.2000000002,Move,898,265
174078.6000000001,Move,898,261
174102,Move,897,255
174118.6000000001,Move,896,251
174132,Move,894,247
174147.6000000001,Move,893,244
174163.7000000002,Move,891,241
174180.7000000002,Move,890,238
174194.3999999999,Move,889,236
174218.2999999998,Move,886,232
174234.1000000001,Move,885,230
174250.3999999999,Move,884,229
174264.2000000002,Move,882,227
174280.6000000001,Move,881,226
174296.1000000001,Move,879,225
174317.7999999998,Move,877,223
174333.6000000001,Move,875,222
174350.2000000002,Move,871,221
174364,Move,867,219
174380,Move,864,217
174395.8999999999,Move,859,216
174417.7000000002,Move,855,214
174433.7000000002,Move,853,213
174449.8999999999,Move,851,212
174465.7999999998,Move,849,211
174479.6000000001,Move,847,210
174496.2000000002,Move,844,209
174512,Move,839,207
174528.3999999999,Move,833,205
174549.7000000002,Move,823,203
174565.5,Move,818,202
174581.7999999998,Move,815,202
174596.2999999998,Move,812,200
174611.5,Move,811,200
174628,Move,809,200
174650.2999999998,Move,808,200
174658.3999999999,Move,808,200
174681.5,Move,807,200
174698,Move,805,200
174712.2999999998,Move,804,200
174728.2000000002,Move,803,200
174744.2000000002,Move,802,199
174744.5,Released,802,199
175312,Pressed,761,508
175377.8999999999,Released,761,508
175655.7999999998,Released,749,522
