resolution:1920,1080
26862,Pressed,0.38958333333333334,0.22962962962962963
26886,Move,0.3854166666666667,0.22962962962962963
26902,Move,0.3729166666666667,0.23055555555555557
26941,Move,0.3229166666666667,0.25833333333333336
26948,Move,0.3145833333333333,0.2601851851851852
26972,Move,0.2989583333333333,0.2638888888888889
26978,Move,0.2953125,0.2657407407407407
27002,Move,0.2875,0.27314814814814814
27019,Move,0.2838541666666667,0.27870370370370373
27048,Move,0.278125,0.2972222222222222
27056,Move,0.27760416666666665,0.30462962962962964
27094,Move,0.2791666666666667,0.3527777777777778
27120,Move,0.28489583333333335,0.37592592592592594
27151,Move,0.29010416666666666,0.39444444444444443
27156,Move,0.2916666666666667,0.39814814814814814
27172,Move,0.29583333333333334,0.40185185185185185
27188,Move,0.3015625,0.4027777777777778
27210,Move,0.3145833333333333,0.4027777777777778
27218,Move,0.31927083333333334,0.40185185185185185
27242,Move,0.3359375,0.4
27256,Move,0.35052083333333334,0.3972222222222222
27272,Move,0.3651041666666667,0.39351851851851855
27296,Move,0.39010416666666664,0.387037037037037
27311,Move,0.40729166666666666,0.3814814814814815
27319,Move,0.41458333333333336,0.38055555555555554
27343,Move,0.4359375,0.36574074074074076
27359,Move,0.4473958333333333,0.35185185185185186
27375,Move,0.45625,0.33425925925925926
27389,Move,0.46197916666666666,0.31666666666666665
27410,Move,0.46510416666666665,0.3
27426,Move,0.46510416666666665,0.29074074074074074
27442,Move,0.4630208333333333,0.2796296296296296
27459,Move,0.4609375,0.2657407407407407
27475,Move,0.45625,0.25
27489,Move,0.4510416666666667,0.23796296296296296
27512,Move,0.440625,0.22777777777777777
27529,Move,0.42552083333333335,0.22314814814814815
27535,Move,0.41510416666666666,0.2212962962962963
27560,Move,0.3875,0.21481481481481482
27575,Move,0.3703125,0.2111111111111111
27593,Move,0.35260416666666666,0.2111111111111111
27609,Move,0.3390625,0.21388888888888888
27626,Move,0.32864583333333336,0.21944444444444444
27644,Move,0.32135416666666666,0.22962962962962963
27661,Move,0.31666666666666665,0.2361111111111111
27677,Move,0.31145833333333334,0.24537037037037038
27682,Move,0.30833333333333335,0.25092592592592594
27713,Move,0.3,0.2657407407407407
27730,Move,0.2953125,0.275
27748,Move,0.2864583333333333,0.2953703703703704
27765,Move,0.275,0.3138888888888889
27783,Move,0.26927083333333335,0.32407407407407407
27798,Move,0.2682291666666667,0.32592592592592595
27804,Move,0.2677083333333333,0.32685185185185184
27820,Move,0.2677083333333333,0.3277777777777778
27836,Move,0.2677083333333333,0.3277777777777778
27836,Released,0.2677083333333333,0.3277777777777778
28525,Released,0.47552083333333334,0.48518518518518516