resolution:1536,864
9402606.3,Pressed,455,212
9402610,Move,457,211
9402616.5,Move,459,211
9402624.2,Move,462,210
9402632.3,Move,465,210
9402640.399999999,Move,469,210
9402648.7,Move,475,210
9402656.8,Move,480,210
9402664.7,Move,485,210
9402670.2,Move,490,211
9402678.399999999,Move,496,214
9402685.899999999,Move,501,219
9402694,Move,505,224
9402702.099999998,Move,507,230
9402710,Move,511,237
9402718.3,Move,513,245
9402725.899999999,Move,515,255
9402732,Move,516,264
9402739.899999999,Move,517,273
9402747.899999999,Move,517,283
9402756.099999998,Move,517,291
9402764.399999999,Move,515,299
9402772.2,Move,512,308
9402779.899999999,Move,509,315
9402787.8,Move,504,319
9402793.7,Move,500,323
9402801.899999999,Move,494,327
9402810.099999998,Move,485,332
9402818.099999998,Move,475,335
9402825.899999999,Move,464,337
9402834.599999998,Move,453,338
9402836.3,Move,453,338
9402841.8,Move,441,339
9402850.2,Move,432,339
9402856.399999999,Move,421,339
9402863.899999999,Move,412,337
9402872.099999998,Move,403,335
9402880.099999998,Move,396,331
9402888,Move,390,329
9402896.5,Move,387,326
9402903.899999999,Move,383,322
9402912.7,Move,379,317
9402918.5,Move,375,311
9402925.7,Move,373,307
9402933.899999999,Move,370,301
9402942.8,Move,369,294
9402950.2,Move,368,287
9402958.099999998,Move,367,281
9402963.899999999,Move,366,275
9402971.899999999,Move,365,269
9402980.099999998,Move,364,263
9402988.3,Move,363,259
9402996,Move,362,255
9403003.899999999,Move,361,249
9403012.2,Move,361,244
9403020,Move,361,241
9403026.599999998,Move,362,237
9403034.099999998,Move,364,233
9403042.2,Move,367,229
9403049.8,Move,370,227
9403057.899999999,Move,375,223
9403066.2,Move,381,220
9403074,Move,386,217
9403082.3,Move,390,215
9403088,Move,395,215
9403096.5,Move,400,214
9403104.3,Move,406,213
9403111.8,Move,413,212
9403119.8,Move,421,211
9403128.399999999,Move,429,211
9403136,Move,437,211
9403144.599999998,Move,442,211
9403150.3,Move,447,211
9403158.3,Move,449,212
9403166.7,Move,450,213
9403166.899999999,Released,450,213
9403800.2,Released,456,543
9404071.899999999,Released,458,523
