resolution:1536,864
9400370.2,Pressed,467,288
9400373.7,Move,462,288
9400381.599999998,Move,456,288
9400387.8,Move,448,290
9400396,Move,440,293
9400404.7,Move,431,297
9400412,Move,425,301
9400420.399999999,Move,422,304
9400428.2,Move,418,309
9400436,Move,415,316
9400442.399999999,Move,413,322
9400450,Move,412,327
9400458.099999998,Move,412,333
9400466.3,Move,413,339
9400474.3,Move,417,345
9400482,Move,423,352
9400490,Move,430,359
9400498.2,Move,440,365
9400504.2,Move,450,369
9400512,Move,459,373
9400520.2,Move,470,374
9400528.5,Move,479,374
9400535.899999999,Move,488,373
9400544.599999998,Move,496,370
9400552.3,Move,503,365
9400558.2,Move,509,359
9400566.3,Move,516,351
9400574.2,Move,523,341
9400581.899999999,Move,528,333
9400586.3,Move,528,333
9400589.8,Move,532,325
9400598.2,Move,535,317
9400606.2,Move,536,310
9400611.8,Move,536,302
9400620.599999998,Move,536,296
9400628.3,Move,533,290
9400635.899999999,Move,529,287
9400644.3,Move,525,283
9400652.099999998,Move,519,280
9400660,Move,512,279
9400668.099999998,Move,502,278
9400673.899999999,Move,495,278
9400682.3,Move,489,278
9400690.2,Move,485,278
9400698.599999998,Move,477,279
9400706.2,Move,470,283
9400714.3,Move,463,285
9400721.8,Move,457,289
9400730.8,Move,451,291
9400731,Released,451,291
9401303.2,Released,475,517
9402262.099999998,Released,458,529
