resolution:1920,1080
49016,Pressed,0.48020833333333335,0.22685185185185186
49182,Move,0.4817708333333333,0.2222222222222222
49190,Move,0.48333333333333334,0.21944444444444444
49205,Move,0.4869791666666667,0.2101851851851852
49226,Move,0.4947916666666667,0.1935185185185185
49248,Move,0.5036458333333333,0.17962962962962964
49271,Move,0.5114583333333333,0.1685185185185185
49300,Move,0.5213541666666667,0.15833333333333333
49307,Move,0.5234375,0.15648148148148147
49329,Move,0.5276041666666667,0.15185185185185185
49344,Move,0.5296875,0.14907407407407408
49352,Move,0.5317708333333333,0.14814814814814814
49366,Move,0.5359375,0.14629629629629629
49382,Move,0.5411458333333333,0.14629629629629629
49395,Move,0.5463541666666667,0.14722222222222223
49425,Move,0.5578125,0.15555555555555556
49432,Move,0.5604166666666667,0.15833333333333333
49463,Move,0.5697916666666667,0.1675925925925926
49472,Move,0.5723958333333333,0.17037037037037037
49491,Move,0.5791666666666667,0.17962962962962964
49508,Move,0.5833333333333334,0.18611111111111112
49520,Move,0.5864583333333333,0.1925925925925926
49545,Move,0.590625,0.20185185185185187
49558,Move,0.59375,0.2111111111111111
49571,Move,0.5973958333333333,0.2212962962962963
49587,Move,0.6005208333333333,0.2324074074074074
49608,Move,0.6046875,0.24814814814814815
49624,Move,0.6067708333333334,0.2611111111111111
49652,Move,0.6083333333333333,0.2796296296296296
49652,Move,0.6083333333333333,0.2861111111111111
49685,Move,0.6067708333333334,0.3111111111111111
49703,Move,0.6010416666666667,0.33240740740740743
49720,Move,0.596875,0.3453703703703704
49738,Move,0.5916666666666667,0.35648148148148145
49741,Move,0.5885416666666666,0.362962962962963
49762,Move,0.5770833333333333,0.3824074074074074
49774,Move,0.571875,0.3888888888888889
49790,Move,0.5598958333333334,0.3990740740740741
49808,Move,0.54375,0.4111111111111111
49830,Move,0.5307291666666667,0.41574074074074074
49844,Move,0.5208333333333334,0.4148148148148148
49858,Move,0.5114583333333333,0.4111111111111111
49879,Move,0.4979166666666667,0.40370370370370373
49887,Move,0.49375,0.40185185185185185
49912,Move,0.48020833333333335,0.38981481481481484
49923,Move,0.4739583333333333,0.3814814814814815
49946,Move,0.46458333333333335,0.36574074074074076
49962,Move,0.45729166666666665,0.3490740740740741
49968,Move,0.4552083333333333,0.34074074074074073
49990,Move,0.4505208333333333,0.3101851851851852
50012,Move,0.44895833333333335,0.27685185185185185
50019,Move,0.44895833333333335,0.2638888888888889
50041,Move,0.4505208333333333,0.23333333333333334
50056,Move,0.45208333333333334,0.21944444444444444
50071,Move,0.4552083333333333,0.20925925925925926
50085,Move,0.459375,0.2
50117,Move,0.46979166666666666,0.18333333333333332
50135,Move,0.47760416666666666,0.175
50138,Move,0.48125,0.17222222222222222
50159,Move,0.4942708333333333,0.16111111111111112
50181,Move,0.5057291666666667,0.14907407407407408
50205,Move,0.5161458333333333,0.1388888888888889
50222,Move,0.5213541666666667,0.1361111111111111
50241,Move,0.5276041666666667,0.13333333333333333
50257,Move,0.5322916666666667,0.13333333333333333
50269,Move,0.5380208333333333,0.1361111111111111
50281,Move,0.540625,0.13796296296296295
50291,Move,0.5458333333333333,0.14166666666666666
50305,Move,0.5510416666666667,0.14629629629629629
50320,Move,0.5557291666666667,0.1527777777777778
50349,Move,0.5661458333333333,0.17314814814814813
50366,Move,0.5723958333333333,0.19166666666666668
50381,Move,0.5770833333333333,0.21203703703703702
50399,Move,0.5807291666666666,0.23148148148148148
50402,Move,0.5817708333333333,0.23981481481481481
50423,Move,0.5833333333333334,0.27037037037037037
50448,Move,0.5817708333333333,0.30185185185185187
50464,Move,0.5796875,0.32037037037037036
50481,Move,0.575,0.34814814814814815
50498,Move,0.5708333333333333,0.3648148148148148
50504,Move,0.5682291666666667,0.37222222222222223
50532,Move,0.5598958333333334,0.3907407407407407
50549,Move,0.5510416666666667,0.4083333333333333
50566,Move,0.5427083333333333,0.4185185185185185
50582,Move,0.5354166666666667,0.42407407407407405
50599,Move,0.5213541666666667,0.42777777777777776
50615,Move,0.5135416666666667,0.42592592592592593
50623,Move,0.5083333333333333,0.42314814814814816
50649,Move,0.49635416666666665,0.41574074074074074
50666,Move,0.48489583333333336,0.4064814814814815
50672,Move,0.48125,0.4027777777777778
50700,Move,0.471875,0.3925925925925926
50716,Move,0.46510416666666665,0.3824074074074074
50724,Move,0.46041666666666664,0.37037037037037035
50750,Move,0.4546875,0.3425925925925926
50766,Move,0.45364583333333336,0.32222222222222224
50783,Move,0.4552083333333333,0.28703703703703703
50799,Move,0.4583333333333333,0.2574074074074074
50816,Move,0.4630208333333333,0.23333333333333334
50819,Move,0.46510416666666665,0.22314814814814815
50850,Move,0.471875,0.19537037037037036
50869,Move,0.4765625,0.18425925925925926
50885,Move,0.48541666666666666,0.1712962962962963
50904,Move,0.4947916666666667,0.16296296296296298
50920,Move,0.5046875,0.15648148148148147
50922,Move,0.5098958333333333,0.15462962962962962
50959,Move,0.5296875,0.1527777777777778
50975,Move,0.5411458333333333,0.15555555555555556
50988,Move,0.5479166666666667,0.15925925925925927
50998,Move,0.5510416666666667,0.16111111111111112
51003,Move,0.5541666666666667,0.16296296296296298
51025,Move,0.5635416666666667,0.17407407407407408
51047,Move,0.5713541666666667,0.19074074074074074
51055,Move,0.5744791666666667,0.19907407407407407
51071,Move,0.58125,0.2212962962962963
51092,Move,0.5885416666666666,0.2564814814814815
51118,Move,0.590625,0.2861111111111111
51135,Move,0.5911458333333334,0.31203703703703706
51157,Move,0.5890625,0.33796296296296297
51172,Move,0.5864583333333333,0.3509259259259259
51196,Move,0.5807291666666666,0.3712962962962963
51215,Move,0.5723958333333333,0.3888888888888889
51232,Move,0.5619791666666667,0.40370370370370373
51252,Move,0.5411458333333333,0.425
51274,Move,0.5192708333333333,0.4351851851851852
51289,Move,0.5083333333333333,0.4361111111111111
51310,Move,0.49375,0.43148148148148147
51318,Move,0.4895833333333333,0.4287037037037037
51347,Move,0.47291666666666665,0.40925925925925927
51366,Move,0.46510416666666665,0.3972222222222222
51385,Move,0.453125,0.37407407407407406
51403,Move,0.44635416666666666,0.3574074074074074
51422,Move,0.43697916666666664,0.3287037037037037
51437,Move,0.43125,0.30833333333333335
51457,Move,0.4265625,0.2824074074074074
51475,Move,0.4244791666666667,0.262037037037037
51495,Move,0.425,0.23425925925925925
51514,Move,0.4265625,0.21574074074074073
51524,Move,0.43020833333333336,0.19444444444444445
51547,Move,0.43854166666666666,0.1685185185185185
51563,Move,0.4473958333333333,0.1537037037037037
51568,Move,0.453125,0.14537037037037037
51598,Move,0.4822916666666667,0.12685185185185185
51604,Move,0.490625,0.125
51619,Move,0.5046875,0.12407407407407407
51641,Move,0.5213541666666667,0.1259259259259259
51663,Move,0.5333333333333333,0.13148148148148148
51671,Move,0.5375,0.13425925925925927
51693,Move,0.5489583333333333,0.14722222222222223
51707,Move,0.55625,0.15462962962962962
51722,Move,0.5619791666666667,0.16296296296296298
51744,Move,0.5692708333333333,0.17962962962962964
51760,Move,0.5755208333333334,0.19444444444444445
51774,Move,0.5817708333333333,0.2175925925925926
51796,Move,0.5890625,0.2518518518518518
51810,Move,0.590625,0.2722222222222222
51825,Move,0.5916666666666667,0.29444444444444445
51847,Move,0.5911458333333334,0.32314814814814813
51862,Move,0.5890625,0.3416666666666667
51877,Move,0.5859375,0.35555555555555557
51898,Move,0.5796875,0.3787037037037037
51913,Move,0.575,0.38981481481481484
51927,Move,0.5651041666666666,0.4064814814814815
51950,Move,0.5411458333333333,0.43425925925925923
51964,Move,0.525,0.44814814814814813
51979,Move,0.5109375,0.4583333333333333
51993,Move,0.4984375,0.46296296296296297
52015,Move,0.48489583333333336,0.46111111111111114
52030,Move,0.47604166666666664,0.45555555555555555
52045,Move,0.46822916666666664,0.44907407407407407
52067,Move,0.4557291666666667,0.43148148148148147
52082,Move,0.446875,0.4148148148148148
52104,Move,0.43385416666666665,0.3824074074074074
52118,Move,0.4270833333333333,0.3611111111111111
52133,Move,0.42239583333333336,0.33611111111111114
52155,Move,0.41822916666666665,0.3
52170,Move,0.41770833333333335,0.2722222222222222
52184,Move,0.4192708333333333,0.23796296296296296
52208,Move,0.4270833333333333,0.175
52222,Move,0.43385416666666665,0.13796296296296295
52243,Move,0.4427083333333333,0.1037037037037037
52258,Move,0.4484375,0.09074074074074075
52361,Move,0.5338541666666666,0.08518518518518518
52375,Move,0.5442708333333334,0.09259259259259259
52390,Move,0.5536458333333333,0.10185185185185185
52404,Move,0.5614583333333333,0.11203703703703703
52427,Move,0.5703125,0.1287037037037037
52441,Move,0.5765625,0.14537037037037037
52456,Move,0.58125,0.16203703703703703
52471,Move,0.584375,0.18425925925925926
52492,Move,0.5864583333333333,0.21481481481481482
52508,Move,0.5848958333333333,0.23148148148148148
52522,Move,0.5828125,0.24166666666666667
52544,Move,0.578125,0.2537037037037037
52550,Released,0.578125,0.2537037037037037
53301,Released,0.475,0.4842592592592593