resolution:1536,864
7689944.5,Pressed,833,311
7689954.300000001,Move,834,309
7689981,Move,835,308
7689996.800000001,Move,835,307
7690011.5,Move,836,304
7690027.1000000015,Move,837,301
7690043.6000000015,Move,838,297
7690059.3999999985,Move,839,295
7690081.1000000015,Move,839,291
7690097.199999999,Move,839,287
7690113.199999999,Move,840,285
7690129.3999999985,Move,840,284
7690143.6000000015,Move,841,283
7690159.300000001,Move,841,281
7690169.5,Move,841,281
7690196.8999999985,Move,841,279
7690213.199999999,Move,841,277
7690229.3999999985,Move,841,276
7690245.199999999,Move,841,275
7690259,Move,841,273
7690275.300000001,Move,840,271
7690291.3999999985,Move,839,269
7690313.3999999985,Move,838,266
7690329.300000001,Move,837,264
7690345.300000001,Move,835,262
7690359.300000001,Move,835,261
7690375.5,Move,834,257
7690391.3999999985,Move,832,254
7690414.8999999985,Move,830,249
7690429.6000000015,Move,829,247
7690445.1000000015,Move,828,245
7690461.3999999985,Move,827,243
7690476.800000001,Move,825,242
7690483.3999999985,Move,825,241
7690507.3999999985,Move,824,240
7690531,Move,823,238
7690545.300000001,Move,821,237
7690561.300000001,Move,819,236
7690577.5,Move,818,235
7690593.3999999985,Move,816,233
7690607.5,Move,815,232
7690631.199999999,Move,811,230
7690647.3999999985,Move,808,228
7690661,Move,806,228
7690677.1000000015,Move,804,227
7690692.6000000015,Move,803,225
7690709.1000000015,Move,801,225
7690731.3999999985,Move,800,224
7690747.199999999,Move,799,223
7690762.8999999985,Move,797,222
7690777,Move,793,221
7690793.1000000015,Move,789,220
7690809.300000001,Move,786,218
7690830.6000000015,Move,784,217
7690846.8999999985,Move,782,217
7690862.800000001,Move,779,216
7690878.6000000015,Move,774,215
7690893.1000000015,Move,771,214
7690908.6000000015,Move,766,213
7690925.1000000015,Move,764,212
7690941.199999999,Move,760,212
7690962.699999999,Move,755,212
7690979.3999999985,Move,751,212
7690995.1000000015,Move,746,212
7691008.199999999,Move,742,212
7691025.1000000015,Move,740,212
7691048.5,Move,737,213
7691064.699999999,Move,734,213
7691078.6000000015,Move,731,214
7691094.800000001,Move,727,215
7691110.800000001,Move,724,216
7691127,Move,721,216
7691141.300000001,Move,719,217
7691157.1000000015,Move,717,217
7691181.300000001,Move,713,218
7691195.6000000015,Move,710,219
7691211.199999999,Move,709,219
7691227.199999999,Move,707,219
7691242.800000001,Move,705,221
7691257.1000000015,Move,703,222
7691281.199999999,Move,701,223
7691295.199999999,Move,699,224
7691311.3999999985,Move,699,225
7691327.199999999,Move,697,226
7691343.199999999,Move,695,227
7691357,Move,694,228
7691381.199999999,Move,693,230
7691397.3999999985,Move,691,231
7691413.5,Move,690,232
7691427.300000001,Move,689,233
7691443.8999999985,Move,687,235
7691459.199999999,Move,686,236
7691481.3999999985,Move,685,238
7691497.1000000015,Move,683,241
7691512.8999999985,Move,681,245
7691529.199999999,Move,680,247
7691543.6000000015,Move,678,249
7691559.3999999985,Move,677,252
7691575.5,Move,675,253
7691597.199999999,Move,673,257
7691613.300000001,Move,672,259
7691629.1000000015,Move,671,261
7691645,Move,670,262
7691659.1000000015,Move,668,265
7691674.8999999985,Move,667,266
7691691.199999999,Move,666,269
7691713.300000001,Move,665,274
7691729.1000000015,Move,664,279
7691744.699999999,Move,662,283
7691760.6000000015,Move,661,287
7691774.800000001,Move,660,291
7691791.3999999985,Move,659,295
7691807.1000000015,Move,658,298
7691831.199999999,Move,657,303
7691844.8999999985,Move,657,307
7691861.3999999985,Move,656,311
7691877.3999999985,Move,655,313
7691893.3999999985,Move,655,317
7691907.3999999985,Move,654,320
7691930.800000001,Move,653,326
7691945,Move,653,329
7691961.1000000015,Move,653,332
7691977.300000001,Move,653,335
7691993.3999999985,Move,653,336
7692015.1000000015,Move,653,339
7692031.199999999,Move,653,342
7692047,Move,653,345
7692060.699999999,Move,653,347
7692077.300000001,Move,653,350
7692093.3999999985,Move,653,351
7692109,Move,653,353
7692131.5,Move,653,356
7692146.8999999985,Move,654,357
7692163.5,Move,655,359
7692179.5,Move,655,362
7692193.300000001,Move,657,365
7692209,Move,658,368
7692225.5,Move,659,371
7692247.199999999,Move,661,373
7692263,Move,661,375
7692278.8999999985,Move,663,375
7692294.699999999,Move,664,377
7692309.5,Move,665,379
7692324.8999999985,Move,666,380
7692340.8999999985,Move,667,381
7692362.800000001,Move,669,383
7692379.5,Move,670,384
7692395.3999999985,Move,671,385
7692409.5,Move,672,387
7692425.300000001,Move,673,388
7692441.1000000015,Move,674,389
7692464.8999999985,Move,676,391
7692479.6000000015,Move,677,392
7692495.3999999985,Move,678,393
7692511.1000000015,Move,679,394
7692527.3999999985,Move,681,395
7692541.1000000015,Move,683,396
7692557.199999999,Move,685,397
7692581.1000000015,Move,690,400
7692595.3999999985,Move,693,401
7692611.300000001,Move,695,402
7692627.300000001,Move,696,403
7692643.8999999985,Move,697,405
7692664.5,Move,700,406
7692680.6000000015,Move,701,407
7692696.800000001,Move,702,407
7692711,Move,703,409
7692727.3999999985,Move,705,410
7692743.800000001,Move,706,410
7692759.5,Move,708,411
7692781.199999999,Move,711,412
7692797.300000001,Move,713,413
7692813.1000000015,Move,714,413
7692827.300000001,Move,716,414
7692843.300000001,Move,717,415
7692859.199999999,Move,719,415
7692875.3999999985,Move,721,415
7692897.3999999985,Move,722,415
7692912.199999999,Move,723,415
7692929,Move,725,415
7692943.199999999,Move,726,415
7692958.6000000015,Move,728,414
7692982.3999999985,Move,730,414
7692998.300000001,Move,732,413
7693012.1000000015,Move,733,413
7693028.8999999985,Move,735,413
7693044.8999999985,Move,736,413
7693060.8999999985,Move,737,412
7693074.8999999985,Move,739,411
7693091.699999999,Move,740,411
7693112.699999999,Move,743,409
7693128.800000001,Move,744,409
7693144.3999999985,Move,746,407
7693160.300000001,Move,747,407
7693174.199999999,Move,749,405
7693190.699999999,Move,750,405
7693214.699999999,Move,751,404
7693230.8999999985,Move,753,403
7693244.3999999985,Move,754,402
7693261.1000000015,Move,755,401
7693276.6000000015,Move,757,400
7693292.8999999985,Move,758,400
7693307.3999999985,Move,759,399
7693331.1000000015,Move,761,397
7693347.199999999,Move,763,396
7693361.300000001,Move,765,395
7693377.5,Move,767,394
7693393.3999999985,Move,769,393
7693409.6000000015,Move,771,391
7693431.199999999,Move,773,390
7693447.199999999,Move,775,389
7693463.199999999,Move,777,388
7693477.699999999,Move,779,387
7693493.8999999985,Move,779,385
7693509,Move,781,384
7693531.6000000015,Move,784,383
7693547.199999999,Move,787,381
7693563.300000001,Move,789,380
7693579.300000001,Move,793,378
7693593.800000001,Move,795,377
7693609.1000000015,Move,797,376
7693625.1000000015,Move,797,375
7693647.300000001,Move,799,373
7693663.199999999,Move,801,371
7693679.300000001,Move,802,369
7693695.199999999,Move,803,367
7693709.199999999,Move,805,366
7693725.3999999985,Move,807,364
7693741.1000000015,Move,808,362
7693757.3999999985,Move,809,361
7693779.300000001,Move,811,358
7693795.3999999985,Move,812,356
7693811.300000001,Move,813,354
7693825.3999999985,Move,815,352
7693841.199999999,Move,816,349
7693857.3999999985,Move,816,349
7693879.1000000015,Move,818,346
7693895.1000000015,Move,819,344
7693911.3999999985,Move,821,341
7693927.300000001,Move,822,340
7693941.300000001,Move,823,337
7693957.199999999,Move,824,336
7693981.199999999,Move,826,333
7693997.3999999985,Move,827,331
7694011.1000000015,Move,829,328
7694026.8999999985,Move,831,324
7694043.3999999985,Move,832,322
7694059.199999999,Move,834,318
7694081.3999999985,Move,836,312
7694097.199999999,Move,837,311
7694110.699999999,Move,839,308
7694127.199999999,Move,840,305
7694143.300000001,Move,841,303
7694159.199999999,Move,842,301
7694181.3999999985,Move,843,298
7694197.1000000015,Move,844,297
7694204.8999999985,Move,844,297
7694221,Move,845,296
7694274.300000001,Released,845,296
7694854,Released,756,532
