resolution:1536,864
1624488.5,Pressed,759,271
1624492.8999999985,Move,758,270
1624499.8999999985,Move,757,270
1624516.6000000015,Move,756,269
1624538,Move,752,268
1624554,Move,748,268
1624570,Move,745,267
1624586.5,Move,741,267
1624600.3000000007,Move,739,267
1624616,Move,735,267
1624632.6000000015,Move,731,269
1624648.8000000007,Move,727,271
1624670.6000000015,Move,720,275
1624686.3999999985,Move,716,277
1624701.8000000007,Move,713,281
1624718.1000000015,Move,710,285
1624731.8000000007,Move,709,287
1624748.1999999993,Move,707,291
1624772.3000000007,Move,705,297
1624786.6000000015,Move,704,302
1624802,Move,703,306
1624818.3999999985,Move,703,309
1624834.5,Move,703,312
1624848.1999999993,Move,703,315
1624872.3000000007,Move,705,322
1624886.1000000015,Move,707,326
1624902.1000000015,Move,708,331
1624918.1000000015,Move,710,334
1624934.3999999985,Move,711,336
1624948.5,Move,712,337
1624971.8999999985,Move,714,339
1624988.5,Move,715,340
1625004.5,Move,717,340
1625018.1000000015,Move,719,340
1625034.6000000015,Move,721,340
1625050.1999999993,Move,723,340
1625072.1000000015,Move,728,339
1625088.1000000015,Move,733,338
1625104.1000000015,Move,737,336
1625120.6000000015,Move,741,335
1625134.1000000015,Move,745,334
1625150.1999999993,Move,749,333
1625166.1000000015,Move,753,331
1625182.6000000015,Move,757,330
1625203.8999999985,Move,761,328
1625220.3999999985,Move,764,326
1625236.1000000015,Move,766,326
1625250.3000000007,Move,767,325
1625266.3000000007,Move,769,323
1625282.1000000015,Move,770,322
1625304.1000000015,Move,771,319
1625320.3999999985,Move,773,317
1625336.1000000015,Move,774,315
1625352,Move,775,311
1625366.3000000007,Move,775,309
1625382.1999999993,Move,775,306
1625405.6999999993,Move,775,301
1625420.5,Move,774,297
1625436.6999999993,Move,773,294
1625452.5,Move,772,290
1625468.3999999985,Move,771,287
1625482,Move,769,284
1625498.1000000015,Move,767,281
1625522.1000000015,Move,766,278
1625538.3000000007,Move,765,277
1625552,Move,764,276
1625568.5,Move,762,275
1625583.8999999985,Move,761,273
1625600.3000000007,Move,760,273
1625606.1000000015,Move,759,272
1625638.1000000015,Move,758,272
1625654.1000000015,Move,756,271
1625668.1000000015,Move,753,271
1625684.8000000007,Move,751,271
1625685.1000000015,Released,751,271
1626301.8000000007,Released,752,531
