resolution:1536,864
968571,Pressed,682,218
968666.8999999985,Move,681,218
968691.1999999993,Move,680,217
968698.5,Move,679,217
968706.8999999985,Move,676,217
968722.8999999985,Move,671,217
968745.0999999996,Move,667,217
968760.7999999989,Move,664,218
968775.3999999985,Move,661,219
968785.2999999989,Move,660,219
968806.6999999993,Move,657,220
968822.5999999996,Move,656,221
968844.7999999989,Move,654,222
968861,Move,654,222
968876.7999999989,Move,653,223
968890.8999999985,Move,653,223
968907,Move,651,224
968923.1999999993,Move,651,225
968938.8999999985,Move,650,225
968960.5,Move,648,226
968976.5999999996,Move,647,227
968993,Move,646,229
969009.0999999996,Move,645,229
969022.7999999989,Move,643,231
969038.5999999996,Move,642,232
969055.0999999996,Move,641,233
969077.0999999996,Move,639,235
969092.8999999985,Move,638,237
969108.8999999985,Move,637,238
969122.8999999985,Move,636,239
969139,Move,635,240
969155.0999999996,Move,634,242
969171.0999999996,Move,633,243
969193,Move,631,245
969209.0999999996,Move,630,246
969224.8999999985,Move,629,247
969240.6999999993,Move,628,249
969255,Move,627,250
969271.0999999996,Move,625,251
969294.6999999993,Move,624,253
969309,Move,623,256
969325.0999999996,Move,622,258
969340.5999999996,Move,621,259
969355,Move,620,261
969371.1999999993,Move,619,262
969394.8999999985,Move,617,265
969410.7999999989,Move,616,268
969425.0999999996,Move,615,269
969440.7999999989,Move,614,271
969457.0999999996,Move,613,273
969472.8999999985,Move,612,275
969494.5,Move,611,277
969510.5999999996,Move,610,279
969526.7999999989,Move,610,281
969540.6999999993,Move,610,282
969556.6999999993,Move,609,283
969572.6999999993,Move,608,285
969594.5999999996,Move,607,289
969610.6999999993,Move,605,290
969627,Move,604,292
969640.7999999989,Move,603,295
969657.1999999993,Move,602,296
969673,Move,601,299
969689,Move,601,300
969710.8999999985,Move,601,304
969726.7999999989,Move,601,307
969743,Move,601,310
969758.8999999985,Move,601,314
969773,Move,601,317
969788.8999999985,Move,601,319
969804.8999999985,Move,602,321
969826.7999999989,Move,603,325
969842.7999999989,Move,603,327
969858.7999999989,Move,603,329
969874.8999999985,Move,604,331
969889,Move,605,334
969904.6999999993,Move,605,335
969920.7999999989,Move,605,337
969944.5999999996,Move,606,340
969959.2999999989,Move,607,341
969975.1999999993,Move,607,344
969989.0999999996,Move,609,346
970005.2999999989,Move,610,349
970020.7999999989,Move,611,351
970045,Move,612,353
970059.0999999996,Move,613,354
970075.0999999996,Move,615,356
970091.0999999996,Move,616,357
970106.7999999989,Move,617,360
970128.5999999996,Move,621,364
970145,Move,623,366
970160.6999999993,Move,624,367
970174.7999999989,Move,626,368
970191,Move,629,370
970206.5,Move,630,371
970220.8999999985,Move,631,373
970244.7999999989,Move,632,373
970260.6999999993,Move,633,375
970277,Move,635,375
970291.0999999996,Move,636,377
970307.0999999996,Move,638,377
970322.8999999985,Move,642,379
970344.5999999996,Move,648,380
970361,Move,652,381
970376.6999999993,Move,655,382
970392.8999999985,Move,658,383
970407.0999999996,Move,661,383
970423.0999999996,Move,664,384
970439.0999999996,Move,669,384
970461,Move,675,384
970476.7999999989,Move,679,384
970493.0999999996,Move,683,385
970508.5999999996,Move,687,385
970523.0999999996,Move,691,387
970539,Move,694,388
970554.8999999985,Move,699,388
970577.0999999996,Move,704,389
970592.6999999993,Move,706,389
970608.5999999996,Move,708,389
970624.7999999989,Move,709,389
970639.0999999996,Move,711,389
970654.6999999993,Move,713,389
970671.0999999996,Move,713,389
970693,Move,715,389
970709,Move,717,388
970724.8999999985,Move,717,388
970741.0999999996,Move,719,387
970754.8999999985,Move,722,386
970771,Move,726,384
970794.8999999985,Move,729,382
970808.7999999989,Move,732,380
970824.5999999996,Move,733,379
970841,Move,736,378
970857,Move,738,377
970871,Move,739,375
970894.7999999989,Move,741,374
970910.7999999989,Move,743,372
970924.7999999989,Move,744,370
970940.6999999993,Move,745,368
970956.5999999996,Move,747,365
970972.6999999993,Move,749,364
970994.7999999989,Move,750,362
971010.8999999985,Move,751,360
971027.0999999996,Move,753,359
971041,Move,754,357
971057.0999999996,Move,755,355
971072.6999999993,Move,756,353
971094.6999999993,Move,758,349
971110.6999999993,Move,759,348
971127.0999999996,Move,761,347
971142.6999999993,Move,762,345
971156.7999999989,Move,763,341
971172.7999999989,Move,764,339
971189.0999999996,Move,765,336
971210.8999999985,Move,767,331
971226.5999999996,Move,768,329
971243.0999999996,Move,769,327
971259,Move,770,324
971273,Move,771,322
971289,Move,771,319
971305.0999999996,Move,773,317
971326.8999999985,Move,774,316
971342.5999999996,Move,775,313
971359,Move,775,311
971375.0999999996,Move,776,308
971388.5,Move,777,305
971404.8999999985,Move,777,303
971421.0999999996,Move,777,301
971442.6999999993,Move,777,299
971459.1999999993,Move,777,296
971474.8999999985,Move,777,295
971490.8999999985,Move,777,293
971505,Move,777,291
971521,Move,777,289
971544.6999999993,Move,776,285
971561.0999999996,Move,775,281
971575.0999999996,Move,774,278
971591,Move,773,274
971606.8999999985,Move,771,271
971628.7999999989,Move,769,267
971644.6999999993,Move,768,266
971661,Move,767,265
971674.7999999989,Move,766,263
971690.7999999989,Move,765,262
971706.6999999993,Move,764,261
971722.8999999985,Move,763,260
971745,Move,761,258
971760.7999999989,Move,760,257
971777,Move,759,256
971791,Move,758,255
971806.5999999996,Move,757,254
971822.7999999989,Move,755,253
971839.0999999996,Move,755,252
971861,Move,753,250
971876.7999999989,Move,751,249
971893.0999999996,Move,751,248
971906.8999999985,Move,750,247
971923.1999999993,Move,749,246
971938.6999999993,Move,747,245
971961.0999999996,Move,745,243
971977,Move,743,242
971992.5,Move,741,240
972008.6999999993,Move,739,239
972022.7999999989,Move,739,238
972038.5,Move,737,237
972054.6999999993,Move,735,235
972078.6999999993,Move,731,234
972092.6999999993,Move,729,233
972109,Move,727,231
972124.7999999989,Move,725,230
972138.6999999993,Move,723,229
972154.6999999993,Move,721,228
972178.8999999985,Move,717,227
972192.8999999985,Move,715,226
972208.5,Move,712,225
972225,Move,711,224
972240.6999999993,Move,708,224
972254.5,Move,705,224
972270.5,Move,703,223
972295,Move,702,223
972311,Move,700,223
972324.8999999985,Move,699,223
972340.8999999985,Move,697,223
972356.5999999996,Move,696,222
972378.7999999989,Move,694,221
972394.8999999985,Move,691,221
972411,Move,689,221
972427,Move,687,221
972440.8999999985,Move,686,221
972456.8999999985,Move,685,221
972478.7999999989,Move,683,221
972580.7999999989,Released,683,221
973144.6999999993,Released,747,523
