resolution:1536,864
80021.59999999776,Pressed,0.4205729166666667,0.17824074074074073
80098.30000000075,Move,0.4205729166666667,0.17708333333333334
80228.5,Move,0.4205729166666667,0.17708333333333334
80282.80000000075,Move,0.4205729166666667,0.17708333333333334
80352.30000000075,Move,0.419921875,0.17708333333333334
80391.89999999851,Move,0.419921875,0.17708333333333334
80430.19999999925,Move,0.4192708333333333,0.17708333333333334
80468.30000000075,Move,0.4186197916666667,0.17708333333333334
80547.30000000075,Move,0.4186197916666667,0.17708333333333334
82025.09999999776,Move,0.41796875,0.17708333333333334
82095.19999999925,Move,0.41796875,0.17708333333333334
82127.09999999776,Move,0.4173177083333333,0.17708333333333334
82134.80000000075,Move,0.4173177083333333,0.17708333333333334
82156.89999999851,Move,0.4166666666666667,0.17708333333333334
82180.80000000075,Move,0.416015625,0.17708333333333334
82203.30000000075,Move,0.416015625,0.17708333333333334
82210.80000000075,Move,0.4153645833333333,0.17824074074074073
82235.30000000075,Move,0.4153645833333333,0.17824074074074073
82273.09999999776,Move,0.4147135416666667,0.17824074074074073
82289.09999999776,Move,0.4147135416666667,0.17939814814814814
82305.09999999776,Move,0.4140625,0.17939814814814814
82327.30000000075,Move,0.4134114583333333,0.18055555555555555
82351.19999999925,Move,0.4134114583333333,0.18055555555555555
82366.89999999851,Move,0.4127604166666667,0.18055555555555555
82374.89999999851,Move,0.4127604166666667,0.18055555555555555
82396.69999999925,Move,0.412109375,0.18171296296296297
82443.09999999776,Move,0.412109375,0.18171296296296297
82459.19999999925,Move,0.4114583333333333,0.18171296296296297
82513.19999999925,Move,0.4108072916666667,0.18287037037037038
82558.80000000075,Move,0.4108072916666667,0.1840277777777778
82583.09999999776,Move,0.41015625,0.1840277777777778
82653.09999999776,Move,0.41015625,0.18518518518518517
82715.19999999925,Move,0.4095052083333333,0.18518518518518517
82760.69999999925,Move,0.4095052083333333,0.1863425925925926
82785.19999999925,Move,0.4088541666666667,0.1875
82807.09999999776,Move,0.4088541666666667,0.1886574074074074
82814.80000000075,Move,0.408203125,0.1886574074074074
82867.5,Move,0.408203125,0.18981481481481483
82876.19999999925,Move,0.408203125,0.18981481481481483
82907.39999999851,Move,0.408203125,0.18981481481481483
82929.5,Move,0.408203125,0.18981481481481483
82945.80000000075,Move,0.408203125,0.1909722222222222
82991.30000000075,Move,0.4075520833333333,0.1909722222222222
83045.59999999776,Move,0.4075520833333333,0.19212962962962962
83108.30000000075,Move,0.4069010416666667,0.19212962962962962
83132,Move,0.4069010416666667,0.19328703703703703
83186.19999999925,Move,0.4069010416666667,0.19328703703703703
83208.30000000075,Move,0.4069010416666667,0.19328703703703703
83232.30000000075,Move,0.4069010416666667,0.19444444444444445
83293.80000000075,Move,0.4069010416666667,0.19444444444444445
83309.59999999776,Move,0.40625,0.19444444444444445
83325.5,Move,0.40625,0.19560185185185186
83372,Move,0.40625,0.19560185185185186
83388.09999999776,Move,0.4055989583333333,0.19675925925925927
83434.39999999851,Move,0.4055989583333333,0.19791666666666666
83450.39999999851,Move,0.4055989583333333,0.19791666666666666
83456.09999999776,Move,0.4055989583333333,0.19791666666666666
83495.80000000075,Move,0.4055989583333333,0.19907407407407407
83518.19999999925,Move,0.4055989583333333,0.19907407407407407
83550.19999999925,Move,0.4055989583333333,0.20023148148148148
83580.09999999776,Move,0.4055989583333333,0.20023148148148148
83612.30000000075,Move,0.4055989583333333,0.2013888888888889
83658.09999999776,Move,0.4049479166666667,0.2025462962962963
83679.89999999851,Move,0.4049479166666667,0.2025462962962963
83774.80000000075,Move,0.4049479166666667,0.2037037037037037
83820.59999999776,Move,0.4049479166666667,0.2037037037037037
83860.59999999776,Move,0.4049479166666667,0.2048611111111111
83898.5,Move,0.404296875,0.2048611111111111
83923,Move,0.404296875,0.20717592592592593
83944.5,Move,0.404296875,0.20833333333333334
83960.39999999851,Move,0.404296875,0.20833333333333334
83976.19999999925,Move,0.404296875,0.20949074074074073
83992.59999999776,Move,0.404296875,0.21064814814814814
84005.89999999851,Move,0.4049479166666667,0.21180555555555555
84022.80000000075,Move,0.4055989583333333,0.21296296296296297
84038.59999999776,Move,0.4055989583333333,0.21412037037037038
84060.39999999851,Move,0.40625,0.21643518518518517
84076.5,Move,0.40625,0.21643518518518517
84138.80000000075,Move,0.40625,0.21643518518518517
84185.30000000075,Move,0.4069010416666667,0.21643518518518517
84217.30000000075,Move,0.4069010416666667,0.2175925925925926
84387.09999999776,Move,0.4069010416666667,0.2175925925925926
84417.09999999776,Move,0.4069010416666667,0.2175925925925926
84440.59999999776,Move,0.4069010416666667,0.21875
84465.19999999925,Move,0.4075520833333333,0.21875
84486.89999999851,Move,0.408203125,0.2199074074074074
84540.89999999851,Move,0.408203125,0.22106481481481483
84564.59999999776,Move,0.4088541666666667,0.22106481481481483
84595.19999999925,Move,0.4088541666666667,0.22106481481481483
84618.59999999776,Move,0.4088541666666667,0.22106481481481483
84665.30000000075,Move,0.4095052083333333,0.22106481481481483
84680.89999999851,Move,0.4095052083333333,0.2222222222222222
84719,Move,0.4095052083333333,0.2222222222222222
84734.69999999925,Move,0.4095052083333333,0.2222222222222222
84757,Move,0.41015625,0.2222222222222222
84797.30000000075,Move,0.4108072916666667,0.22337962962962962
84805.09999999776,Move,0.4108072916666667,0.22337962962962962
84812.89999999851,Move,0.4114583333333333,0.22337962962962962
84827.69999999925,Move,0.4114583333333333,0.22453703703703703
84834.59999999776,Move,0.412109375,0.22453703703703703
84867.19999999925,Move,0.4127604166666667,0.22569444444444445
84880.80000000075,Move,0.4134114583333333,0.22569444444444445
84897.19999999925,Move,0.4140625,0.22569444444444445
84912.80000000075,Move,0.4140625,0.22685185185185186
84928.59999999776,Move,0.4140625,0.22800925925925927
84943.19999999925,Move,0.4147135416666667,0.22800925925925927
84950.80000000075,Move,0.4147135416666667,0.22800925925925927
84975.09999999776,Move,0.4153645833333333,0.22800925925925927
85007,Move,0.416015625,0.22916666666666666
85028.30000000075,Move,0.416015625,0.22916666666666666
85044.30000000075,Move,0.4166666666666667,0.22916666666666666
85074.59999999776,Move,0.4166666666666667,0.23032407407407407
85098.30000000075,Move,0.4173177083333333,0.23032407407407407
85120.30000000075,Move,0.4173177083333333,0.23032407407407407
85128,Move,0.41796875,0.23032407407407407
85176.30000000075,Move,0.4186197916666667,0.23032407407407407
85236.89999999851,Move,0.4186197916666667,0.23032407407407407
85277.19999999925,Move,0.4192708333333333,0.23032407407407407
85298.80000000075,Move,0.4192708333333333,0.23032407407407407
85338.89999999851,Move,0.419921875,0.23032407407407407
85376.89999999851,Move,0.419921875,0.23032407407407407
85416.5,Move,0.4205729166666667,0.23032407407407407
85438.80000000075,Move,0.4212239583333333,0.23032407407407407
85462.89999999851,Move,0.4212239583333333,0.23032407407407407
85501,Move,0.421875,0.23032407407407407
85508.69999999925,Move,0.421875,0.23032407407407407
85533,Move,0.4225260416666667,0.23032407407407407
85586.89999999851,Move,0.4225260416666667,0.23032407407407407
85616.80000000075,Move,0.4231770833333333,0.23032407407407407
85648.59999999776,Move,0.423828125,0.23032407407407407
85748.69999999925,Move,0.423828125,0.23032407407407407
85810.80000000075,Move,0.4251302083333333,0.23032407407407407
85840.69999999925,Move,0.4251302083333333,0.23032407407407407
85894.59999999776,Move,0.4264322916666667,0.23032407407407407
85902.09999999776,Move,0.4264322916666667,0.23032407407407407
85942.39999999851,Move,0.4264322916666667,0.23032407407407407
85980.89999999851,Move,0.4270833333333333,0.23032407407407407
85988.39999999851,Move,0.427734375,0.22916666666666666
86004.09999999776,Move,0.427734375,0.22916666666666666
86027,Move,0.4290364583333333,0.22916666666666666
86050.5,Move,0.4290364583333333,0.22916666666666666
86058.69999999925,Move,0.4296875,0.22916666666666666
86072.80000000075,Move,0.4303385416666667,0.22800925925925927
86096.89999999851,Move,0.4303385416666667,0.22800925925925927
86128.89999999851,Move,0.4309895833333333,0.22800925925925927
86166.09999999776,Move,0.431640625,0.22800925925925927
86182.30000000075,Move,0.431640625,0.22800925925925927
86196.39999999851,Move,0.4322916666666667,0.22800925925925927
86212.39999999851,Move,0.4329427083333333,0.22800925925925927
86228.19999999925,Move,0.4329427083333333,0.22800925925925927
86235.89999999851,Move,0.4329427083333333,0.22685185185185186
86266.30000000075,Move,0.4342447916666667,0.22685185185185186
86282.19999999925,Move,0.4342447916666667,0.22685185185185186
86298.19999999925,Move,0.4348958333333333,0.22685185185185186
86312.30000000075,Move,0.435546875,0.22569444444444445
86352.39999999851,Move,0.435546875,0.22569444444444445
86376.19999999925,Move,0.4361979166666667,0.22569444444444445
86414.5,Move,0.4361979166666667,0.22453703703703703
86452.39999999851,Move,0.4368489583333333,0.22453703703703703
86506.5,Move,0.4368489583333333,0.22453703703703703
86530.59999999776,Move,0.4368489583333333,0.22337962962962962
86546.39999999851,Move,0.4375,0.22337962962962962
86560.39999999851,Move,0.4375,0.2222222222222222
86592.19999999925,Move,0.4381510416666667,0.2222222222222222
86608.39999999851,Move,0.4381510416666667,0.22106481481481483
86630.30000000075,Move,0.4381510416666667,0.22106481481481483
86654.59999999776,Move,0.4381510416666667,0.22106481481481483
86670.19999999925,Move,0.4381510416666667,0.2199074074074074
86675.89999999851,Move,0.4388020833333333,0.2199074074074074
86700.5,Move,0.4388020833333333,0.21875
86724.30000000075,Move,0.4388020833333333,0.21875
86746,Move,0.4388020833333333,0.21875
86784.39999999851,Move,0.4388020833333333,0.2175925925925926
86848.30000000075,Move,0.4388020833333333,0.21643518518518517
86870.09999999776,Move,0.439453125,0.21643518518518517
86948.39999999851,Move,0.439453125,0.21643518518518517
87002.39999999851,Move,0.439453125,0.21643518518518517
87026.30000000075,Move,0.439453125,0.2152777777777778
87103.30000000075,Move,0.439453125,0.2152777777777778
87180.80000000075,Move,0.439453125,0.21412037037037038
87188.80000000075,Move,0.4401041666666667,0.21412037037037038
87218.59999999776,Move,0.4401041666666667,0.21412037037037038
87251.09999999776,Move,0.4407552083333333,0.21296296296296297
87321.09999999776,Move,0.4407552083333333,0.21180555555555555
87343.09999999776,Move,0.4407552083333333,0.21180555555555555
87421,Move,0.4407552083333333,0.21064814814814814
87569.09999999776,Move,0.4407552083333333,0.21064814814814814
87623.09999999776,Move,0.4407552083333333,0.20949074074074073
87699,Move,0.4407552083333333,0.20949074074074073
87769,Move,0.4407552083333333,0.20833333333333334
87784.80000000075,Move,0.4407552083333333,0.20717592592592593
87793.30000000075,Move,0.4407552083333333,0.20717592592592593
87815.19999999925,Move,0.4407552083333333,0.20601851851851852
87830.80000000075,Move,0.4407552083333333,0.20601851851851852
87855,Move,0.4407552083333333,0.2048611111111111
87917.19999999925,Move,0.4407552083333333,0.2048611111111111
88040.89999999851,Move,0.4407552083333333,0.2037037037037037
88116.89999999851,Move,0.4407552083333333,0.2025462962962963
88141.19999999925,Move,0.4407552083333333,0.2025462962962963
88165.19999999925,Move,0.4407552083333333,0.2013888888888889
88219.19999999925,Move,0.4407552083333333,0.2013888888888889
88265.30000000075,Move,0.4407552083333333,0.20023148148148148
88341,Move,0.4407552083333333,0.20023148148148148
88380.80000000075,Move,0.4407552083333333,0.19907407407407407
88418.39999999851,Move,0.4407552083333333,0.19791666666666666
88480.59999999776,Move,0.4407552083333333,0.19791666666666666
88505.09999999776,Move,0.4407552083333333,0.19791666666666666
88574.59999999776,Move,0.4401041666666667,0.19675925925925927
88597,Move,0.4401041666666667,0.19675925925925927
88613.19999999925,Move,0.4401041666666667,0.19560185185185186
88651.30000000075,Move,0.439453125,0.19560185185185186
88705.19999999925,Move,0.439453125,0.19444444444444445
88753.19999999925,Move,0.439453125,0.19444444444444445
88783.09999999776,Move,0.439453125,0.19328703703703703
88829.09999999776,Move,0.439453125,0.19328703703703703
88853.19999999925,Move,0.4388020833333333,0.19328703703703703
88868.89999999851,Move,0.4388020833333333,0.19328703703703703
88884.89999999851,Move,0.4388020833333333,0.19328703703703703
88923.30000000075,Move,0.4388020833333333,0.19212962962962962
88945.19999999925,Move,0.4381510416666667,0.19212962962962962
88984.89999999851,Move,0.4381510416666667,0.1909722222222222
89023.30000000075,Move,0.4381510416666667,0.1909722222222222
89046.80000000075,Move,0.4381510416666667,0.1909722222222222
89122.89999999851,Move,0.4375,0.18981481481481483
89146.89999999851,Move,0.4375,0.1886574074074074
89184.89999999851,Move,0.4368489583333333,0.1886574074074074
89232.69999999925,Move,0.4368489583333333,0.1886574074074074
89262.09999999776,Move,0.4368489583333333,0.1886574074074074
89286.59999999776,Move,0.4368489583333333,0.1886574074074074
89333.09999999776,Move,0.4361979166666667,0.1886574074074074
89410.5,Move,0.4361979166666667,0.1875
89433.39999999851,Move,0.4361979166666667,0.1875
89465,Move,0.4361979166666667,0.1863425925925926
89472.69999999925,Move,0.435546875,0.1863425925925926
89543.30000000075,Move,0.435546875,0.1863425925925926
89565.19999999925,Move,0.4348958333333333,0.1863425925925926
89573.19999999925,Move,0.4342447916666667,0.1863425925925926
89643.09999999776,Move,0.4342447916666667,0.18518518518518517
89673.30000000075,Move,0.4342447916666667,0.18518518518518517
89735.19999999925,Move,0.43359375,0.18518518518518517
89775.30000000075,Move,0.43359375,0.18518518518518517
89797.09999999776,Move,0.43359375,0.1840277777777778
89851,Move,0.4329427083333333,0.1840277777777778
89921,Move,0.4329427083333333,0.1840277777777778
89998.89999999851,Move,0.4322916666666667,0.1840277777777778
90052.69999999925,Move,0.431640625,0.1840277777777778
90123,Move,0.431640625,0.1840277777777778
90152.59999999776,Move,0.431640625,0.1840277777777778
90177.19999999925,Move,0.4309895833333333,0.1840277777777778
90231.09999999776,Move,0.4309895833333333,0.1840277777777778
90247.19999999925,Move,0.4303385416666667,0.1840277777777778
90277.30000000075,Move,0.4303385416666667,0.1840277777777778
90316.69999999925,Move,0.4296875,0.1840277777777778
90331,Move,0.4296875,0.1840277777777778
90338.09999999776,Move,0.4290364583333333,0.1840277777777778
90376.5,Move,0.4290364583333333,0.1840277777777778
90438.5,Move,0.4283854166666667,0.1840277777777778
90492.80000000075,Move,0.4283854166666667,0.1840277777777778
90516.59999999776,Move,0.4283854166666667,0.18287037037037038
90532.69999999925,Move,0.427734375,0.18287037037037038
90554.39999999851,Move,0.427734375,0.18287037037037038
90610.5,Move,0.4270833333333333,0.18287037037037038
90672.80000000075,Move,0.4264322916666667,0.18171296296296297
90694,Move,0.4264322916666667,0.18171296296296297
90757,Move,0.42578125,0.18171296296296297
90810.80000000075,Move,0.42578125,0.18171296296296297
90881.19999999925,Move,0.4251302083333333,0.18171296296296297
90934.80000000075,Move,0.4251302083333333,0.18171296296296297
90989,Move,0.4251302083333333,0.18171296296296297
91037.09999999776,Move,0.4244791666666667,0.18171296296296297
91050.80000000075,Move,0.423828125,0.18171296296296297
91058.30000000075,Move,0.423828125,0.18171296296296297
91104.5,Move,0.423828125,0.18055555555555555
91128.09999999776,Move,0.4231770833333333,0.18055555555555555
91166.5,Move,0.4231770833333333,0.18055555555555555
91245.39999999851,Move,0.4225260416666667,0.18055555555555555
91315.19999999925,Move,0.4225260416666667,0.17939814814814814
91562,Released,0.4225260416666667,0.17939814814814814
92465.69999999925,Released,0.48046875,0.6006944444444444