resolution:1536,864
30456.600000000093,Pressed,745,241
30460.399999999907,Move,745,240
30476.5,Move,742,239
30493.30000000028,Move,739,238
30509,Move,733,236
30523.100000000093,Move,728,235
30546.700000000186,Move,720,235
30562.5,Move,715,236
30576.399999999907,Move,711,237
30592.80000000028,Move,707,239
30609.100000000093,Move,702,242
30624.399999999907,Move,698,245
30647,Move,691,250
30662.700000000186,Move,687,253
30679.399999999907,Move,685,254
30694.899999999907,Move,682,257
30708.399999999907,Move,678,260
30724.399999999907,Move,675,263
30747.100000000093,Move,669,269
30762.5,Move,665,273
30778.399999999907,Move,662,277
30795.30000000028,Move,659,281
30808.30000000028,Move,655,286
30825,Move,653,291
30841,Move,651,295
30856.80000000028,Move,649,300
30878.899999999907,Move,647,307
30895.700000000186,Move,645,311
30911.5,Move,644,316
30927.30000000028,Move,642,320
30941.100000000093,Move,641,324
30957.200000000186,Move,641,329
30973.399999999907,Move,641,334
30995.200000000186,Move,641,342
31011.200000000186,Move,641,346
31027.100000000093,Move,641,351
31043.200000000186,Move,642,355
31057.5,Move,643,359
31073.30000000028,Move,643,363
31095.700000000186,Move,645,370
31111.5,Move,646,375
31127.30000000028,Move,648,379
31143.399999999907,Move,649,383
31156.80000000028,Move,651,388
31173.100000000093,Move,652,392
31189,Move,654,396
31213.30000000028,Move,656,401
31227,Move,657,404
31243.700000000186,Move,659,407
31259.399999999907,Move,661,408
31275.100000000093,Move,664,410
31289.700000000186,Move,666,411
31313.399999999907,Move,672,414
31329.30000000028,Move,676,414
31343.100000000093,Move,680,415
31359.5,Move,684,416
31375.200000000186,Move,689,417
31396.899999999907,Move,697,416
31413.100000000093,Move,704,415
31429.30000000028,Move,711,414
31445.5,Move,721,412
31459.5,Move,731,409
31475.200000000186,Move,738,406
31491.700000000186,Move,743,403
31513.200000000186,Move,750,401
31529.5,Move,755,398
31545.80000000028,Move,759,396
31561.700000000186,Move,763,393
31575.100000000093,Move,765,390
31591.700000000186,Move,769,387
31607.700000000186,Move,771,382
31623.399999999907,Move,775,377
31645.5,Move,780,368
31661.5,Move,783,362
31677.5,Move,787,356
31691.399999999907,Move,789,351
31707.200000000186,Move,790,346
31723.30000000028,Move,792,341
31745.100000000093,Move,793,333
31761.5,Move,793,327
31776.80000000028,Move,793,321
31792.399999999907,Move,793,316
31806.5,Move,793,310
31823,Move,793,305
31839.200000000186,Move,792,299
31861.30000000028,Move,792,292
31877.100000000093,Move,792,287
31892.899999999907,Move,791,282
31909,Move,791,278
31922.80000000028,Move,789,275
31946.5,Move,787,269
31962.700000000186,Move,786,265
31978.5,Move,784,262
31992.80000000028,Move,783,259
32009,Move,781,257
32025.100000000093,Move,779,256
32047.200000000186,Move,775,254
32062.399999999907,Move,771,251
32078.899999999907,Move,769,250
32092.30000000028,Move,766,249
32108.899999999907,Move,762,247
32124.899999999907,Move,757,246
32141.100000000093,Move,752,245
32163.200000000186,Move,746,243
32179.200000000186,Move,743,242
32194.399999999907,Move,743,241
32202.700000000186,Move,742,241
32233.100000000093,Move,741,241
32240.600000000093,Move,741,240
32256.80000000028,Move,740,240
32273.30000000028,Move,739,241
32273.700000000186,Released,739,241
32820.700000000186,Released,749,531
