resolution:1536,864
65936.70000000019,Pressed,847,193
66117,Move,844,193
66130.90000000037,Move,835,189
66145.70000000019,Move,822,183
66160.5,Move,807,179
66182.5,Move,789,176
66197.40000000037,Move,777,174
66211.6000000001,Move,765,174
66227.80000000028,Move,753,177
66248.80000000028,Move,738,180
66263.70000000019,Move,725,185
66278.1000000001,Move,716,189
66293,Move,708,193
66314.6000000001,Move,696,202
66328.80000000028,Move,690,207
66345,Move,684,213
66358.70000000019,Move,678,219
66380.30000000028,Move,673,227
66395.6000000001,Move,669,231
66409.90000000037,Move,666,237
66432.1000000001,Move,661,245
66446.6000000001,Move,660,253
66461,Move,658,260
66476.1000000001,Move,655,269
66498.30000000028,Move,655,280
66512.70000000019,Move,655,290
66527.80000000028,Move,655,301
66542.20000000019,Move,657,309
66565,Move,659,322
66579.30000000028,Move,661,329
66594.40000000037,Move,663,337
66615.30000000028,Move,667,348
66630.1000000001,Move,669,353
66645.6000000001,Move,671,358
66660.20000000019,Move,674,363
66682.1000000001,Move,677,369
66696.70000000019,Move,680,372
66711.1000000001,Move,682,375
66726.20000000019,Move,684,378
66748.20000000019,Move,687,381
66762.5,Move,689,383
66777.30000000028,Move,692,385
66799.1000000001,Move,696,389
66814.30000000028,Move,698,390
66828.80000000028,Move,702,394
66843.80000000028,Move,703,395
66858.40000000037,Move,705,396
66880,Move,708,399
66894.90000000037,Move,711,401
66909.70000000019,Move,712,403
66931.30000000028,Move,716,404
66946.5,Move,718,406
66961.30000000028,Move,721,407
66982.80000000028,Move,725,409
66997.70000000019,Move,729,411
67012.30000000028,Move,734,411
67027.30000000028,Move,738,411
67048.80000000028,Move,745,411
67063.70000000019,Move,749,411
67078.6000000001,Move,754,411
67093.30000000028,Move,759,410
67115.6000000001,Move,769,407
67130.30000000028,Move,775,406
67144.80000000028,Move,780,404
67159.5,Move,783,402
67181.6000000001,Move,789,400
67196.30000000028,Move,792,399
67210.70000000019,Move,797,395
67226.1000000001,Move,803,392
67247.40000000037,Move,809,388
67262.20000000019,Move,812,386
67276.5,Move,815,385
67299.40000000037,Move,820,380
67314,Move,824,377
67328.1000000001,Move,828,373
67342.80000000028,Move,831,371
67365.1000000001,Move,837,365
67380.1000000001,Move,840,360
67393.80000000028,Move,843,355
67409.70000000019,Move,847,350
67431.40000000037,Move,852,342
67445.40000000037,Move,855,337
67460.5,Move,858,330
67482.40000000037,Move,862,316
67497.1000000001,Move,864,308
67511.80000000028,Move,865,299
67526.5,Move,867,292
67548.70000000019,Move,870,280
67563.30000000028,Move,870,273
67577.90000000037,Move,870,268
67592.20000000019,Move,871,263
67615.30000000028,Move,872,255
67628.90000000037,Move,872,250
67644.70000000019,Move,872,245
67659.1000000001,Move,872,240
67680.6000000001,Move,872,233
67695.6000000001,Move,872,229
67709.90000000037,Move,872,224
67732.30000000028,Move,871,219
67747,Move,870,216
67761.6000000001,Move,868,213
67776.20000000019,Move,867,209
67798.80000000028,Move,865,205
67813.20000000019,Move,864,203
67827.5,Move,863,200
67842.30000000028,Move,861,197
67864.90000000037,Move,858,194
67879.40000000037,Move,855,192
67886.20000000019,Move,854,191
67892.90000000037,Released,854,191
69539.6000000001,Released,745,542
70098.1000000001,Released,735,530
70485.20000000019,Released,735,530
