resolution:1536,864
441410.5,Pressed,657,259
441416.09999999986,Move,659,258
441430.8999999999,Move,662,253
441453,Move,670,246
441468.8999999999,Move,677,241
441485,Move,685,235
441501,Move,697,229
441600.8999999999,Move,795,230
441862.8999999999,Move,864,392
441886.8999999999,Move,857,399
441902.8999999999,Move,852,401
441917,Move,847,403
441932.8999999999,Move,842,406
441948.8999999999,Move,835,410
441965,Move,823,414
441986.8999999999,Move,799,421
442002.8999999999,Move,786,424
442019,Move,777,427
442034.8999999999,Move,768,429
442048.8999999999,Move,761,430
442064.8999999999,Move,749,432
442086.8999999999,Move,724,434
442102.80000000005,Move,708,434
442119,Move,692,434
442134.8999999999,Move,679,433
442148.8999999999,Move,669,432
442164.8999999999,Move,662,428
442181,Move,655,421
442205,Move,644,410
442218.8999999999,Move,636,399
442235.09999999986,Move,630,390
442250.8999999999,Move,627,380
442267,Move,621,368
442280.8999999999,Move,620,357
442304.8999999999,Move,616,337
442321,Move,614,326
442334.8999999999,Move,612,317
442350.8999999999,Move,611,309
442366.80000000005,Move,612,302
442383.09999999986,Move,613,295
442405.19999999995,Move,621,281
442420.8999999999,Move,626,274
442437.59999999986,Move,631,268
442451,Move,635,263
442467.3999999999,Move,640,259
442483.3999999999,Move,649,255
442497.30000000005,Move,662,249
442520.8999999999,Move,679,245
442537.80000000005,Move,686,243
442553.80000000005,Move,692,240
442568.3999999999,Move,697,239
442583.80000000005,Move,700,238
442600.09999999986,Move,701,238
442607.19999999995,Released,701,238
443365.09999999986,Released,739,531
