resolution:1536,864
5167220.1000000015,Pressed,854,341
5167317.6000000015,Move,854,344
5167325.699999999,Move,853,347
5167331.5,Move,853,349
5167347.6000000015,Move,852,354
5167363.699999999,Move,851,358
5167380.3999999985,Move,849,363
5167401.800000001,Move,846,369
5167417.3999999985,Move,842,374
5167434,Move,839,377
5167449.300000001,Move,836,380
5167463.6000000015,Move,833,383
5167479.800000001,Move,830,385
5167501.800000001,Move,825,389
5167517.6000000015,Move,821,390
5167533.699999999,Move,819,392
5167549.6000000015,Move,814,393
5167563.6000000015,Move,810,395
5167579.800000001,Move,805,396
5167603.5,Move,800,398
5167619.6000000015,Move,795,400
5167633.5,Move,791,401
5167649.8999999985,Move,787,403
5167665.5,Move,782,403
5167681.699999999,Move,779,403
5167703.6000000015,Move,773,403
5167719.6000000015,Move,768,404
5167735.800000001,Move,764,405
5167749.800000001,Move,759,405
5167765.800000001,Move,755,405
5167781.6000000015,Move,752,405
5167797.5,Move,749,405
5167819.3999999985,Move,746,405
5167835.3999999985,Move,743,406
5167851.6000000015,Move,740,406
5167867.699999999,Move,737,406
5167881.699999999,Move,733,407
5167897.800000001,Move,730,408
5167913.8999999985,Move,725,408
5167935.5,Move,720,408
5167951.699999999,Move,717,408
5167967.300000001,Move,713,407
5167981.800000001,Move,711,407
5167997.800000001,Move,708,406
5168013.800000001,Move,707,405
5168035.3999999985,Move,703,404
5168051.800000001,Move,702,403
5168067.699999999,Move,699,402
5168083.5,Move,696,401
5168097.5,Move,694,399
5168113.6000000015,Move,693,397
5168129.800000001,Move,691,396
5168153.5,Move,689,393
5168167.3999999985,Move,688,392
5168183.3999999985,Move,687,390
5168199.699999999,Move,686,389
5168215.3999999985,Move,685,388
5168229.699999999,Move,683,385
5168253.800000001,Move,682,383
5168269.800000001,Move,680,379
5168283.699999999,Move,679,376
5168299.699999999,Move,678,373
5168315.6000000015,Move,676,370
5168329.5,Move,675,366
5168353.3999999985,Move,674,360
5168369.3999999985,Move,673,356
5168385.6000000015,Move,673,351
5168399.5,Move,673,347
5168415.6000000015,Move,673,343
5168431.699999999,Move,673,339
5168453.699999999,Move,673,332
5168469.3999999985,Move,673,327
5168485.8999999985,Move,674,321
5168501.3999999985,Move,674,316
5168515.6000000015,Move,674,310
5168531.5,Move,674,304
5168547.800000001,Move,673,299
5168569.3999999985,Move,673,291
5168585.3999999985,Move,674,286
5168601.5,Move,674,282
5168617.5,Move,674,277
5168631.699999999,Move,676,275
5168647.5,Move,677,271
5168663.6000000015,Move,679,267
5168679.5,Move,680,263
5168701.6000000015,Move,683,258
5168717.699999999,Move,684,256
5168733.5,Move,687,253
5168749.5,Move,689,251
5168763.699999999,Move,691,248
5168779.6000000015,Move,693,247
5168795.8999999985,Move,696,244
5168817.300000001,Move,699,243
5168833.3999999985,Move,702,242
5168849.8999999985,Move,705,240
5168863.6000000015,Move,708,239
5168879.699999999,Move,713,237
5168903.699999999,Move,719,235
5168917.800000001,Move,725,234
5168933.3999999985,Move,729,232
5168949.3999999985,Move,735,230
5168965.3999999985,Move,741,229
5168979.5,Move,747,227
5169003.800000001,Move,757,224
5169019.699999999,Move,762,222
5169035.5,Move,767,221
5169049.199999999,Move,771,219
5169065.199999999,Move,775,219
5169081.300000001,Move,780,218
5169103.5,Move,785,218
5169119.6000000015,Move,790,218
5169135.800000001,Move,794,219
5169149.699999999,Move,798,220
5169165.6000000015,Move,803,221
5169181.6000000015,Move,808,223
5169197.699999999,Move,811,223
5169219.199999999,Move,818,226
5169235.800000001,Move,823,228
5169251.800000001,Move,827,230
5169267.699999999,Move,830,231
5169281.699999999,Move,833,233
5169297.199999999,Move,835,235
5169313.1000000015,Move,838,237
5169335.5,Move,844,244
5169351.5,Move,846,247
5169367.3999999985,Move,849,251
5169383.5,Move,850,253
5169397.699999999,Move,852,256
5169413.199999999,Move,853,259
5169429.699999999,Move,856,263
5169451.5,Move,857,269
5169466.8999999985,Move,858,273
5169483.800000001,Move,859,278
5169499.699999999,Move,859,280
5169513.300000001,Move,859,284
5169529.699999999,Move,859,287
5169553.300000001,Move,860,293
5169567.300000001,Move,861,296
5169583.300000001,Move,863,301
5169599.800000001,Move,865,305
5169615.6000000015,Move,865,309
5169629.3999999985,Move,866,313
5169653.800000001,Move,867,318
5169669.3999999985,Move,867,321
5169683.6000000015,Move,867,322
5169699.5,Move,867,324
5169715.6000000015,Move,867,326
5169731.800000001,Move,867,328
5169753.699999999,Move,867,331
5169769.6000000015,Move,865,332
5169785.5,Move,865,333
5169801.699999999,Move,864,335
5169807.699999999,Move,864,335
5169823.5,Move,863,336
5169847.800000001,Move,863,337
5169869.3999999985,Move,861,339
5169885.5,Move,861,340
5169901.6000000015,Move,861,341
5169917.8999999985,Move,861,341
5169931.8999999985,Move,861,341
5169947.8999999985,Move,860,342
5169955.300000001,Released,860,342
5170511.300000001,Released,754,536
