resolution:1536,864
97812.30000000075,Pressed,759,200
97816.30000000075,Move,759,199
97845.10000000149,Move,757,198
97853.80000000075,Move,757,198
97870,Move,755,197
97892.19999999925,Move,748,195
97907.19999999925,Move,744,194
97923.60000000149,Move,739,193
97939.5,Move,736,191
97953.89999999851,Move,733,190
97969.60000000149,Move,728,188
97985.30000000075,Move,724,187
98007.69999999925,Move,717,187
98024.19999999925,Move,713,187
98031.30000000075,Move,711,187
98055.69999999925,Move,705,186
98070,Move,702,186
98086.60000000149,Move,697,186
98101.60000000149,Move,692,188
98123.80000000075,Move,686,189
98139.89999999851,Move,681,191
98156.30000000075,Move,677,192
98172.5,Move,673,194
98186.39999999851,Move,670,194
98202.30000000075,Move,666,196
98226,Move,663,198
98242.10000000149,Move,661,199
98256.5,Move,659,200
98272.19999999925,Move,657,201
98287.69999999925,Move,655,203
98309.89999999851,Move,653,204
98326.30000000075,Move,651,205
98341.80000000075,Move,649,208
98355.30000000075,Move,646,209
98371.19999999925,Move,643,211
98387.80000000075,Move,640,213
98403.80000000075,Move,639,214
98425.89999999851,Move,636,217
98442,Move,635,218
98457.89999999851,Move,633,220
98473.89999999851,Move,632,223
98487.89999999851,Move,631,227
98504.39999999851,Move,629,231
98519.80000000075,Move,627,234
98542,Move,625,239
98558,Move,624,243
98574.10000000149,Move,622,246
98588.30000000075,Move,621,251
98604,Move,619,256
98620,Move,617,262
98642,Move,615,271
98657.89999999851,Move,613,276
98674.10000000149,Move,612,280
98690.10000000149,Move,610,285
98704.5,Move,609,289
98720.39999999851,Move,608,293
98736.30000000075,Move,607,299
98752.19999999925,Move,607,303
98774.19999999925,Move,606,309
98790.10000000149,Move,604,314
98806.30000000075,Move,604,317
98822.19999999925,Move,603,321
98836.30000000075,Move,603,324
98859.19999999925,Move,605,328
98874.19999999925,Move,605,331
98889.89999999851,Move,606,333
98905.89999999851,Move,607,335
98922.30000000075,Move,608,338
98936,Move,609,339
98952.10000000149,Move,609,341
98976.39999999851,Move,611,344
98992.19999999925,Move,612,345
99006.60000000149,Move,614,347
99022.30000000075,Move,615,349
99038,Move,616,352
99054.60000000149,Move,617,354
99076,Move,620,357
99092.19999999925,Move,622,359
99108.39999999851,Move,623,360
99122.30000000075,Move,626,362
99138.30000000075,Move,627,363
99154.69999999925,Move,629,365
99176.10000000149,Move,633,367
99192.39999999851,Move,634,369
99208.10000000149,Move,636,371
99224.39999999851,Move,638,373
99238.19999999925,Move,640,374
99254.19999999925,Move,643,376
99270,Move,644,377
99292.10000000149,Move,647,379
99308.10000000149,Move,649,380
99324.30000000075,Move,653,382
99340.39999999851,Move,655,383
99354,Move,659,385
99370.19999999925,Move,663,386
99386.60000000149,Move,666,387
99409.69999999925,Move,670,389
99423.5,Move,675,390
99439.69999999925,Move,677,391
99455.39999999851,Move,680,391
99469.69999999925,Move,683,391
99485.19999999925,Move,687,391
99501.80000000075,Move,693,391
99523.80000000075,Move,706,389
99539.5,Move,713,387
99556.19999999925,Move,719,387
99571.69999999925,Move,725,386
99586,Move,730,385
99601.89999999851,Move,734,384
99625.80000000075,Move,741,382
99639.89999999851,Move,746,381
99655.89999999851,Move,750,379
99671.60000000149,Move,755,379
99687.89999999851,Move,759,378
99702,Move,763,377
99725.89999999851,Move,769,376
99742.10000000149,Move,773,375
99757.80000000075,Move,777,373
99771.89999999851,Move,781,371
99787.60000000149,Move,786,370
99803.89999999851,Move,789,369
99825.5,Move,794,366
99841.5,Move,799,363
99857.5,Move,803,361
99871.60000000149,Move,807,359
99887.80000000075,Move,811,357
99904.30000000075,Move,815,355
99920.10000000149,Move,817,353
99942.10000000149,Move,822,349
99958.60000000149,Move,825,345
99974.39999999851,Move,827,343
99988.10000000149,Move,831,339
100004.19999999925,Move,835,335
100020.30000000075,Move,839,329
100035.69999999925,Move,843,325
100058,Move,845,321
100074.30000000075,Move,847,316
100090.10000000149,Move,849,313
100104.69999999925,Move,850,308
100120.10000000149,Move,851,304
100136,Move,853,299
100157.5,Move,856,293
100174,Move,857,289
100189.89999999851,Move,859,283
100206.10000000149,Move,860,277
100220.30000000075,Move,862,273
100235.80000000075,Move,863,270
100251.69999999925,Move,863,267
100275.5,Move,863,263
100290,Move,864,259
100305.89999999851,Move,864,255
100321.89999999851,Move,864,251
100338,Move,864,246
100352.60000000149,Move,863,242
100376.19999999925,Move,862,235
100392.5,Move,862,230
100405.89999999851,Move,861,225
100422,Move,861,220
100438.60000000149,Move,860,215
100459.80000000075,Move,859,207
100477,Move,858,203
100491.89999999851,Move,857,200
100507.80000000075,Move,856,197
100522.30000000075,Move,855,196
100537.60000000149,Move,854,194
100553.69999999925,Move,853,192
100576.19999999925,Move,852,191
100591.69999999925,Move,851,189
100607.69999999925,Move,849,188
100623.19999999925,Move,848,186
100637.5,Move,847,184
100653.69999999925,Move,846,183
100670.19999999925,Move,845,181
100691.89999999851,Move,843,179
100707.89999999851,Move,842,178
100723.89999999851,Move,841,177
100739.60000000149,Move,839,176
100754,Move,838,175
100769.60000000149,Move,837,174
100785.80000000075,Move,836,173
100807.80000000075,Move,834,171
100824.10000000149,Move,832,170
100840.10000000149,Move,831,169
100856,Move,829,169
100869.5,Move,828,168
100885.60000000149,Move,826,167
100902.10000000149,Move,824,167
100924,Move,821,166
100940.30000000075,Move,817,165
100956,Move,813,165
100972.39999999851,Move,811,164
100986.10000000149,Move,807,164
101002,Move,805,163
101026.39999999851,Move,799,163
101042.19999999925,Move,795,162
101056.19999999925,Move,791,162
101071.89999999851,Move,786,162
101088.60000000149,Move,782,162
101102.69999999925,Move,777,162
101118.30000000075,Move,773,162
101142.19999999925,Move,766,162
101156.10000000149,Move,763,163
101171.89999999851,Move,758,163
101188.19999999925,Move,754,164
101204.19999999925,Move,750,165
101226.19999999925,Move,743,167
101242.39999999851,Move,740,167
101258.10000000149,Move,736,169
101272.60000000149,Move,732,170
101288.10000000149,Move,727,171
101304.10000000149,Move,722,172
101320.19999999925,Move,718,174
101342.30000000075,Move,715,175
101358.60000000149,Move,713,175
101374,Move,711,177
101390.60000000149,Move,711,178
101404,Move,709,179
101419.5,Move,707,180
101435.80000000075,Move,706,181
101457.19999999925,Move,703,183
101458.30000000075,Released,703,183
102222.89999999851,Released,757,526
