resolution:1536,864
222157.79999999888,Pressed,502,205
222168,Move,502,205
222171.79999999888,Move,501,205
222177.5,Move,500,204
222185.59999999963,Move,499,204
222193.59999999963,Move,498,204
222201.59999999963,Move,497,203
222209.8999999985,Move,497,203
222217.19999999925,Move,495,203
222225.3999999985,Move,495,202
222231.19999999925,Move,495,202
222239.59999999963,Move,493,201
222247.69999999925,Move,493,201
222255.29999999888,Move,492,201
222263.29999999888,Move,491,201
222271.69999999925,Move,491,201
222279.59999999963,Move,490,201
222287.19999999925,Move,489,201
222293.5,Move,487,201
222301.3999999985,Move,486,201
222311.69999999925,Move,485,201
222317.79999999888,Move,484,201
222325.59999999963,Move,483,201
222334,Move,482,201
222341.29999999888,Move,481,201
222350,Move,481,201
222355.19999999925,Move,480,200
222363.79999999888,Move,478,200
222371.79999999888,Move,477,200
222375.69999999925,Move,477,200
222379.3999999985,Move,477,200
222387.3999999985,Move,475,200
222395.29999999888,Move,474,200
222401.59999999963,Move,473,200
222409.3999999985,Move,472,200
222417.3999999985,Move,471,200
222425.3999999985,Move,470,200
222433.3999999985,Move,468,200
222441.5,Move,467,200
222449.79999999888,Move,465,200
222457.69999999925,Move,463,201
222463.29999999888,Move,462,201
222471.5,Move,461,201
222479.29999999888,Move,460,201
222487.19999999925,Move,459,201
222495.59999999963,Move,459,201
222503.3999999985,Move,458,202
222511.8999999985,Move,457,202
222517.3999999985,Move,456,202
222525.29999999888,Move,455,202
222533.5,Move,452,202
222541.5,Move,450,203
222549.8999999985,Move,448,203
222557.59999999963,Move,446,203
222565.8999999985,Move,444,204
222573.69999999925,Move,441,204
222579.5,Move,439,205
222587.69999999925,Move,437,205
222595.8999999985,Move,436,205
222604,Move,435,206
222612,Move,433,206
222620.19999999925,Move,432,207
222627.8999999985,Move,431,207
222636.29999999888,Move,430,207
222641.8999999985,Move,429,208
222650.29999999888,Move,429,208
222657.59999999963,Move,428,208
222666.19999999925,Move,428,209
222673.69999999925,Move,428,209
222690.29999999888,Move,427,209
222711.8999999985,Move,427,209
222750.19999999925,Move,427,209
222757.79999999888,Move,425,210
222765.69999999925,Move,425,211
222773.3999999985,Move,424,211
222782,Move,423,212
222789.8999999985,Move,423,212
222797.59999999963,Move,423,213
222805.69999999925,Move,422,213
222811.69999999925,Move,421,213
222820.29999999888,Move,421,214
222828.09999999963,Move,420,214
222836.09999999963,Move,419,215
222843.79999999888,Move,419,215
222852.19999999925,Move,419,215
222859.69999999925,Move,418,216
222867.8999999985,Move,417,217
222873.79999999888,Move,417,217
222882.19999999925,Move,416,217
222889.79999999888,Move,415,218
222897.79999999888,Move,415,219
222906.29999999888,Move,415,219
222914.09999999963,Move,414,220
222922.19999999925,Move,413,221
222927.8999999985,Move,413,221
222935.69999999925,Move,412,221
222944,Move,412,222
222952,Move,411,223
222959.69999999925,Move,411,223
222968.09999999963,Move,410,224
222975.79999999888,Move,409,225
222982.29999999888,Move,409,225
222990,Move,408,225
222997.59999999963,Move,408,226
223006.09999999963,Move,407,227
223014,Move,407,227
223022,Move,406,228
223029.5,Move,405,229
223037.8999999985,Move,404,229
223044,Move,403,230
223052.19999999925,Move,403,230
223060.29999999888,Move,402,231
223067.69999999925,Move,402,231
223075.69999999925,Move,401,232
223083.69999999925,Move,401,233
223091.8999999985,Move,400,233
223099.79999999888,Move,399,234
223106,Move,399,235
223113.69999999925,Move,398,236
223122,Move,398,237
223129.79999999888,Move,397,239
223138,Move,396,240
223145.8999999985,Move,396,241
223153.69999999925,Move,395,244
223161.69999999925,Move,395,245
223169.09999999963,Move,395,247
223175.8999999985,Move,394,249
223183.5,Move,393,250
223191.8999999985,Move,393,251
223199.59999999963,Move,393,252
223208.09999999963,Move,392,252
223213.3999999985,Move,392,253
223221.3999999985,Move,392,254
223229.59999999963,Move,392,255
223237.3999999985,Move,391,255
223245.79999999888,Move,391,256
223253.69999999925,Move,391,257
223261.59999999963,Move,391,258
223267.79999999888,Move,390,259
223275.19999999925,Move,390,261
223284,Move,389,262
223291.5,Move,389,263
223299.8999999985,Move,389,264
223307.8999999985,Move,389,265
223315.3999999985,Move,389,266
223324,Move,389,266
223329.5,Move,389,267
223337.29999999888,Move,389,269
223346,Move,388,270
223353.69999999925,Move,388,271
223361.8999999985,Move,388,272
223370.29999999888,Move,388,273
223378,Move,387,275
223386.19999999925,Move,387,276
223391.8999999985,Move,387,277
223400.19999999925,Move,387,279
223408.09999999963,Move,387,280
223416.09999999963,Move,387,281
223424.29999999888,Move,387,282
223431.79999999888,Move,387,285
223439.79999999888,Move,387,287
223448.09999999963,Move,388,289
223453.69999999925,Move,389,291
223461.8999999985,Move,390,293
223470.09999999963,Move,391,295
223478,Move,391,297
223486.19999999925,Move,392,300
223494.19999999925,Move,393,302
223502,Move,393,304
223507.79999999888,Move,394,306
223516.09999999963,Move,395,309
223524.19999999925,Move,395,311
223531.59999999963,Move,396,314
223540.3999999985,Move,397,317
223548.09999999963,Move,398,319
223555.8999999985,Move,399,321
223561.8999999985,Move,400,323
223570.29999999888,Move,401,326
223577.69999999925,Move,401,328
223586.19999999925,Move,402,330
223593.79999999888,Move,403,331
223602,Move,403,332
223609.79999999888,Move,404,333
223615.8999999985,Move,405,334
223623.69999999925,Move,405,335
223632.19999999925,Move,406,335
223640.19999999925,Move,407,336
223647.8999999985,Move,407,336
223656.19999999925,Move,407,337
223663.79999999888,Move,408,337
223672.09999999963,Move,409,338
223677.8999999985,Move,409,339
223685.8999999985,Move,410,339
223693.79999999888,Move,411,339
223701.8999999985,Move,411,340
223709.69999999925,Move,411,341
223718.09999999963,Move,412,342
223725.69999999925,Move,413,343
223734,Move,413,343
223740,Move,414,344
223747.79999999888,Move,415,345
223756.19999999925,Move,415,345
223763.79999999888,Move,416,346
223771.79999999888,Move,416,347
223780.19999999925,Move,417,348
223786.09999999963,Move,417,349
223793.79999999888,Move,418,349
223802.09999999963,Move,419,350
223809.59999999963,Move,420,350
223818,Move,420,351
223825.79999999888,Move,421,351
223834.3999999985,Move,421,352
223841.8999999985,Move,422,353
223848.09999999963,Move,423,353
223855.8999999985,Move,423,353
223863.79999999888,Move,424,354
223872.29999999888,Move,424,354
223879.79999999888,Move,425,354
223888.19999999925,Move,426,355
223896,Move,427,355
223904.09999999963,Move,429,356
223909.79999999888,Move,431,357
223917.8999999985,Move,433,358
223925.79999999888,Move,433,358
223934.19999999925,Move,434,359
223942.09999999963,Move,435,359
223950.29999999888,Move,435,359
223957.8999999985,Move,437,360
223966,Move,437,361
223972,Move,439,361
223980.09999999963,Move,439,362
223988,Move,440,363
223996,Move,442,363
224004,Move,442,363
224011.19999999925,Move,444,364
224017.69999999925,Move,445,364
224025.29999999888,Move,448,364
224033.8999999985,Move,449,365
224041.59999999963,Move,450,365
224049.3999999985,Move,452,365
224057.69999999925,Move,454,365
224065.8999999985,Move,455,366
224073.3999999985,Move,457,366
224079.59999999963,Move,458,367
224087.59999999963,Move,458,367
224095.59999999963,Move,460,367
224103.3999999985,Move,460,367
224111.5,Move,461,367
224120,Move,462,367
224127.79999999888,Move,463,367
224135.69999999925,Move,463,368
224141.8999999985,Move,464,368
224149.69999999925,Move,465,368
224158,Move,466,368
224165.5,Move,467,369
224173.79999999888,Move,468,369
224181.79999999888,Move,469,369
224189.19999999925,Move,471,369
224197.29999999888,Move,471,369
224203.8999999985,Move,472,370
224211.8999999985,Move,473,370
224219.79999999888,Move,473,370
224227.59999999963,Move,474,370
224235.59999999963,Move,475,370
224243.59999999963,Move,475,370
224251.3999999985,Move,476,370
224257.19999999925,Move,476,370
224265.69999999925,Move,477,370
224281.5,Move,477,370
224289.3999999985,Move,479,370
224297.69999999925,Move,479,370
224305.19999999925,Move,480,370
224313.3999999985,Move,481,370
224319.69999999925,Move,481,370
224327.3999999985,Move,481,370
224335.19999999925,Move,482,369
224343.19999999925,Move,483,369
224351.79999999888,Move,483,369
224359.3999999985,Move,484,369
224365.69999999925,Move,484,369
224373.69999999925,Move,485,369
224381.69999999925,Move,487,368
224390,Move,487,368
224398,Move,489,367
224405.3999999985,Move,490,367
224413.29999999888,Move,492,367
224421.5,Move,493,367
224427.29999999888,Move,495,366
224435.19999999925,Move,497,366
224443.29999999888,Move,498,365
224451.59999999963,Move,500,365
224459.59999999963,Move,501,365
224467.59999999963,Move,502,365
224475.29999999888,Move,503,365
224481.29999999888,Move,504,364
224489.8999999985,Move,505,364
224497.3999999985,Move,507,364
224505.3999999985,Move,508,364
224513.69999999925,Move,509,364
224521.3999999985,Move,510,363
224529.8999999985,Move,510,363
224537.19999999925,Move,512,363
224543.59999999963,Move,514,362
224551.29999999888,Move,514,362
224559.69999999925,Move,516,361
224567.79999999888,Move,518,361
224575.29999999888,Move,519,361
224583.5,Move,520,361
224591.69999999925,Move,523,360
224599.8999999985,Move,524,359
224605.5,Move,526,359
224613.29999999888,Move,527,359
224621.19999999925,Move,529,358
224629.5,Move,529,358
224637.19999999925,Move,531,357
224645.69999999925,Move,532,357
224651.59999999963,Move,532,357
224659.3999999985,Move,533,356
224667.5,Move,533,356
224675.3999999985,Move,534,356
224683.69999999925,Move,535,356
224691.29999999888,Move,535,355
224700.19999999925,Move,536,355
224722,Move,536,355
224729.8999999985,Move,537,355
224746,Move,537,354
224753.29999999888,Move,537,354
224762,Move,538,353
224770.09999999963,Move,539,353
224775.59999999963,Move,539,352
224784,Move,540,352
224791.8999999985,Move,540,351
224800.09999999963,Move,541,351
224808,Move,541,350
224816,Move,542,349
224823.8999999985,Move,543,349
224829.69999999925,Move,543,348
224837.59999999963,Move,544,348
224845.8999999985,Move,544,347
224853.8999999985,Move,545,347
224861.59999999963,Move,545,345
224872.19999999925,Move,546,345
224878,Move,547,343
224886,Move,547,342
224892.19999999925,Move,548,341
224899.8999999985,Move,549,340
224908,Move,549,339
224915.69999999925,Move,550,337
224923.59999999963,Move,550,337
224932.09999999963,Move,551,335
224939.59999999963,Move,551,333
224947.5,Move,552,331
224953.8999999985,Move,553,330
224961.8999999985,Move,553,328
224969.79999999888,Move,554,327
224977.8999999985,Move,555,324
224985.79999999888,Move,555,323
224993.8999999985,Move,556,322
225001.8999999985,Move,557,319
225009.5,Move,557,317
225016,Move,558,315
225023.59999999963,Move,558,314
225031.69999999925,Move,559,312
225039.79999999888,Move,559,312
225048,Move,560,310
225056.09999999963,Move,560,309
225062,Move,561,307
225070,Move,561,307
225077.59999999963,Move,562,305
225085.69999999925,Move,563,303
225093.79999999888,Move,563,302
225102,Move,564,301
225109.5,Move,565,299
225116,Move,565,297
225123.69999999925,Move,565,295
225131.69999999925,Move,565,293
225139.69999999925,Move,565,292
225147.79999999888,Move,565,289
225155.79999999888,Move,566,287
225164.69999999925,Move,567,285
225171.69999999925,Move,568,284
225177.5,Move,568,281
225185.29999999888,Move,568,279
225193.3999999985,Move,568,278
225201.29999999888,Move,568,276
225209.19999999925,Move,568,275
225217.69999999925,Move,568,273
225225.5,Move,568,271
225233.3999999985,Move,568,269
225239.8999999985,Move,568,267
225247.29999999888,Move,568,266
225255.5,Move,568,265
225263.29999999888,Move,568,262
225271.3999999985,Move,568,261
225281.29999999888,Move,567,260
225287.3999999985,Move,567,257
225295.8999999985,Move,567,256
225301.29999999888,Move,567,255
225309.3999999985,Move,566,253
225317.79999999888,Move,566,251
225325.5,Move,565,249
225333.59999999963,Move,565,248
225341.59999999963,Move,565,247
225347.19999999925,Move,564,246
225355.69999999925,Move,563,245
225363.59999999963,Move,563,243
225371.3999999985,Move,562,243
225379.79999999888,Move,562,242
225387.3999999985,Move,561,241
225395.59999999963,Move,561,240
225403.3999999985,Move,561,239
225409.3999999985,Move,561,239
225417.3999999985,Move,560,237
225425.3999999985,Move,559,237
225433.5,Move,559,236
225441.29999999888,Move,558,235
225449.8999999985,Move,557,235
225457.5,Move,557,233
225465.8999999985,Move,556,232
225471.59999999963,Move,555,231
225479.29999999888,Move,555,229
225487.29999999888,Move,554,228
225495.29999999888,Move,553,227
225503.3999999985,Move,553,227
225511.8999999985,Move,553,226
225519.5,Move,553,225
225525.29999999888,Move,552,225
225533.69999999925,Move,551,224
225541.3999999985,Move,551,224
225549.79999999888,Move,550,223
225557.59999999963,Move,549,223
225565.29999999888,Move,549,222
225573.8999999985,Move,549,221
225581.29999999888,Move,548,221
225587.69999999925,Move,547,220
225595.5,Move,546,220
225603.59999999963,Move,545,219
225611.29999999888,Move,544,219
225619.8999999985,Move,543,218
225627.79999999888,Move,542,217
225633.19999999925,Move,541,217
225641.5,Move,541,216
225649.3999999985,Move,540,215
225657.69999999925,Move,539,215
225665.29999999888,Move,539,215
225673.69999999925,Move,538,214
225681.69999999925,Move,538,213
225691.69999999925,Move,536,213
225695.59999999963,Move,536,212
225703.69999999925,Move,535,211
225711.69999999925,Move,533,211
225719.79999999888,Move,531,210
225727.19999999925,Move,530,209
225735.3999999985,Move,527,209
225743.59999999963,Move,526,209
225751.3999999985,Move,525,208
225757.5,Move,525,208
225765.19999999925,Move,525,207
225773.8999999985,Move,524,207
225781.19999999925,Move,523,207
225789.8999999985,Move,523,207
225797.5,Move,522,207
225805.3999999985,Move,522,207
225813.5,Move,521,207
225819.79999999888,Move,521,207
225827.3999999985,Move,520,207
225835.79999999888,Move,519,206
225843.29999999888,Move,519,206
225851.59999999963,Move,518,206
225859.29999999888,Move,518,206
225865.69999999925,Move,517,206
225873.5,Move,517,206
225881.29999999888,Move,516,206
225897.5,Move,515,206
225905.5,Move,515,206
225913.3999999985,Move,514,206
225921.59999999963,Move,513,206
225927.3999999985,Move,512,206
225935.59999999963,Move,511,206
225943.19999999925,Move,510,206
225951.3999999985,Move,509,206
225959.69999999925,Move,508,206
225967.3999999985,Move,508,206
225975.3999999985,Move,506,206
225981.5,Move,504,206
225989.8999999985,Move,502,206
225997.29999999888,Move,500,206
226005.29999999888,Move,498,206
226013.29999999888,Move,496,206
226021.59999999963,Move,495,206
226030,Move,493,206
226037.3999999985,Move,493,206
226043.69999999925,Move,492,206
226051.3999999985,Move,491,206
226059.69999999925,Move,491,206
226067.29999999888,Move,490,206
226075.5,Move,490,206
226083.5,Move,489,206
226091.59999999963,Move,489,206
226099.8999999985,Move,488,206
226105.5,Move,487,206
226113.59999999963,Move,487,206
226121.5,Released,487,206
226809.59999999963,Released,477,517
227475.59999999963,Released,481,517
227691.5,Released,481,521
