resolution:1536,864
783369.7999999989,Pressed,799,191
783429.1999999993,Move,798,191
783445.2999999989,Move,797,191
783461,Move,793,192
783475.3999999985,Move,789,192
783499.5,Move,783,192
783515.5,Move,778,191
783529.5,Move,773,191
783545.6999999993,Move,769,191
783561.7999999989,Move,765,191
783575.2999999989,Move,763,191
783591.6999999993,Move,763,191
783616,Move,761,191
783632,Move,759,191
783645.5999999996,Move,759,191
783661.5999999996,Move,757,191
783677.7999999989,Move,756,192
783693.8999999985,Move,755,192
783707.5,Move,754,192
783731.8999999985,Move,751,192
783747.6999999993,Move,750,193
783761.6999999993,Move,749,193
783777.8999999985,Move,747,195
783793.7999999989,Move,746,195
783815.8999999985,Move,743,197
783831.5999999996,Move,740,198
783847.5999999996,Move,738,199
783861.5999999996,Move,736,200
783877.5999999996,Move,735,201
783893.8999999985,Move,734,201
783909.5999999996,Move,733,202
783931.6999999993,Move,731,203
783947.8999999985,Move,730,204
783963.5999999996,Move,729,205
783979.5999999996,Move,728,206
783993.6999999993,Move,727,206
784010.0999999996,Move,725,207
784025.8999999985,Move,725,207
784033.8999999985,Move,724,208
784055.5999999996,Move,724,209
784079.8999999985,Move,723,209
784095.5,Move,723,210
784109.6999999993,Move,722,210
784126,Move,721,211
784141.3999999985,Move,720,213
784163.2999999989,Move,718,214
784180,Move,717,215
784195.5999999996,Move,716,217
784211.5999999996,Move,715,218
784225.6999999993,Move,713,219
784241.5999999996,Move,712,220
784265.7999999989,Move,711,222
784279.7999999989,Move,709,224
784295.5999999996,Move,707,226
784311.7999999989,Move,706,227
784327.8999999985,Move,705,228
784341.8999999985,Move,703,229
784365.7999999989,Move,702,231
784381.6999999993,Move,701,233
784395.6999999993,Move,699,235
784412,Move,698,236
784427.8999999985,Move,698,237
784443.8999999985,Move,697,238
784465.7999999989,Move,697,240
784482,Move,696,242
784497.7999999989,Move,695,244
784511.1999999993,Move,695,246
784527.5999999996,Move,695,249
784543.7999999989,Move,694,251
784565.5999999996,Move,694,253
784581.6999999993,Move,694,255
784598,Move,694,256
784613.3999999985,Move,693,258
784628.0999999996,Move,693,259
784644.1999999993,Move,693,262
784659.6999999993,Move,693,264
784675.7999999989,Move,693,265
784697.5999999996,Move,693,267
784713.6999999993,Move,693,269
784729.6999999993,Move,693,271
784743.6999999993,Move,693,272
784759.5999999996,Move,694,274
784776,Move,695,276
784797.8999999985,Move,697,278
784813.6999999993,Move,698,281
784830,Move,699,283
784845.6999999993,Move,700,284
784859.8999999985,Move,702,286
784875.8999999985,Move,703,288
784891.8999999985,Move,703,290
784913.2999999989,Move,705,293
784929.2999999989,Move,706,294
784946.0999999996,Move,707,296
784961.5999999996,Move,708,297
784975.8999999985,Move,709,299
784992.0999999996,Move,711,300
785015.8999999985,Move,712,302
785029.3999999985,Move,713,303
785045.3999999985,Move,715,304
785061.8999999985,Move,716,305
785078.0999999996,Move,717,306
785099.6999999993,Move,719,308
785115.3999999985,Move,720,309
785131.8999999985,Move,721,310
785145.7999999989,Move,723,311
785161.8999999985,Move,724,311
785177.8999999985,Move,725,312
785194.2999999989,Move,726,313
785216,Move,728,313
785231.1999999993,Move,730,314
785247.3999999985,Move,731,315
785263.2999999989,Move,733,315
785277.2999999989,Move,734,315
785293.2999999989,Move,735,316
785315.1999999993,Move,739,316
785331,Move,741,317
785347.7999999989,Move,744,317
785363.5,Move,747,317
785377.1999999993,Move,751,318
785393.0999999996,Move,755,319
785409.0999999996,Move,759,319
785431.3999999985,Move,765,319
785447.6999999993,Move,769,319
785463.0999999996,Move,771,320
785479.0999999996,Move,773,320
785493.0999999996,Move,775,320
785509.6999999993,Move,778,320
785525.0999999996,Move,780,320
785549.2999999989,Move,787,320
785563.0999999996,Move,789,319
785579.2999999989,Move,793,318
785595.1999999993,Move,795,317
785609.3999999985,Move,797,317
785625.1999999993,Move,799,316
785649.3999999985,Move,802,315
785664.1999999993,Move,803,315
785679.3999999985,Move,805,313
785695.3999999985,Move,807,312
785711.2999999989,Move,809,311
785725.2999999989,Move,813,309
785749.5,Move,816,307
785765.3999999985,Move,818,306
785779.0999999996,Move,820,306
785795.8999999985,Move,822,305
785811.6999999993,Move,823,303
785828,Move,824,302
785841.7999999989,Move,825,301
785865.7999999989,Move,827,299
785881.7999999989,Move,830,296
785895.8999999985,Move,833,293
785911.6999999993,Move,836,291
785927.8999999985,Move,837,288
785949.5,Move,839,286
785965.3999999985,Move,840,283
785981.6999999993,Move,841,281
785997.5999999996,Move,843,280
786011.3999999985,Move,844,278
786028,Move,845,277
786044.2999999989,Move,846,275
786059.6999999993,Move,847,273
786081.3999999985,Move,849,270
786097.7999999989,Move,849,267
786113.8999999985,Move,850,265
786127.5999999996,Move,851,264
786144.2999999989,Move,852,263
786160,Move,852,261
786182,Move,853,259
786198,Move,853,257
786213.8999999985,Move,854,255
786229.6999999993,Move,854,254
786243.8999999985,Move,854,252
786259.6999999993,Move,855,249
786275.6999999993,Move,855,247
786292.0999999996,Move,855,245
786313.6999999993,Move,855,243
786329.0999999996,Move,855,241
786345.1999999993,Move,855,240
786359.0999999996,Move,855,239
786375.2999999989,Move,854,237
786399.6999999993,Move,854,234
786413.7999999989,Move,854,233
786429.6999999993,Move,853,231
786445.6999999993,Move,853,230
786461.6999999993,Move,852,229
786475.7999999989,Move,851,228
786491.7999999989,Move,850,227
786515.2999999989,Move,849,225
786529.7999999989,Move,849,224
786545.7999999989,Move,847,223
786561.8999999985,Move,847,222
786578.0999999996,Move,846,220
786599.5,Move,845,218
786615.7999999989,Move,843,217
786631.7999999989,Move,842,215
786647.7999999989,Move,841,213
786662,Move,840,212
786678.5,Move,839,211
786699.2999999989,Move,837,209
786715.3999999985,Move,837,208
786731.0999999996,Move,835,207
786747.0999999996,Move,834,206
786761,Move,833,205
786777.3999999985,Move,831,204
786793.3999999985,Move,829,202
786809.5,Move,827,201
786831.5,Move,823,199
786847.1999999993,Move,821,198
786863.2999999989,Move,817,197
786879.0999999996,Move,812,197
786893.5,Move,808,197
786909.0999999996,Move,805,195
786925.0999999996,Move,803,195
786947.3999999985,Move,800,195
786963.3999999985,Move,799,195
786979.2999999989,Move,797,195
786993.0999999996,Move,796,195
787009.2999999989,Move,795,194
787025.0999999996,Move,794,194
787033.5,Move,793,194
787087.0999999996,Released,793,194
787861,Released,741,518
788471.0999999996,Released,753,541
788719.0999999996,Released,752,532
