resolution:1536,864
41482.90000000037,Pressed,769,289
41692.60000000009,Move,766,287
41700.40000000037,Move,763,286
41707,Move,759,285
41729.200000000186,Move,749,283
41743.200000000186,Move,744,283
41758,Move,740,283
41773.30000000028,Move,735,283
41794.60000000009,Move,726,283
41809.90000000037,Move,720,284
41824.200000000186,Move,715,285
41839.5,Move,710,289
41861.80000000028,Move,703,293
41875.90000000037,Move,697,296
41890.30000000028,Move,692,298
41905.700000000186,Move,688,300
41928.60000000009,Move,682,304
41942.40000000037,Move,679,307
41956.5,Move,676,311
41971.80000000028,Move,673,313
41993.700000000186,Move,671,314
42008.10000000009,Move,669,317
42022.90000000037,Move,668,319
42045.200000000186,Move,666,325
42059.80000000028,Move,664,327
42074.5,Move,662,331
42089.30000000028,Move,661,334
42111.200000000186,Move,661,340
42126.10000000009,Move,661,343
42139.90000000037,Move,661,348
42162.30000000028,Move,661,354
42177.40000000037,Move,661,359
42192.10000000009,Move,661,363
42206.700000000186,Move,663,368
42228.60000000009,Move,664,374
42243.200000000186,Move,666,377
42257.90000000037,Move,668,382
42272.90000000037,Move,669,385
42295.30000000028,Move,671,389
42309.200000000186,Move,674,392
42323.90000000037,Move,676,396
42338.700000000186,Move,679,399
42361.40000000037,Move,683,403
42375.60000000009,Move,688,405
42390.60000000009,Move,692,407
42405.40000000037,Move,697,408
42427.30000000028,Move,706,408
42442,Move,713,408
42456.90000000037,Move,719,407
42478.700000000186,Move,726,405
42493,Move,729,403
42508.40000000037,Move,732,401
42522.60000000009,Move,737,399
42544.40000000037,Move,744,394
42559.10000000009,Move,750,391
42574.40000000037,Move,753,388
42589.200000000186,Move,757,385
42611,Move,762,381
42625.10000000009,Move,765,377
42640.700000000186,Move,768,373
42655.30000000028,Move,770,368
42676.5,Move,773,357
42691.90000000037,Move,775,350
42706.80000000028,Move,777,342
42728.60000000009,Move,777,331
42742.80000000028,Move,777,327
42757.90000000037,Move,777,322
42772.80000000028,Move,777,318
42794.80000000028,Move,777,313
42809.5,Move,777,309
42823.90000000037,Move,775,306
42845.80000000028,Move,775,303
42860.90000000037,Move,774,301
42875.5,Move,773,300
42889.700000000186,Move,773,299
42897.60000000009,Move,773,297
42927.200000000186,Move,772,296
42941,Move,771,295
42956.30000000028,Move,769,293
42978.30000000028,Move,767,291
42984.30000000028,Released,767,291
44091,Released,753,539
