resolution:1536,864
222914.40000000037,Pressed,592,259
223089.7000000002,Move,592,257
223096.90000000037,Move,593,255
223104.1000000001,Move,593,252
223119.1000000001,Move,595,247
223133.7000000002,Move,595,241
223155.5,Move,595,236
223170.6000000001,Move,595,233
223185.1000000001,Move,595,231
223207.2000000002,Move,595,228
223221.7000000002,Move,595,226
223236.5,Move,595,223
223251.30000000028,Move,595,222
223273.2000000002,Move,595,217
223288.6000000001,Move,595,215
223302.5,Move,595,212
223317.30000000028,Move,595,211
223339.6000000001,Move,596,209
223354.2000000002,Move,597,207
223368.90000000037,Move,598,205
223390.7000000002,Move,600,201
223405.40000000037,Move,601,199
223420.2000000002,Move,602,198
223435.1000000001,Move,603,197
223449.5,Move,603,196
223486.40000000037,Move,603,195
223493.6000000001,Move,605,194
223500.80000000028,Move,606,193
223523,Move,609,190
223538,Move,613,187
223552.5,Move,615,186
223567,Move,619,184
223589.1000000001,Move,621,183
223603.90000000037,Move,622,182
223618.6000000001,Move,623,180
223640.30000000028,Move,627,178
223654.5,Move,628,177
223669.30000000028,Move,631,174
223684.1000000001,Move,633,173
223706.1000000001,Move,636,172
223720.7000000002,Move,639,171
223735.40000000037,Move,640,171
223757.40000000037,Move,642,171
223772.1000000001,Move,645,169
223786.80000000028,Move,646,169
223802,Move,649,167
223823.6000000001,Move,653,166
223838.2000000002,Move,658,165
223853,Move,661,165
223867.6000000001,Move,667,165
223889.7000000002,Move,674,165
223904.5,Move,676,165
223919,Move,681,165
223933.7000000002,Move,686,165
223955.7000000002,Move,690,166
223970.5,Move,693,167
223985.5,Move,698,170
224007.6000000001,Move,705,172
224021.90000000037,Move,711,173
224036.6000000001,Move,716,177
224051.2000000002,Move,720,180
224073.30000000028,Move,727,189
224088,Move,734,199
224102.7000000002,Move,743,211
224117.5,Move,750,225
224139.7000000002,Move,760,241
224154.80000000028,Move,764,249
224169,Move,766,257
224191,Move,769,270
224205.5,Move,771,281
224220.2000000002,Move,771,293
224234.90000000037,Move,771,305
224256.80000000028,Move,768,323
224271.5,Move,764,336
224286.30000000028,Move,759,349
224301,Move,755,357
224322.90000000037,Move,748,369
224338.6000000001,Move,744,377
224352.90000000037,Move,738,383
224374.90000000037,Move,725,392
224389.7000000002,Move,716,395
224404.40000000037,Move,707,399
224418.80000000028,Move,699,401
224441,Move,683,400
224455.5,Move,673,397
224470.40000000037,Move,663,393
224485.30000000028,Move,657,389
224507.30000000028,Move,648,380
224521.90000000037,Move,641,368
224536.40000000037,Move,637,357
224551.2000000002,Move,632,347
224573.1000000001,Move,627,335
224587.80000000028,Move,622,327
224602.90000000037,Move,616,315
224624.5,Move,603,293
224639.40000000037,Move,598,283
224654.2000000002,Move,594,273
224668.6000000001,Move,596,261
224691,Move,597,251
224697,Released,597,251
225876.2000000002,Released,741,523
