resolution:1536,864
207931.7999999998,Pressed,789,271
207935.5,Move,789,271
207949.6000000001,Move,789,270
207966.5,Move,785,269
207981.5,Move,779,269
208004.2000000002,Move,768,268
208020.2000000002,Move,758,266
208035.7000000002,Move,753,265
208051.2999999998,Move,749,265
208065.8999999999,Move,747,264
208081.6000000001,Move,745,264
208103.7000000002,Move,739,265
208119.8999999999,Move,733,267
208135.7999999998,Move,727,268
208152,Move,721,271
208166.3999999999,Move,716,274
208183.2000000002,Move,711,277
208206.1000000001,Move,704,283
208221.7000000002,Move,700,286
208236.2000000002,Move,696,289
208251.7000000002,Move,693,292
208268.2000000002,Move,690,294
208283.5,Move,685,296
208306.1000000001,Move,681,302
208321.5,Move,679,307
208337.7000000002,Move,677,311
208351.8999999999,Move,674,315
208368.2000000002,Move,673,320
208383.8999999999,Move,671,323
208405.8999999999,Move,669,330
208421.3999999999,Move,668,333
208437.5,Move,668,337
208454.2999999998,Move,667,339
208467.7999999998,Move,667,341
208484,Move,667,343
208499.7000000002,Move,667,343
208521.6000000001,Move,668,347
208537.7999999998,Move,669,350
208553.8999999999,Move,670,354
208569.5,Move,672,359
208583.7000000002,Move,674,363
208600.3999999999,Move,675,369
208616,Move,679,375
208638.6000000001,Move,684,383
208654.6000000001,Move,686,387
208670.3999999999,Move,689,392
208687,Move,692,394
208700.7999999998,Move,694,395
208716.6000000001,Move,696,397
208732.6000000001,Move,700,399
208754.5,Move,707,401
208771,Move,710,402
208787.2000000002,Move,714,403
208802.2999999998,Move,717,405
208816.7000000002,Move,722,407
208832.8999999999,Move,726,409
208848.2999999998,Move,731,410
208872.5,Move,741,412
208886.3999999999,Move,745,413
208903.1000000001,Move,750,413
208918.7000000002,Move,756,413
208932,Move,761,413
208956.5,Move,770,411
208972.5,Move,777,410
208985.7999999998,Move,783,409
209001.7999999998,Move,787,407
209017.7000000002,Move,790,406
209034.1000000001,Move,793,405
209047.8999999999,Move,796,403
209071.8999999999,Move,801,401
209088.2999999998,Move,804,399
209101.7000000002,Move,807,398
209118.2999999998,Move,810,396
209134.3999999999,Move,813,393
209150,Move,815,390
209171.8999999999,Move,818,383
209187.7000000002,Move,821,379
209204,Move,823,374
209218.3999999999,Move,824,370
209234.2000000002,Move,825,366
209250.6000000001,Move,827,362
209271.8999999999,Move,829,357
209287.8999999999,Move,831,354
209304.5,Move,831,350
209320.3999999999,Move,832,346
209334.1000000001,Move,833,341
209350.2000000002,Move,833,337
209365.8999999999,Move,835,333
209382.2999999998,Move,836,329
209404.2999999998,Move,838,323
209419.7000000002,Move,838,320
209436.3999999999,Move,839,316
209449.5,Move,839,313
209466.1000000001,Move,839,310
209482.2999999998,Move,839,308
209504.2000000002,Move,838,305
209520.2000000002,Move,837,302
209536.2999999998,Move,837,299
209552.3999999999,Move,835,294
209566.3999999999,Move,834,291
209581.8999999999,Move,833,286
209606.3999999999,Move,831,282
209619.8999999999,Move,829,280
209635.7000000002,Move,828,279
209651.6000000001,Move,826,278
209667.7999999998,Move,823,277
209682.2000000002,Move,819,275
209705.8999999999,Move,813,273
209721.6000000001,Move,808,271
209736,Move,804,269
209752.2000000002,Move,799,266
209767.7999999998,Move,796,264
209784.2999999998,Move,794,263
209805.5,Move,792,262
209814.2000000002,Move,792,262
209838.6000000001,Move,791,262
209900.2999999998,Move,791,262
209914.1000000001,Move,790,262
209921.8999999999,Move,789,262
209938.2000000002,Move,788,262
209953.7000000002,Move,787,262
209968.2000000002,Move,785,262
209984.5,Move,783,263
209999.8999999999,Move,783,264
210008.2000000002,Move,782,264
210008.6000000001,Released,782,264
210643.7000000002,Pressed,751,512
210741.6000000001,Released,751,512
211073.7000000002,Released,753,523
