resolution:1536,864
1667041.3999999985,Pressed,891,340
1667080.8000000007,Move,891,340
1667118.3999999985,Move,892,342
1667140.6999999993,Move,892,346
1667156.6000000015,Move,892,349
1667172.3999999985,Move,891,352
1667186.8000000007,Move,890,354
1667202.6000000015,Move,889,357
1667218,Move,887,359
1667234.6999999993,Move,886,361
1667256.3999999985,Move,884,363
1667272.3999999985,Move,883,365
1667288.3999999985,Move,882,367
1667304.3999999985,Move,881,369
1667318.5,Move,879,370
1667334.8999999985,Move,878,373
1667350.5,Move,877,375
1667373.3000000007,Move,875,378
1667388.6999999993,Move,873,380
1667405,Move,871,383
1667420.5,Move,869,385
1667435,Move,868,387
1667450.3999999985,Move,866,388
1667467,Move,864,389
1667489,Move,862,391
1667504.6000000015,Move,859,393
1667520.8000000007,Move,856,394
1667537.1000000015,Move,853,395
1667551.1999999993,Move,849,397
1667567.1000000015,Move,847,398
1667590.8000000007,Move,843,399
1667604.5,Move,839,401
1667620.8000000007,Move,835,402
1667637,Move,830,404
1667652.8999999985,Move,826,405
1667674.8000000007,Move,821,407
1667690.8999999985,Move,818,408
1667706.6999999993,Move,815,409
1667722,Move,811,409
1667736.3000000007,Move,806,411
1667752,Move,802,412
1667774.5,Move,796,414
1667790.1000000015,Move,793,415
1667806.3000000007,Move,788,415
1667822.1000000015,Move,784,415
1667836.6000000015,Move,779,416
1667852.6999999993,Move,774,417
1667868.6000000015,Move,768,417
1667884.1000000015,Move,763,418
1667906.6000000015,Move,757,419
1667922.1000000015,Move,752,419
1667938.1000000015,Move,748,419
1667954.1000000015,Move,744,419
1667968.1999999993,Move,739,419
1667984.1999999993,Move,734,419
1668000.6000000015,Move,729,419
1668022.6000000015,Move,723,417
1668038,Move,719,416
1668054,Move,715,416
1668070.1000000015,Move,711,415
1668084.3000000007,Move,708,414
1668100.3000000007,Move,705,413
1668124.1999999993,Move,701,411
1668138.1999999993,Move,699,410
1668154.1000000015,Move,696,409
1668170.6000000015,Move,693,407
1668184.5,Move,690,406
1668207.8999999985,Move,685,404
1668224.3999999985,Move,682,402
1668240.3999999985,Move,679,401
1668254.3999999985,Move,677,399
1668270.1999999993,Move,675,397
1668286.1000000015,Move,672,396
1668302.1999999993,Move,668,395
1668324.5,Move,664,393
1668340.3999999985,Move,661,391
1668356.6000000015,Move,659,390
1668370.6000000015,Move,656,389
1668386.1999999993,Move,655,387
1668402.3999999985,Move,653,385
1668418.3999999985,Move,652,383
1668439.8000000007,Move,649,379
1668456.1000000015,Move,648,374
1668472.1000000015,Move,646,371
1668486.3000000007,Move,645,368
1668502.6000000015,Move,644,365
1668518.3000000007,Move,643,363
1668540,Move,640,357
1668556.3000000007,Move,638,353
1668572.6999999993,Move,637,349
1668589.3000000007,Move,635,344
1668602.8000000007,Move,635,342
1668619.1000000015,Move,633,338
1668635.1000000015,Move,633,335
1668650.8000000007,Move,632,332
1668672.8999999985,Move,630,328
1668688.6999999993,Move,630,326
1668704.6000000015,Move,629,324
1668720.8000000007,Move,629,321
1668735.3000000007,Move,628,318
1668750.6999999993,Move,627,317
1668772.6999999993,Move,627,313
1668788.8000000007,Move,627,310
1668804.3999999985,Move,627,308
1668820.1999999993,Move,627,306
1668833.8000000007,Move,627,303
1668850.5,Move,627,301
1668866.6000000015,Move,627,299
1668888.8000000007,Move,627,293
1668904.1000000015,Move,627,291
1668919.8999999985,Move,628,287
1668936.1999999993,Move,629,283
1668958.1999999993,Move,631,278
1668974.3000000007,Move,633,273
1668990.5,Move,635,269
1669006.1999999993,Move,636,265
1669020.1000000015,Move,639,259
1669036.1999999993,Move,641,254
1669052.5,Move,643,247
1669074.3999999985,Move,646,239
1669090.3000000007,Move,648,235
1669106.1999999993,Move,650,230
1669122.1000000015,Move,651,227
1669136.1999999993,Move,653,224
1669152.1000000015,Move,654,220
1669168.6999999993,Move,656,217
1669190.1000000015,Move,661,210
1669206.1999999993,Move,664,206
1669222.1999999993,Move,667,203
1669238.1000000015,Move,669,201
1669252.1000000015,Move,672,198
1669268,Move,675,195
1669284.6000000015,Move,678,193
1669306.1999999993,Move,684,191
1669322.1000000015,Move,689,189
1669338,Move,692,188
1669354.1000000015,Move,697,186
1669368.5,Move,702,185
1669384.1999999993,Move,707,183
1669400.3999999985,Move,711,181
1669424.3999999985,Move,716,179
1669438.5,Move,719,177
1669454.1999999993,Move,722,177
1669470.6999999993,Move,725,176
1669484.1000000015,Move,730,175
1669500.5,Move,733,173
1669524.6999999993,Move,740,173
1669538.6999999993,Move,744,172
1669554.3000000007,Move,749,172
1669569.8999999985,Move,753,172
1669586.1999999993,Move,756,172
1669599.8999999985,Move,759,172
1669624.3000000007,Move,763,172
1669640.3000000007,Move,769,173
1669654.6000000015,Move,773,174
1669670.1000000015,Move,777,175
1669685.6999999993,Move,782,177
1669702.1000000015,Move,785,178
1669724.5,Move,789,180
1669740.5,Move,791,181
1669756.1999999993,Move,794,183
1669772.3000000007,Move,798,184
1669786.5,Move,802,185
1669802.1000000015,Move,807,187
1669818,Move,810,188
1669840.5,Move,814,190
1669856.3999999985,Move,816,191
1669872.3999999985,Move,818,193
1669888.6000000015,Move,821,195
1669902.5,Move,823,197
1669918.3000000007,Move,825,198
1669940.6000000015,Move,829,201
1669956.3999999985,Move,831,203
1669972.1000000015,Move,833,205
1669988,Move,835,206
1670002.5,Move,837,208
1670018.6999999993,Move,838,209
1670034.3000000007,Move,839,211
1670050.5,Move,841,213
1670072.3000000007,Move,844,218
1670088.3000000007,Move,846,221
1670104.1000000015,Move,847,221
1670119.8999999985,Move,848,223
1670134.1999999993,Move,849,225
1670150.8000000007,Move,851,228
1670174.3999999985,Move,853,232
1670188.1999999993,Move,854,235
1670204.1000000015,Move,855,237
1670220.5,Move,857,241
1670234.1999999993,Move,858,244
1670258.1999999993,Move,860,247
1670274.3999999985,Move,861,248
1670290.3999999985,Move,863,251
1670304.1000000015,Move,863,253
1670320.3999999985,Move,865,255
1670336.1000000015,Move,866,257
1670358.5,Move,868,263
1670374.3999999985,Move,869,265
1670390.6000000015,Move,871,267
1670406.1000000015,Move,872,269
1670420.1000000015,Move,873,271
1670436.5,Move,873,274
1670451.6999999993,Move,875,276
1670468,Move,876,277
1670490.5,Move,877,280
1670506.1999999993,Move,878,283
1670522.6000000015,Move,879,285
1670536.1000000015,Move,880,287
1670553.1999999993,Move,881,288
1670569.1000000015,Move,883,290
1670590.8999999985,Move,883,293
1670606.5,Move,884,294
1670623.1999999993,Move,884,295
1670638.8999999985,Move,884,297
1670653,Move,884,299
1670668.8999999985,Move,884,302
1670684.8999999985,Move,884,303
1670707,Move,884,307
1670722.8000000007,Move,885,312
1670739.3000000007,Move,885,315
1670755,Move,885,317
1670769.1999999993,Move,886,320
1670785.3000000007,Move,886,322
1670801.1000000015,Move,886,324
1670824.8999999985,Move,886,327
1670838.8000000007,Move,886,329
1670855,Move,886,331
1670871,Move,886,332
1670887.3000000007,Move,887,333
1670900.6999999993,Move,887,334
1670925.1000000015,Move,888,336
1670932.1000000015,Move,888,337
1670954.1999999993,Move,889,338
1670970.3000000007,Move,890,339
1670978.3999999985,Move,890,340
1670978.8999999985,Released,890,340
1671604.8999999985,Released,753,527
