resolution:1920,1080
11378,Pressed,0.45677083333333335,0.1527777777777778
11546,Move,0.46041666666666664,0.15092592592592594
11561,Move,0.46927083333333336,0.14814814814814814
11569,Move,0.4734375,0.14722222222222223
11590,Move,0.4828125,0.14444444444444443
11619,Move,0.49322916666666666,0.14351851851851852
11650,Move,0.5041666666666667,0.14814814814814814
11664,Move,0.5109375,0.1537037037037037
11671,Move,0.5140625,0.15648148148148147
11687,Move,0.5197916666666667,0.16203703703703703
11700,Move,0.5239583333333333,0.16574074074074074
11716,Move,0.5265625,0.16944444444444445
11731,Move,0.5291666666666667,0.17314814814814813
11752,Move,0.534375,0.18333333333333332
11766,Move,0.5380208333333333,0.1935185185185185
11781,Move,0.540625,0.2037037037037037
11796,Move,0.5432291666666667,0.2175925925925926
11818,Move,0.5453125,0.23796296296296296
11834,Move,0.5463541666666667,0.2518518518518518
11847,Move,0.5463541666666667,0.26851851851851855
11870,Move,0.5453125,0.28703703703703703
11884,Move,0.5432291666666667,0.3
11899,Move,0.540625,0.3111111111111111
11914,Move,0.5380208333333333,0.32037037037037036
11936,Move,0.5317708333333333,0.33611111111111114
11950,Move,0.5265625,0.3453703703703704
11965,Move,0.51875,0.35555555555555557
11987,Move,0.5067708333333333,0.36666666666666664
12001,Move,0.49895833333333334,0.37222222222222223
12016,Move,0.49166666666666664,0.37777777777777777
12032,Move,0.48385416666666664,0.37962962962962965
12053,Move,0.471875,0.38055555555555554
12068,Move,0.46458333333333335,0.38055555555555554
12082,Move,0.4583333333333333,0.38055555555555554
12104,Move,0.45,0.37962962962962965
12120,Move,0.44427083333333334,0.37777777777777777
12134,Move,0.4390625,0.375
12148,Move,0.43333333333333335,0.37222222222222223
12170,Move,0.425,0.3648148148148148
12185,Move,0.4197916666666667,0.3592592592592593
12199,Move,0.41510416666666666,0.3527777777777778
12222,Move,0.4088541666666667,0.34074074074074073
12238,Move,0.40520833333333334,0.33240740740740743
12251,Move,0.4015625,0.32407407407407407
12266,Move,0.3984375,0.3138888888888889
12288,Move,0.39479166666666665,0.30092592592592593
12303,Move,0.3932291666666667,0.29259259259259257
12318,Move,0.3921875,0.2814814814814815
12332,Move,0.3921875,0.27037037037037037
12354,Move,0.3921875,0.25555555555555554
12369,Move,0.3932291666666667,0.2462962962962963
12383,Move,0.39427083333333335,0.23796296296296296
12406,Move,0.39791666666666664,0.22592592592592592
12420,Move,0.4015625,0.2175925925925926
12434,Move,0.40625,0.2074074074074074
12451,Move,0.41041666666666665,0.1962962962962963
12472,Move,0.41770833333333335,0.18611111111111112
12487,Move,0.42135416666666664,0.1814814814814815
12501,Move,0.425,0.17592592592592593
12517,Move,0.4296875,0.1712962962962963
12537,Move,0.4395833333333333,0.1638888888888889
12553,Move,0.44479166666666664,0.15925925925925927
12567,Move,0.4505208333333333,0.1537037037037037
12589,Move,0.4583333333333333,0.14814814814814814
12603,Move,0.4630208333333333,0.14537037037037037
12618,Move,0.4671875,0.14351851851851852
12635,Move,0.4713541666666667,0.1425925925925926
12655,Move,0.478125,0.14166666666666666
12669,Move,0.4791666666666667,0.14166666666666666
12684,Move,0.48020833333333335,0.14166666666666666
12706,Move,0.48072916666666665,0.14166666666666666
12778,Released,0.48072916666666665,0.14166666666666666
13660,Released,0.4822916666666667,0.49907407407407406
14204,Released,0.48125,0.49166666666666664