resolution:1536,864
40203.300000000745,Pressed,0.4205729166666667,0.45601851851851855
40248.5,Move,0.4205729166666667,0.4548611111111111
40270.39999999851,Move,0.4205729166666667,0.4548611111111111
40286.599999997765,Move,0.4212239583333333,0.4537037037037037
40303,Move,0.421875,0.4525462962962963
40325,Move,0.4225260416666667,0.4513888888888889
40340.300000000745,Move,0.4231770833333333,0.4513888888888889
40348.199999999255,Move,0.423828125,0.45023148148148145
40365,Move,0.423828125,0.45023148148148145
40386.89999999851,Move,0.4244791666666667,0.45023148148148145
40402.699999999255,Move,0.4244791666666667,0.45023148148148145
40419.800000000745,Move,0.4251302083333333,0.45023148148148145
40440.199999999255,Move,0.4264322916666667,0.44907407407407407
40456.099999997765,Move,0.4270833333333333,0.44907407407407407
40464.5,Move,0.427734375,0.44907407407407407
40480.099999997765,Move,0.427734375,0.44907407407407407
40510.39999999851,Move,0.4283854166666667,0.44907407407407407
40572.800000000745,Move,0.4290364583333333,0.44907407407407407
40580.599999997765,Move,0.4290364583333333,0.44907407407407407
40588.39999999851,Move,0.4296875,0.44907407407407407
40605,Move,0.4296875,0.44907407407407407
40618.699999999255,Move,0.4303385416666667,0.44907407407407407
40634.89999999851,Move,0.4309895833333333,0.44907407407407407
40650.699999999255,Move,0.431640625,0.44907407407407407
40674.39999999851,Move,0.4322916666666667,0.44907407407407407
40688.300000000745,Move,0.4329427083333333,0.44907407407407407
40704.099999997765,Move,0.43359375,0.44907407407407407
40711.89999999851,Move,0.4342447916666667,0.44907407407407407
40733.89999999851,Move,0.4342447916666667,0.44907407407407407
40750.099999997765,Move,0.4348958333333333,0.44907407407407407
40774.5,Move,0.435546875,0.45023148148148145
40788.199999999255,Move,0.4361979166666667,0.45023148148148145
40796.800000000745,Move,0.4368489583333333,0.45023148148148145
40820.099999997765,Move,0.4368489583333333,0.45023148148148145
40836.300000000745,Move,0.4375,0.45023148148148145
40843.89999999851,Move,0.4381510416666667,0.45023148148148145
40866.39999999851,Move,0.4381510416666667,0.45023148148148145
40890.300000000745,Move,0.4388020833333333,0.45023148148148145
40906.199999999255,Move,0.439453125,0.45023148148148145
40912.199999999255,Move,0.439453125,0.45023148148148145
40952.39999999851,Move,0.439453125,0.45023148148148145
40990.300000000745,Move,0.4401041666666667,0.45023148148148145
41014.599999997765,Move,0.4407552083333333,0.45023148148148145
41022.300000000745,Move,0.4407552083333333,0.45023148148148145
41097.800000000745,Move,0.44140625,0.45023148148148145
41152.300000000745,Move,0.4420572916666667,0.45023148148148145
41192.300000000745,Move,0.4420572916666667,0.45023148148148145
41200.199999999255,Move,0.4420572916666667,0.4513888888888889
41216,Move,0.4420572916666667,0.4513888888888889
41254.300000000745,Move,0.4427083333333333,0.4525462962962963
41268.199999999255,Move,0.443359375,0.4525462962962963
41324.300000000745,Move,0.443359375,0.4525462962962963
41346.39999999851,Move,0.4440104166666667,0.4525462962962963
41392.099999997765,Move,0.4440104166666667,0.4537037037037037
41416.300000000745,Move,0.4440104166666667,0.4548611111111111
41440,Move,0.4446614583333333,0.4548611111111111
41445.699999999255,Move,0.4446614583333333,0.4548611111111111
41478.39999999851,Move,0.4446614583333333,0.4548611111111111
41486.300000000745,Move,0.4453125,0.4548611111111111
41493.89999999851,Move,0.4453125,0.4548611111111111
41532.39999999851,Move,0.4459635416666667,0.4548611111111111
41548.300000000745,Move,0.4459635416666667,0.45601851851851855
41570.5,Move,0.4459635416666667,0.45601851851851855
41586.599999997765,Move,0.4459635416666667,0.45717592592592593
41602.300000000745,Move,0.4466145833333333,0.45717592592592593
41609.699999999255,Move,0.4466145833333333,0.45717592592592593
41616.199999999255,Move,0.4466145833333333,0.45717592592592593
41648.300000000745,Move,0.447265625,0.4583333333333333
41687,Move,0.447265625,0.45949074074074076
41695.199999999255,Move,0.447265625,0.45949074074074076
41726.699999999255,Move,0.447265625,0.45949074074074076
41748.300000000745,Move,0.4479166666666667,0.45949074074074076
41757,Move,0.4479166666666667,0.45949074074074076
41795.099999997765,Move,0.4485677083333333,0.45949074074074076
41835.300000000745,Move,0.4485677083333333,0.46064814814814814
41857.099999997765,Move,0.4485677083333333,0.4618055555555556
41873.300000000745,Move,0.44921875,0.4618055555555556
41889.199999999255,Move,0.44921875,0.4618055555555556
41913.199999999255,Move,0.44921875,0.4618055555555556
41926.89999999851,Move,0.44921875,0.46296296296296297
41975.300000000745,Move,0.4498697916666667,0.46296296296296297
41989,Move,0.4498697916666667,0.46412037037037035
41996.599999997765,Move,0.4498697916666667,0.46412037037037035
42021,Move,0.4505208333333333,0.4652777777777778
42037.199999999255,Move,0.4505208333333333,0.4664351851851852
42058.89999999851,Move,0.451171875,0.4664351851851852
42067.300000000745,Move,0.451171875,0.4664351851851852
42082.89999999851,Move,0.451171875,0.4675925925925926
42120.800000000745,Move,0.451171875,0.4675925925925926
42145.300000000745,Move,0.4518229166666667,0.46875
42183.099999997765,Move,0.4518229166666667,0.46875
42220.89999999851,Move,0.4518229166666667,0.4699074074074074
42228.599999997765,Move,0.4524739583333333,0.4710648148148148
42291.099999997765,Move,0.4524739583333333,0.4710648148148148
42323.300000000745,Move,0.4524739583333333,0.4722222222222222
42377.099999997765,Move,0.4524739583333333,0.4722222222222222
42399.199999999255,Move,0.4524739583333333,0.47337962962962965
42423.199999999255,Move,0.4524739583333333,0.47337962962962965
42430.89999999851,Move,0.453125,0.47337962962962965
42477.300000000745,Move,0.453125,0.47453703703703703
42539,Move,0.453125,0.4756944444444444
42593.199999999255,Move,0.453125,0.4756944444444444
42617.300000000745,Move,0.453125,0.47685185185185186
42671.099999997765,Move,0.453125,0.47685185185185186
42678.699999999255,Move,0.453125,0.47800925925925924
42687,Move,0.4537760416666667,0.47800925925925924
42700.699999999255,Move,0.4537760416666667,0.4791666666666667
42716.800000000745,Move,0.4537760416666667,0.48032407407407407
42733.300000000745,Move,0.4537760416666667,0.48032407407407407
42749.099999997765,Move,0.4537760416666667,0.48148148148148145
42762.5,Move,0.4537760416666667,0.48148148148148145
42778.800000000745,Move,0.4537760416666667,0.4826388888888889
42795,Move,0.4537760416666667,0.4826388888888889
42819.099999997765,Move,0.4537760416666667,0.4837962962962963
42841,Move,0.4537760416666667,0.4849537037037037
42848.89999999851,Move,0.4537760416666667,0.4861111111111111
42879.099999997765,Move,0.4537760416666667,0.4861111111111111
42895.099999997765,Move,0.4537760416666667,0.48726851851851855
42919.099999997765,Move,0.4537760416666667,0.48726851851851855
42935.39999999851,Move,0.4537760416666667,0.48842592592592593
42940.39999999851,Move,0.4537760416666667,0.4895833333333333
42957.300000000745,Move,0.4537760416666667,0.4895833333333333
42964.699999999255,Move,0.4537760416666667,0.49074074074074076
42989.199999999255,Move,0.4537760416666667,0.49189814814814814
43003.099999997765,Move,0.4537760416666667,0.49189814814814814
43019.099999997765,Move,0.4537760416666667,0.4930555555555556
43050.89999999851,Move,0.4537760416666667,0.49421296296296297
43089.300000000745,Move,0.4537760416666667,0.49421296296296297
43151.099999997765,Move,0.4537760416666667,0.49537037037037035
43221.099999997765,Move,0.453125,0.49537037037037035
43250.89999999851,Move,0.453125,0.4965277777777778
43383.199999999255,Move,0.453125,0.4965277777777778
43407.199999999255,Move,0.4524739583333333,0.4965277777777778
43461.199999999255,Move,0.4524739583333333,0.4976851851851852
43468.89999999851,Move,0.4524739583333333,0.4988425925925926
43499.199999999255,Move,0.4524739583333333,0.4988425925925926
43523.300000000745,Move,0.4518229166666667,0.4988425925925926
43576.800000000745,Move,0.451171875,0.5
43599.199999999255,Move,0.451171875,0.5
43660.800000000745,Move,0.451171875,0.5011574074074074
43685.300000000745,Move,0.451171875,0.5011574074074074
43701.199999999255,Move,0.4505208333333333,0.5011574074074074
43708.800000000745,Move,0.4505208333333333,0.5023148148148148
43731.199999999255,Move,0.4498697916666667,0.5023148148148148
43747.39999999851,Move,0.4498697916666667,0.5034722222222222
43771.199999999255,Move,0.4498697916666667,0.5034722222222222
43793.099999997765,Move,0.4498697916666667,0.5034722222222222
43825.300000000745,Move,0.44921875,0.5046296296296297
43839.099999997765,Move,0.44921875,0.5046296296296297
43863.5,Move,0.44921875,0.5046296296296297
43901.099999997765,Move,0.4485677083333333,0.5057870370370371
43925.300000000745,Move,0.4485677083333333,0.5057870370370371
43941,Move,0.4479166666666667,0.5069444444444444
43956.199999999255,Move,0.447265625,0.5069444444444444
43970.099999997765,Move,0.447265625,0.5081018518518519
43978,Move,0.447265625,0.5081018518518519
43993.800000000745,Move,0.447265625,0.5081018518518519
44008.599999997765,Move,0.4466145833333333,0.5081018518518519
44041.300000000745,Move,0.4466145833333333,0.5092592592592593
44048.800000000745,Move,0.4466145833333333,0.5092592592592593
44062.5,Move,0.4459635416666667,0.5092592592592593
44103.39999999851,Move,0.4459635416666667,0.5104166666666666
44132.800000000745,Move,0.4459635416666667,0.5104166666666666
44157.300000000745,Move,0.4453125,0.5104166666666666
44187.099999997765,Move,0.4446614583333333,0.5115740740740741
44235.199999999255,Move,0.4446614583333333,0.5115740740740741
44248.89999999851,Move,0.4446614583333333,0.5127314814814815
44305.300000000745,Move,0.4440104166666667,0.5127314814814815
44366.89999999851,Move,0.4440104166666667,0.5138888888888888
44389.099999997765,Move,0.443359375,0.5138888888888888
44413.300000000745,Move,0.443359375,0.5138888888888888
44451,Move,0.4427083333333333,0.5150462962962963
44467.199999999255,Move,0.4420572916666667,0.5150462962962963
44483.300000000745,Move,0.4420572916666667,0.5150462962962963
44497.300000000745,Move,0.4420572916666667,0.5150462962962963
44520.89999999851,Move,0.44140625,0.5150462962962963
44537.300000000745,Move,0.44140625,0.5162037037037037
44545.099999997765,Move,0.44140625,0.5162037037037037
44552.599999997765,Move,0.4407552083333333,0.5162037037037037
44575,Move,0.4407552083333333,0.5173611111111112
44582.699999999255,Move,0.4401041666666667,0.5173611111111112
44613,Move,0.4401041666666667,0.5173611111111112
44636.800000000745,Move,0.439453125,0.5173611111111112
44652.699999999255,Move,0.439453125,0.5173611111111112
44660.5,Move,0.4388020833333333,0.5185185185185185
44674.800000000745,Move,0.4388020833333333,0.5185185185185185
44682.39999999851,Move,0.4388020833333333,0.5185185185185185
44698.599999997765,Move,0.4381510416666667,0.5185185185185185
44761.199999999255,Move,0.4381510416666667,0.5196759259259259
44790.800000000745,Move,0.4375,0.5196759259259259
44807.099999997765,Move,0.4368489583333333,0.5196759259259259
44822.89999999851,Move,0.4368489583333333,0.5196759259259259
44831.099999997765,Move,0.4368489583333333,0.5208333333333334
44846.599999997765,Move,0.4361979166666667,0.5208333333333334
44860.599999997765,Move,0.4361979166666667,0.5208333333333334
44885.199999999255,Move,0.435546875,0.5208333333333334
44892.699999999255,Move,0.435546875,0.5219907407407407
44915.199999999255,Move,0.4348958333333333,0.5219907407407407
44938.800000000745,Move,0.4342447916666667,0.5219907407407407
44946.89999999851,Move,0.4342447916666667,0.5219907407407407
44962.39999999851,Move,0.4342447916666667,0.5219907407407407
45000.89999999851,Move,0.43359375,0.5219907407407407
45031.199999999255,Move,0.4329427083333333,0.5219907407407407
45047,Move,0.4329427083333333,0.5219907407407407
45070.89999999851,Move,0.4322916666666667,0.5219907407407407
45085.300000000745,Move,0.431640625,0.5219907407407407
45108.89999999851,Move,0.431640625,0.5219907407407407
45133.099999997765,Move,0.4309895833333333,0.5219907407407407
45155.199999999255,Move,0.4309895833333333,0.5219907407407407
45162.800000000745,Move,0.4303385416666667,0.5219907407407407
45201.099999997765,Move,0.4303385416666667,0.5219907407407407
45233.39999999851,Move,0.4296875,0.5219907407407407
45271.099999997765,Move,0.4290364583333333,0.5219907407407407
45341.099999997765,Move,0.4290364583333333,0.5219907407407407
45365.300000000745,Move,0.4283854166666667,0.5219907407407407
45427.5,Move,0.4283854166666667,0.5219907407407407
45473.199999999255,Move,0.427734375,0.5219907407407407
45527.39999999851,Move,0.427734375,0.5219907407407407
45588.599999997765,Move,0.4270833333333333,0.5219907407407407
45643.199999999255,Move,0.4264322916666667,0.5219907407407407
45667.300000000745,Move,0.4264322916666667,0.5219907407407407
45689.300000000745,Move,0.42578125,0.5219907407407407
45697.599999997765,Move,0.42578125,0.5208333333333334
45720.800000000745,Move,0.4251302083333333,0.5208333333333334
45759.300000000745,Move,0.4251302083333333,0.5208333333333334
45783.300000000745,Move,0.4244791666666667,0.5208333333333334
45805.300000000745,Move,0.423828125,0.5208333333333334
45812.5,Move,0.423828125,0.5208333333333334
45828.699999999255,Move,0.4231770833333333,0.5208333333333334
45860.800000000745,Move,0.4231770833333333,0.5196759259259259
45883.39999999851,Move,0.4225260416666667,0.5196759259259259
45929.5,Move,0.4225260416666667,0.5196759259259259
46006.800000000745,Move,0.421875,0.5196759259259259
46061,Move,0.4212239583333333,0.5196759259259259
46085.300000000745,Move,0.4212239583333333,0.5196759259259259
46131.099999997765,Move,0.4212239583333333,0.5196759259259259
46169.099999997765,Move,0.4205729166666667,0.5196759259259259
46176.699999999255,Move,0.4205729166666667,0.5185185185185185
46184.89999999851,Move,0.4205729166666667,0.5185185185185185
46217.599999997765,Move,0.419921875,0.5185185185185185
46271.099999997765,Move,0.419921875,0.5185185185185185
46293.39999999851,Move,0.4192708333333333,0.5173611111111112
46317,Move,0.4186197916666667,0.5173611111111112
46340.89999999851,Move,0.4186197916666667,0.5173611111111112
46347,Move,0.4186197916666667,0.5173611111111112
46362.699999999255,Move,0.41796875,0.5173611111111112
46387.5,Move,0.41796875,0.5173611111111112
46408.89999999851,Move,0.4173177083333333,0.5162037037037037
46425.199999999255,Move,0.4166666666666667,0.5162037037037037
46440.800000000745,Move,0.416015625,0.5162037037037037
46457.599999997765,Move,0.416015625,0.5150462962962963
46479.300000000745,Move,0.416015625,0.5150462962962963
46533,Move,0.4153645833333333,0.5150462962962963
46540.89999999851,Move,0.4147135416666667,0.5150462962962963
46572.5,Move,0.4147135416666667,0.5138888888888888
46648.599999997765,Move,0.4140625,0.5127314814814815
46664.39999999851,Move,0.4134114583333333,0.5127314814814815
46718.39999999851,Move,0.4134114583333333,0.5127314814814815
46750.599999997765,Move,0.4134114583333333,0.5115740740740741
46788.39999999851,Move,0.4127604166666667,0.5115740740740741
46858.5,Move,0.4127604166666667,0.5104166666666666
46866.099999997765,Move,0.412109375,0.5104166666666666
46920.699999999255,Move,0.412109375,0.5092592592592593
46974.699999999255,Move,0.4114583333333333,0.5081018518518519
46990.39999999851,Move,0.4114583333333333,0.5081018518518519
47012.699999999255,Move,0.4114583333333333,0.5069444444444444
47052.5,Move,0.4108072916666667,0.5069444444444444
47074.699999999255,Move,0.4108072916666667,0.5069444444444444
47152.5,Move,0.4108072916666667,0.5057870370370371
47174.699999999255,Move,0.4108072916666667,0.5057870370370371
47214.699999999255,Move,0.4108072916666667,0.5046296296296297
47236.5,Move,0.4108072916666667,0.5046296296296297
47252.599999997765,Move,0.4108072916666667,0.5034722222222222
47276.300000000745,Move,0.4108072916666667,0.5034722222222222
47339.300000000745,Move,0.4108072916666667,0.5023148148148148
47393.300000000745,Move,0.41015625,0.5023148148148148
47408.800000000745,Move,0.41015625,0.5011574074074074
47463.199999999255,Move,0.41015625,0.5011574074074074
47485.300000000745,Move,0.4095052083333333,0.5
47525.199999999255,Move,0.4095052083333333,0.4988425925925926
47539.099999997765,Move,0.4095052083333333,0.4988425925925926
47570.599999997765,Move,0.4095052083333333,0.4976851851851852
47586.800000000745,Move,0.4095052083333333,0.4976851851851852
47600.699999999255,Move,0.4095052083333333,0.4965277777777778
47641.199999999255,Move,0.4095052083333333,0.49537037037037035
47654.5,Move,0.4095052083333333,0.49421296296296297
47708.800000000745,Move,0.4095052083333333,0.4930555555555556
47733.099999997765,Move,0.4095052083333333,0.4930555555555556
47771.199999999255,Move,0.4095052083333333,0.49189814814814814
47819.199999999255,Move,0.4095052083333333,0.49189814814814814
47840.699999999255,Move,0.4095052083333333,0.49074074074074076
47910.800000000745,Move,0.4095052083333333,0.4895833333333333
47957.300000000745,Move,0.4095052083333333,0.4895833333333333
47980.89999999851,Move,0.4095052083333333,0.4895833333333333
47988.800000000745,Move,0.4095052083333333,0.48842592592592593
48019.099999997765,Move,0.4095052083333333,0.48726851851851855
48027.300000000745,Move,0.4095052083333333,0.48726851851851855
48042.800000000745,Move,0.41015625,0.48726851851851855
48059.099999997765,Move,0.41015625,0.4861111111111111
48073.300000000745,Move,0.41015625,0.4849537037037037
48088.89999999851,Move,0.41015625,0.4849537037037037
48104.800000000745,Move,0.4108072916666667,0.4849537037037037
48150.699999999255,Move,0.4108072916666667,0.4837962962962963
48188.699999999255,Move,0.4108072916666667,0.4826388888888889
48242.89999999851,Move,0.4108072916666667,0.4826388888888889
48258.699999999255,Move,0.4108072916666667,0.48148148148148145
48274.89999999851,Move,0.4108072916666667,0.48032407407407407
48320,Move,0.4108072916666667,0.48032407407407407
48344.800000000745,Move,0.4114583333333333,0.4791666666666667
48352.199999999255,Move,0.4114583333333333,0.47800925925925924
48374.89999999851,Move,0.4114583333333333,0.47800925925925924
48390.599999997765,Move,0.4114583333333333,0.4756944444444444
48406.89999999851,Move,0.4114583333333333,0.4756944444444444
48422.89999999851,Move,0.412109375,0.4756944444444444
48437,Move,0.412109375,0.47453703703703703
48444,Move,0.412109375,0.47337962962962965
48468.800000000745,Move,0.412109375,0.47337962962962965
48490.300000000745,Move,0.412109375,0.4722222222222222
48506.39999999851,Move,0.412109375,0.4722222222222222
48522.599999997765,Move,0.4127604166666667,0.4710648148148148
48552.099999997765,Move,0.4127604166666667,0.4710648148148148
48584.300000000745,Move,0.4127604166666667,0.4699074074074074
48606.300000000745,Move,0.4134114583333333,0.46875
48646.39999999851,Move,0.4134114583333333,0.46875
48676.099999997765,Move,0.4134114583333333,0.46875
48700.300000000745,Move,0.4134114583333333,0.4675925925925926
48738.099999997765,Move,0.4134114583333333,0.4675925925925926
48784.89999999851,Move,0.4140625,0.4664351851851852
48838.699999999255,Move,0.4140625,0.4664351851851852
48846.599999997765,Move,0.4140625,0.4652777777777778
48870.39999999851,Move,0.4147135416666667,0.46412037037037035
48908.699999999255,Move,0.4147135416666667,0.46412037037037035
48940.699999999255,Move,0.4147135416666667,0.46296296296296297
48956.699999999255,Move,0.4147135416666667,0.46296296296296297
48970.699999999255,Move,0.4153645833333333,0.46296296296296297
49003.099999997765,Move,0.4153645833333333,0.4618055555555556
49040.199999999255,Move,0.416015625,0.4618055555555556
49080.5,Move,0.416015625,0.46064814814814814
49134.599999997765,Move,0.416015625,0.45949074074074076
49142.300000000745,Move,0.416015625,0.45949074074074076
49181,Move,0.416015625,0.45949074074074076
49210.89999999851,Move,0.4166666666666667,0.4583333333333333
49266.599999997765,Move,0.4166666666666667,0.4583333333333333
49334.89999999851,Move,0.4166666666666667,0.45717592592592593
49389.39999999851,Move,0.4173177083333333,0.45717592592592593
49491,Move,0.4173177083333333,0.45717592592592593
49567.699999999255,Move,0.4173177083333333,0.45717592592592593
49591,Move,0.4173177083333333,0.45601851851851855
49606.699999999255,Move,0.41796875,0.45601851851851855
49614.599999997765,Move,0.41796875,0.4548611111111111
49644.300000000745,Move,0.4186197916666667,0.4548611111111111
49659.699999999255,Move,0.4186197916666667,0.4548611111111111
49668.599999997765,Move,0.4186197916666667,0.4537037037037037
49690.5,Move,0.4192708333333333,0.4537037037037037
49698.199999999255,Move,0.4192708333333333,0.4537037037037037
49747,Move,0.419921875,0.4525462962962963
49815.300000000745,Move,0.419921875,0.4525462962962963
49839.099999997765,Move,0.419921875,0.4525462962962963
49863,Move,0.4205729166666667,0.4525462962962963
49876.39999999851,Move,0.4205729166666667,0.4513888888888889
49916.800000000745,Move,0.4212239583333333,0.4513888888888889
50099.89999999851,Released,0.4212239583333333,0.4513888888888889
50898,Released,0.4954427083333333,0.6053240740740741