resolution:1536,864
539109,Pressed,777,284
539113.8999999999,Move,775,283
539130.2999999998,Move,770,283
539146.1999999997,Move,766,283
539168,Move,757,284
539184,Move,749,286
539199.8999999999,Move,741,287
539216.1000000001,Move,731,290
539230.2999999998,Move,723,292
539246.2999999998,Move,717,293
539261.8999999999,Move,711,296
539284.2999999998,Move,703,302
539299.8999999999,Move,700,306
539316.1000000001,Move,697,310
539330,Move,695,314
539346.1000000001,Move,693,319
539361.8999999999,Move,690,323
539378.2999999998,Move,689,327
539400,Move,687,335
539415.8999999999,Move,686,340
539432,Move,685,345
539447.8999999999,Move,685,350
539462.1000000001,Move,685,355
539485.8999999999,Move,688,363
539502.1000000001,Move,688,367
539515.8999999999,Move,690,370
539532,Move,691,373
539548.1999999997,Move,693,376
539562,Move,694,380
539586.1000000001,Move,698,386
539602.1999999997,Move,701,389
539618,Move,705,392
539632.3999999999,Move,709,395
539648.3999999999,Move,713,396
539663.8999999999,Move,718,397
539686.1000000001,Move,727,400
539702.1000000001,Move,732,400
539718,Move,738,400
539733.7999999998,Move,743,401
539748.2999999998,Move,748,401
539764.2999999998,Move,753,400
539780.2999999998,Move,757,399
539802.3999999999,Move,765,397
539818.1000000001,Move,770,396
539833.8999999999,Move,777,393
539848.2999999998,Move,783,390
539863.8999999999,Move,790,387
539880.1000000001,Move,794,383
539896.1000000001,Move,799,379
539918,Move,805,374
539934.1000000001,Move,809,369
539950,Move,811,367
539966.3999999999,Move,813,363
539980,Move,814,357
539996.2999999998,Move,816,353
540012.2999999998,Move,817,346
540034.3999999999,Move,820,337
540050.3999999999,Move,820,331
540066.3999999999,Move,820,325
540080.1000000001,Move,819,320
540096.1999999997,Move,817,316
540112.3999999999,Move,817,313
540136,Move,815,310
540150.1999999997,Move,813,308
540165.7999999998,Move,813,307
540181.8999999999,Move,811,306
540197.8999999999,Move,806,304
540212.1000000001,Move,802,303
540228,Move,797,301
540252.1000000001,Move,789,298
540266,Move,785,297
540282,Move,780,296
540298,Move,778,296
540314,Move,776,296
540336,Move,773,295
540344,Move,773,295
540360,Move,772,295
540389.8999999999,Move,772,295
540398.1999999997,Move,771,295
540414.3999999999,Move,770,295
540428.5,Move,769,295
540428.7999999998,Released,769,295
540948.1000000001,Released,744,530
