resolution:1920,1080
95950,Pressed,0.4713541666666667,0.15648148148148147
96089,Move,0.46145833333333336,0.14907407407407408
96096,Move,0.45625,0.14629629629629629
96103,Move,0.45,0.14351851851851852
96119,Move,0.4395833333333333,0.14166666666666666
96140,Move,0.41822916666666665,0.14351851851851852
96155,Move,0.403125,0.14722222222222223
96184,Move,0.3802083333333333,0.16666666666666666
96206,Move,0.3692708333333333,0.1814814814814815
96236,Move,0.35833333333333334,0.1962962962962963
96244,Move,0.3567708333333333,0.19814814814814816
96258,Move,0.3541666666666667,0.20462962962962963
96273,Move,0.3515625,0.21203703703703702
96288,Move,0.3489583333333333,0.22314814814814815
96310,Move,0.34479166666666666,0.24351851851851852
96324,Move,0.3421875,0.2564814814814815
96338,Move,0.3411458333333333,0.2675925925925926
96355,Move,0.3416666666666667,0.28055555555555556
96375,Move,0.34427083333333336,0.3
96390,Move,0.3484375,0.3148148148148148
96406,Move,0.3541666666666667,0.3296296296296296
96421,Move,0.3614583333333333,0.3453703703703704
96440,Move,0.37083333333333335,0.36203703703703705
96456,Move,0.38697916666666665,0.3814814814814815
96474,Move,0.39895833333333336,0.38981481481481484
96492,Move,0.4119791666666667,0.3962962962962963
96509,Move,0.43854166666666666,0.4027777777777778
96516,Move,0.44895833333333335,0.40370370370370373
96544,Move,0.49375,0.3972222222222222
96559,Move,0.5114583333333333,0.38981481481481484
96573,Move,0.525,0.38425925925925924
96588,Move,0.5328125,0.3814814814814815
96610,Move,0.5427083333333333,0.37592592592592594
96625,Move,0.5484375,0.37037037037037035
96639,Move,0.5541666666666667,0.3611111111111111
96654,Move,0.5625,0.34814814814814815
96676,Move,0.575,0.3194444444444444
96691,Move,0.5807291666666666,0.30648148148148147
96706,Move,0.5848958333333333,0.2916666666666667
96728,Move,0.5880208333333333,0.2740740740740741
96742,Move,0.5885416666666666,0.25925925925925924
96757,Move,0.5864583333333333,0.24351851851851852
96772,Move,0.584375,0.23055555555555557
96802,Move,0.5776041666666667,0.20462962962962963
96808,Move,0.5755208333333334,0.19907407407407407
96823,Move,0.56875,0.18425925925925926
96838,Move,0.5578125,0.16666666666666666
96860,Move,0.5385416666666667,0.1425925925925926
96891,Move,0.5197916666666667,0.12777777777777777
96909,Move,0.5098958333333333,0.12407407407407407
96926,Move,0.49375,0.12129629629629629
96941,Move,0.48020833333333335,0.12037037037037036
96955,Move,0.46770833333333334,0.12407407407407407
96978,Move,0.4510416666666667,0.13518518518518519
96999,Move,0.4354166666666667,0.14537037037037037
97013,Move,0.425,0.1527777777777778
97028,Move,0.4161458333333333,0.16111111111111112
97052,Move,0.3963541666666667,0.1787037037037037
97065,Move,0.38333333333333336,0.1925925925925926
97080,Move,0.3723958333333333,0.2064814814814815
97102,Move,0.3619791666666667,0.21944444444444444
97110,Move,0.3609375,0.2212962962962963
97115,Released,0.3609375,0.2212962962962963
98166,Released,0.49114583333333334,0.49537037037037035