resolution:1536,864
96839.79999999981,Pressed,899,321
96914,Move,899,323
96930.70000000019,Move,899,326
96951.6000000001,Move,898,331
96968,Move,897,334
96983.6000000001,Move,896,337
97000.20000000019,Move,895,339
97013.70000000019,Move,893,341
97030.1000000001,Move,892,344
97046.6000000001,Move,891,346
97068.1000000001,Move,889,351
97083.70000000019,Move,888,352
97100.20000000019,Move,887,353
97116,Move,885,355
97130.20000000019,Move,884,355
97146.8999999999,Move,881,357
97168.20000000019,Move,876,359
97184.29999999981,Move,871,361
97200.29999999981,Move,867,363
97216.29999999981,Move,861,367
97230,Move,856,371
97246.3999999999,Move,849,375
97262,Move,843,378
97278.29999999981,Move,837,383
97300.6000000001,Move,827,389
97316.6000000001,Move,819,392
97332.29999999981,Move,811,395
97347.8999999999,Move,804,397
97361.8999999999,Move,798,398
97378.5,Move,792,400
97399.79999999981,Move,783,402
97415.6000000001,Move,779,403
97432,Move,775,404
97448.79999999981,Move,769,405
97462.1000000001,Move,763,407
97478.3999999999,Move,756,409
97502.3999999999,Move,746,411
97518.29999999981,Move,741,412
97531.79999999981,Move,735,412
97548,Move,728,412
97564.3999999999,Move,721,411
97580.6000000001,Move,713,410
97602.1000000001,Move,703,407
97618,Move,698,406
97631.79999999981,Move,692,403
97647.8999999999,Move,686,401
97664.29999999981,Move,680,400
97680.5,Move,672,397
97701.70000000019,Move,663,393
97718.6000000001,Move,658,389
97733.79999999981,Move,653,387
97750.6000000001,Move,649,384
97764.3999999999,Move,643,380
97780.1000000001,Move,639,376
97796.3999999999,Move,634,371
97817.6000000001,Move,628,365
97834.3999999999,Move,624,359
97850.6000000001,Move,621,354
97864.1000000001,Move,618,347
97879.8999999999,Move,615,341
97896.1000000001,Move,612,334
97912.5,Move,610,327
97934.3999999999,Move,604,314
97949.79999999981,Move,602,305
97965.8999999999,Move,601,300
97981.70000000019,Move,600,294
97996.3999999999,Move,599,289
98012.29999999981,Move,599,283
98028.70000000019,Move,599,277
98049.8999999999,Move,599,269
98065.79999999981,Move,597,263
98082.3999999999,Move,597,258
98097.8999999999,Move,597,252
98112.70000000019,Move,597,247
98128.29999999981,Move,598,241
98152.5,Move,600,233
98166.20000000019,Move,601,228
98181.79999999981,Move,603,224
98198.3999999999,Move,604,219
98214.3999999999,Move,606,214
98228.3999999999,Move,608,210
98252.20000000019,Move,612,203
98268.3999999999,Move,615,199
98282.3999999999,Move,619,195
98297.8999999999,Move,623,190
98314.20000000019,Move,627,185
98330.20000000019,Move,632,183
98352.20000000019,Move,640,179
98368.5,Move,644,174
98383.70000000019,Move,650,170
98397.79999999981,Move,656,165
98414.20000000019,Move,660,161
98430.1000000001,Move,666,157
98446.20000000019,Move,671,153
98468.5,Move,678,149
98484.3999999999,Move,683,147
98499.6000000001,Move,688,146
98513.79999999981,Move,692,145
98530.3999999999,Move,697,143
98546.20000000019,Move,703,142
98568.6000000001,Move,713,139
98584.29999999981,Move,719,137
98600.20000000019,Move,725,136
98616.1000000001,Move,731,135
98630,Move,738,134
98646.70000000019,Move,745,134
98662.6000000001,Move,752,134
98684.5,Move,762,134
98700.79999999981,Move,767,134
98716.6000000001,Move,772,135
98732.3999999999,Move,778,136
98747.1000000001,Move,786,138
98762.5,Move,793,139
98778.79999999981,Move,799,139
98800.70000000019,Move,808,142
98816.6000000001,Move,815,143
98832.6000000001,Move,821,145
98848.3999999999,Move,827,147
98862.5,Move,831,148
98878.8999999999,Move,836,149
98894.70000000019,Move,841,151
98918.5,Move,849,154
98932.5,Move,853,156
98948.70000000019,Move,857,157
98964.6000000001,Move,860,159
98978.3999999999,Move,863,161
99002.3999999999,Move,865,164
99018.5,Move,868,168
99032.79999999981,Move,873,173
99048.29999999981,Move,877,176
99064.70000000019,Move,880,179
99081,Move,883,181
99095.20000000019,Move,885,185
99118.5,Move,890,192
99134.5,Move,892,196
99150.79999999981,Move,895,200
99164.5,Move,897,203
99180.29999999981,Move,898,205
99196.8999999999,Move,899,210
99218.8999999999,Move,900,216
99234.6000000001,Move,901,221
99250.5,Move,902,226
99264.3999999999,Move,904,230
99281,Move,905,235
99296.70000000019,Move,907,241
99312.6000000001,Move,907,245
99334.29999999981,Move,909,252
99350.5,Move,909,255
99366.3999999999,Move,911,260
99382.3999999999,Move,912,263
99396.5,Move,913,267
99412.3999999999,Move,913,269
99428.20000000019,Move,914,272
99449.8999999999,Move,915,277
99465.79999999981,Move,915,280
99482.5,Move,915,285
99498.3999999999,Move,915,289
99512.5,Move,915,293
99528.1000000001,Move,915,297
99550.20000000019,Move,914,302
99565.70000000019,Move,913,304
99582.5,Move,912,306
99598.29999999981,Move,911,307
99612.29999999981,Move,911,309
99628.3999999999,Move,909,310
99652.3999999999,Move,907,313
99667.6000000001,Move,907,314
99682.3999999999,Move,907,315
99698,Move,906,317
99713.79999999981,Move,906,317
99722.3999999999,Move,905,317
99752.6000000001,Move,905,317
99798.6000000001,Move,905,319
99806.20000000019,Move,905,323
99806.6000000001,Released,905,323
100316,Released,747,535
