resolution:1536,864
860972.8999999985,Pressed,669,267
861125.3999999985,Move,669,269
861134,Move,670,271
861155,Move,672,275
861170.7999999989,Move,673,277
861179.6999999993,Move,673,278
861202.7999999989,Move,674,279
861233.0999999996,Move,675,280
861241.1999999993,Move,675,281
861248.8999999985,Move,675,281
861271,Move,677,282
861287,Move,679,283
861303.0999999996,Move,680,285
861317.0999999996,Move,682,286
861333.0999999996,Move,683,287
861349.0999999996,Move,684,287
861371.0999999996,Move,686,288
861387.0999999996,Move,687,288
861405.6999999993,Move,689,288
861418.8999999985,Move,691,288
861433.1999999993,Move,692,289
861449.0999999996,Move,693,289
861465.2999999989,Move,695,289
861488.7999999989,Move,696,289
861503.0999999996,Move,697,290
861519.1999999993,Move,700,291
861534.8999999985,Move,703,291
861551.0999999996,Move,707,291
861572.5999999996,Move,711,292
861589.1999999993,Move,715,292
861604.8999999985,Move,718,292
861618.7999999989,Move,722,293
861635.1999999993,Move,725,293
861650.6999999993,Move,729,293
861665,Move,731,294
861689,Move,736,294
861705.0999999996,Move,738,294
861718.8999999985,Move,739,294
861734.8999999985,Move,740,294
861751.0999999996,Move,741,294
861766.8999999985,Move,743,294
861789.2999999989,Move,745,293
861805.0999999996,Move,747,293
861820.8999999985,Move,748,291
861837.1999999993,Move,749,291
861851.0999999996,Move,751,290
861867,Move,754,288
861883.0999999996,Move,756,287
861905,Move,758,285
861920.8999999985,Move,759,284
861937.0999999996,Move,760,283
861952.6999999993,Move,761,282
861967.0999999996,Move,762,281
861983.0999999996,Move,763,280
861998.8999999985,Move,765,279
862021.0999999996,Move,766,277
862037.0999999996,Move,767,276
862053.1999999993,Move,768,275
862066.7999999989,Move,769,274
862082.7999999989,Move,770,273
862098.8999999985,Move,771,272
862114.8999999985,Move,772,271
862137.1999999993,Move,773,269
862153.1999999993,Move,774,268
862168.8999999985,Move,775,266
862184.7999999989,Move,776,265
862198.8999999985,Move,777,264
862215.1999999993,Move,778,261
862239,Move,779,258
862253,Move,780,255
862269.0999999996,Move,781,252
862285.0999999996,Move,782,248
862300.8999999985,Move,783,244
862315.0999999996,Move,784,240
862338.6999999993,Move,785,236
862353.0999999996,Move,785,232
862369,Move,785,231
862385.0999999996,Move,786,228
862401,Move,786,226
862422.5999999996,Move,786,223
862438.8999999985,Move,786,221
862455,Move,786,220
862470.7999999989,Move,786,218
862484.6999999993,Move,786,217
862501.1999999993,Move,785,215
862517.0999999996,Move,784,213
862538.8999999985,Move,783,209
862555.0999999996,Move,781,207
862571.0999999996,Move,780,205
862587.0999999996,Move,779,204
862601,Move,779,203
862617,Move,777,201
862632.8999999985,Move,776,200
862654.8999999985,Move,775,199
862671.0999999996,Move,773,197
862687.0999999996,Move,772,196
862701,Move,771,195
862717,Move,771,194
862733.0999999996,Move,769,193
862749.1999999993,Move,768,192
862770.5999999996,Move,767,190
862787,Move,765,189
862803.1999999993,Move,764,189
862819,Move,763,187
862833.0999999996,Move,762,186
862848.6999999993,Move,761,185
862865,Move,760,185
862887,Move,758,183
862903.0999999996,Move,757,182
862919,Move,756,182
862932.8999999985,Move,754,181
862949.0999999996,Move,753,181
862965.1999999993,Move,751,181
862989,Move,749,181
863003.0999999996,Move,747,181
863018.6999999993,Move,746,181
863034.8999999985,Move,744,181
863051.1999999993,Move,742,181
863065.1999999993,Move,739,182
863089.1999999993,Move,733,183
863105.0999999996,Move,731,184
863118.8999999985,Move,729,185
863134.8999999985,Move,727,185
863151.0999999996,Move,723,187
863172.6999999993,Move,719,188
863189.1999999993,Move,717,189
863204.8999999985,Move,715,189
863220.7999999989,Move,713,189
863235,Move,712,190
863251.0999999996,Move,711,191
863267.0999999996,Move,710,191
863289.0999999996,Move,708,192
863296.8999999985,Move,708,193
863321,Move,707,194
863337.0999999996,Move,705,195
863351.0999999996,Move,704,196
863367.0999999996,Move,703,197
863382.8999999985,Move,702,199
863404.8999999985,Move,701,200
863420.8999999985,Move,699,201
863437,Move,697,203
863452.6999999993,Move,696,204
863467.0999999996,Move,695,205
863483.0999999996,Move,694,207
863499.0999999996,Move,693,208
863521.0999999996,Move,691,209
863537,Move,690,212
863553.0999999996,Move,689,213
863567.0999999996,Move,688,215
863583.0999999996,Move,687,216
863598.7999999989,Move,686,218
863614.8999999985,Move,685,220
863637.1999999993,Move,683,222
863652.6999999993,Move,682,225
863669,Move,682,227
863684.8999999985,Move,681,230
863699.1999999993,Move,680,233
863715,Move,679,237
863739.0999999996,Move,679,241
863753.0999999996,Move,679,243
863769.0999999996,Move,678,246
863784.5999999996,Move,678,249
863801.0999999996,Move,678,252
863815.0999999996,Move,678,253
863839.1999999993,Move,678,255
863855,Move,678,257
863868.8999999985,Move,678,258
863885,Move,678,259
863900.5999999996,Move,678,261
863915.0999999996,Move,678,262
863939,Move,677,263
863955.1999999993,Move,677,265
863971.0999999996,Move,677,266
863985,Move,677,267
864001.0999999996,Move,677,267
864009.1999999993,Move,677,268
864038.8999999985,Move,677,270
864054.5999999996,Move,677,271
864133.1999999993,Move,677,271
864141,Released,677,271
864774.8999999985,Released,763,531
