resolution:1536,864
93453.80000000075,Pressed,773,157
93459.30000000075,Move,772,157
93483.60000000149,Move,771,157
93492.10000000149,Move,771,157
93508.30000000075,Move,769,157
93521.39999999851,Move,767,156
93538,Move,762,156
93553.69999999925,Move,759,155
93569.80000000075,Move,754,155
93592.10000000149,Move,747,155
93608.30000000075,Move,741,156
93623.80000000075,Move,736,158
93640.10000000149,Move,729,159
93654,Move,724,161
93665.10000000149,Move,722,161
93686.60000000149,Move,717,163
93707.69999999925,Move,712,165
93723.5,Move,710,166
93739.89999999851,Move,708,167
93754.19999999925,Move,705,169
93769.69999999925,Move,702,171
93786.30000000075,Move,700,172
93807.60000000149,Move,695,175
93824.10000000149,Move,693,177
93839.60000000149,Move,690,179
93855.30000000075,Move,688,180
93869.39999999851,Move,686,183
93892.89999999851,Move,683,186
93909.39999999851,Move,681,189
93925.80000000075,Move,679,191
93940.30000000075,Move,676,194
93955.80000000075,Move,675,197
93971.80000000075,Move,674,200
93985.89999999851,Move,672,203
94001.89999999851,Move,671,205
94018.19999999925,Move,670,207
94039.89999999851,Move,668,212
94056.30000000075,Move,667,215
94072.39999999851,Move,666,219
94088.10000000149,Move,664,226
94101.69999999925,Move,663,232
94125.60000000149,Move,661,239
94141.80000000075,Move,661,243
94158,Move,661,247
94172.30000000075,Move,661,251
94188.60000000149,Move,661,256
94204.10000000149,Move,661,260
94226.10000000149,Move,661,267
94241.89999999851,Move,661,273
94257.89999999851,Move,661,277
94272.30000000075,Move,661,280
94288.30000000075,Move,661,283
94304.5,Move,661,284
94320.10000000149,Move,661,286
94342.19999999925,Move,663,289
94358,Move,664,291
94374.39999999851,Move,665,293
94389.89999999851,Move,667,299
94404.19999999925,Move,669,303
94420.69999999925,Move,671,307
94436.10000000149,Move,673,310
94458,Move,676,314
94473.69999999925,Move,677,316
94489.69999999925,Move,679,317
94506.30000000075,Move,680,319
94519.89999999851,Move,681,320
94536.10000000149,Move,683,322
94559.30000000075,Move,685,325
94573.60000000149,Move,688,327
94589.5,Move,691,328
94605.69999999925,Move,695,329
94619.80000000075,Move,697,331
94636.30000000075,Move,700,332
94659.80000000075,Move,703,334
94668.19999999925,Move,703,334
94690,Move,707,335
94706.30000000075,Move,709,336
94722.5,Move,711,337
94738.19999999925,Move,713,339
94752.30000000075,Move,716,340
94776,Move,719,342
94792.39999999851,Move,722,343
94806.30000000075,Move,727,345
94822.39999999851,Move,731,346
94838.30000000075,Move,735,348
94852.10000000149,Move,741,349
94868.39999999851,Move,745,351
94892,Move,748,352
94907.5,Move,751,353
94921.5,Move,753,353
94937.89999999851,Move,757,353
94953.19999999925,Move,761,353
94975.39999999851,Move,769,350
94991.30000000075,Move,773,349
95007.19999999925,Move,777,348
95023.5,Move,781,347
95037.30000000075,Move,784,345
95054.39999999851,Move,787,344
95069.60000000149,Move,788,343
95086.19999999925,Move,789,342
95108.30000000075,Move,792,340
95124.10000000149,Move,793,339
95140.5,Move,794,338
95154.10000000149,Move,796,336
95170.10000000149,Move,798,333
95186.5,Move,802,330
95208.10000000149,Move,807,323
95224.39999999851,Move,810,319
95240,Move,812,315
95256.80000000075,Move,813,313
95269.69999999925,Move,815,311
95285.80000000075,Move,816,309
95302.30000000075,Move,818,305
95326.10000000149,Move,825,295
95340.19999999925,Move,829,289
95356.19999999925,Move,832,284
95372.19999999925,Move,834,277
95387.89999999851,Move,837,272
95402.60000000149,Move,838,267
95426.10000000149,Move,840,260
95440.30000000075,Move,842,255
95456.39999999851,Move,843,250
95471.89999999851,Move,843,245
95487.80000000075,Move,844,238
95502.19999999925,Move,845,232
95518.19999999925,Move,845,227
95542.39999999851,Move,847,216
95556.19999999925,Move,847,210
95572,Move,847,204
95588.30000000075,Move,847,198
95604,Move,846,193
95626.10000000149,Move,845,185
95642,Move,843,181
95658.5,Move,842,177
95674.10000000149,Move,840,173
95688.5,Move,839,170
95704.30000000075,Move,837,167
95726,Move,836,164
95742.19999999925,Move,835,163
95758.5,Move,833,162
95774.5,Move,832,161
95788.10000000149,Move,831,159
95803.60000000149,Move,829,158
95820.39999999851,Move,827,157
95836,Move,823,155
95858.19999999925,Move,820,154
95874.10000000149,Move,818,153
95890.19999999925,Move,816,153
95907.39999999851,Move,814,152
95920.30000000075,Move,812,152
95936.10000000149,Move,809,151
95951.89999999851,Move,807,151
95974.10000000149,Move,803,151
95989.80000000075,Move,800,151
96005.69999999925,Move,796,151
96020,Move,791,152
96036.10000000149,Move,786,152
96051.89999999851,Move,782,153
96075.39999999851,Move,776,153
96089.60000000149,Move,775,153
96105.19999999925,Move,773,153
96121.80000000075,Move,771,154
96136.19999999925,Move,770,155
96152,Move,769,155
96176.19999999925,Move,767,155
96191.89999999851,Move,766,156
96205.69999999925,Move,765,157
96222.30000000075,Move,764,157
96229.69999999925,Move,763,157
96245.10000000149,Released,763,157
96876.69999999925,Pressed,753,514
96888.30000000075,Move,753,515
96971.30000000075,Released,753,516
97281.39999999851,Released,752,526
