resolution:1536,864
9409783.899999999,Pressed,481,199
9409787.899999999,Move,471,201
9409796.399999999,Move,459,203
9409804.2,Move,449,206
9409812.2,Move,439,210
9409820.5,Move,428,214
9409827.7,Move,418,218
9409836.399999999,Move,408,225
9409842.2,Move,400,230
9409850.099999998,Move,391,237
9409858.2,Move,385,244
9409865.7,Move,379,254
9409874.7,Move,375,263
9409882.2,Move,370,276
9409889.899999999,Move,368,288
9409898.2,Move,367,296
9409903.8,Move,368,305
9409911.899999999,Move,369,317
9409919.8,Move,372,329
9409928,Move,377,338
9409936.599999998,Move,381,348
9409944.399999999,Move,387,357
9409952.2,Move,394,365
9409960.3,Move,401,374
9409965.8,Move,410,379
9409974.3,Move,420,383
9409981.7,Move,432,384
9409990.599999998,Move,444,384
9409998.2,Move,456,384
9410005.8,Move,470,384
9410014.2,Move,481,382
9410015.8,Move,481,382
9410022.399999999,Move,491,380
9410028.2,Move,503,377
9410036.3,Move,513,373
9410043.8,Move,525,369
9410052.099999998,Move,533,363
9410059.899999999,Move,542,358
9410068.3,Move,548,354
9410073.899999999,Move,551,351
9410082,Move,557,345
9410090.5,Move,560,341
9410098.2,Move,564,335
9410106.2,Move,567,329
9410114.599999998,Move,570,322
9410122,Move,571,313
9410127.8,Move,572,305
9410136.399999999,Move,572,296
9410144.5,Move,572,287
9410152.5,Move,571,277
9410160.5,Move,569,268
9410167.899999999,Move,567,258
9410175.899999999,Move,563,248
9410184,Move,559,240
9410190.5,Move,554,233
9410198.2,Move,549,225
9410206.599999998,Move,542,219
9410214.5,Move,536,213
9410222,Move,530,209
9410230,Move,522,205
9410238.099999998,Move,515,203
9410246,Move,507,199
9410252,Move,500,197
9410259.8,Move,495,195
9410268.099999998,Move,489,195
9410275.899999999,Move,486,194
9410284.099999998,Move,483,193
9410292.099999998,Move,480,192
9410300.099999998,Move,477,192
9410308,Move,474,192
9410313.8,Move,471,193
9410322.399999999,Move,466,195
9410322.7,Released,466,195
9410910.2,Released,455,521
