resolution:1536,864
1691878.6999999993,Pressed,868,321
1691881,Move,869,321
1691902.6000000015,Move,869,320
1691918.6000000015,Move,869,319
1691942.1999999993,Move,869,317
1691957.8999999985,Move,869,316
1691972.1000000015,Move,868,315
1691988.3999999985,Move,867,311
1692004.1999999993,Move,866,306
1692020,Move,865,300
1692042.1999999993,Move,864,291
1692058.8000000007,Move,863,287
1692074.1999999993,Move,862,282
1692088.6000000015,Move,861,278
1692104.3000000007,Move,860,273
1692120.6999999993,Move,859,268
1692142,Move,856,262
1692158.3000000007,Move,855,257
1692174.3000000007,Move,853,253
1692190.3999999985,Move,852,249
1692204,Move,851,245
1692220.1000000015,Move,848,241
1692236,Move,846,236
1692258.3000000007,Move,843,229
1692274.1000000015,Move,842,226
1692290.1999999993,Move,839,221
1692306.6000000015,Move,836,218
1692320.1000000015,Move,833,216
1692336.6999999993,Move,831,214
1692352.8000000007,Move,827,211
1692374.3000000007,Move,821,207
1692390.5,Move,819,205
1692406.6000000015,Move,814,203
1692422.3000000007,Move,811,202
1692436.6000000015,Move,806,200
1692452.1999999993,Move,802,199
1692467.8000000007,Move,798,198
1692492.3999999985,Move,791,196
1692506.1999999993,Move,787,195
1692522.6999999993,Move,783,194
1692538.3000000007,Move,779,193
1692552.3000000007,Move,775,192
1692568.1000000015,Move,771,191
1692591.6999999993,Move,765,191
1692606.1999999993,Move,761,190
1692622,Move,757,190
1692637.8000000007,Move,754,189
1692654.1000000015,Move,750,189
1692668.6000000015,Move,747,189
1692692.6000000015,Move,742,189
1692708,Move,738,190
1692724.3000000007,Move,734,191
1692738.5,Move,731,192
1692755.3999999985,Move,729,192
1692770.8999999985,Move,728,193
1692792.8000000007,Move,725,195
1692809,Move,722,196
1692825,Move,718,198
1692840.8999999985,Move,713,200
1692855.1000000015,Move,709,202
1692870.5,Move,705,203
1692886.8000000007,Move,701,205
1692908.8999999985,Move,695,208
1692925,Move,691,210
1692941.1000000015,Move,687,212
1692955.1999999993,Move,685,215
1692970.6000000015,Move,681,219
1692987,Move,680,221
1693002.8999999985,Move,678,222
1693025.3000000007,Move,675,225
1693040.8000000007,Move,671,227
1693057.1000000015,Move,669,230
1693073.1999999993,Move,667,234
1693087,Move,666,237
1693103.3999999985,Move,664,242
1693119.3000000007,Move,662,245
1693140.6999999993,Move,660,252
1693157,Move,659,257
1693173.3000000007,Move,657,263
1693188.8999999985,Move,655,269
1693202.6999999993,Move,654,275
1693218.6999999993,Move,653,280
1693243.1000000015,Move,651,287
1693257.3999999985,Move,650,291
1693273.1999999993,Move,650,297
1693288.6000000015,Move,650,303
1693304.8999999985,Move,651,309
1693318.6000000015,Move,651,313
1693342.5,Move,653,321
1693358.3000000007,Move,654,327
1693372.1999999993,Move,655,333
1693388.6000000015,Move,657,339
1693404.1000000015,Move,658,345
1693420.6999999993,Move,662,355
1693435.1999999993,Move,666,362
1693459.1999999993,Move,671,371
1693474.8000000007,Move,675,377
1693488.8999999985,Move,678,381
1693505,Move,681,385
1693520.3999999985,Move,685,388
1693537.6000000015,Move,689,392
1693559.1000000015,Move,696,398
1693575.1000000015,Move,701,401
1693590.8999999985,Move,703,403
1693605.1999999993,Move,705,404
1693620.6000000015,Move,708,405
1693637.1000000015,Move,712,407
1693659.1000000015,Move,718,409
1693674.8000000007,Move,723,411
1693690.6000000015,Move,728,412
1693706.8999999985,Move,732,413
1693720.6999999993,Move,737,413
1693737.1999999993,Move,740,414
1693752.6999999993,Move,743,414
1693768.8000000007,Move,745,414
1693790.6999999993,Move,751,415
1693807.1999999993,Move,755,415
1693823.3999999985,Move,761,413
1693839,Move,767,411
1693853.1999999993,Move,773,411
1693868.8999999985,Move,780,410
1693890.6999999993,Move,788,407
1693907.3000000007,Move,793,406
1693923.3000000007,Move,799,405
1693938.8999999985,Move,803,404
1693953.1000000015,Move,808,402
1693968.8000000007,Move,813,401
1693985.1999999993,Move,818,399
1694009.1000000015,Move,823,397
1694023.1999999993,Move,826,397
1694039.1999999993,Move,830,395
1694055.1999999993,Move,833,394
1694070.6999999993,Move,835,393
1694093.1000000015,Move,837,391
1694109,Move,839,390
1694125.3999999985,Move,840,389
1694139.1000000015,Move,841,387
1694155.3999999985,Move,842,387
1694170.6999999993,Move,843,385
1694185,Move,844,383
1694208.8999999985,Move,848,379
1694225.1000000015,Move,849,376
1694241,Move,851,373
1694255.1999999993,Move,852,371
1694271,Move,853,368
1694287.1000000015,Move,855,365
1694309,Move,856,360
1694324.8000000007,Move,857,357
1694340.6999999993,Move,858,355
1694356.6000000015,Move,859,352
1694370.3000000007,Move,859,347
1694386.8000000007,Move,860,343
1694402.5,Move,861,339
1694426.1999999993,Move,862,335
1694440.6999999993,Move,862,334
1694456.6999999993,Move,863,332
1694472.6999999993,Move,863,330
1694488.6000000015,Move,863,329
1694502.5,Move,863,327
1694525.8999999985,Move,863,325
1694542.6000000015,Move,864,325
1694547.8999999985,Released,864,325
1695160,Released,755,521
