resolution:1536,864
218455.3999999985,Pressed,497,237
218459.29999999888,Move,494,236
218467.5,Move,489,235
218473.3999999985,Move,483,235
218481.5,Move,478,235
218489.8999999985,Move,471,235
218497.69999999925,Move,465,235
218505.5,Move,460,236
218513.29999999888,Move,454,237
218521.3999999985,Move,449,239
218529.79999999888,Move,446,241
218535.19999999925,Move,441,243
218543.79999999888,Move,436,247
218551.8999999985,Move,432,250
218559.79999999888,Move,429,254
218567.3999999985,Move,425,259
218575.29999999888,Move,421,265
218583.5,Move,414,271
218591.19999999925,Move,409,277
218598.09999999963,Move,405,283
218605.59999999963,Move,403,286
218613.09999999963,Move,400,290
218621.19999999925,Move,398,293
218629.59999999963,Move,398,296
218637.69999999925,Move,397,299
218645.29999999888,Move,396,302
218653.69999999925,Move,396,307
218664.3999999985,Move,396,309
218667.3999999985,Move,396,312
218674.8999999985,Move,396,312
218675,Move,396,315
218684.09999999963,Move,397,318
218691.3999999985,Move,398,322
218699.3999999985,Move,401,327
218707.3999999985,Move,404,330
218713.59999999963,Move,406,334
218722,Move,410,337
218729.79999999888,Move,415,340
218737.3999999985,Move,418,343
218745.5,Move,421,345
218753.3999999985,Move,426,348
218761.5,Move,432,352
218767.29999999888,Move,438,354
218775.69999999925,Move,444,356
218783.69999999925,Move,449,358
218791.19999999925,Move,455,359
218799.79999999888,Move,461,359
218807.19999999925,Move,465,360
218815.5,Move,470,360
218821.19999999925,Move,475,359
218829.5,Move,480,359
218837.19999999925,Move,485,357
218845.69999999925,Move,488,357
218853.3999999985,Move,491,355
218861.59999999963,Move,494,353
218869.79999999888,Move,497,351
218877.69999999925,Move,500,349
218883.59999999963,Move,502,346
218891.3999999985,Move,506,343
218899.8999999985,Move,509,339
218907.69999999925,Move,511,336
218915.79999999888,Move,515,332
218923.79999999888,Move,518,327
218931.5,Move,521,321
218939.59999999963,Move,523,316
218945.5,Move,525,310
218953.3999999985,Move,526,304
218961.79999999888,Move,528,300
218969.29999999888,Move,529,294
218977.3999999985,Move,530,289
218985.5,Move,530,282
218991.29999999888,Move,530,276
218999.79999999888,Move,529,271
219007.59999999963,Move,529,267
219015.59999999963,Move,527,261
219023.3999999985,Move,526,255
219031.3999999985,Move,525,252
219039.59999999963,Move,523,249
219047.3999999985,Move,523,245
219053.79999999888,Move,521,242
219061.3999999985,Move,519,239
219069.8999999985,Move,517,235
219077.59999999963,Move,514,231
219085.19999999925,Move,511,227
219093.5,Move,509,224
219101.79999999888,Move,506,221
219109.59999999963,Move,504,219
219115.5,Move,502,218
219123.69999999925,Move,499,217
219131.59999999963,Move,497,216
219139.8999999985,Move,494,215
219147.29999999888,Move,492,215
219155.5,Move,490,215
219163.5,Move,489,214
219171.79999999888,Move,488,214
219177.59999999963,Move,487,213
219185.29999999888,Move,485,213
219194,Move,484,214
219194.19999999925,Released,484,214
219828.5,Released,483,527
