resolution:1536,864
112279,Pressed,733,189
112357.5,Move,731,190
112371.09999999998,Move,725,195
112387.29999999993,Move,716,201
112410.5,Move,703,214
112427.19999999995,Move,695,224
112441.19999999995,Move,687,238
112457.5,Move,681,250
112472.59999999998,Move,679,256
112481.79999999993,Move,678,259
112510.79999999993,Move,676,272
112518.69999999995,Move,676,275
112543.29999999993,Move,678,281
112557.29999999993,Move,683,286
112573,Move,688,288
112589.29999999993,Move,694,290
112605.5,Move,701,291
112627.19999999995,Move,710,293
112643.29999999993,Move,717,293
112659.09999999998,Move,723,293
112673.09999999998,Move,729,290
112689.69999999995,Move,736,287
112705.5,Move,742,284
112727.29999999993,Move,747,281
112742.59999999998,Move,749,279
112758.79999999993,Move,751,275
112774.5,Move,755,271
112788.59999999998,Move,758,265
112804.59999999998,Move,759,261
112820.5,Move,761,256
112842.59999999998,Move,762,249
112858.5,Move,763,244
112874.69999999995,Move,763,239
112890.29999999993,Move,762,234
112912.09999999998,Move,760,228
112920.09999999998,Move,759,225
112936.09999999998,Move,758,221
112959.69999999995,Move,756,215
112973.79999999993,Move,754,210
112990.09999999998,Move,753,207
113006.59999999998,Move,751,204
113022.79999999993,Move,749,203
113037.3999999999,Move,747,201
113060.5,Move,744,199
113074.59999999998,Move,743,199
113090.69999999995,Move,741,198
113106.69999999995,Move,740,198
113114.09999999998,Move,740,198
113114.29999999993,Released,740,198
113818.19999999995,Released,753,529
