resolution:1536,864
1687063.6000000015,Pressed,893,315
1687155.1000000015,Move,894,317
1687162.8000000007,Move,894,319
1687168.6000000015,Move,895,320
1687192.3000000007,Move,895,325
1687208.6999999993,Move,895,327
1687222.5,Move,895,330
1687239,Move,895,332
1687254.6999999993,Move,895,334
1687270.3999999985,Move,895,338
1687286.6999999993,Move,895,340
1687308.6999999993,Move,894,344
1687324.6000000015,Move,893,346
1687340.6000000015,Move,892,349
1687354.5,Move,890,353
1687370.8000000007,Move,889,357
1687386.8000000007,Move,887,361
1687408.6999999993,Move,885,366
1687424.8000000007,Move,884,371
1687440.5,Move,882,375
1687456.6999999993,Move,880,379
1687470.6000000015,Move,878,382
1687486.8000000007,Move,877,384
1687502.6000000015,Move,875,386
1687524.6000000015,Move,873,388
1687540.6999999993,Move,871,391
1687556.3000000007,Move,869,393
1687570.1000000015,Move,867,395
1687586.6999999993,Move,865,397
1687602.6000000015,Move,863,399
1687618.3999999985,Move,861,400
1687640.6999999993,Move,859,401
1687656.8999999985,Move,858,402
1687672.6000000015,Move,856,403
1687688.6000000015,Move,853,404
1687702.8999999985,Move,851,405
1687718.8999999985,Move,847,407
1687735.5,Move,845,408
1687757.1999999993,Move,839,410
1687773.3999999985,Move,835,412
1687789.1000000015,Move,832,413
1687805,Move,828,415
1687819,Move,825,416
1687835.1999999993,Move,823,417
1687859.1999999993,Move,819,419
1687873.1999999993,Move,818,419
1687889.1000000015,Move,816,420
1687905.1000000015,Move,813,421
1687921.1999999993,Move,809,422
1687942.6999999993,Move,805,423
1687959,Move,803,424
1687974.6000000015,Move,801,424
1687988.6000000015,Move,800,424
1688004,Move,797,424
1688020.6000000015,Move,794,424
1688036.6999999993,Move,791,424
1688058.6999999993,Move,787,424
1688074.6999999993,Move,783,424
1688090.5,Move,778,424
1688104.6999999993,Move,774,425
1688120.6999999993,Move,770,425
1688137.1000000015,Move,767,425
1688152.8999999985,Move,764,425
1688174.8000000007,Move,758,425
1688191,Move,754,424
1688207,Move,751,423
1688223.1999999993,Move,747,423
1688237,Move,743,422
1688253,Move,740,421
1688274.8000000007,Move,734,420
1688290.3000000007,Move,731,418
1688307.1000000015,Move,727,417
1688323.1000000015,Move,725,416
1688337.1000000015,Move,722,415
1688352.8000000007,Move,720,414
1688368.8000000007,Move,717,413
1688384.3999999985,Move,715,411
1688407.1000000015,Move,712,409
1688423,Move,709,408
1688439.1000000015,Move,707,407
1688453.1999999993,Move,705,405
1688468.8000000007,Move,703,404
1688485,Move,701,402
1688508.8000000007,Move,696,399
1688523.1999999993,Move,693,395
1688539,Move,689,390
1688555,Move,687,386
1688570.8999999985,Move,684,381
1688585,Move,682,377
1688608.8999999985,Move,680,370
1688623.1000000015,Move,678,367
1688638.5,Move,677,363
1688655,Move,675,359
1688670.5,Move,674,355
1688692.5,Move,672,349
1688708.1999999993,Move,671,344
1688724.3000000007,Move,669,340
1688739.8999999985,Move,667,335
1688754.6000000015,Move,666,331
1688770.1999999993,Move,665,327
1688786.6000000015,Move,665,322
1688808,Move,664,316
1688824.3999999985,Move,663,311
1688840.8000000007,Move,663,307
1688856.5,Move,663,301
1688870.1999999993,Move,663,297
1688886.5,Move,663,293
1688902.3999999985,Move,663,289
1688918.3999999985,Move,664,283
1688940.3000000007,Move,665,277
1688956.5,Move,667,272
1688972.6000000015,Move,669,268
1688986.3000000007,Move,670,264
1689002.5,Move,671,260
1689026,Move,673,254
1689040.1999999993,Move,674,251
1689056,Move,676,247
1689072.1999999993,Move,677,243
1689088.3999999985,Move,679,240
1689102.1999999993,Move,680,237
1689118.1000000015,Move,681,233
1689142.6000000015,Move,683,227
1689156.3999999985,Move,685,223
1689172.1999999993,Move,686,220
1689188.6999999993,Move,688,217
1689204.3000000007,Move,689,216
1689218.1999999993,Move,690,214
1689242.3999999985,Move,693,211
1689258.8999999985,Move,695,208
1689273.8000000007,Move,697,205
1689288.6999999993,Move,701,202
1689304.6999999993,Move,705,199
1689320.5,Move,712,195
1689342.3000000007,Move,720,189
1689358.6999999993,Move,725,187
1689374.3000000007,Move,731,184
1689388.3999999985,Move,735,183
1689404.3000000007,Move,739,181
1689420.5,Move,744,180
1689436.3999999985,Move,748,179
1689458.8000000007,Move,754,176
1689474.8999999985,Move,758,175
1689490.6999999993,Move,761,174
1689506.8000000007,Move,763,173
1689520.3000000007,Move,765,172
1689536.6000000015,Move,769,171
1689553,Move,771,171
1689575.1999999993,Move,778,171
1689590.6999999993,Move,781,171
1689607.1999999993,Move,785,171
1689623.1000000015,Move,788,172
1689637.1000000015,Move,792,173
1689653,Move,797,174
1689675.3000000007,Move,803,176
1689691.1999999993,Move,807,177
1689707.1000000015,Move,810,178
1689722.8999999985,Move,813,180
1689737.1000000015,Move,816,181
1689752.8999999985,Move,819,183
1689769.5,Move,824,184
1689785.3000000007,Move,828,185
1689807.1000000015,Move,834,187
1689822.8000000007,Move,836,189
1689839.5,Move,839,190
1689855.1000000015,Move,841,191
1689869,Move,846,193
1689885.1000000015,Move,849,194
1689909.3000000007,Move,853,197
1689923.5,Move,856,199
1689939.3999999985,Move,860,201
1689955.1999999993,Move,863,202
1689969,Move,865,204
1689985.1999999993,Move,867,205
1690001,Move,868,207
1690025.6000000015,Move,871,208
1690038.8000000007,Move,872,210
1690055,Move,874,212
1690070.8000000007,Move,875,213
1690086.8999999985,Move,876,216
1690108.5,Move,878,218
1690124.8999999985,Move,879,220
1690139.8999999985,Move,880,222
1690154.1000000015,Move,881,223
1690169.8000000007,Move,883,225
1690186.3000000007,Move,883,227
1690202.6999999993,Move,884,228
1690224.3999999985,Move,885,231
1690240.6999999993,Move,886,233
1690256.6000000015,Move,887,236
1690270.1999999993,Move,887,239
1690286.1999999993,Move,888,242
1690302.1999999993,Move,889,245
1690324.1000000015,Move,889,248
1690340.5,Move,890,250
1690356.1999999993,Move,891,253
1690372.6000000015,Move,891,255
1690386.3000000007,Move,893,258
1690402.3999999985,Move,893,259
1690418.3999999985,Move,895,262
1690442.3999999985,Move,896,265
1690456.8000000007,Move,898,268
1690471.8999999985,Move,899,272
1690488.6000000015,Move,901,275
1690502.3000000007,Move,902,279
1690518.6999999993,Move,903,281
1690542.3999999985,Move,905,287
1690558.6000000015,Move,906,290
1690572.5,Move,907,293
1690588.1000000015,Move,907,295
1690604.3999999985,Move,907,299
1690618.3999999985,Move,908,302
1690642.6000000015,Move,908,308
1690658.5,Move,909,309
1690672.5,Move,909,311
1690688.5,Move,909,312
1690757.8999999985,Released,909,312
1691300.1000000015,Released,766,527
