resolution:1536,864
9416160.399999999,Pressed,501,257
9416164.3,Move,503,256
9416172.399999999,Move,504,256
9416179.899999999,Move,505,256
9416188.8,Move,507,256
9416195.099999998,Move,509,256
9416202.399999999,Move,511,256
9416209.899999999,Move,513,258
9416218.2,Move,515,259
9416225.899999999,Move,519,262
9416234.099999998,Move,523,265
9416242,Move,528,267
9416250.099999998,Move,534,271
9416256.3,Move,540,276
9416264,Move,545,280
9416272.099999998,Move,553,287
9416279.899999999,Move,559,292
9416287.8,Move,565,296
9416295.899999999,Move,569,301
9416302,Move,571,305
9416310.399999999,Move,574,310
9416318.099999998,Move,575,314
9416326.3,Move,576,319
9416334.899999999,Move,576,323
9416342.5,Move,576,328
9416350.099999998,Move,576,331
9416359.099999998,Move,576,334
9416364.399999999,Move,575,338
9416375.5,Move,573,344
9416380.5,Move,569,351
9416384.399999999,Move,569,351
9416388.399999999,Move,567,357
9416396.5,Move,563,362
9416404.399999999,Move,559,365
9416412.3,Move,555,368
9416420.3,Move,550,371
9416426.399999999,Move,544,373
9416434,Move,537,375
9416442.099999998,Move,527,377
9416450,Move,515,381
9416458.399999999,Move,504,384
9416466,Move,495,385
9416473.8,Move,487,386
9416482,Move,479,387
9416488.099999998,Move,473,388
9416496.099999998,Move,467,389
9416504,Move,461,388
9416512.099999998,Move,456,386
9416520.3,Move,451,383
9416527.899999999,Move,446,380
9416536.3,Move,442,377
9416544.099999998,Move,438,373
9416550.099999998,Move,435,369
9416558.3,Move,431,366
9416566.2,Move,427,362
9416573.899999999,Move,425,358
9416582.3,Move,420,352
9416589.8,Move,416,346
9416598.3,Move,412,340
9416604,Move,408,334
9416612.099999998,Move,405,328
9416620,Move,402,321
9416628.3,Move,399,315
9416636.5,Move,397,309
9416643.7,Move,397,305
9416652.2,Move,395,299
9416657.899999999,Move,394,293
9416665.899999999,Move,394,288
9416674.2,Move,394,284
9416682.3,Move,394,279
9416690.3,Move,395,275
9416698.399999999,Move,398,270
9416705.899999999,Move,402,265
9416714.099999998,Move,405,262
9416719.8,Move,409,258
9416727.899999999,Move,414,255
9416735.899999999,Move,418,253
9416744.399999999,Move,424,250
9416752,Move,430,247
9416760,Move,437,244
9416768.2,Move,444,242
9416775.8,Move,449,241
9416782.2,Move,454,240
9416790.399999999,Move,460,239
9416798.099999998,Move,465,238
9416806,Move,473,237
9416814,Move,479,237
9416821.899999999,Move,483,237
9416830.2,Move,486,237
9416838.5,Move,488,237
9416844.399999999,Move,491,238
9416851.8,Move,493,239
9416859.899999999,Move,495,239
9416868.5,Move,495,240
9416875.899999999,Move,496,241
9416883.7,Move,497,241
9416892.7,Move,497,242
9416892.899999999,Released,497,242
9417440.3,Released,454,538
