resolution:1536,864
3747.5,Pressed,803,179
3843.2000000001863,Move,799,178
3849.5,Move,792,177
3857.3000000002794,Move,784,176
3879.5,Move,761,174
3893.600000000093,Move,746,174
3908.100000000093,Move,733,174
3923.3000000002794,Move,722,174
3945.8000000002794,Move,707,174
3960,Move,698,175
3974.8000000002794,Move,691,177
3989.4000000003725,Move,685,179
4011.3000000002794,Move,675,181
4026,Move,669,183
4041.3000000002794,Move,661,188
4056.4000000003725,Move,653,191
4077.9000000003725,Move,644,197
4093.4000000003725,Move,639,200
4107.4000000003725,Move,636,204
4123.100000000093,Move,633,207
4144,Move,628,212
4158.800000000279,Move,624,217
4173.9000000003725,Move,621,224
4188.600000000093,Move,619,230
4210.9000000003725,Move,616,239
4225.300000000279,Move,615,246
4240.800000000279,Move,613,255
4262.100000000093,Move,609,281
4275.9000000003725,Move,607,292
4290.700000000186,Move,607,303
4306,Move,607,315
4327.700000000186,Move,607,325
4342.100000000093,Move,607,327
4356.9000000003725,Move,607,328
4372.4000000003725,Move,607,329
4394.9000000003725,Move,611,339
4408.9000000003725,Move,614,345
4424.200000000186,Move,615,348
4445.700000000186,Move,623,360
4460.9000000003725,Move,631,371
4474.9000000003725,Move,641,381
4488.9000000003725,Move,655,391
4511.100000000093,Move,669,403
4525.200000000186,Move,679,409
4540.9000000003725,Move,691,415
4562.800000000279,Move,708,421
4578,Move,717,425
4592.4000000003725,Move,725,427
4607.800000000279,Move,734,429
4629,Move,747,430
4644.4000000003725,Move,755,430
4658.5,Move,763,430
4673.9000000003725,Move,768,430
4695.300000000279,Move,775,429
4710.700000000186,Move,783,425
4725.100000000093,Move,791,419
4740,Move,795,415
4762,Move,801,410
4776.800000000279,Move,803,409
4791,Move,807,405
4813,Move,816,387
4827.4000000003725,Move,819,380
4841.9000000003725,Move,824,371
4856.4000000003725,Move,826,368
4878.300000000279,Move,829,359
4892.9000000003725,Move,835,342
4907.700000000186,Move,839,327
4922.600000000093,Move,842,313
4944.200000000186,Move,843,301
4959.4000000003725,Move,843,294
4974.600000000093,Move,843,287
4989.200000000186,Move,843,280
5010.9000000003725,Move,843,263
5025.700000000186,Move,843,248
5040.300000000279,Move,841,233
5055.800000000279,Move,838,225
5077.300000000279,Move,836,219
5091.9000000003725,Move,835,215
5106.9000000003725,Move,834,210
5128.700000000186,Move,831,203
5143,Move,828,198
5158.100000000093,Move,825,193
5173.300000000279,Move,823,191
5194.9000000003725,Move,819,185
5209.9000000003725,Move,815,183
5224.300000000279,Move,813,181
5246.300000000279,Move,812,180
5261.100000000093,Move,811,180
5275.700000000186,Move,809,180
5290.5,Move,808,180
5312.700000000186,Move,806,180
5327.800000000279,Move,805,180
5341.9000000003725,Move,804,180
5356.200000000186,Move,803,181
5378.600000000093,Move,800,182
5392.800000000279,Move,797,183
5399.9000000003725,Released,797,183
6201.600000000093,Released,747,525
