resolution:1536,864
5176783.699999999,Pressed,851,333
5176933.5,Move,851,334
5176941.300000001,Move,851,337
5176957.199999999,Move,851,341
5176973.699999999,Move,851,345
5176987.699999999,Move,849,348
5177003.800000001,Move,848,351
5177020.1000000015,Move,847,353
5177041.699999999,Move,845,356
5177057.199999999,Move,843,358
5177073.6000000015,Move,842,360
5177089.3999999985,Move,841,364
5177103.6000000015,Move,839,366
5177119.699999999,Move,838,368
5177135.800000001,Move,837,370
5177157.300000001,Move,835,372
5177173.800000001,Move,833,373
5177189.8999999985,Move,832,375
5177205.800000001,Move,831,376
5177219.5,Move,829,377
5177235.800000001,Move,827,379
5177251.8999999985,Move,823,381
5177275.6000000015,Move,819,385
5177291.3999999985,Move,816,387
5177305.699999999,Move,812,389
5177321.6000000015,Move,809,390
5177335.6000000015,Move,805,391
5177351.5,Move,801,393
5177375.6000000015,Move,795,395
5177389.6000000015,Move,790,397
5177405.5,Move,786,399
5177421.1000000015,Move,781,400
5177437.6000000015,Move,778,402
5177459.6000000015,Move,774,404
5177475.3999999985,Move,770,405
5177491.6000000015,Move,766,407
5177507.5,Move,761,408
5177521.5,Move,757,410
5177537.8999999985,Move,753,410
5177553.699999999,Move,751,411
5177575.699999999,Move,747,412
5177583.800000001,Move,746,413
5177607.800000001,Move,743,413
5177624,Move,741,413
5177637.6000000015,Move,739,413
5177653.1000000015,Move,736,412
5177669.6000000015,Move,735,411
5177686,Move,733,411
5177707.6000000015,Move,728,409
5177723.6000000015,Move,725,408
5177739.6000000015,Move,720,407
5177753.300000001,Move,716,405
5177769.6000000015,Move,711,404
5177785.5,Move,707,402
5177807.699999999,Move,702,400
5177823.800000001,Move,697,399
5177839.5,Move,695,397
5177855.6000000015,Move,691,396
5177869.699999999,Move,689,395
5177885.699999999,Move,688,393
5177901.8999999985,Move,686,392
5177923.6000000015,Move,683,391
5177939.6000000015,Move,681,389
5177955.5,Move,679,388
5177971.5,Move,678,387
5177985.699999999,Move,675,385
5178009.6000000015,Move,673,383
5178025.6000000015,Move,671,381
5178041.699999999,Move,669,377
5178055.6000000015,Move,667,373
5178071.8999999985,Move,666,370
5178087.5,Move,665,365
5178101.699999999,Move,663,362
5178125.8999999985,Move,662,356
5178141.5,Move,661,352
5178155.5,Move,659,347
5178171.300000001,Move,659,344
5178187.300000001,Move,659,340
5178203.300000001,Move,659,336
5178225.5,Move,659,330
5178241.699999999,Move,659,326
5178257.3999999985,Move,660,321
5178273.800000001,Move,661,318
5178287.5,Move,661,314
5178303.800000001,Move,663,311
5178319.699999999,Move,664,308
5178340.8999999985,Move,665,303
5178357.6000000015,Move,666,301
5178373.3999999985,Move,667,299
5178389.699999999,Move,668,297
5178403.199999999,Move,669,297
5178419.6000000015,Move,670,294
5178435.199999999,Move,671,292
5178457.6000000015,Move,673,288
5178473.5,Move,675,285
5178489.6000000015,Move,675,284
5178505.6000000015,Move,677,281
5178519.800000001,Move,678,279
5178535.6000000015,Move,679,279
5178559.6000000015,Move,681,276
5178573.800000001,Move,682,275
5178589.5,Move,683,273
5178605.6000000015,Move,684,271
5178621.6000000015,Move,685,270
5178635.199999999,Move,687,269
5178659.6000000015,Move,688,267
5178675.5,Move,689,266
5178689.3999999985,Move,691,265
5178705.5,Move,692,264
5178721.699999999,Move,693,263
5178737.6000000015,Move,695,261
5178751.699999999,Move,696,261
5178775.5,Move,700,259
5178791.6000000015,Move,702,258
5178807.3999999985,Move,706,256
5178823.6000000015,Move,709,255
5178837.6000000015,Move,712,253
5178859.5,Move,719,252
5178875.1000000015,Move,723,251
5178891.6000000015,Move,728,250
5178907.6000000015,Move,734,248
5178921.5,Move,739,247
5178937.699999999,Move,743,245
5178953.699999999,Move,747,245
5178969.6000000015,Move,749,245
5178991,Move,751,245
5179007.800000001,Move,753,245
5179023.6000000015,Move,755,245
5179037.3999999985,Move,759,245
5179053.3999999985,Move,762,245
5179069.800000001,Move,767,245
5179085.699999999,Move,771,246
5179107.300000001,Move,777,247
5179123.699999999,Move,779,248
5179139.3999999985,Move,783,249
5179155.5,Move,786,250
5179169.699999999,Move,791,251
5179185.8999999985,Move,795,253
5179201.699999999,Move,799,254
5179223.6000000015,Move,804,257
5179239.6000000015,Move,805,257
5179255.699999999,Move,807,258
5179271.699999999,Move,809,259
5179285.3999999985,Move,810,261
5179301.699999999,Move,812,262
5179325.800000001,Move,815,263
5179339.5,Move,816,264
5179355.300000001,Move,817,265
5179371.6000000015,Move,819,267
5179385.199999999,Move,820,267
5179409.699999999,Move,822,269
5179425.5,Move,823,270
5179441.6000000015,Move,824,271
5179456,Move,825,273
5179471.6000000015,Move,827,274
5179487.699999999,Move,828,275
5179503.8999999985,Move,829,276
5179525.699999999,Move,831,278
5179541.800000001,Move,832,280
5179557.6000000015,Move,833,281
5179571.699999999,Move,834,283
5179588,Move,835,284
5179603.800000001,Move,836,286
5179619.699999999,Move,837,287
5179641.6000000015,Move,838,290
5179657.699999999,Move,839,291
5179673.6000000015,Move,839,292
5179689.6000000015,Move,839,293
5179703.699999999,Move,840,295
5179719.699999999,Move,840,295
5179735.800000001,Move,840,297
5179757.699999999,Move,841,299
5179773.5,Move,841,299
5179789.800000001,Move,842,301
5179805.800000001,Move,842,302
5179819.800000001,Move,842,303
5179836,Move,843,305
5179859.5,Move,843,307
5179873.699999999,Move,843,308
5179889.699999999,Move,844,310
5179905.300000001,Move,844,311
5179921.699999999,Move,845,312
5179935.699999999,Move,845,314
5179951.6000000015,Move,845,315
5179975.8999999985,Move,846,317
5179989.800000001,Move,846,318
5180005.6000000015,Move,847,319
5180021.5,Move,847,320
5180037.6000000015,Move,847,321
5180059.6000000015,Move,848,323
5180075.1000000015,Move,848,324
5180089.6000000015,Move,849,325
5180105.1000000015,Move,849,327
5180121.699999999,Move,849,329
5180137.800000001,Move,849,329
5180153.800000001,Move,849,330
5180175.6000000015,Move,849,333
5180191.800000001,Move,849,335
5180208.1000000015,Move,849,336
5180208.3999999985,Released,849,336
5180741.3999999985,Released,746,537
