resolution:1536,864
195593.19999999925,Pressed,739,193
195617.19999999925,Move,739,193
195693,Move,739,193
195739.1000000015,Move,738,193
195747.1000000015,Move,736,193
195763,Move,730,193
195779.5,Move,723,194
195801,Move,706,195
195817.5,Move,701,197
195833.19999999925,Move,697,199
195848.8999999985,Move,693,199
195863.19999999925,Move,690,200
195879,Move,688,201
195895.5,Move,684,202
195917.5,Move,679,203
195933.5,Move,677,204
195949.19999999925,Move,675,205
195963.19999999925,Move,673,205
195979.19999999925,Move,672,206
195995.1000000015,Move,669,208
196011.30000000075,Move,665,209
196033.80000000075,Move,660,211
196049.80000000075,Move,658,213
196065.69999999925,Move,656,213
196081.6000000015,Move,655,214
196095.80000000075,Move,654,215
196111.80000000075,Move,652,216
196128.19999999925,Move,651,217
196150.1000000015,Move,649,219
196166.5,Move,647,220
196182.80000000075,Move,646,221
196198.5,Move,645,222
196212.6000000015,Move,644,223
196228.1000000015,Move,643,225
196244,Move,641,226
196266.6000000015,Move,639,228
196282.80000000075,Move,637,229
196298.1000000015,Move,636,231
196314.19999999925,Move,635,232
196328.1000000015,Move,634,233
196351.8999999985,Move,632,238
196368,Move,631,241
196382.3999999985,Move,629,244
196398,Move,627,246
196413.69999999925,Move,626,249
196429.6000000015,Move,625,252
196451.80000000075,Move,621,256
196467.80000000075,Move,620,259
196484.1000000015,Move,619,262
196498.19999999925,Move,617,265
196513.8999999985,Move,615,268
196530.19999999925,Move,614,272
196546,Move,613,275
196568,Move,611,279
196584,Move,609,282
196600.30000000075,Move,607,286
196614.5,Move,606,289
196630.30000000075,Move,605,294
196646.69999999925,Move,603,298
196662.5,Move,602,302
196684.3999999985,Move,600,308
196700.1000000015,Move,599,312
196715.30000000075,Move,598,316
196730.3999999985,Move,598,320
196746.80000000075,Move,598,325
196762.30000000075,Move,598,329
196784.3999999985,Move,598,333
196800,Move,599,337
196816.19999999925,Move,600,341
196832.8999999985,Move,601,343
196846.69999999925,Move,601,347
196862.30000000075,Move,603,352
196878.6000000015,Move,604,355
196894.3999999985,Move,605,359
196916.30000000075,Move,606,364
196932.1000000015,Move,608,367
196948.19999999925,Move,609,371
196964.19999999925,Move,610,375
196978.5,Move,611,380
196994.3999999985,Move,613,384
197010.5,Move,614,389
197032.19999999925,Move,617,394
197048.3999999985,Move,618,399
197063.8999999985,Move,619,403
197078.3999999985,Move,621,407
197094.3999999985,Move,622,409
197110.3999999985,Move,624,412
197134.19999999925,Move,627,416
197148.30000000075,Move,628,418
197163.8999999985,Move,630,420
197180.3999999985,Move,632,422
197194.69999999925,Move,634,423
197210.6000000015,Move,636,425
197234.19999999925,Move,639,426
197250.8999999985,Move,642,428
197264,Move,643,429
197280.5,Move,646,430
197296.6000000015,Move,649,431
197318.3999999985,Move,654,433
197334.30000000075,Move,657,434
197350.6000000015,Move,661,436
197364.19999999925,Move,663,437
197380.30000000075,Move,666,438
197396.5,Move,669,439
197412.6000000015,Move,672,440
197434.3999999985,Move,679,442
197450.5,Move,682,443
197466.1000000015,Move,686,444
197482.30000000075,Move,690,445
197496.80000000075,Move,695,445
197512.6000000015,Move,700,446
197528.19999999925,Move,705,447
197550.1000000015,Move,711,447
197565.69999999925,Move,714,447
197581.69999999925,Move,718,447
197597.80000000075,Move,723,447
197612.1000000015,Move,727,446
197628.5,Move,731,445
197644.30000000075,Move,735,444
197666.19999999925,Move,742,442
197682.6000000015,Move,746,441
197698.3999999985,Move,751,440
197712.30000000075,Move,756,439
197728.5,Move,760,438
197744.30000000075,Move,765,436
197768.6000000015,Move,773,434
197782.30000000075,Move,778,433
197797.30000000075,Move,784,431
197814.30000000075,Move,788,429
197835.19999999925,Move,795,427
197844.3999999985,Move,796,427
197860.1000000015,Move,800,425
197884.3999999985,Move,805,423
197898.19999999925,Move,806,423
197914.1000000015,Move,808,421
197930.3999999985,Move,811,419
197946.80000000075,Move,813,417
197968.30000000075,Move,817,414
197984.5,Move,820,411
198000.3999999985,Move,822,407
198014.3999999985,Move,824,404
198030.69999999925,Move,827,400
198046.3999999985,Move,830,395
198068.6000000015,Move,832,389
198083.5,Move,833,386
198100.19999999925,Move,835,381
198116.5,Move,836,378
198130.30000000075,Move,838,374
198146.69999999925,Move,839,371
198162.19999999925,Move,841,367
198178.1000000015,Move,841,362
198200.30000000075,Move,843,356
198216.1000000015,Move,844,353
198232.6000000015,Move,846,349
198246,Move,847,344
198262.6000000015,Move,848,340
198278.6000000015,Move,849,335
198300.5,Move,850,330
198316.30000000075,Move,851,326
198332.6000000015,Move,851,323
198348.19999999925,Move,851,319
198362.6000000015,Move,851,314
198378.30000000075,Move,851,310
198394.3999999985,Move,851,306
198418.69999999925,Move,850,299
198432.5,Move,848,295
198448.3999999985,Move,847,291
198464.30000000075,Move,846,289
198480.19999999925,Move,845,284
198494.3999999985,Move,843,280
198518.30000000075,Move,840,275
198534.1000000015,Move,839,270
198547.8999999985,Move,837,267
198564.19999999925,Move,835,262
198579.8999999985,Move,833,259
198594.5,Move,831,255
198618.3999999985,Move,827,249
198633.80000000075,Move,825,245
198647.6000000015,Move,823,241
198663.5,Move,821,237
198679.5,Move,819,233
198695.3999999985,Move,818,229
198718.19999999925,Move,814,225
198734.1000000015,Move,812,222
198749.8999999985,Move,811,219
198766.19999999925,Move,809,217
198779.69999999925,Move,807,215
198796,Move,805,213
198812,Move,802,211
198834.3999999985,Move,797,209
198850,Move,793,207
198866.3999999985,Move,790,206
198880.3999999985,Move,786,205
198896.6000000015,Move,781,203
198912.30000000075,Move,777,203
198928.19999999925,Move,773,201
198950.19999999925,Move,767,200
198966.30000000075,Move,764,200
198982.6000000015,Move,760,199
198998.6000000015,Move,757,198
199012.5,Move,755,197
199028.3999999985,Move,753,197
199036.30000000075,Move,753,197
199066.5,Move,751,197
199082.30000000075,Move,750,197
199098.69999999925,Move,747,197
199114.3999999985,Move,743,198
199128.30000000075,Move,739,200
199128.8999999985,Released,739,200
199588.30000000075,Pressed,729,498
199600.5,Move,730,499
199617.5,Move,730,501
199632.30000000075,Move,730,503
199646.3999999985,Move,730,504
199653.6000000015,Move,730,505
199654.1000000015,Released,730,505
199886.80000000075,Released,735,521
