resolution:1536,864
202851.29999999888,Pressed,516,211
202855.29999999888,Move,515,211
202864.19999999925,Move,513,210
202871.5,Move,512,210
202880,Move,511,209
202885.29999999888,Move,509,209
202893.3999999985,Move,508,209
202901.59999999963,Move,507,209
202909.29999999888,Move,505,209
202917.29999999888,Move,503,209
202925.59999999963,Move,502,209
202933.5,Move,501,209
202939.3999999985,Move,499,210
202947.29999999888,Move,496,210
202955.3999999985,Move,494,210
202963.69999999925,Move,492,210
202971.19999999925,Move,490,211
202979.69999999925,Move,488,211
202987.5,Move,485,212
202993.3999999985,Move,483,212
203001.69999999925,Move,481,213
203010.19999999925,Move,479,213
203017.8999999985,Move,478,213
203026.29999999888,Move,476,214
203035.09999999963,Move,475,215
203042.29999999888,Move,474,215
203047.79999999888,Move,474,215
203064.8999999985,Move,473,215
203071.29999999888,Move,473,215
203074.09999999963,Move,473,215
203079.79999999888,Move,472,216
203087.19999999925,Move,471,216
203095.29999999888,Move,469,218
203103.3999999985,Move,468,219
203109.5,Move,467,219
203117.59999999963,Move,465,221
203125.8999999985,Move,465,221
203133.5,Move,463,222
203141.59999999963,Move,462,223
203149.8999999985,Move,461,224
203157.3999999985,Move,460,224
203165.79999999888,Move,459,226
203171.29999999888,Move,459,226
203179.8999999985,Move,458,227
203187.69999999925,Move,458,227
203195.69999999925,Move,457,228
203203.5,Move,457,229
203211.3999999985,Move,456,231
203219.8999999985,Move,455,231
203227.5,Move,455,233
203233.59999999963,Move,454,234
203241.59999999963,Move,453,236
203250,Move,453,237
203257.5,Move,452,240
203265.59999999963,Move,451,241
203273.8999999985,Move,451,242
203281.3999999985,Move,450,243
203287.5,Move,449,243
203295.59999999963,Move,449,245
203303.29999999888,Move,448,246
203311.29999999888,Move,447,247
203319.5,Move,447,248
203327.69999999925,Move,447,248
203333.59999999963,Move,446,250
203341.5,Move,446,252
203349.5,Move,446,252
203357.29999999888,Move,446,254
203365.5,Move,446,257
203373.5,Move,446,258
203381.5,Move,446,260
203389.8999999985,Move,446,262
203395.19999999925,Move,446,264
203403.5,Move,446,265
203411.5,Move,446,267
203420,Move,446,269
203427.29999999888,Move,446,270
203435.19999999925,Move,446,271
203443.59999999963,Move,446,273
203451.3999999985,Move,446,275
203457.3999999985,Move,447,276
203465.79999999888,Move,447,277
203473.69999999925,Move,447,279
203481.8999999985,Move,448,280
203489.8999999985,Move,448,282
203497.69999999925,Move,449,285
203505.3999999985,Move,449,286
203513.5,Move,449,287
203519.19999999925,Move,450,289
203527.19999999925,Move,451,290
203535.59999999963,Move,452,292
203543.69999999925,Move,452,293
203551.59999999963,Move,453,295
203559.5,Move,454,296
203567.29999999888,Move,455,297
203575.29999999888,Move,455,298
203581.5,Move,456,299
203589.29999999888,Move,456,301
203597.3999999985,Move,457,302
203605.59999999963,Move,458,303
203613.69999999925,Move,459,306
203621.59999999963,Move,460,307
203627.3999999985,Move,461,309
203635.19999999925,Move,462,309
203643.3999999985,Move,463,311
203651.29999999888,Move,465,312
203659.19999999925,Move,465,313
203667.59999999963,Move,466,314
203675.19999999925,Move,467,315
203681.29999999888,Move,468,315
203689.5,Move,468,316
203697.19999999925,Move,469,316
203705.69999999925,Move,469,317
203713.3999999985,Move,471,317
203721.8999999985,Move,471,318
203729.8999999985,Move,472,319
203737.09999999963,Move,473,319
203743.3999999985,Move,475,320
203751.8999999985,Move,476,321
203759.69999999925,Move,477,321
203767.69999999925,Move,478,321
203777.29999999888,Move,479,322
203783.59999999963,Move,479,323
203791.5,Move,481,323
203800,Move,482,323
203805.19999999925,Move,483,324
203813.79999999888,Move,485,324
203821.3999999985,Move,486,324
203829.29999999888,Move,487,325
203837.69999999925,Move,489,326
203845.29999999888,Move,490,326
203851.59999999963,Move,492,326
203859.29999999888,Move,493,327
203867.3999999985,Move,496,327
203875.79999999888,Move,498,327
203883.29999999888,Move,500,328
203891.79999999888,Move,502,328
203899.79999999888,Move,504,328
203907.29999999888,Move,507,329
203913.59999999963,Move,509,329
203921.3999999985,Move,511,329
203929.69999999925,Move,513,329
203937.5,Move,514,329
203945.5,Move,516,329
203953.5,Move,517,329
203961.59999999963,Move,517,329
203969.8999999985,Move,518,329
203975.19999999925,Move,519,329
203983.79999999888,Move,519,329
203991.3999999985,Move,520,329
203999.8999999985,Move,520,328
204007.3999999985,Move,521,328
204015.5,Move,522,328
204023.29999999888,Move,523,328
204031.29999999888,Move,525,327
204037.79999999888,Move,527,327
204045.5,Move,530,326
204053.5,Move,532,325
204061.3999999985,Move,534,325
204069.69999999925,Move,536,325
204077.29999999888,Move,538,324
204085.8999999985,Move,539,323
204091.5,Move,539,323
204099.79999999888,Move,540,323
204107.3999999985,Move,541,323
204115.5,Move,541,323
204131.3999999985,Move,542,322
204139.79999999888,Move,543,322
204147.79999999888,Move,543,322
204153.5,Move,543,322
204161.69999999925,Move,544,321
204169.79999999888,Move,545,321
204177.29999999888,Move,546,321
204185.5,Move,548,320
204193.79999999888,Move,549,319
204199.5,Move,551,319
204207.5,Move,554,317
204215.5,Move,556,315
204223.8999999985,Move,558,315
204231.69999999925,Move,560,314
204239.8999999985,Move,562,313
204247.29999999888,Move,563,313
204255.5,Move,564,312
204261.59999999963,Move,564,311
204269.59999999963,Move,565,311
204277.69999999925,Move,565,311
204285.69999999925,Move,566,309
204293.19999999925,Move,567,309
204302.09999999963,Move,567,307
204310.09999999963,Move,568,307
204318.29999999888,Move,568,306
204324,Move,569,304
204332.19999999925,Move,570,303
204340.19999999925,Move,570,301
204348,Move,571,299
204356.29999999888,Move,571,298
204364.19999999925,Move,572,297
204371.79999999888,Move,572,296
204380.29999999888,Move,573,295
204385.8999999985,Move,573,293
204394.29999999888,Move,573,293
204402.3999999985,Move,573,293
204410,Move,574,291
204417.8999999985,Move,575,290
204426.09999999963,Move,575,289
204432.3999999985,Move,575,289
204440,Move,575,287
204448.3999999985,Move,576,286
204456.19999999925,Move,577,285
204463.8999999985,Move,577,284
204472.19999999925,Move,577,284
204480.3999999985,Move,578,283
204488.29999999888,Move,578,282
204494.09999999963,Move,579,281
204502.3999999985,Move,579,278
204510.5,Move,580,277
204518.19999999925,Move,580,276
204526.09999999963,Move,581,273
204534.29999999888,Move,581,272
204541.8999999985,Move,581,271
204550.3999999985,Move,581,270
204555.69999999925,Move,581,268
204564,Move,581,267
204572,Move,581,266
204580.09999999963,Move,581,264
204587.8999999985,Move,581,263
204596.09999999963,Move,581,261
204603.59999999963,Move,581,259
204612.09999999963,Move,580,257
204618.29999999888,Move,580,256
204625.69999999925,Move,580,254
204634.19999999925,Move,579,252
204641.8999999985,Move,579,251
204650,Move,578,248
204658,Move,578,247
204666.19999999925,Move,578,245
204674.29999999888,Move,577,243
204680,Move,577,241
204687.79999999888,Move,576,239
204696.09999999963,Move,576,237
204703.79999999888,Move,575,235
204712.19999999925,Move,575,233
204718.09999999963,Move,575,231
204726.19999999925,Move,574,230
204734.19999999925,Move,573,229
204741.79999999888,Move,573,227
204750.3999999985,Move,573,227
204757.8999999985,Move,572,225
204766.29999999888,Move,572,225
204774.19999999925,Move,572,224
204780.29999999888,Move,571,223
204788.19999999925,Move,570,222
204795.79999999888,Move,570,221
204804,Move,570,221
204811.79999999888,Move,569,219
204820.29999999888,Move,569,219
204828.19999999925,Move,568,218
204835.79999999888,Move,568,217
204841.8999999985,Move,567,217
204850.3999999985,Move,567,217
204858,Move,566,216
204866.19999999925,Move,566,215
204874.29999999888,Move,565,215
204882.09999999963,Move,565,214
204890.19999999925,Move,564,214
204897.8999999985,Move,563,214
204903.79999999888,Move,563,213
204912.19999999925,Move,562,213
204920.3999999985,Move,562,213
204928.19999999925,Move,561,213
204935.79999999888,Move,561,212
204944.19999999925,Move,560,212
204950.3999999985,Move,559,211
204957.8999999985,Move,559,211
204965.79999999888,Move,558,211
204974.3999999985,Move,558,211
204982.09999999963,Move,557,211
204990.09999999963,Move,557,211
204998.09999999963,Move,555,211
205006.19999999925,Move,554,211
205012.09999999963,Move,553,211
205020.19999999925,Move,552,211
205027.8999999985,Move,549,211
205035.79999999888,Move,547,211
205043.79999999888,Move,545,211
205052.5,Move,543,211
205060.09999999963,Move,541,211
205068.5,Move,539,211
205074.09999999963,Move,537,211
205081.5,Move,536,211
205089.79999999888,Move,536,211
205097.8999999985,Move,535,211
205105.79999999888,Move,535,211
205113.79999999888,Move,534,211
205129.8999999985,Move,533,211
205136.09999999963,Move,533,211
205144,Move,532,211
205152,Move,532,211
205160.59999999963,Move,531,211
205168.09999999963,Move,528,211
205176.19999999925,Move,526,211
205184.3999999985,Move,525,212
205190.19999999925,Move,523,212
205198.3999999985,Move,523,212
205206.29999999888,Move,523,212
205214.3999999985,Move,523,212
205222.19999999925,Move,522,212
205292.3999999985,Move,521,212
205297.5,Released,521,212
205917.59999999963,Released,470,523
