resolution:1536,864
62886.39999999851,Pressed,0.298828125,0.3784722222222222
62990.89999999851,Move,0.298828125,0.3784722222222222
63006.5,Move,0.2994791666666667,0.3784722222222222
63012.300000000745,Move,0.2994791666666667,0.3773148148148148
63029,Move,0.3001302083333333,0.3761574074074074
63044.800000000745,Move,0.30078125,0.3761574074074074
63060.800000000745,Move,0.3014322916666667,0.375
63082.800000000745,Move,0.3014322916666667,0.3738425925925926
63096.39999999851,Move,0.3020833333333333,0.3738425925925926
63115.099999997765,Move,0.302734375,0.3726851851851852
63128.599999997765,Move,0.302734375,0.3715277777777778
63136.199999999255,Move,0.3033854166666667,0.3715277777777778
63160.599999997765,Move,0.3040364583333333,0.3715277777777778
63185,Move,0.3046875,0.37037037037037035
63198.300000000745,Move,0.3053385416666667,0.37037037037037035
63214.199999999255,Move,0.3053385416666667,0.37037037037037035
63230.5,Move,0.306640625,0.36921296296296297
63246.699999999255,Move,0.306640625,0.36921296296296297
63260.5,Move,0.3072916666666667,0.3680555555555556
63268.699999999255,Move,0.3079427083333333,0.3680555555555556
63301,Move,0.3079427083333333,0.36689814814814814
63314.800000000745,Move,0.30859375,0.36689814814814814
63322.5,Move,0.30859375,0.36689814814814814
63368.699999999255,Move,0.3092447916666667,0.36689814814814814
63400.5,Move,0.3092447916666667,0.36574074074074076
63438.699999999255,Move,0.3092447916666667,0.36574074074074076
63462.800000000745,Move,0.310546875,0.36574074074074076
63484.89999999851,Move,0.3111979166666667,0.3645833333333333
63500.39999999851,Move,0.3111979166666667,0.36342592592592593
63516.099999997765,Move,0.3118489583333333,0.36226851851851855
63532.800000000745,Move,0.3125,0.36226851851851855
63546.39999999851,Move,0.3131510416666667,0.36226851851851855
63554.699999999255,Move,0.3131510416666667,0.36226851851851855
63578.5,Move,0.3138020833333333,0.3611111111111111
63594.89999999851,Move,0.314453125,0.3611111111111111
63616.300000000745,Move,0.3151041666666667,0.3599537037037037
63624.89999999851,Move,0.3157552083333333,0.3599537037037037
63656.699999999255,Move,0.3157552083333333,0.3599537037037037
63678.699999999255,Move,0.31640625,0.3599537037037037
63716.699999999255,Move,0.31640625,0.3599537037037037
63732.199999999255,Move,0.31640625,0.3599537037037037
63740.199999999255,Move,0.3170572916666667,0.3599537037037037
63764.599999997765,Move,0.3170572916666667,0.3599537037037037
63794.39999999851,Move,0.3177083333333333,0.3587962962962963
63802.099999997765,Move,0.318359375,0.3587962962962963
63848.599999997765,Move,0.318359375,0.3587962962962963
63895.800000000745,Move,0.3190104166666667,0.3576388888888889
63911.199999999255,Move,0.3196614583333333,0.3576388888888889
63958.89999999851,Move,0.3196614583333333,0.3576388888888889
63980.699999999255,Move,0.3203125,0.3576388888888889
64004.699999999255,Move,0.3209635416666667,0.3576388888888889
64042.699999999255,Move,0.3209635416666667,0.3576388888888889
64058.599999997765,Move,0.3209635416666667,0.3576388888888889
64120.599999997765,Move,0.3216145833333333,0.3576388888888889
64142.699999999255,Move,0.3216145833333333,0.3576388888888889
64198.699999999255,Move,0.322265625,0.3576388888888889
64283.300000000745,Move,0.322265625,0.3576388888888889
64315.300000000745,Move,0.322265625,0.35648148148148145
64383.300000000745,Move,0.3229166666666667,0.35648148148148145
64390.699999999255,Move,0.3235677083333333,0.35648148148148145
64431,Move,0.3235677083333333,0.35648148148148145
64445.300000000745,Move,0.32421875,0.35648148148148145
64469.099999997765,Move,0.32421875,0.35648148148148145
64539.099999997765,Move,0.3248697916666667,0.35648148148148145
64569,Move,0.3248697916666667,0.35532407407407407
64593.199999999255,Move,0.3248697916666667,0.35532407407407407
64655.300000000745,Move,0.3255208333333333,0.35532407407407407
64708.89999999851,Move,0.326171875,0.35532407407407407
64733.199999999255,Move,0.326171875,0.35532407407407407
64747.199999999255,Move,0.326171875,0.35532407407407407
64817.300000000745,Move,0.3268229166666667,0.35532407407407407
64895.300000000745,Move,0.3268229166666667,0.3541666666666667
64919,Move,0.3268229166666667,0.3541666666666667
64948.89999999851,Move,0.3274739583333333,0.3541666666666667
64995.300000000745,Move,0.3274739583333333,0.3541666666666667
65035.099999997765,Move,0.3274739583333333,0.35300925925925924
65089.199999999255,Move,0.328125,0.35300925925925924
65150.89999999851,Move,0.3287760416666667,0.35300925925925924
65197.099999997765,Move,0.3294270833333333,0.35300925925925924
65213,Move,0.3294270833333333,0.35300925925925924
65227.099999997765,Move,0.330078125,0.35185185185185186
66032.59999999776,Move,0.3307291666666667,0.35185185185185186
66040.09999999776,Move,0.3313802083333333,0.35185185185185186
66062.39999999851,Move,0.3313802083333333,0.35185185185185186
66070.09999999776,Move,0.33203125,0.35185185185185186
66078.5,Move,0.33203125,0.35185185185185186
66094.69999999925,Move,0.3326822916666667,0.3506944444444444
66118.59999999776,Move,0.3326822916666667,0.3506944444444444
66132.39999999851,Move,0.333984375,0.3506944444444444
66140.39999999851,Move,0.333984375,0.3506944444444444
66164.80000000075,Move,0.3346354166666667,0.3506944444444444
66302.59999999776,Move,0.3346354166666667,0.3506944444444444
66380.59999999776,Move,0.3352864583333333,0.3506944444444444
66458.59999999776,Move,0.3352864583333333,0.3506944444444444
66512.89999999851,Move,0.3359375,0.3506944444444444
66520,Move,0.3365885416666667,0.3506944444444444
66528.39999999851,Move,0.3365885416666667,0.3506944444444444
66590.30000000075,Move,0.3372395833333333,0.3506944444444444
66595.69999999925,Move,0.3372395833333333,0.3506944444444444
66612.5,Move,0.337890625,0.3506944444444444
66674.80000000075,Move,0.337890625,0.3506944444444444
66720.59999999776,Move,0.3385416666666667,0.3506944444444444
66753,Move,0.3391927083333333,0.3506944444444444
66782.59999999776,Move,0.3391927083333333,0.3506944444444444
66822.19999999925,Move,0.33984375,0.3506944444444444
66852.80000000075,Move,0.3404947916666667,0.3506944444444444
66860,Move,0.3404947916666667,0.3506944444444444
66876.69999999925,Move,0.3411458333333333,0.3506944444444444
66892.89999999851,Move,0.341796875,0.3506944444444444
66922.59999999776,Move,0.341796875,0.3506944444444444
66946.59999999776,Move,0.3424479166666667,0.3506944444444444
66952.19999999925,Move,0.3424479166666667,0.3506944444444444
66992.69999999925,Move,0.3430989583333333,0.3506944444444444
67093.19999999925,Move,0.3430989583333333,0.3506944444444444
67117.19999999925,Move,0.34375,0.35185185185185186
67133.19999999925,Move,0.3444010416666667,0.35185185185185186
67138.30000000075,Move,0.3444010416666667,0.35185185185185186
67154.09999999776,Move,0.3444010416666667,0.35300925925925924
67162.30000000075,Move,0.3444010416666667,0.35300925925925924
67208.59999999776,Move,0.3450520833333333,0.35300925925925924
67232.59999999776,Move,0.3450520833333333,0.35300925925925924
67248,Move,0.345703125,0.35300925925925924
67286.5,Move,0.345703125,0.3541666666666667
67308.19999999925,Move,0.3463541666666667,0.3541666666666667
67378.30000000075,Move,0.3470052083333333,0.3541666666666667
67456.30000000075,Move,0.3470052083333333,0.3541666666666667
67611,Move,0.3470052083333333,0.35532407407407407
67680.89999999851,Move,0.3470052083333333,0.35532407407407407
67735.09999999776,Move,0.34765625,0.35648148148148145
67775.19999999925,Move,0.34765625,0.3576388888888889
67850.89999999851,Move,0.3483072916666667,0.3576388888888889
67898.89999999851,Move,0.3483072916666667,0.3576388888888889
67921.19999999925,Move,0.3483072916666667,0.3587962962962963
67937.09999999776,Move,0.3483072916666667,0.3587962962962963
67944.89999999851,Move,0.3489583333333333,0.3599537037037037
67960.80000000075,Move,0.3489583333333333,0.3599537037037037
67968.89999999851,Move,0.349609375,0.3611111111111111
67990.5,Move,0.349609375,0.36226851851851855
68023.19999999925,Move,0.349609375,0.36226851851851855
68085,Move,0.349609375,0.36342592592592593
68106.19999999925,Move,0.349609375,0.36342592592592593
68223.80000000075,Move,0.349609375,0.3645833333333333
68246.69999999925,Move,0.349609375,0.3645833333333333
68268.09999999776,Move,0.349609375,0.36689814814814814
68292.39999999851,Move,0.349609375,0.36689814814814814
68446.89999999851,Move,0.349609375,0.3680555555555556
68517.09999999776,Move,0.3502604166666667,0.3680555555555556
68532.69999999925,Move,0.3502604166666667,0.36921296296296297
68540.80000000075,Move,0.3502604166666667,0.36921296296296297
68603,Move,0.3502604166666667,0.37037037037037035
68850.80000000075,Move,0.3502604166666667,0.3715277777777778
69004.80000000075,Move,0.3502604166666667,0.3715277777777778
69082.59999999776,Move,0.3502604166666667,0.3715277777777778
69206.39999999851,Move,0.3502604166666667,0.3726851851851852
69230.19999999925,Move,0.3502604166666667,0.3738425925925926
69261,Move,0.3502604166666667,0.3738425925925926
69284.80000000075,Move,0.3502604166666667,0.3761574074074074
69315.09999999776,Move,0.3502604166666667,0.3761574074074074
69322.80000000075,Move,0.3502604166666667,0.3761574074074074
69338.59999999776,Move,0.3502604166666667,0.3773148148148148
69353.30000000075,Move,0.3502604166666667,0.3784722222222222
69360.89999999851,Move,0.349609375,0.3784722222222222
69401.19999999925,Move,0.349609375,0.37962962962962965
69406.69999999925,Move,0.349609375,0.38078703703703703
69508.89999999851,Move,0.349609375,0.38078703703703703
69530.89999999851,Move,0.349609375,0.38078703703703703
69593.09999999776,Move,0.349609375,0.3819444444444444
69625,Move,0.3489583333333333,0.3819444444444444
69649.19999999925,Move,0.3489583333333333,0.38310185185185186
69695.19999999925,Move,0.3489583333333333,0.38310185185185186
69725.19999999925,Move,0.3483072916666667,0.38425925925925924
69795,Move,0.3483072916666667,0.38425925925925924
69827,Move,0.3483072916666667,0.38425925925925924
69865.19999999925,Move,0.3483072916666667,0.3854166666666667
69895.19999999925,Move,0.34765625,0.3854166666666667
69927,Move,0.34765625,0.3854166666666667
69973,Move,0.3470052083333333,0.3854166666666667
69997.19999999925,Move,0.3470052083333333,0.38657407407407407
70011,Move,0.3470052083333333,0.38657407407407407
70035.30000000075,Move,0.3470052083333333,0.38773148148148145
70065.19999999925,Move,0.3463541666666667,0.38773148148148145
70167.30000000075,Move,0.3463541666666667,0.38773148148148145
70174.69999999925,Move,0.3463541666666667,0.3888888888888889
70213.30000000075,Move,0.345703125,0.3888888888888889
70267.09999999776,Move,0.345703125,0.3888888888888889
70307,Move,0.345703125,0.3900462962962963
70367.30000000075,Move,0.345703125,0.3900462962962963
70390.80000000075,Move,0.3450520833333333,0.3900462962962963
70415.39999999851,Move,0.3450520833333333,0.3912037037037037
70469.09999999776,Move,0.3444010416666667,0.3912037037037037
70506.89999999851,Move,0.3444010416666667,0.3923611111111111
70522.89999999851,Move,0.34375,0.3923611111111111
70530.89999999851,Move,0.34375,0.3923611111111111
70561,Move,0.34375,0.3923611111111111
70662.80000000075,Move,0.3430989583333333,0.3923611111111111
70716.69999999925,Move,0.3430989583333333,0.39351851851851855
70738.5,Move,0.3430989583333333,0.39351851851851855
70816.80000000075,Move,0.3424479166666667,0.39351851851851855
70840.30000000075,Move,0.3424479166666667,0.39351851851851855
70862.80000000075,Move,0.341796875,0.39351851851851855
70895,Move,0.341796875,0.39467592592592593
70900.30000000075,Move,0.341796875,0.39467592592592593
70924.39999999851,Move,0.3411458333333333,0.39467592592592593
70940.19999999925,Move,0.3411458333333333,0.39467592592592593
70956.09999999776,Move,0.3411458333333333,0.39467592592592593
71002.19999999925,Move,0.3404947916666667,0.3958333333333333
71018.39999999851,Move,0.3404947916666667,0.3958333333333333
71032.19999999925,Move,0.33984375,0.39699074074074076
71048.19999999925,Move,0.3391927083333333,0.39699074074074076
71072.09999999776,Move,0.3385416666666667,0.39699074074074076
71094.39999999851,Move,0.3385416666666667,0.39699074074074076
71134.19999999925,Move,0.337890625,0.39814814814814814
71164.30000000075,Move,0.337890625,0.39814814814814814
71210,Move,0.337890625,0.39814814814814814
71235.09999999776,Move,0.3372395833333333,0.39814814814814814
71366.89999999851,Move,0.3365885416666667,0.39814814814814814
71428.80000000075,Move,0.3365885416666667,0.39814814814814814
71451.09999999776,Move,0.3359375,0.39814814814814814
71474.80000000075,Move,0.3359375,0.39814814814814814
71505.19999999925,Move,0.3352864583333333,0.39814814814814814
71513.30000000075,Move,0.3352864583333333,0.3993055555555556
71528.89999999851,Move,0.3352864583333333,0.3993055555555556
71591,Move,0.3346354166666667,0.3993055555555556
71669,Move,0.333984375,0.3993055555555556
71722.30000000075,Move,0.333984375,0.3993055555555556
71769,Move,0.3333333333333333,0.3993055555555556
71830.80000000075,Move,0.3333333333333333,0.3993055555555556
71869.09999999776,Move,0.3326822916666667,0.40046296296296297
71923,Move,0.3326822916666667,0.40046296296296297
71985.30000000075,Move,0.33203125,0.40162037037037035
72030.39999999851,Move,0.3313802083333333,0.40162037037037035
72063.09999999776,Move,0.3307291666666667,0.40162037037037035
72070.80000000075,Move,0.3307291666666667,0.40162037037037035
72101,Move,0.330078125,0.40162037037037035
72133.39999999851,Move,0.330078125,0.40162037037037035
72171.09999999776,Move,0.3294270833333333,0.40162037037037035
72265.09999999776,Move,0.3294270833333333,0.4027777777777778
72286.69999999925,Move,0.3287760416666667,0.4027777777777778
72388.39999999851,Move,0.3287760416666667,0.4027777777777778
72567,Move,0.328125,0.4027777777777778
72691,Move,0.328125,0.4027777777777778
72728.39999999851,Move,0.328125,0.4027777777777778
72753.19999999925,Move,0.3274739583333333,0.4027777777777778
72807,Move,0.3274739583333333,0.4027777777777778
72828.69999999925,Move,0.3268229166666667,0.4027777777777778
72906,Move,0.326171875,0.4027777777777778
72960.80000000075,Move,0.326171875,0.4027777777777778
73031.19999999925,Move,0.326171875,0.4039351851851852
73108.89999999851,Move,0.3255208333333333,0.4039351851851852
73131.19999999925,Move,0.3248697916666667,0.4039351851851852
73185.19999999925,Move,0.3248697916666667,0.4039351851851852
73230.69999999925,Move,0.32421875,0.4039351851851852
73263.09999999776,Move,0.3235677083333333,0.4039351851851852
73308.89999999851,Move,0.3235677083333333,0.4039351851851852
73349.09999999776,Move,0.3235677083333333,0.4039351851851852
73402.80000000075,Move,0.3229166666666667,0.4039351851851852
73465.19999999925,Move,0.322265625,0.4039351851851852
73503,Move,0.322265625,0.4039351851851852
73519,Move,0.3216145833333333,0.4039351851851852
73543.19999999925,Move,0.3209635416666667,0.4039351851851852
73580.59999999776,Move,0.3209635416666667,0.4039351851851852
73627,Move,0.3203125,0.4039351851851852
73651.09999999776,Move,0.3196614583333333,0.4039351851851852
73673,Move,0.3196614583333333,0.4039351851851852
73766.80000000075,Move,0.3190104166666667,0.4039351851851852
73888.39999999851,Move,0.318359375,0.4039351851851852
74069.19999999925,Move,0.318359375,0.4039351851851852
74090.39999999851,Move,0.318359375,0.4039351851851852
74115.30000000075,Move,0.3177083333333333,0.4039351851851852
74130.59999999776,Move,0.3177083333333333,0.4039351851851852
74152.89999999851,Move,0.3170572916666667,0.4039351851851852
74161.19999999925,Move,0.3170572916666667,0.4039351851851852
74168.80000000075,Move,0.3170572916666667,0.4027777777777778
74206.69999999925,Move,0.31640625,0.4027777777777778
74254.89999999851,Move,0.31640625,0.40162037037037035
74285.19999999925,Move,0.31640625,0.40162037037037035
74385.19999999925,Move,0.31640625,0.40162037037037035
74408.89999999851,Move,0.3157552083333333,0.40162037037037035
74486.59999999776,Move,0.3157552083333333,0.40162037037037035
74492.39999999851,Move,0.3151041666666667,0.40162037037037035
74500.69999999925,Move,0.314453125,0.40046296296296297
74517.19999999925,Move,0.314453125,0.40046296296296297
74587,Move,0.314453125,0.3993055555555556
74611.09999999776,Move,0.3138020833333333,0.3993055555555556
74687.39999999851,Move,0.3138020833333333,0.3993055555555556
74789,Move,0.3131510416666667,0.3993055555555556
74918.89999999851,Move,0.3131510416666667,0.3993055555555556
74943.19999999925,Move,0.3131510416666667,0.39814814814814814
75066.89999999851,Move,0.3131510416666667,0.39814814814814814
75104.80000000075,Move,0.3131510416666667,0.39699074074074076
75120.80000000075,Move,0.3125,0.3958333333333333
75158.69999999925,Move,0.3125,0.39467592592592593
75174.69999999925,Move,0.3125,0.39467592592592593
75229.19999999925,Move,0.3125,0.39351851851851855
75406.80000000075,Move,0.3125,0.39351851851851855
75430,Move,0.3125,0.39351851851851855
75445.39999999851,Move,0.3125,0.3923611111111111
75459.89999999851,Move,0.3125,0.3923611111111111
75484.09999999776,Move,0.3125,0.3912037037037037
75492.39999999851,Move,0.3125,0.3900462962962963
75500,Move,0.3131510416666667,0.3900462962962963
75530.30000000075,Move,0.3131510416666667,0.3888888888888889
75538,Move,0.3131510416666667,0.3888888888888889
75545.39999999851,Move,0.3131510416666667,0.3888888888888889
75568.30000000075,Move,0.3131510416666667,0.38773148148148145
75608.39999999851,Move,0.3131510416666667,0.38773148148148145
75679,Move,0.3131510416666667,0.38657407407407407
75693,Move,0.3138020833333333,0.3854166666666667
75732.30000000075,Move,0.3138020833333333,0.3854166666666667
75809,Move,0.3138020833333333,0.38425925925925924
75833,Move,0.3138020833333333,0.38425925925925924
75848.19999999925,Move,0.3138020833333333,0.38310185185185186
75864.30000000075,Move,0.3138020833333333,0.38310185185185186
75895.09999999776,Move,0.3138020833333333,0.3819444444444444
75932.80000000075,Move,0.3138020833333333,0.38078703703703703
75948.09999999776,Move,0.314453125,0.38078703703703703
75963.89999999851,Move,0.314453125,0.38078703703703703
76034.89999999851,Move,0.314453125,0.37962962962962965
76042.19999999925,Move,0.314453125,0.37962962962962965
76056.39999999851,Move,0.314453125,0.37962962962962965
76080.5,Move,0.314453125,0.3784722222222222
76104.89999999851,Move,0.314453125,0.3784722222222222
76142.89999999851,Move,0.314453125,0.3773148148148148
76158.39999999851,Move,0.314453125,0.3761574074074074
76172.59999999776,Move,0.3151041666666667,0.3761574074074074
76188.59999999776,Move,0.3151041666666667,0.3761574074074074
76212.39999999851,Move,0.3151041666666667,0.375
76242.89999999851,Move,0.3157552083333333,0.375
76250.39999999851,Move,0.3157552083333333,0.375
76304.69999999925,Move,0.3157552083333333,0.3738425925925926
76312.19999999925,Move,0.3157552083333333,0.3738425925925926
76328.30000000075,Move,0.3157552083333333,0.3726851851851852
76359,Move,0.31640625,0.3715277777777778
76375.19999999925,Move,0.31640625,0.3715277777777778
76429.09999999776,Move,0.31640625,0.37037037037037035
76436.80000000075,Move,0.31640625,0.37037037037037035
76460.89999999851,Move,0.3170572916666667,0.36921296296296297
76499.19999999925,Move,0.3170572916666667,0.36921296296296297
76523.19999999925,Move,0.3170572916666667,0.3680555555555556
76553.30000000075,Move,0.3177083333333333,0.36689814814814814
76585.19999999925,Move,0.3177083333333333,0.36689814814814814
76598.5,Move,0.318359375,0.36689814814814814
76639.09999999776,Move,0.318359375,0.36574074074074076
76653.09999999776,Move,0.318359375,0.36574074074074076
76669,Move,0.3190104166666667,0.36574074074074076
76693.09999999776,Move,0.3190104166666667,0.3645833333333333
76723,Move,0.3190104166666667,0.3645833333333333
76738.89999999851,Move,0.3190104166666667,0.3645833333333333
76793.19999999925,Move,0.3190104166666667,0.36342592592592593
76994.39999999851,Move,0.3196614583333333,0.36342592592592593
77172.80000000075,Move,0.3196614583333333,0.36226851851851855
77219.5,Move,0.3196614583333333,0.36226851851851855
77242.80000000075,Move,0.3203125,0.3611111111111111
77257.09999999776,Move,0.3209635416666667,0.3611111111111111
77273.30000000075,Move,0.3209635416666667,0.3611111111111111
77297,Move,0.3216145833333333,0.3599537037037037
77326.80000000075,Move,0.3216145833333333,0.3599537037037037
77350.89999999851,Move,0.3216145833333333,0.3599537037037037
77364.69999999925,Move,0.322265625,0.3599537037037037
77380.69999999925,Move,0.322265625,0.3587962962962963
77405.39999999851,Move,0.322265625,0.3587962962962963
77420.69999999925,Move,0.3235677083333333,0.3576388888888889
77450.59999999776,Move,0.3235677083333333,0.3576388888888889
77459.09999999776,Move,0.32421875,0.3576388888888889
77466.30000000075,Move,0.32421875,0.35648148148148145
77482.30000000075,Move,0.32421875,0.35648148148148145
77512.89999999851,Move,0.32421875,0.35648148148148145
77550.89999999851,Move,0.3248697916666667,0.35648148148148145
77620.80000000075,Move,0.3248697916666667,0.35532407407407407
77659,Move,0.3255208333333333,0.35532407407407407
77675.09999999776,Move,0.3255208333333333,0.35532407407407407
77715.09999999776,Move,0.326171875,0.35532407407407407
77737.09999999776,Move,0.326171875,0.3541666666666667
77753.19999999925,Move,0.326171875,0.3541666666666667
77785.19999999925,Move,0.3268229166666667,0.3541666666666667
77790.30000000075,Move,0.3268229166666667,0.35300925925925924
77807.09999999776,Move,0.3268229166666667,0.35300925925925924
77845.09999999776,Move,0.3274739583333333,0.35300925925925924
77868.5,Move,0.328125,0.35185185185185186
77914.59999999776,Move,0.3287760416666667,0.35185185185185186
77953.09999999776,Move,0.3287760416666667,0.35185185185185186
78000.59999999776,Move,0.3294270833333333,0.35185185185185186
78145.80000000075,Released,0.3294270833333333,0.35185185185185186
79035.80000000075,Released,0.4811197916666667,0.6006944444444444