resolution:1536,864
16154.80000000028,Pressed,735,304
16158.30000000028,Move,735,303
16174.80000000028,Move,733,303
16190.899999999907,Move,733,303
16212.700000000186,Move,730,302
16229.100000000093,Move,726,302
16244.80000000028,Move,724,302
16258.399999999907,Move,722,302
16274.600000000093,Move,720,303
16291.200000000186,Move,718,304
16312.80000000028,Move,713,307
16329.30000000028,Move,711,309
16344.80000000028,Move,707,313
16360.30000000028,Move,704,317
16375.100000000093,Move,702,321
16390.399999999907,Move,700,323
16406.600000000093,Move,698,327
16422.80000000028,Move,697,331
16444.700000000186,Move,695,337
16461,Move,693,339
16476.399999999907,Move,692,342
16493,Move,692,345
16506.80000000028,Move,691,348
16523,Move,691,352
16538.5,Move,691,356
16560.80000000028,Move,693,358
16577.100000000093,Move,694,360
16593.700000000186,Move,695,362
16607.899999999907,Move,696,363
16623.100000000093,Move,697,365
16639.100000000093,Move,699,367
16661.5,Move,700,368
16676.700000000186,Move,701,369
16693.399999999907,Move,703,370
16709.700000000186,Move,704,371
16723.600000000093,Move,705,371
16739.5,Move,707,373
16755.30000000028,Move,708,373
16779.100000000093,Move,709,374
16792.899999999907,Move,711,375
16808.700000000186,Move,712,375
16824.399999999907,Move,713,376
16841.30000000028,Move,714,376
16855.80000000028,Move,715,376
16879.399999999907,Move,717,377
16895.30000000028,Move,718,377
16909.5,Move,720,377
16925.700000000186,Move,721,377
16941.600000000093,Move,722,377
16957.600000000093,Move,724,377
16979.600000000093,Move,727,375
16995.80000000028,Move,731,374
17009.100000000093,Move,736,372
17025.399999999907,Move,739,371
17041.600000000093,Move,743,369
17058,Move,745,368
17071.700000000186,Move,746,367
17095.600000000093,Move,748,366
17111.399999999907,Move,749,365
17127.80000000028,Move,750,364
17141.700000000186,Move,752,363
17158.200000000186,Move,754,361
17173.100000000093,Move,755,359
17195.80000000028,Move,757,357
17211.700000000186,Move,759,356
17227.700000000186,Move,761,352
17243.100000000093,Move,763,349
17257.700000000186,Move,764,347
17273.899999999907,Move,765,342
17289.5,Move,767,339
17311.80000000028,Move,768,335
17327.100000000093,Move,768,333
17343.600000000093,Move,769,331
17359.80000000028,Move,769,329
17373.5,Move,769,326
17390,Move,769,323
17405,Move,768,321
17427.399999999907,Move,767,317
17443.399999999907,Move,765,315
17459.5,Move,763,313
17475,Move,760,312
17489.899999999907,Move,758,311
17505.600000000093,Move,756,310
17529.100000000093,Move,754,310
17545.600000000093,Move,752,310
17560,Move,750,309
17575.399999999907,Move,749,308
17591.399999999907,Move,748,307
17612.80000000028,Move,746,307
17629.100000000093,Move,745,306
17645.5,Move,743,306
17659.700000000186,Move,742,306
17667.600000000093,Move,742,306
17691.30000000028,Move,741,306
17691.80000000028,Released,741,306
18286.899999999907,Released,748,527
