resolution:1536,864
181094.30000000075,Pressed,737,303
181105.40000000037,Move,744,298
181121.40000000037,Move,753,295
181138.09999999963,Move,764,293
181151.69999999925,Move,776,292
181167.90000000037,Move,789,292
181183.69999999925,Move,798,293
181205.69999999925,Move,809,297
181221.90000000037,Move,816,301
181237.19999999925,Move,821,305
181253.69999999925,Move,825,313
181267.80000000075,Move,826,322
181284.09999999963,Move,825,337
181300.09999999963,Move,821,353
181322,Move,810,371
181337.5,Move,804,378
181353.69999999925,Move,795,386
181369.59999999963,Move,787,392
181383.69999999925,Move,778,396
181399.80000000075,Move,771,399
181423.09999999963,Move,757,402
181437,Move,746,402
181454.5,Move,737,401
181470.19999999925,Move,725,399
181485.69999999925,Move,717,396
181500.09999999963,Move,710,393
181515.90000000037,Move,706,388
181539.80000000075,Move,703,379
181554.09999999963,Move,701,371
181569.90000000037,Move,699,360
181585.19999999925,Move,698,351
181601.5,Move,699,345
181615.09999999963,Move,702,339
181639.69999999925,Move,704,332
181655.59999999963,Move,705,327
181671.69999999925,Move,707,323
181685.09999999963,Move,712,319
181701.69999999925,Move,716,315
181717.40000000037,Move,722,310
181739.09999999963,Move,730,303
181755.09999999963,Move,737,300
181771.59999999963,Move,741,299
181785.80000000075,Move,745,298
181786.30000000075,Released,745,298
182382.5,Released,749,517
182901.69999999925,Released,749,523
