resolution:1536,864
776941.5999999996,Pressed,484,186
777027.1999999993,Move,484,186
777035.1999999993,Move,483,186
777042.3999999985,Move,481,186
777049.7999999989,Move,478,187
777058.2999999989,Move,476,187
777065.1999999993,Move,473,188
777073.5,Move,471,188
777081.0999999996,Move,468,188
777087,Move,466,189
777095,Move,463,190
777102.8999999985,Move,461,190
777110.8999999985,Move,459,191
777118.8999999985,Move,458,192
777127.0999999996,Move,456,193
777135,Move,455,193
777143.0999999996,Move,454,193
777149,Move,451,193
777164.5999999996,Move,449,194
777167.0999999996,Move,449,194
777173,Move,449,194
777180.6999999993,Move,447,194
777188.5999999996,Move,447,194
777196.5999999996,Move,445,194
777204.7999999989,Move,443,194
777211.0999999996,Move,443,195
777219.5999999996,Move,442,195
777227.5999999996,Move,441,195
777235.1999999993,Move,440,195
777243.2999999989,Move,439,196
777251.5999999996,Move,439,197
777257.5999999996,Move,438,197
777265.7999999989,Move,437,197
777273.2999999989,Move,437,197
777281.2999999989,Move,435,198
777289.2999999989,Move,435,199
777296.7999999989,Move,433,199
777305.3999999985,Move,432,200
777313.1999999993,Move,431,201
777318.8999999985,Move,430,201
777327.2999999989,Move,429,201
777335.3999999985,Move,428,202
777343.5,Move,427,203
777351.0999999996,Move,426,203
777359.2999999989,Move,424,204
777367.3999999985,Move,423,205
777376.5,Move,421,205
777381.3999999985,Move,421,206
777389.3999999985,Move,421,207
777397.2999999989,Move,420,207
777406.0999999996,Move,419,208
777413.8999999985,Move,419,208
777422.5999999996,Move,418,209
777429.3999999985,Move,417,209
777437.5999999996,Move,417,210
777443.6999999993,Move,416,211
777451.3999999985,Move,415,211
777459.8999999985,Move,414,212
777467.3999999985,Move,413,213
777475.6999999993,Move,413,213
777483.5,Move,412,214
777489.5,Move,412,214
777497.7999999989,Move,411,215
777505.5,Move,411,215
777514,Move,410,216
777521.3999999985,Move,409,217
777529.6999999993,Move,409,217
777537.2999999989,Move,408,217
777545.6999999993,Move,408,218
777551.7999999989,Move,407,219
777559.6999999993,Move,406,219
777567.2999999989,Move,405,220
777575.5,Move,405,221
777583.5999999996,Move,404,221
777591.6999999993,Move,403,222
777599.2999999989,Move,403,222
777607.8999999985,Move,403,223
777613.8999999985,Move,402,223
777621.5,Move,401,224
777629.5999999996,Move,401,225
777637.2999999989,Move,400,225
777645.7999999989,Move,399,226
777653.5999999996,Move,399,226
777661.5,Move,399,227
777669.5999999996,Move,398,228
777675.6999999993,Move,397,229
777683.3999999985,Move,397,229
777691.5999999996,Move,396,230
777699.5999999996,Move,395,231
777707.2999999989,Move,395,232
777715.6999999993,Move,394,233
777721.5999999996,Move,394,233
777729.5999999996,Move,393,235
777737.5,Move,393,235
777745.6999999993,Move,392,236
777753.5,Move,391,236
777761.7999999989,Move,391,237
777769.3999999985,Move,390,238
777777.3999999985,Move,390,239
777783.5,Move,389,240
777791.2999999989,Move,389,241
777799.3999999985,Move,388,242
777807.5999999996,Move,387,242
777815.2999999989,Move,387,243
777823.3999999985,Move,386,244
777831.6999999993,Move,385,246
777839.7999999989,Move,385,247
777845.3999999985,Move,384,248
777853.5999999996,Move,383,250
777861.5999999996,Move,383,251
777869.5,Move,382,252
777877.7999999989,Move,382,253
777885.5,Move,381,255
777893.7999999989,Move,380,256
777901.2999999989,Move,379,257
777907.6999999993,Move,379,259
777915.8999999985,Move,378,259
777923.5,Move,378,261
777931.6999999993,Move,378,262
777939.6999999993,Move,377,264
777947.6999999993,Move,376,265
777953.5,Move,375,267
777961.0999999996,Move,375,269
777969.2999999989,Move,375,270
777977.5,Move,375,271
777985.5,Move,374,274
777993.8999999985,Move,374,275
778001.2999999989,Move,374,277
778009.3999999985,Move,374,279
778015,Move,373,281
778024.0999999996,Move,373,283
778031.5999999996,Move,373,286
778039.6999999993,Move,373,287
778047.8999999985,Move,373,289
778055.2999999989,Move,373,290
778063.5,Move,374,292
778069.6999999993,Move,374,293
778077.2999999989,Move,374,293
778085.1999999993,Move,374,295
778093.2999999989,Move,375,296
778101.2999999989,Move,375,297
778109.6999999993,Move,375,298
778117.3999999985,Move,376,300
778125.3999999985,Move,377,301
778131.0999999996,Move,377,303
778139.5999999996,Move,378,305
778147.8999999985,Move,379,306
778155.5,Move,379,308
778163.8999999985,Move,380,311
778171.3999999985,Move,380,313
778179.3999999985,Move,381,315
778186.8999999985,Move,382,317
778194.0999999996,Move,383,319
778201.3999999985,Move,383,321
778209.7999999989,Move,384,324
778217.1999999993,Move,385,326
778225.7999999989,Move,385,328
778233.6999999993,Move,386,330
778239.6999999993,Move,387,333
778248.8999999985,Move,388,334
778255.7999999989,Move,388,335
778263.5999999996,Move,389,337
778271.3999999985,Move,389,338
778279.3999999985,Move,390,339
778287.2999999989,Move,390,340
778295.5,Move,391,341
778301.2999999989,Move,391,341
778309.3999999985,Move,392,342
778317.1999999993,Move,393,343
778325.5,Move,393,345
778333.5,Move,394,345
778341.5,Move,395,346
778349.2999999989,Move,395,347
778357.6999999993,Move,395,348
778363.7999999989,Move,395,348
778371.5,Move,396,349
778379.5999999996,Move,396,349
778387.2999999989,Move,397,350
778395.5999999996,Move,397,351
778404.6999999993,Move,397,351
778411.6999999993,Move,397,352
778419.5999999996,Move,398,352
778425.8999999985,Move,399,353
778433.6999999993,Move,399,353
778441.5,Move,400,354
778449.3999999985,Move,400,355
778457.8999999985,Move,401,355
778465.5999999996,Move,401,356
778471,Move,402,356
778479.8999999985,Move,403,357
778487.3999999985,Move,403,357
778495.8999999985,Move,404,358
778503.3999999985,Move,404,359
778511.5,Move,405,359
778519.3999999985,Move,406,360
778528.0999999996,Move,408,360
778533.6999999993,Move,409,361
778541.7999999989,Move,410,362
778549.5,Move,412,362
778558.0999999996,Move,413,363
778565.6999999993,Move,414,364
778573.5999999996,Move,415,365
778581.5999999996,Move,417,366
778590.2999999989,Move,419,367
778595.2999999989,Move,420,368
778603.5999999996,Move,421,368
778611.8999999985,Move,424,369
778619.5,Move,426,370
778627.8999999985,Move,427,371
778635.5999999996,Move,429,371
778643.5999999996,Move,431,372
778651.5,Move,433,373
778657.5,Move,435,373
778665.5,Move,437,374
778673.1999999993,Move,439,375
778681.0999999996,Move,442,375
778689.3999999985,Move,443,376
778697.6999999993,Move,444,376
778702.8999999985,Move,446,377
778711.5,Move,447,377
778719.5999999996,Move,449,378
778728,Move,450,378
778735.5,Move,451,379
778743.7999999989,Move,453,380
778751.1999999993,Move,454,380
778759.5,Move,456,380
778765.7999999989,Move,457,381
778773.1999999993,Move,459,382
778781.5,Move,461,382
778789.1999999993,Move,463,382
778797.5999999996,Move,464,382
778805.5,Move,466,383
778813.5,Move,468,384
778821.5999999996,Move,469,384
778827.8999999985,Move,470,385
778835.5999999996,Move,473,385
778843.7999999989,Move,474,385
778851.3999999985,Move,475,385
778859.5999999996,Move,477,386
778867.1999999993,Move,478,386
778875.8999999985,Move,479,387
778883.5,Move,481,387
778889.6999999993,Move,483,387
778897.7999999989,Move,483,387
778905.2999999989,Move,484,387
778913.7999999989,Move,486,387
778921.6999999993,Move,487,388
778929.7999999989,Move,488,388
778937.5999999996,Move,489,388
778945.7999999989,Move,490,388
778951.1999999993,Move,491,388
778959.7999999989,Move,492,388
778967.2999999989,Move,493,388
778975.6999999993,Move,495,388
778983.6999999993,Move,496,388
778991.6999999993,Move,497,388
778999.2999999989,Move,498,388
779005.7999999989,Move,500,387
779013.5,Move,500,387
779021.1999999993,Move,501,387
779029.2999999989,Move,501,387
779037.3999999985,Move,503,387
779045.7999999989,Move,504,387
779051.5,Move,505,386
779059.5,Move,507,385
779067.3999999985,Move,509,385
779075.7999999989,Move,510,384
779083.5,Move,511,383
779091.6999999993,Move,513,383
779099.5,Move,515,382
779107.7999999989,Move,517,381
779113.5999999996,Move,519,381
779121.5999999996,Move,522,381
779129.5999999996,Move,523,380
779137.1999999993,Move,525,379
779145.7999999989,Move,527,379
779153.5,Move,528,379
779161.5,Move,529,379
779169.5999999996,Move,531,378
779175.6999999993,Move,533,378
779183.3999999985,Move,535,377
779191.5999999996,Move,537,376
779199.3999999985,Move,539,375
779207.8999999985,Move,541,375
779215.5,Move,543,374
779223.7999999989,Move,545,374
779231.5,Move,546,373
779237.2999999989,Move,548,373
779245.6999999993,Move,548,372
779253.7999999989,Move,549,372
779261.3999999985,Move,550,372
779269.2999999989,Move,551,371
779277.5999999996,Move,551,371
779283.3999999985,Move,552,370
779291,Move,554,370
779299.2999999989,Move,554,369
779307.1999999993,Move,555,369
779315.5999999996,Move,557,368
779323.5,Move,558,367
779331.5999999996,Move,560,367
779339.2999999989,Move,561,366
779345.3999999985,Move,562,365
779353.5,Move,563,365
779361.0999999996,Move,564,364
779369.5,Move,565,363
779377.7999999989,Move,566,363
779385.7999999989,Move,567,362
779393.3999999985,Move,567,362
779401.2999999989,Move,568,361
779407.5999999996,Move,568,361
779415.5999999996,Move,569,360
779423.5999999996,Move,569,359
779431.3999999985,Move,570,359
779439.5999999996,Move,571,358
779447.3999999985,Move,571,357
779455.6999999993,Move,572,357
779463.3999999985,Move,572,356
779469.3999999985,Move,573,355
779477.7999999989,Move,573,353
779485.3999999985,Move,574,353
779493.5,Move,575,351
779501.2999999989,Move,575,349
779509.5999999996,Move,576,349
779515.5,Move,577,347
779523.3999999985,Move,577,346
779531.3999999985,Move,578,346
779539.6999999993,Move,579,344
779547.1999999993,Move,579,343
779555.5,Move,580,342
779563.5999999996,Move,581,341
779571.0999999996,Move,581,340
779577.6999999993,Move,582,339
779585.5,Move,583,337
779593.5999999996,Move,583,336
779601.1999999993,Move,584,334
779609.7999999989,Move,585,333
779617.3999999985,Move,585,331
779625.3999999985,Move,586,329
779633.6999999993,Move,587,328
779639.3999999985,Move,587,326
779647.3999999985,Move,588,324
779655.7999999989,Move,589,321
779663.5,Move,589,319
779671.5999999996,Move,590,318
779679.7999999989,Move,591,316
779687.5,Move,592,313
779695.6999999993,Move,593,311
779701.2999999989,Move,593,309
779709.6999999993,Move,594,307
779717.2999999989,Move,595,305
779725.8999999985,Move,595,303
779733.7999999989,Move,595,300
779741.6999999993,Move,595,298
779747.6999999993,Move,596,297
779755.0999999996,Move,596,295
779763.5,Move,596,293
779771.5,Move,597,292
779779.5999999996,Move,597,291
779787.5,Move,597,289
779795.7999999989,Move,597,287
779803.5,Move,597,286
779809.1999999993,Move,597,285
779817.1999999993,Move,597,283
779825.5999999996,Move,597,282
779833.3999999985,Move,597,280
779841.1999999993,Move,597,278
779849.2999999989,Move,597,276
779857.2999999989,Move,598,273
779865,Move,598,271
779871.0999999996,Move,598,269
779878.6999999993,Move,598,267
779887.6999999993,Move,598,264
779895.7999999989,Move,597,262
779903.0999999996,Move,596,260
779911.6999999993,Move,595,257
779919.5999999996,Move,595,255
779927.5999999996,Move,594,254
779933.5,Move,593,252
779941.7999999989,Move,593,251
779949.5999999996,Move,592,250
779957.6999999993,Move,591,249
779965.5999999996,Move,591,248
779973.5999999996,Move,591,247
779981.2999999989,Move,591,246
779989.6999999993,Move,590,245
779995.5999999996,Move,590,244
780003.5,Move,590,243
780011.7999999989,Move,589,243
780019.5999999996,Move,589,242
780027.5999999996,Move,588,241
780035.6999999993,Move,587,240
780043.5999999996,Move,587,239
780049.2999999989,Move,586,238
780057.2999999989,Move,585,237
780065.6999999993,Move,585,236
780073.7999999989,Move,584,235
780081.5999999996,Move,584,234
780089.1999999993,Move,582,231
780095.8999999985,Move,581,231
780103.3999999985,Move,580,230
780111.5999999996,Move,579,228
780119.3999999985,Move,577,227
780127.8999999985,Move,575,225
780135.3999999985,Move,575,224
780143.5999999996,Move,573,223
780151.2999999989,Move,573,222
780157.3999999985,Move,571,221
780165.6999999993,Move,570,219
780173.6999999993,Move,567,218
780181.5999999996,Move,565,216
780189.7999999989,Move,564,215
780197.6999999993,Move,562,214
780205.5999999996,Move,560,213
780214,Move,560,213
780219.3999999985,Move,558,212
780227.8999999985,Move,557,211
780235.3999999985,Move,554,211
780243.2999999989,Move,552,210
780251.2999999989,Move,550,209
780259.5999999996,Move,549,209
780267.3999999985,Move,547,208
780275.6999999993,Move,547,207
780281.5999999996,Move,545,207
780289.5999999996,Move,545,206
780297.2999999989,Move,544,206
780305.1999999993,Move,544,206
780313.7999999989,Move,543,205
780321,Move,543,205
780327.8999999985,Move,541,205
780335.2999999989,Move,541,204
780343.6999999993,Move,540,203
780351.1999999993,Move,539,203
780359.0999999996,Move,538,203
780367.3999999985,Move,538,202
780375.8999999985,Move,536,201
780383.5999999996,Move,535,201
780389.5999999996,Move,533,200
780397.5999999996,Move,531,199
780405.6999999993,Move,529,199
780413.7999999989,Move,527,198
780421.3999999985,Move,524,197
780429.7999999989,Move,523,197
780437.5,Move,521,196
780445.5999999996,Move,520,195
780451.5,Move,519,195
780459.1999999993,Move,518,194
780467.3999999985,Move,518,194
780475.2999999989,Move,517,193
780483.5999999996,Move,517,193
780491.5999999996,Move,515,192
780499.2999999989,Move,515,192
780507.7999999989,Move,514,192
780513.7999999989,Move,514,192
780521.7999999989,Move,512,191
780529.1999999993,Move,510,191
780537.1999999993,Move,508,190
780545.5,Move,506,189
780554,Move,503,189
780559.8999999985,Move,501,189
780567.1999999993,Move,499,188
780575.6999999993,Move,496,187
780583.1999999993,Move,494,187
780591.5999999996,Move,492,187
780598.7999999989,Move,491,186
780607,Move,489,186
780614.8999999985,Move,489,185
780621,Move,488,185
780628.6999999993,Move,487,185
780636.7999999989,Move,487,185
780645,Move,487,185
780761.3999999985,Released,487,185
781519.0999999996,Released,489,529
