resolution:1536,864
125172.19999999925,Pressed,0.3821614583333333,0.35532407407407407
125405.59999999776,Move,0.3821614583333333,0.35532407407407407
125471.5,Move,0.3815104166666667,0.35532407407407407
125485.80000000075,Move,0.380859375,0.35532407407407407
125500.69999999925,Move,0.3802083333333333,0.35532407407407407
125530.09999999776,Move,0.3795572916666667,0.35532407407407407
125559.59999999776,Move,0.3795572916666667,0.35532407407407407
125625.69999999925,Move,0.3795572916666667,0.35532407407407407
125655.39999999851,Move,0.37890625,0.35532407407407407
125758.5,Move,0.3782552083333333,0.35532407407407407
125831.89999999851,Move,0.3776041666666667,0.35532407407407407
125905.5,Move,0.376953125,0.35532407407407407
125971.69999999925,Move,0.376953125,0.35532407407407407
126067.30000000075,Move,0.3763020833333333,0.35532407407407407
126286.69999999925,Move,0.3763020833333333,0.35532407407407407
126368.69999999925,Move,0.3756510416666667,0.35532407407407407
126442.80000000075,Move,0.3756510416666667,0.35532407407407407
126493.89999999851,Move,0.3743489583333333,0.35532407407407407
126537.69999999925,Move,0.3743489583333333,0.35532407407407407
126574.80000000075,Move,0.3736979166666667,0.35532407407407407
126633.19999999925,Move,0.3736979166666667,0.35532407407407407
126699.80000000075,Move,0.373046875,0.35532407407407407
126750.80000000075,Move,0.373046875,0.35532407407407407
126802.19999999925,Move,0.3723958333333333,0.35532407407407407
126853.69999999925,Move,0.3717447916666667,0.35532407407407407
126890.39999999851,Move,0.3717447916666667,0.35532407407407407
126948.19999999925,Move,0.37109375,0.35532407407407407
127052.59999999776,Move,0.3704427083333333,0.35532407407407407
127132.19999999925,Move,0.3704427083333333,0.35532407407407407
127251,Move,0.3697916666666667,0.35532407407407407
127323.89999999851,Move,0.369140625,0.35532407407407407
127426.5,Move,0.369140625,0.35532407407407407
127994,Move,0.3684895833333333,0.35532407407407407
128265.5,Move,0.3678385416666667,0.35532407407407407
128376,Move,0.3678385416666667,0.35532407407407407
128486.89999999851,Move,0.3671875,0.35532407407407407
128587.69999999925,Move,0.3665364583333333,0.35532407407407407
128661.5,Move,0.3665364583333333,0.35532407407407407
128751.30000000075,Move,0.3658854166666667,0.35532407407407407
128824.59999999776,Move,0.3658854166666667,0.35532407407407407
128876.09999999776,Move,0.365234375,0.35532407407407407
128898.09999999776,Move,0.365234375,0.35648148148148145
128949.59999999776,Move,0.3645833333333333,0.35648148148148145
129038.30000000075,Move,0.3639322916666667,0.35648148148148145
129052.69999999925,Move,0.3639322916666667,0.3576388888888889
129119,Move,0.3639322916666667,0.3576388888888889
129185.30000000075,Move,0.36328125,0.3576388888888889
129243.39999999851,Move,0.36328125,0.3576388888888889
129317.19999999925,Move,0.3626302083333333,0.3576388888888889
129361,Move,0.3626302083333333,0.3587962962962963
129368.69999999925,Move,0.3626302083333333,0.3587962962962963
129611.5,Move,0.361328125,0.3587962962962963
129714.39999999851,Move,0.361328125,0.3599537037037037
129721.5,Move,0.361328125,0.3599537037037037
129810.09999999776,Move,0.3606770833333333,0.3599537037037037
129861.69999999925,Move,0.3600260416666667,0.3599537037037037
129883.5,Move,0.3600260416666667,0.3599537037037037
129920.19999999925,Move,0.3600260416666667,0.3599537037037037
130001.30000000075,Move,0.3600260416666667,0.3611111111111111
130008.39999999851,Move,0.3600260416666667,0.3611111111111111
130038.09999999776,Move,0.359375,0.3611111111111111
130089.59999999776,Move,0.359375,0.36226851851851855
130111.69999999925,Move,0.3587239583333333,0.36226851851851855
130162.89999999851,Move,0.3587239583333333,0.36226851851851855
130251.19999999925,Move,0.357421875,0.36226851851851855
130273.30000000075,Move,0.357421875,0.36226851851851855
130295.39999999851,Move,0.357421875,0.36342592592592593
130346.39999999851,Move,0.357421875,0.3645833333333333
130376.09999999776,Move,0.3567708333333333,0.3645833333333333
130427.69999999925,Move,0.3567708333333333,0.3645833333333333
130456.59999999776,Move,0.3567708333333333,0.3645833333333333
130522.89999999851,Move,0.3561197916666667,0.3645833333333333
130560,Move,0.3561197916666667,0.36574074074074076
130670.30000000075,Move,0.3561197916666667,0.36574074074074076
130766.30000000075,Move,0.3561197916666667,0.36574074074074076
130838.59999999776,Move,0.35546875,0.36574074074074076
130846.09999999776,Move,0.35546875,0.36689814814814814
130912.69999999925,Move,0.35546875,0.3680555555555556
130964,Move,0.35546875,0.36921296296296297
130978.5,Move,0.3548177083333333,0.36921296296296297
131058.89999999851,Move,0.3548177083333333,0.36921296296296297
131081.69999999925,Move,0.3548177083333333,0.36921296296296297
131118.3999999985,Move,0.3548177083333333,0.37037037037037035
131148,Move,0.3548177083333333,0.37037037037037035
131199.3999999985,Move,0.3541666666666667,0.37037037037037035
131206.30000000075,Move,0.3541666666666667,0.3715277777777778
131273.19999999925,Move,0.3541666666666667,0.3715277777777778
131302.8999999985,Move,0.353515625,0.3726851851851852
131353.80000000075,Move,0.353515625,0.3738425925925926
131382.30000000075,Move,0.353515625,0.3738425925925926
131478.30000000075,Move,0.3528645833333333,0.375
131514.80000000075,Move,0.3528645833333333,0.375
131537.09999999776,Move,0.3528645833333333,0.3761574074074074
131551.69999999925,Move,0.3528645833333333,0.3761574074074074
131588.59999999776,Move,0.3522135416666667,0.3761574074074074
131648.30000000075,Move,0.3522135416666667,0.3773148148148148
131669.59999999776,Move,0.3522135416666667,0.3784722222222222
131707,Move,0.3522135416666667,0.3784722222222222
131772.8999999985,Move,0.3522135416666667,0.37962962962962965
131832.5,Move,0.3522135416666667,0.37962962962962965
131868.8999999985,Move,0.3522135416666667,0.38078703703703703
131905.5,Move,0.3522135416666667,0.3819444444444444
131971.3999999985,Move,0.3522135416666667,0.38310185185185186
132015.69999999925,Move,0.3522135416666667,0.38310185185185186
132052.59999999776,Move,0.3522135416666667,0.38425925925925924
132089.5,Move,0.3522135416666667,0.38425925925925924
132148.30000000075,Move,0.3522135416666667,0.3854166666666667
132185,Move,0.3522135416666667,0.3854166666666667
132243.8999999985,Move,0.3522135416666667,0.38657407407407407
132258.09999999776,Move,0.3515625,0.38657407407407407
132302.8999999985,Move,0.3515625,0.38773148148148145
132382.69999999925,Move,0.3515625,0.3888888888888889
132442.19999999925,Move,0.3515625,0.3900462962962963
132530.19999999925,Move,0.3515625,0.3900462962962963
132581.80000000075,Move,0.3515625,0.3900462962962963
132648.30000000075,Move,0.3515625,0.3912037037037037
132707.09999999776,Move,0.3515625,0.3923611111111111
132713.59999999776,Move,0.3515625,0.3923611111111111
132801.8999999985,Move,0.3515625,0.39351851851851855
132846.19999999925,Move,0.3515625,0.39467592592592593
132912.19999999925,Move,0.3515625,0.3958333333333333
132955.80000000075,Move,0.3515625,0.3958333333333333
132985.3999999985,Move,0.3515625,0.39699074074074076
133029.5,Move,0.3515625,0.39699074074074076
133073.5,Move,0.3515625,0.39814814814814814
133118.5,Move,0.3515625,0.3993055555555556
133154.69999999925,Move,0.3515625,0.3993055555555556
133206.5,Move,0.3515625,0.3993055555555556
133258.09999999776,Move,0.3515625,0.40162037037037035
133264.30000000075,Move,0.3515625,0.40162037037037035
133309.30000000075,Move,0.3515625,0.4027777777777778
133346.3999999985,Move,0.3515625,0.4039351851851852
133419.5,Move,0.3515625,0.4039351851851852
133449.19999999925,Move,0.3515625,0.4050925925925926
133486.09999999776,Move,0.3515625,0.4050925925925926
133529.8999999985,Move,0.3522135416666667,0.40625
133566.69999999925,Move,0.3522135416666667,0.40625
133611.5,Move,0.3522135416666667,0.40625
133618,Move,0.3522135416666667,0.4085648148148148
133662.80000000075,Move,0.3522135416666667,0.4085648148148148
133684.5,Move,0.3528645833333333,0.4085648148148148
133706.59999999776,Move,0.3528645833333333,0.4097222222222222
133721,Move,0.353515625,0.4097222222222222
133758.19999999925,Move,0.353515625,0.4097222222222222
133787.09999999776,Move,0.353515625,0.4097222222222222
133823.8999999985,Move,0.3548177083333333,0.41087962962962965
133868.5,Move,0.3548177083333333,0.41087962962962965
133941.8999999985,Move,0.3548177083333333,0.41203703703703703
133948.8999999985,Move,0.3548177083333333,0.41203703703703703
134008.5,Move,0.3548177083333333,0.4131944444444444
134037.5,Move,0.35546875,0.4131944444444444
134059.59999999776,Move,0.35546875,0.4131944444444444
134111,Move,0.35546875,0.41435185185185186
134141,Move,0.35546875,0.41435185185185186
134177.19999999925,Move,0.3561197916666667,0.41435185185185186
134206.5,Move,0.3561197916666667,0.41550925925925924
134250.59999999776,Move,0.3561197916666667,0.41550925925925924
134324.3999999985,Move,0.3561197916666667,0.4166666666666667
134374.69999999925,Move,0.3561197916666667,0.41782407407407407
134412.69999999925,Move,0.3567708333333333,0.41782407407407407
134434.30000000075,Move,0.3567708333333333,0.41782407407407407
134485.69999999925,Move,0.357421875,0.41782407407407407
134500.8999999985,Move,0.357421875,0.41898148148148145
134596.3999999985,Move,0.357421875,0.41898148148148145
134610.69999999925,Move,0.357421875,0.41898148148148145
134655.09999999776,Move,0.357421875,0.4201388888888889
134692,Move,0.3580729166666667,0.4201388888888889
134780.3999999985,Move,0.3580729166666667,0.4212962962962963
134786.80000000075,Move,0.3587239583333333,0.4212962962962963
134853.3999999985,Move,0.3587239583333333,0.4224537037037037
134867.8999999985,Move,0.3587239583333333,0.4224537037037037
134919.3999999985,Move,0.3587239583333333,0.4224537037037037
134949.09999999776,Move,0.359375,0.4224537037037037
135000.59999999776,Move,0.359375,0.4236111111111111
135044.5,Move,0.3600260416666667,0.4236111111111111
135103.09999999776,Move,0.3600260416666667,0.42476851851851855
135118.19999999925,Move,0.3600260416666667,0.42476851851851855
135177.09999999776,Move,0.3606770833333333,0.42476851851851855
135199.09999999776,Move,0.3606770833333333,0.42476851851851855
135228.3999999985,Move,0.3606770833333333,0.42476851851851855
135294.19999999925,Move,0.361328125,0.42476851851851855
135323.59999999776,Move,0.361328125,0.42476851851851855
135375.59999999776,Move,0.3619791666666667,0.42476851851851855
135469.69999999925,Move,0.3619791666666667,0.42592592592592593
135476.8999999985,Move,0.3626302083333333,0.42592592592592593
135580.09999999776,Move,0.3626302083333333,0.4270833333333333
135647.09999999776,Move,0.3626302083333333,0.4270833333333333
135653.3999999985,Move,0.3626302083333333,0.42824074074074076
135690.8999999985,Move,0.36328125,0.42824074074074076
135720.19999999925,Move,0.36328125,0.42939814814814814
135786.8999999985,Move,0.3639322916666667,0.42939814814814814
135801.09999999776,Move,0.3639322916666667,0.42939814814814814
135823.8999999985,Move,0.3639322916666667,0.42939814814814814
135838.59999999776,Move,0.3639322916666667,0.4305555555555556
135882.8999999985,Move,0.3645833333333333,0.4305555555555556
135926.3999999985,Move,0.365234375,0.4305555555555556
135933.3999999985,Move,0.3658854166666667,0.4305555555555556
135978.69999999925,Move,0.3658854166666667,0.4305555555555556
135993,Move,0.3658854166666667,0.43171296296296297
136021.8999999985,Move,0.3665364583333333,0.43171296296296297
136043.80000000075,Move,0.3665364583333333,0.43171296296296297
136058.59999999776,Move,0.3665364583333333,0.43171296296296297
136080.5,Move,0.3671875,0.43287037037037035
136102.59999999776,Move,0.3678385416666667,0.43287037037037035
136117.5,Move,0.3678385416666667,0.43287037037037035
136154.5,Move,0.3684895833333333,0.4340277777777778
136198.5,Move,0.3684895833333333,0.4340277777777778
136213.19999999925,Move,0.369140625,0.4340277777777778
136242.59999999776,Move,0.369140625,0.4351851851851852
136249.30000000075,Move,0.3697916666666667,0.4351851851851852
136286.5,Move,0.3704427083333333,0.4351851851851852
136309.30000000075,Move,0.3704427083333333,0.4351851851851852
136345.80000000075,Move,0.3704427083333333,0.4351851851851852
136360.69999999925,Move,0.3704427083333333,0.4363425925925926
136375.09999999776,Move,0.37109375,0.4363425925925926
136448.5,Move,0.37109375,0.4363425925925926
136492.3999999985,Move,0.3717447916666667,0.4363425925925926
136543.80000000075,Move,0.3717447916666667,0.4363425925925926
136602.69999999925,Move,0.3723958333333333,0.4363425925925926
136617.5,Move,0.3723958333333333,0.4375
136624,Move,0.3723958333333333,0.4386574074074074
136683.19999999925,Move,0.373046875,0.4386574074074074
136742.5,Move,0.3736979166666667,0.4386574074074074
136808.69999999925,Move,0.3743489583333333,0.4386574074074074
136852.5,Move,0.3743489583333333,0.4386574074074074
136918.8999999985,Move,0.3743489583333333,0.4386574074074074
136992.3999999985,Move,0.375,0.4386574074074074
137014.59999999776,Move,0.3756510416666667,0.4386574074074074
137072.80000000075,Move,0.3756510416666667,0.4386574074074074
137103,Move,0.3756510416666667,0.4386574074074074
137169,Move,0.3763020833333333,0.4386574074074074
137235.3999999985,Move,0.376953125,0.4386574074074074
137249.59999999776,Move,0.376953125,0.4398148148148148
137287.09999999776,Move,0.3776041666666667,0.4398148148148148
137323.19999999925,Move,0.3776041666666667,0.4398148148148148
137389.09999999776,Move,0.3782552083333333,0.4398148148148148
137410.8999999985,Move,0.3782552083333333,0.4398148148148148
137455.30000000075,Move,0.37890625,0.4398148148148148
137469.19999999925,Move,0.37890625,0.4398148148148148
137506.5,Move,0.3795572916666667,0.4398148148148148
137543.30000000075,Move,0.3795572916666667,0.4398148148148148
137572.59999999776,Move,0.3795572916666667,0.4398148148148148
137594.8999999985,Move,0.380859375,0.4398148148148148
137624.30000000075,Move,0.380859375,0.4398148148148148
137653.3999999985,Move,0.3815104166666667,0.4398148148148148
137697.80000000075,Move,0.3821614583333333,0.4398148148148148
137741.8999999985,Move,0.3821614583333333,0.4409722222222222
137763.59999999776,Move,0.3828125,0.4409722222222222
137807.80000000075,Move,0.3828125,0.4409722222222222
137830.30000000075,Move,0.3834635416666667,0.4409722222222222
137874.09999999776,Move,0.3834635416666667,0.4409722222222222
137896.19999999925,Move,0.3841145833333333,0.44212962962962965
137925.3999999985,Move,0.384765625,0.44212962962962965
137969.59999999776,Move,0.384765625,0.44212962962962965
138007.19999999925,Move,0.3854166666666667,0.44212962962962965
138021,Move,0.3854166666666667,0.44212962962962965
138066,Move,0.3860677083333333,0.44212962962962965
138095.19999999925,Move,0.3860677083333333,0.44212962962962965
138139.59999999776,Move,0.38671875,0.44212962962962965
138183.09999999776,Move,0.3873697916666667,0.44212962962962965
138235.19999999925,Move,0.3880208333333333,0.44212962962962965
138293.59999999776,Move,0.3880208333333333,0.44212962962962965
138322.8999999985,Move,0.388671875,0.44212962962962965
138359.80000000075,Move,0.388671875,0.44212962962962965
138403.5,Move,0.3893229166666667,0.44212962962962965
138417.69999999925,Move,0.3899739583333333,0.44212962962962965
138447.8999999985,Move,0.3899739583333333,0.44212962962962965
138461.80000000075,Move,0.390625,0.44212962962962965
138499.30000000075,Move,0.3912760416666667,0.44212962962962965
138520.8999999985,Move,0.3912760416666667,0.44212962962962965
138565.19999999925,Move,0.3919270833333333,0.44212962962962965
138601.5,Move,0.392578125,0.44212962962962965
138660.8999999985,Move,0.392578125,0.44212962962962965
138697.80000000075,Move,0.3932291666666667,0.44212962962962965
138778.59999999776,Move,0.3932291666666667,0.44212962962962965
138844.69999999925,Move,0.3938802083333333,0.44212962962962965
138940.19999999925,Move,0.3938802083333333,0.44212962962962965
139028.5,Move,0.3951822916666667,0.44212962962962965
139109.5,Move,0.3951822916666667,0.44212962962962965
139168,Move,0.3958333333333333,0.44212962962962965
139197.59999999776,Move,0.396484375,0.44212962962962965
139212.5,Move,0.396484375,0.44212962962962965
139242,Move,0.396484375,0.44212962962962965
139264.19999999925,Move,0.3971354166666667,0.44212962962962965
139293.30000000075,Move,0.3977864583333333,0.44212962962962965
139315.3999999985,Move,0.3977864583333333,0.44212962962962965
139345,Move,0.3990885416666667,0.44212962962962965
139395.3999999985,Move,0.3990885416666667,0.44212962962962965
139469.19999999925,Move,0.3990885416666667,0.44212962962962965
139528.19999999925,Move,0.3997395833333333,0.44212962962962965
139542.5,Move,0.400390625,0.44212962962962965
139631,Move,0.400390625,0.44212962962962965
139748.5,Move,0.4010416666666667,0.44212962962962965
139792.69999999925,Move,0.4010416666666667,0.4409722222222222
139829.59999999776,Move,0.4016927083333333,0.4409722222222222
139858.5,Move,0.4016927083333333,0.4398148148148148
139895.69999999925,Move,0.4016927083333333,0.4386574074074074
139925.09999999776,Move,0.40234375,0.4386574074074074
140020.59999999776,Move,0.4029947916666667,0.4386574074074074
140101.3999999985,Move,0.4029947916666667,0.4386574074074074
140145.30000000075,Move,0.4036458333333333,0.4386574074074074
140263.19999999925,Move,0.404296875,0.4386574074074074
140351.19999999925,Move,0.404296875,0.4386574074074074
140358.19999999925,Move,0.404296875,0.4386574074074074
140402.8999999985,Move,0.4049479166666667,0.4386574074074074
140491.09999999776,Move,0.4049479166666667,0.4386574074074074
140520.3999999985,Move,0.4055989583333333,0.4386574074074074
140534.59999999776,Move,0.4055989583333333,0.4375
140579.8999999985,Move,0.40625,0.4375
140609.09999999776,Move,0.4069010416666667,0.4375
140616.19999999925,Move,0.4069010416666667,0.4363425925925926
140638.3999999985,Move,0.4069010416666667,0.4363425925925926
140697.3999999985,Move,0.4075520833333333,0.4363425925925926
140719.19999999925,Move,0.4075520833333333,0.4363425925925926
140769.5,Move,0.408203125,0.4363425925925926
140791.69999999925,Move,0.408203125,0.4351851851851852
140887.8999999985,Move,0.4088541666666667,0.4351851851851852
140947.3999999985,Move,0.4095052083333333,0.4351851851851852
140976.69999999925,Move,0.4095052083333333,0.4340277777777778
140998.8999999985,Move,0.4095052083333333,0.43287037037037035
141005.5,Move,0.41015625,0.43287037037037035
141049.80000000075,Move,0.41015625,0.43287037037037035
141071.5,Move,0.41015625,0.43287037037037035
141101.59999999776,Move,0.41015625,0.43171296296296297
141146,Move,0.4108072916666667,0.43171296296296297
141167.59999999776,Move,0.4108072916666667,0.43171296296296297
141182,Move,0.4108072916666667,0.43171296296296297
141263.3999999985,Move,0.4108072916666667,0.4305555555555556
141337,Move,0.4114583333333333,0.4305555555555556
141388,Move,0.4114583333333333,0.42939814814814814
141476.69999999925,Move,0.412109375,0.42939814814814814
141490.69999999925,Move,0.412109375,0.42939814814814814
141564.3999999985,Move,0.412109375,0.42939814814814814
141608.69999999925,Move,0.412109375,0.42939814814814814
141637.8999999985,Move,0.4127604166666667,0.42939814814814814
141719.19999999925,Move,0.4127604166666667,0.4270833333333333
141763.19999999925,Move,0.4127604166666667,0.4270833333333333
141792.80000000075,Move,0.4127604166666667,0.4270833333333333
141807.3999999985,Move,0.4127604166666667,0.42592592592592593
141865.8999999985,Move,0.4134114583333333,0.42592592592592593
141872.69999999925,Move,0.4134114583333333,0.42476851851851855
141902.3999999985,Move,0.4140625,0.42476851851851855
141909.59999999776,Move,0.4140625,0.42476851851851855
141924.69999999925,Move,0.4147135416666667,0.4236111111111111
141947,Move,0.4147135416666667,0.4236111111111111
141960.8999999985,Move,0.4147135416666667,0.4224537037037037
141976.3999999985,Move,0.4153645833333333,0.4224537037037037
141998,Move,0.4153645833333333,0.4201388888888889
142012.5,Move,0.416015625,0.4201388888888889
142019.5,Move,0.416015625,0.41898148148148145
142064.19999999925,Move,0.416015625,0.41898148148148145
142108.69999999925,Move,0.4166666666666667,0.41782407407407407
142197,Move,0.4166666666666667,0.41782407407407407
142248.59999999776,Move,0.4166666666666667,0.4166666666666667
142292.5,Move,0.4166666666666667,0.41550925925925924
142299.30000000075,Move,0.4166666666666667,0.41550925925925924
142358.09999999776,Move,0.4166666666666667,0.41435185185185186
142409.5,Move,0.4173177083333333,0.41435185185185186
142424.59999999776,Move,0.4173177083333333,0.4131944444444444
142431.30000000075,Move,0.4173177083333333,0.4131944444444444
142468.80000000075,Move,0.41796875,0.41203703703703703
142490.59999999776,Move,0.41796875,0.41087962962962965
142534.59999999776,Move,0.41796875,0.41087962962962965
142571.19999999925,Move,0.41796875,0.4097222222222222
142578.80000000075,Move,0.4186197916666667,0.4097222222222222
142623.09999999776,Move,0.4186197916666667,0.4097222222222222
142636.80000000075,Move,0.4186197916666667,0.4097222222222222
142681.8999999985,Move,0.4186197916666667,0.4085648148148148
142711.09999999776,Move,0.4186197916666667,0.4074074074074074
142740.8999999985,Move,0.4192708333333333,0.4074074074074074
142784.5,Move,0.4192708333333333,0.40625
142857.69999999925,Move,0.4192708333333333,0.40625
142917.09999999776,Move,0.4192708333333333,0.40625
142990.59999999776,Move,0.4192708333333333,0.4050925925925926
143019.80000000075,Move,0.4192708333333333,0.4050925925925926
143078.69999999925,Move,0.4192708333333333,0.4039351851851852
143093.30000000075,Move,0.419921875,0.4039351851851852
143145,Move,0.419921875,0.4027777777777778
143203.5,Move,0.419921875,0.40162037037037035
143218.5,Move,0.419921875,0.40046296296296297
143291.69999999925,Move,0.419921875,0.3993055555555556
143328.80000000075,Move,0.419921875,0.3993055555555556
143386.5,Move,0.419921875,0.3993055555555556
143445.8999999985,Move,0.419921875,0.39814814814814814
143527.09999999776,Move,0.419921875,0.39699074074074076
143556.59999999776,Move,0.419921875,0.39699074074074076
143630.19999999925,Move,0.419921875,0.3958333333333333
143636.80000000075,Move,0.419921875,0.3958333333333333
143725.69999999925,Move,0.419921875,0.39467592592592593
143762.3999999985,Move,0.419921875,0.39351851851851855
143828.19999999925,Move,0.419921875,0.3923611111111111
143901.30000000075,Move,0.419921875,0.3923611111111111
143938.3999999985,Move,0.419921875,0.3912037037037037
143952,Move,0.419921875,0.3900462962962963
143989.80000000075,Move,0.419921875,0.3900462962962963
144011.80000000075,Move,0.419921875,0.3900462962962963
144018.80000000075,Move,0.419921875,0.3888888888888889
144040.59999999776,Move,0.419921875,0.38773148148148145
144048.30000000075,Move,0.419921875,0.38657407407407407
144063,Move,0.419921875,0.3854166666666667
144422.5,Move,0.419921875,0.3854166666666667
144488.69999999925,Move,0.419921875,0.38425925925925924
144511.09999999776,Move,0.419921875,0.38425925925925924
144591.80000000075,Move,0.419921875,0.38310185185185186
144643.19999999925,Move,0.419921875,0.38310185185185186
144739.59999999776,Move,0.4192708333333333,0.38310185185185186
144769.30000000075,Move,0.4192708333333333,0.38078703703703703
144791.19999999925,Move,0.4186197916666667,0.38078703703703703
144842.80000000075,Move,0.4186197916666667,0.38078703703703703
144894.19999999925,Move,0.4186197916666667,0.38078703703703703
144900.69999999925,Move,0.41796875,0.38078703703703703
144997.19999999925,Move,0.41796875,0.38078703703703703
145056,Move,0.41796875,0.37962962962962965
145077.59999999776,Move,0.4173177083333333,0.37962962962962965
145136.3999999985,Move,0.4173177083333333,0.37962962962962965
145231.80000000075,Move,0.4173177083333333,0.3784722222222222
145276,Move,0.4173177083333333,0.3784722222222222
145298,Move,0.4166666666666667,0.3784722222222222
145319.8999999985,Move,0.4166666666666667,0.3773148148148148
145356.80000000075,Move,0.4166666666666667,0.3761574074074074
145451.5,Move,0.4166666666666667,0.3761574074074074
145495.59999999776,Move,0.4166666666666667,0.375
145570.09999999776,Move,0.4166666666666667,0.3738425925925926
145592.69999999925,Move,0.4166666666666667,0.3738425925925926
145622,Move,0.4166666666666667,0.3726851851851852
145659,Move,0.416015625,0.3726851851851852
145710,Move,0.416015625,0.3715277777777778
145753.8999999985,Move,0.416015625,0.3715277777777778
145805.69999999925,Move,0.416015625,0.3715277777777778
145827.19999999925,Move,0.4153645833333333,0.3715277777777778
145857.19999999925,Move,0.4153645833333333,0.3715277777777778
145893.8999999985,Move,0.4147135416666667,0.3715277777777778
145952.69999999925,Move,0.4147135416666667,0.3715277777777778
146003.69999999925,Move,0.4140625,0.3715277777777778
146033.30000000075,Move,0.4140625,0.37037037037037035
146077.09999999776,Move,0.4134114583333333,0.37037037037037035
146084.59999999776,Move,0.4134114583333333,0.37037037037037035
146128.80000000075,Move,0.4134114583333333,0.36921296296296297
146150.80000000075,Move,0.4134114583333333,0.3680555555555556
146164.69999999925,Move,0.4127604166666667,0.3680555555555556
146179.30000000075,Move,0.4127604166666667,0.36689814814814814
146210.09999999776,Move,0.4127604166666667,0.36689814814814814
146275.80000000075,Move,0.4127604166666667,0.36574074074074076
146298,Move,0.4127604166666667,0.36574074074074076
146304.59999999776,Move,0.4127604166666667,0.36574074074074076
146386.09999999776,Move,0.412109375,0.36574074074074076
146408.5,Move,0.412109375,0.3645833333333333
146423,Move,0.412109375,0.3645833333333333
146495.3999999985,Move,0.4114583333333333,0.3645833333333333
146518.19999999925,Move,0.4114583333333333,0.3645833333333333
146562.59999999776,Move,0.4108072916666667,0.3645833333333333
146621.19999999925,Move,0.4108072916666667,0.3645833333333333
146672.3999999985,Move,0.4108072916666667,0.36342592592592593
146687.3999999985,Move,0.41015625,0.36342592592592593
146716.8999999985,Move,0.4095052083333333,0.36342592592592593
146730.8999999985,Move,0.4095052083333333,0.36226851851851855
146753.19999999925,Move,0.4095052083333333,0.36226851851851855
146805.19999999925,Move,0.4088541666666667,0.36226851851851855
146811.5,Move,0.4088541666666667,0.3611111111111111
146856.5,Move,0.4088541666666667,0.3611111111111111
146864,Move,0.408203125,0.3611111111111111
146893.09999999776,Move,0.408203125,0.3611111111111111
146937.3999999985,Move,0.4075520833333333,0.3611111111111111
146981,Move,0.4069010416666667,0.3611111111111111
146995.8999999985,Move,0.4069010416666667,0.3611111111111111
147039.8999999985,Move,0.4055989583333333,0.3599537037037037
147077.30000000075,Move,0.4055989583333333,0.3599537037037037
147113.19999999925,Move,0.4049479166666667,0.3599537037037037
147120.80000000075,Move,0.4049479166666667,0.3599537037037037
147128,Move,0.404296875,0.3599537037037037
147165,Move,0.404296875,0.3599537037037037
147179.8999999985,Move,0.4036458333333333,0.3587962962962963
147209.30000000075,Move,0.4036458333333333,0.3587962962962963
147231.19999999925,Move,0.4029947916666667,0.3587962962962963
147253,Move,0.4029947916666667,0.3587962962962963
147268.09999999776,Move,0.4029947916666667,0.3576388888888889
147283.19999999925,Move,0.4016927083333333,0.3576388888888889
147304.8999999985,Move,0.4016927083333333,0.3576388888888889
147341.5,Move,0.4010416666666667,0.35648148148148145
147356.69999999925,Move,0.4010416666666667,0.35648148148148145
147370.80000000075,Move,0.4010416666666667,0.35532407407407407
147392.59999999776,Move,0.4010416666666667,0.35532407407407407
147429.69999999925,Move,0.400390625,0.35532407407407407
147451.5,Move,0.400390625,0.35532407407407407
147480.80000000075,Move,0.400390625,0.3541666666666667
147487.5,Move,0.400390625,0.35300925925925924
147509.59999999776,Move,0.3997395833333333,0.35300925925925924
147554.5,Move,0.3990885416666667,0.35300925925925924
147584,Move,0.3990885416666667,0.35300925925925924
147612.30000000075,Move,0.3984375,0.35300925925925924
147643.3999999985,Move,0.3984375,0.35185185185185186
147649.8999999985,Move,0.3977864583333333,0.35185185185185186
147687.3999999985,Move,0.3977864583333333,0.35185185185185186
147694.19999999925,Move,0.3977864583333333,0.35185185185185186
147709.09999999776,Move,0.3977864583333333,0.3506944444444444
147731.30000000075,Move,0.3971354166666667,0.3506944444444444
147768,Move,0.396484375,0.34953703703703703
147797.3999999985,Move,0.396484375,0.34837962962962965
147834.09999999776,Move,0.3958333333333333,0.34837962962962965
147871.19999999925,Move,0.3958333333333333,0.34837962962962965
147914.80000000075,Move,0.3958333333333333,0.34837962962962965
147921.80000000075,Move,0.3951822916666667,0.34837962962962965
147936.80000000075,Move,0.39453125,0.34837962962962965
147995.3999999985,Move,0.3938802083333333,0.34837962962962965
148025.3999999985,Move,0.3938802083333333,0.34837962962962965
148039.69999999925,Move,0.3932291666666667,0.34837962962962965
148061.59999999776,Move,0.3932291666666667,0.34837962962962965
148076.69999999925,Move,0.392578125,0.34837962962962965
148106,Move,0.392578125,0.34837962962962965
148135.3999999985,Move,0.3912760416666667,0.34837962962962965
148149.8999999985,Move,0.390625,0.34837962962962965
148171.8999999985,Move,0.390625,0.34837962962962965
148186.09999999776,Move,0.3899739583333333,0.34837962962962965
148208.19999999925,Move,0.3899739583333333,0.34837962962962965
148229.69999999925,Move,0.3893229166666667,0.34837962962962965
148251.8999999985,Move,0.388671875,0.34837962962962965
148281.59999999776,Move,0.388671875,0.34837962962962965
148303.80000000075,Move,0.3880208333333333,0.3472222222222222
148325.69999999925,Move,0.3880208333333333,0.3472222222222222
148339.80000000075,Move,0.3873697916666667,0.3472222222222222
148362,Move,0.38671875,0.3472222222222222
148391.69999999925,Move,0.38671875,0.3460648148148148
148398.5,Move,0.3860677083333333,0.3460648148148148
148406,Move,0.3860677083333333,0.3460648148148148
148421.09999999776,Move,0.3854166666666667,0.3460648148148148
148450.5,Move,0.384765625,0.3460648148148148
148472,Move,0.384765625,0.3460648148148148
148516.69999999925,Move,0.384765625,0.3460648148148148
148553.19999999925,Move,0.3841145833333333,0.3460648148148148
148560.5,Move,0.3841145833333333,0.3460648148148148
148590.19999999925,Move,0.3834635416666667,0.3460648148148148
148627,Move,0.3834635416666667,0.3460648148148148
148663.80000000075,Move,0.3828125,0.3460648148148148
148708,Move,0.3828125,0.3460648148148148
148758.69999999925,Move,0.3821614583333333,0.3460648148148148
148788.3999999985,Move,0.3821614583333333,0.3460648148148148
148840.19999999925,Move,0.3815104166666667,0.3460648148148148
148891.09999999776,Move,0.380859375,0.3460648148148148
148935.8999999985,Move,0.3802083333333333,0.3460648148148148
148950.3999999985,Move,0.3795572916666667,0.3460648148148148
148994.3999999985,Move,0.3795572916666667,0.3460648148148148
149030.69999999925,Move,0.3795572916666667,0.3460648148148148
149054.09999999776,Move,0.37890625,0.3460648148148148
149098.3999999985,Move,0.3782552083333333,0.3460648148148148
149134.8999999985,Move,0.3782552083333333,0.3460648148148148
149200.80000000075,Move,0.3776041666666667,0.3460648148148148
149237.80000000075,Move,0.376953125,0.3460648148148148
149281.80000000075,Move,0.3763020833333333,0.3460648148148148
149304.19999999925,Move,0.3763020833333333,0.3460648148148148
149348.30000000075,Move,0.3756510416666667,0.3460648148148148
149362,Move,0.3756510416666667,0.3460648148148148
149385,Move,0.3756510416666667,0.3460648148148148
149407.09999999776,Move,0.3756510416666667,0.3472222222222222
149428.30000000075,Move,0.375,0.3472222222222222
149509.3999999985,Move,0.3743489583333333,0.3472222222222222
149539.30000000075,Move,0.3743489583333333,0.34837962962962965
149590.59999999776,Move,0.3743489583333333,0.34837962962962965
149597.59999999776,Move,0.3743489583333333,0.34837962962962965
149649.30000000075,Move,0.3736979166666667,0.34837962962962965
149715.80000000075,Move,0.3736979166666667,0.34837962962962965
149730,Move,0.3736979166666667,0.3506944444444444
149737.30000000075,Move,0.3736979166666667,0.3506944444444444
149744.3999999985,Move,0.373046875,0.3506944444444444
149767.19999999925,Move,0.373046875,0.35185185185185186
149825.69999999925,Move,0.37109375,0.35185185185185186
149840.59999999776,Move,0.3704427083333333,0.35185185185185186
149846.30000000075,Released,0.3704427083333333,0.35185185185185186
150875.30000000075,Released,0.4876302083333333,0.6053240740740741