resolution:1536,864
131550.5,Pressed,776,202
131566.7000000002,Move,772,200
131576.2000000002,Move,771,199
131592.7999999998,Move,766,198
131614.2000000002,Move,760,196
131630,Move,753,195
131646.1000000001,Move,748,194
131662.5,Move,744,193
131675.7999999998,Move,740,193
131692.1000000001,Move,735,194
131715.8999999999,Move,731,195
131732.2999999998,Move,728,195
131745.7999999998,Move,725,196
131762.5,Move,723,196
131778,Move,723,197
131794.3999999999,Move,721,197
131816.2999999998,Move,719,198
131832,Move,719,199
131848.3999999999,Move,717,199
131861.5,Move,715,201
131878.3999999999,Move,710,202
131894.2999999998,Move,707,203
131916.1000000001,Move,702,205
131932.1000000001,Move,699,207
131948.1000000001,Move,695,211
131962.3999999999,Move,693,213
131977.8999999999,Move,691,214
131994.5,Move,690,215
132010.2000000002,Move,689,216
132031.7000000002,Move,687,218
132048.1000000001,Move,687,219
132064.1000000001,Move,685,220
132080.3999999999,Move,683,221
132094.3999999999,Move,682,222
132110.3999999999,Move,681,224
132125.8999999999,Move,678,227
132147.7999999998,Move,673,234
132163.7000000002,Move,671,240
132180.3999999999,Move,668,245
132194.3999999999,Move,667,249
132210.6000000001,Move,665,254
132226.6000000001,Move,664,259
132242.3999999999,Move,663,264
132263.3999999999,Move,660,271
132280.6000000001,Move,659,277
132295.7999999998,Move,658,283
132312.6000000001,Move,657,287
132326,Move,656,291
132341.8999999999,Move,655,296
132366.5,Move,653,303
132380.2000000002,Move,652,307
132396.1000000001,Move,651,313
132412.3999999999,Move,651,318
132428.2999999998,Move,650,324
132442.2999999998,Move,650,327
132466.2999999998,Move,650,333
132482.2999999998,Move,650,335
132495.8999999999,Move,650,337
132511.7999999998,Move,651,338
132527.7999999998,Move,651,340
132542.5,Move,652,341
132566.3999999999,Move,654,343
132582.3999999999,Move,655,344
132597.7999999998,Move,656,345
132611.8999999999,Move,657,347
132627.7000000002,Move,659,348
132644.7000000002,Move,663,349
132666.3999999999,Move,668,352
132681.5,Move,672,353
132698.1000000001,Move,675,355
132713.7000000002,Move,680,356
132727.6000000001,Move,683,358
132744.5,Move,688,359
132760.2000000002,Move,692,361
132782.5,Move,699,362
132797.7000000002,Move,703,363
132814,Move,707,364
132829.7000000002,Move,710,365
132844,Move,715,366
132860.6000000001,Move,719,366
132876.3999999999,Move,721,366
132898,Move,725,367
132913.5,Move,727,368
132930.5,Move,729,368
132945.6000000001,Move,733,368
132960,Move,736,369
132976.2999999998,Move,740,369
132991.8999999999,Move,746,369
133015.6000000001,Move,755,366
133029.5,Move,761,365
133046.2000000002,Move,765,363
133061.6000000001,Move,768,362
133076.2999999998,Move,772,361
133092.6000000001,Move,776,358
133115.7999999998,Move,782,355
133130.2000000002,Move,785,353
133146.3999999999,Move,787,351
133161.7999999998,Move,790,347
133177.7999999998,Move,793,344
133192.3999999999,Move,796,342
133215.6000000001,Move,799,337
133232.3999999999,Move,801,334
133246.3999999999,Move,802,331
133262.2999999998,Move,804,326
133278.2999999998,Move,805,322
133294.2999999998,Move,807,317
133316.2999999998,Move,809,309
133331.6000000001,Move,810,305
133348.2000000002,Move,811,300
133361.7999999998,Move,812,295
133378,Move,813,290
133393.7999999998,Move,815,285
133416.1000000001,Move,816,277
133432.2000000002,Move,817,271
133448.2999999998,Move,817,266
133464.1000000001,Move,817,261
133477.7999999998,Move,818,256
133493.8999999999,Move,818,251
133510.2000000002,Move,818,247
133526.5,Move,818,244
133548.1000000001,Move,817,237
133563.7000000002,Move,817,233
133580.5,Move,817,229
133596.5,Move,816,225
133610.6000000001,Move,815,223
133626.5,Move,814,221
133647.6000000001,Move,813,219
133664.2999999998,Move,811,218
133680.1000000001,Move,809,217
133696.2000000002,Move,808,216
133710,Move,803,215
133725.8999999999,Move,799,213
133742.1000000001,Move,795,212
133764,Move,790,209
133780.2999999998,Move,787,208
133796.3999999999,Move,784,207
133812,Move,781,206
133826.2000000002,Move,780,205
133841.8999999999,Move,779,205
133858.1000000001,Move,778,205
133874.7999999998,Move,777,205
133888.1000000001,Move,777,205
133942.8999999999,Move,776,205
133966.3999999999,Move,774,206
133966.7999999998,Released,774,206
134600,Released,744,531
