resolution:1536,864
1695696.5,Pressed,861,323
1695702.8999999985,Move,861,322
1695726.3000000007,Move,861,320
1695740.1999999993,Move,861,319
1695756.8999999985,Move,861,317
1695772.3000000007,Move,860,315
1695786.3000000007,Move,859,312
1695802.8000000007,Move,857,307
1695818.3000000007,Move,857,304
1695840.3999999985,Move,855,297
1695856.8000000007,Move,853,292
1695872,Move,852,288
1695886.3000000007,Move,851,283
1695902.8000000007,Move,849,279
1695918.3999999985,Move,849,275
1695942,Move,847,269
1695956.3000000007,Move,847,265
1695972.1999999993,Move,846,260
1695988.5,Move,845,257
1696004.3000000007,Move,844,253
1696018.1999999993,Move,842,249
1696042.3000000007,Move,840,244
1696058.6000000015,Move,839,239
1696072.8000000007,Move,837,235
1696088.5,Move,835,231
1696104.3000000007,Move,833,226
1696120.1999999993,Move,831,223
1696142.6000000015,Move,829,219
1696158.3000000007,Move,827,217
1696174.1000000015,Move,826,215
1696188.5,Move,823,211
1696204.3999999985,Move,820,207
1696220.8000000007,Move,817,204
1696242.6000000015,Move,815,201
1696258.3999999985,Move,813,199
1696274.6000000015,Move,811,198
1696290.1999999993,Move,808,195
1696304.5,Move,806,194
1696319.8999999985,Move,804,192
1696336.1999999993,Move,801,191
1696352,Move,797,190
1696374.1999999993,Move,791,187
1696390.6000000015,Move,786,186
1696406.6000000015,Move,783,185
1696422.1999999993,Move,780,183
1696436.6999999993,Move,775,182
1696452.6000000015,Move,771,180
1696474.3000000007,Move,765,179
1696490,Move,762,178
1696506.3999999985,Move,757,177
1696522.3000000007,Move,751,176
1696535.8999999985,Move,747,176
1696552,Move,743,176
1696576.1999999993,Move,737,176
1696590,Move,733,176
1696606.1999999993,Move,729,176
1696622.3000000007,Move,725,176
1696638.1000000015,Move,721,177
1696651.8000000007,Move,718,178
1696676.1999999993,Move,713,180
1696692.5,Move,709,182
1696708.1000000015,Move,705,183
1696722.3000000007,Move,701,185
1696738.8000000007,Move,697,187
1696754.5,Move,694,189
1696770.3000000007,Move,690,192
1696792.5,Move,685,196
1696808.6999999993,Move,682,200
1696824.1999999993,Move,679,203
1696838.1999999993,Move,677,205
1696854.3000000007,Move,674,208
1696870.6999999993,Move,670,211
1696892.1000000015,Move,667,216
1696908.6999999993,Move,663,219
1696924.6000000015,Move,661,223
1696940.1999999993,Move,659,227
1696954.1000000015,Move,658,230
1696970.6999999993,Move,656,235
1696986.5,Move,654,238
1697008.1999999993,Move,652,245
1697024.6000000015,Move,651,250
1697040.5,Move,649,255
1697056.1999999993,Move,648,260
1697069.8999999985,Move,647,265
1697086.1000000015,Move,646,269
1697102.1999999993,Move,645,275
1697118.3000000007,Move,644,281
1697140.3999999985,Move,642,289
1697156.1999999993,Move,641,296
1697172.1999999993,Move,640,303
1697186.3999999985,Move,640,308
1697202.1000000015,Move,640,314
1697218.6000000015,Move,640,320
1697242.1999999993,Move,642,329
1697256.5,Move,643,337
1697272.6000000015,Move,646,346
1697288.6999999993,Move,649,352
1697302.3999999985,Move,651,359
1697326.5,Move,653,365
1697342.1999999993,Move,655,369
1697356,Move,657,372
1697372.1000000015,Move,659,377
1697388.3999999985,Move,663,382
1697404.1999999993,Move,666,387
1697418.6000000015,Move,669,391
1697442.6999999993,Move,673,396
1697458.1000000015,Move,676,398
1697474.3000000007,Move,680,402
1697488.1999999993,Move,684,406
1697504.1000000015,Move,689,409
1697520.1999999993,Move,693,412
1697542.3000000007,Move,700,415
1697558,Move,705,417
1697574.3000000007,Move,709,419
1697590.5,Move,713,420
1697604.1999999993,Move,717,421
1697620.3000000007,Move,722,423
1697636.8000000007,Move,726,424
1697658.6999999993,Move,735,425
1697674.6999999993,Move,742,427
1697690.8000000007,Move,748,427
1697704.1999999993,Move,754,428
1697720.6000000015,Move,759,428
1697736.3000000007,Move,763,428
1697752.6000000015,Move,769,427
1697774.1000000015,Move,775,425
1697790.6000000015,Move,780,423
1697806.3999999985,Move,784,421
1697823.3000000007,Move,788,420
1697836.8000000007,Move,793,418
1697853.1999999993,Move,797,416
1697869.5,Move,802,415
1697891.1999999993,Move,808,412
1697907.3000000007,Move,813,410
1697923.1000000015,Move,817,409
1697937.3000000007,Move,821,407
1697954.1000000015,Move,823,406
1697969,Move,825,405
1697985.1000000015,Move,827,404
1698007.3000000007,Move,829,400
1698023.3999999985,Move,832,396
1698039.1000000015,Move,834,394
1698055.3000000007,Move,836,390
1698069.1000000015,Move,838,388
1698093.3000000007,Move,841,382
1698109.3000000007,Move,843,377
1698122.8999999985,Move,845,371
1698139.1000000015,Move,847,367
1698155.3000000007,Move,849,362
1698171.1000000015,Move,850,358
1698193.1000000015,Move,852,350
1698209.3999999985,Move,854,345
1698225.1000000015,Move,855,341
1698239.1000000015,Move,857,337
1698255,Move,858,335
1698271,Move,858,333
1698287.3000000007,Move,860,329
1698309.1999999993,Move,860,326
1698325.1999999993,Move,861,322
1698341.1000000015,Move,862,320
1698355.3000000007,Move,862,319
1698362.1999999993,Released,862,319
1698904,Released,749,531
