resolution:1536,864
5139409.300000001,Released,30,241
5139868.699999999,Pressed,797,190
5139882.1000000015,Move,792,190
5139897.6000000015,Move,788,191
5139913.199999999,Move,784,193
5139935.3999999985,Move,775,195
5139943.300000001,Move,773,196
5139967.199999999,Move,762,205
5139983.199999999,Move,756,212
5139997.1000000015,Move,750,222
5140013.3999999985,Move,746,229
5140029.3999999985,Move,743,235
5140051.5,Move,741,243
5140067.6000000015,Move,741,247
5140083.300000001,Move,742,251
5140099.1000000015,Move,743,256
5140115.199999999,Move,745,259
5140129.199999999,Move,748,261
5140145.199999999,Move,751,263
5140167.699999999,Move,755,265
5140183.300000001,Move,759,265
5140199.1000000015,Move,763,266
5140215.5,Move,769,265
5140229.199999999,Move,775,263
5140245.300000001,Move,780,259
5140261.199999999,Move,785,256
5140283.699999999,Move,793,249
5140299.300000001,Move,798,243
5140315.300000001,Move,805,236
5140331.300000001,Move,810,229
5140345.300000001,Move,814,224
5140361.199999999,Move,816,220
5140385.300000001,Move,819,213
5140399.199999999,Move,820,210
5140415.3999999985,Move,820,206
5140431.300000001,Move,820,203
5140447.199999999,Move,820,199
5140461.6000000015,Move,820,196
5140485.199999999,Move,818,193
5140501.199999999,Move,817,191
5140517.300000001,Move,815,189
5140531.1000000015,Move,813,189
5140547.199999999,Move,811,189
5140563.1000000015,Move,807,189
5140585.3999999985,Move,805,189
5140601.1000000015,Move,802,189
5140617.199999999,Move,798,191
5140631.199999999,Move,796,192
5140647.300000001,Move,795,193
5140663.6000000015,Move,793,194
5140685.1000000015,Move,792,196
5140701.199999999,Move,792,197
5140717.6000000015,Move,791,200
5140718,Released,791,200
5141267.300000001,Released,739,534
