resolution:1536,864
1168808.5999999996,Pressed,781,405
1168880.6999999993,Move,781,404
1168889.0999999996,Move,783,404
1168912.6999999993,Move,787,402
1168928.8999999985,Move,792,401
1168942.7999999989,Move,797,399
1168959.0999999996,Move,801,398
1168974.7999999989,Move,803,397
1168988.8999999985,Move,805,395
1169012.3999999985,Move,807,394
1169021.6999999993,Move,808,393
1169042.6999999993,Move,812,390
1169058.7999999989,Move,816,387
1169075.1999999993,Move,820,383
1169090.8999999985,Move,824,378
1169112.6999999993,Move,829,374
1169128.8999999985,Move,833,369
1169144.5999999996,Move,838,364
1169158.8999999985,Move,844,358
1169174.6999999993,Move,851,349
1169190.6999999993,Move,857,343
1169212.6999999993,Move,862,337
1169228.7999999989,Move,865,333
1169244.6999999993,Move,869,327
1169260.5999999996,Move,873,322
1169274.8999999985,Move,878,315
1169290.7999999989,Move,880,310
1169306.6999999993,Move,881,305
1169329.0999999996,Move,882,298
1169344.8999999985,Move,884,293
1169360.5999999996,Move,885,287
1169377.1999999993,Move,887,283
1169390.5,Move,888,279
1169406.7999999989,Move,888,274
1169422.7999999989,Move,888,270
1169445,Move,887,263
1169460.7999999989,Move,886,259
1169476.6999999993,Move,884,255
1169493,Move,883,250
1169507.0999999996,Move,881,247
1169523,Move,880,244
1169539.1999999993,Move,879,240
1169560.8999999985,Move,877,234
1169577,Move,874,231
1169592.8999999985,Move,873,228
1169608.7999999989,Move,871,224
1169622.6999999993,Move,869,222
1169638.6999999993,Move,868,219
1169662.6999999993,Move,867,217
1169677,Move,864,215
1169693,Move,862,213
1169709.0999999996,Move,859,211
1169724.6999999993,Move,857,210
1169739.0999999996,Move,854,209
1169754.5999999996,Move,849,207
1169778.8999999985,Move,843,205
1169800.6999999993,Move,837,203
1169816.6999999993,Move,833,202
1169824.6999999993,Move,831,201
1169840.6999999993,Move,826,200
1169862.6999999993,Move,817,199
1169878.5999999996,Move,811,198
1169894.5999999996,Move,805,196
1169908.6999999993,Move,799,195
1169924.5999999996,Move,794,195
1169940.5999999996,Move,789,195
1169962.5,Move,781,195
1169978.5,Move,776,195
1169994.5999999996,Move,767,195
1170010.6999999993,Move,759,195
1170024.6999999993,Move,753,196
1170040.7999999989,Move,747,197
1170056.6999999993,Move,741,199
1170078.7999999989,Move,733,201
1170094.7999999989,Move,727,203
1170110.6999999993,Move,720,205
1170126.6999999993,Move,716,207
1170140.8999999985,Move,712,209
1170156.8999999985,Move,710,210
1170172.8999999985,Move,709,211
1170194.7999999989,Move,704,215
1170210.8999999985,Move,700,219
1170227,Move,696,223
1170242.8999999985,Move,693,228
1170256.8999999985,Move,690,231
1170272.8999999985,Move,688,234
1170289,Move,687,236
1170310.7999999989,Move,683,241
1170326.7999999989,Move,682,243
1170342.7999999989,Move,681,246
1170356.6999999993,Move,679,249
1170372.6999999993,Move,678,252
1170388.8999999985,Move,676,255
1170412.7999999989,Move,674,260
1170427,Move,673,264
1170442.6999999993,Move,672,268
1170458.5999999996,Move,671,273
1170474.7999999989,Move,672,278
1170489.0999999996,Move,673,284
1170512.5999999996,Move,675,293
1170528.5999999996,Move,677,302
1170542.5999999996,Move,679,311
1170558.5999999996,Move,681,319
1170574.8999999985,Move,682,325
1170588.8999999985,Move,684,331
1170604.7999999989,Move,685,337
1170628.8999999985,Move,688,346
1170644.8999999985,Move,689,352
1170658.7999999989,Move,691,357
1170674.5,Move,692,361
1170690.5,Move,693,365
1170712.8999999985,Move,696,372
1170728.8999999985,Move,698,377
1170744.7999999989,Move,700,382
1170761,Move,703,386
1170775,Move,705,390
1170790.7999999989,Move,707,393
1170807,Move,709,395
1170828.7999999989,Move,713,397
1170844.7999999989,Move,714,397
1170860.5,Move,716,399
1170876.8999999985,Move,720,400
1170890.6999999993,Move,724,402
1170906.7999999989,Move,729,403
1170923,Move,733,404
1170944.6999999993,Move,738,405
1170960.8999999985,Move,741,405
1170977,Move,745,405
1170993,Move,750,405
1171006.5,Move,754,405
1171022.6999999993,Move,759,405
1171038.8999999985,Move,761,405
1171060.7999999989,Move,765,405
1171076.8999999985,Move,767,405
1171092.6999999993,Move,770,404
1171108.7999999989,Move,775,403
1171122.5999999996,Move,778,402
1171138.6999999993,Move,781,402
1171162.3999999985,Move,786,402
1171176.6999999993,Move,787,402
1171192.8999999985,Move,789,402
1171209.0999999996,Move,790,401
1171209.5,Released,790,401
1171834.6999999993,Released,739,527
