resolution:1536,864
1653894.8000000007,Pressed,782,259
1653903.8000000007,Move,781,259
1653920.1000000015,Move,780,258
1653935.8999999985,Move,779,257
1653951.8000000007,Move,778,255
1653966.3999999985,Move,777,255
1653990.3000000007,Move,775,254
1654006.1999999993,Move,774,254
1654020.3999999985,Move,772,253
1654036.1000000015,Move,769,253
1654052,Move,767,252
1654074.1000000015,Move,763,251
1654090.1999999993,Move,761,251
1654106,Move,759,251
1654121.8999999985,Move,757,251
1654136.3000000007,Move,755,251
1654151.8999999985,Move,754,251
1654168.3999999985,Move,752,251
1654190.3000000007,Move,748,252
1654206.1000000015,Move,747,253
1654222.1000000015,Move,745,253
1654238.1999999993,Move,744,254
1654252.1000000015,Move,743,254
1654268.3999999985,Move,741,255
1654284.1999999993,Move,740,256
1654306.3999999985,Move,739,258
1654322.1000000015,Move,737,259
1654338.1000000015,Move,735,261
1654354.5,Move,734,264
1654368.3000000007,Move,733,266
1654384.3999999985,Move,731,270
1654400.3000000007,Move,730,273
1654416.1000000015,Move,729,276
1654438.1000000015,Move,727,281
1654454.3999999985,Move,727,284
1654469.8000000007,Move,725,289
1654484.3000000007,Move,724,292
1654500.6000000015,Move,723,295
1654516.3000000007,Move,723,297
1654538.3000000007,Move,721,302
1654554.1000000015,Move,721,307
1654570,Move,721,309
1654586.3000000007,Move,721,311
1654600.3999999985,Move,721,313
1654616.3000000007,Move,721,315
1654640.1999999993,Move,721,317
1654656.3000000007,Move,723,319
1654670.3999999985,Move,723,320
1654686.1999999993,Move,725,321
1654702.1000000015,Move,727,322
1654724.1000000015,Move,728,324
1654740.1000000015,Move,729,325
1654756.3999999985,Move,731,325
1654772.3999999985,Move,732,326
1654786.5,Move,733,326
1654802.1000000015,Move,735,326
1654818.3999999985,Move,737,326
1654839.8999999985,Move,740,326
1654856.5,Move,743,326
1654872.3999999985,Move,747,325
1654886.1999999993,Move,751,323
1654902.3999999985,Move,756,321
1654918.1000000015,Move,759,320
1654934.1000000015,Move,761,319
1654955.6999999993,Move,765,317
1654971.6999999993,Move,768,315
1654987.6999999993,Move,771,314
1655003.6999999993,Move,773,312
1655017.6999999993,Move,775,311
1655033.6999999993,Move,776,310
1655050.1999999993,Move,777,309
1655072.3000000007,Move,779,305
1655088.1000000015,Move,781,304
1655104.5,Move,782,301
1655119.8999999985,Move,783,299
1655134,Move,784,295
1655150.3999999985,Move,785,291
1655166.1000000015,Move,785,287
1655187.8999999985,Move,785,281
1655204.1999999993,Move,784,279
1655220.6000000015,Move,783,277
1655236.1000000015,Move,783,275
1655250.6000000015,Move,782,273
1655266.1000000015,Move,781,271
1655290.1999999993,Move,781,269
1655304.5,Move,781,268
1655320.3999999985,Move,781,267
1655352,Released,781,267
1656242.1000000015,Released,758,523
1656620.5,Released,761,522
