resolution:1536,864
5145797.699999999,Pressed,836,261
5145815.300000001,Move,836,263
5145831.199999999,Move,836,263
5145847.5,Move,836,264
5145863.1000000015,Move,836,265
5145885.1000000015,Move,836,267
5145893.1000000015,Move,836,268
5145917.1000000015,Move,835,270
5145931.1000000015,Move,835,271
5145947.1000000015,Move,835,272
5145963.1000000015,Move,835,273
5145979.1000000015,Move,834,274
5146001.1000000015,Move,833,276
5146017.199999999,Move,833,278
5146033.1000000015,Move,833,279
5146047.1000000015,Move,831,282
5146063.1000000015,Move,830,283
5146079.1000000015,Move,829,285
5146101.1000000015,Move,827,288
5146117.1000000015,Move,826,289
5146133.199999999,Move,825,290
5146149.199999999,Move,824,293
5146163.1000000015,Move,823,294
5146179.1000000015,Move,821,296
5146195,Move,820,297
5146219.1000000015,Move,819,299
5146233.1000000015,Move,818,300
5146249.199999999,Move,817,301
5146265.1000000015,Move,816,303
5146281.1000000015,Move,815,305
5146295.1000000015,Move,813,308
5146311.199999999,Move,812,310
5146335.1000000015,Move,810,314
5146349.199999999,Move,809,315
5146365.1000000015,Move,808,316
5146381.1000000015,Move,807,317
5146397.1000000015,Move,805,318
5146419.1000000015,Move,804,320
5146435.1000000015,Move,803,321
5146451.1000000015,Move,801,322
5146465.1000000015,Move,800,323
5146481.1000000015,Move,799,325
5146497,Move,797,326
5146511.1000000015,Move,795,326
5146535.1000000015,Move,791,328
5146551.1000000015,Move,788,330
5146567.1000000015,Move,785,331
5146581.1000000015,Move,780,333
5146597.1000000015,Move,776,334
5146613.1000000015,Move,771,335
5146635.1000000015,Move,765,338
5146651.1000000015,Move,761,339
5146667.1000000015,Move,759,339
5146683.1000000015,Move,756,340
5146697.1000000015,Move,753,341
5146713,Move,752,341
5146729.199999999,Move,750,341
5146745.1000000015,Move,747,342
5146767.1000000015,Move,743,343
5146783.1000000015,Move,740,343
5146799.1000000015,Move,737,344
5146813.1000000015,Move,735,344
5146829.199999999,Move,733,344
5146845.1000000015,Move,731,344
5146867.1000000015,Move,727,344
5146883.1000000015,Move,723,344
5146899.1000000015,Move,719,343
5146915.1000000015,Move,716,343
5146929.1000000015,Move,712,342
5146945.1000000015,Move,709,341
5146969.199999999,Move,705,340
5146983.1000000015,Move,701,339
5146999.1000000015,Move,700,338
5147015.1000000015,Move,697,337
5147031.1000000015,Move,695,337
5147045.1000000015,Move,693,336
5147061.1000000015,Move,692,335
5147085.1000000015,Move,691,334
5147101.1000000015,Move,689,333
5147115.1000000015,Move,688,333
5147131.1000000015,Move,687,331
5147147.1000000015,Move,686,330
5147169.1000000015,Move,684,329
5147185.1000000015,Move,683,327
5147201.1000000015,Move,682,326
5147217.1000000015,Move,681,325
5147231.1000000015,Move,680,322
5147247,Move,678,319
5147263.1000000015,Move,677,317
5147285.1000000015,Move,676,314
5147301,Move,675,313
5147317.1000000015,Move,674,312
5147331.1000000015,Move,673,311
5147347.1000000015,Move,672,309
5147363.1000000015,Move,672,309
5147379.1000000015,Move,671,308
5147401.199999999,Move,671,306
5147417.1000000015,Move,670,305
5147433.1000000015,Move,669,303
5147449.1000000015,Move,669,302
5147463.199999999,Move,669,301
5147479.1000000015,Move,669,300
5147495.199999999,Move,668,299
5147517,Move,668,297
5147533.199999999,Move,668,296
5147549.1000000015,Move,668,295
5147565.1000000015,Move,668,293
5147579.199999999,Move,668,292
5147595.1000000015,Move,668,291
5147619.199999999,Move,669,288
5147633.199999999,Move,669,285
5147649.1000000015,Move,669,283
5147665.1000000015,Move,670,282
5147681.1000000015,Move,670,280
5147695.199999999,Move,670,277
5147711,Move,671,274
5147735,Move,672,270
5147751.1000000015,Move,673,266
5147765.199999999,Move,675,264
5147781.199999999,Move,676,260
5147797.1000000015,Move,677,256
5147819.1000000015,Move,679,250
5147835.199999999,Move,680,247
5147851,Move,681,244
5147865.1000000015,Move,682,240
5147881.1000000015,Move,684,237
5147897.199999999,Move,684,234
5147919.1000000015,Move,686,231
5147935.1000000015,Move,687,230
5147951.1000000015,Move,687,227
5147967.199999999,Move,688,226
5147981.199999999,Move,689,224
5147999.199999999,Move,691,221
5148013.1000000015,Move,692,220
5148029.1000000015,Move,693,218
5148051.1000000015,Move,695,216
5148067.199999999,Move,696,215
5148083.1000000015,Move,697,214
5148099.199999999,Move,698,213
5148113.1000000015,Move,699,211
5148129.300000001,Move,700,210
5148145.199999999,Move,701,209
5148167.6000000015,Move,703,206
5148183.3999999985,Move,704,205
5148199.199999999,Move,705,204
5148213.300000001,Move,707,203
5148229.1000000015,Move,707,202
5148245.199999999,Move,708,201
5148269.199999999,Move,710,199
5148283.199999999,Move,711,198
5148299.1000000015,Move,712,198
5148315.199999999,Move,713,197
5148331.1000000015,Move,714,196
5148345.300000001,Move,715,195
5148369.1000000015,Move,717,194
5148385.1000000015,Move,718,193
5148399.199999999,Move,720,193
5148415.1000000015,Move,721,192
5148423.1000000015,Move,721,191
5148447,Move,723,191
5148461.3999999985,Move,725,190
5148485.3999999985,Move,726,188
5148501.199999999,Move,727,187
5148515.1000000015,Move,729,187
5148531.199999999,Move,729,186
5148547.1000000015,Move,731,185
5148563.1000000015,Move,733,185
5148585.1000000015,Move,736,184
5148601.1000000015,Move,739,183
5148617.1000000015,Move,742,183
5148633.1000000015,Move,743,183
5148647.1000000015,Move,745,182
5148663,Move,747,182
5148679.1000000015,Move,750,181
5148701.1000000015,Move,755,181
5148717.1000000015,Move,757,180
5148733.1000000015,Move,758,179
5148749.1000000015,Move,759,179
5148763.1000000015,Move,761,179
5148779.1000000015,Move,762,179
5148795.199999999,Move,764,179
5148817.5,Move,768,178
5148833.1000000015,Move,771,177
5148849.1000000015,Move,773,176
5148863.1000000015,Move,776,176
5148879,Move,779,176
5148895.6000000015,Move,782,176
5148917.1000000015,Move,786,176
5148933.199999999,Move,788,176
5148949.300000001,Move,790,176
5148965.5,Move,791,177
5148979.1000000015,Move,793,177
5148995.300000001,Move,795,178
5149011.3999999985,Move,795,179
5149035.3999999985,Move,799,180
5149049.300000001,Move,801,181
5149065.5,Move,803,182
5149081.5,Move,804,182
5149097.300000001,Move,805,183
5149111.199999999,Move,806,183
5149135.699999999,Move,808,184
5149151.300000001,Move,809,185
5149165.5,Move,810,185
5149181.5,Move,811,186
5149197.6000000015,Move,812,187
5149213.300000001,Move,813,188
5149235.300000001,Move,815,190
5149251.3999999985,Move,815,191
5149267.199999999,Move,817,192
5149283.199999999,Move,817,193
5149297.6000000015,Move,818,194
5149313.8999999985,Move,819,195
5149335.1000000015,Move,820,197
5149351.199999999,Move,821,198
5149367.199999999,Move,823,199
5149383.5,Move,823,201
5149397.6000000015,Move,825,202
5149413.5,Move,826,203
5149429.6000000015,Move,827,206
5149451.1000000015,Move,829,208
5149467.199999999,Move,829,209
5149483.199999999,Move,831,211
5149499.6000000015,Move,831,212
5149513.3999999985,Move,832,213
5149529.699999999,Move,833,215
5149545.5,Move,834,217
5149561.300000001,Move,834,218
5149583.5,Move,835,221
5149599.1000000015,Move,835,222
5149615.6000000015,Move,835,223
5149631.6000000015,Move,836,224
5149645.800000001,Move,837,225
5149661.800000001,Move,837,227
5149683.1000000015,Move,838,229
5149699.199999999,Move,839,232
5149715.199999999,Move,840,235
5149731.1000000015,Move,840,236
5149745.5,Move,840,238
5149761.6000000015,Move,840,239
5149785.6000000015,Move,840,241
5149801.699999999,Move,841,242
5149815.6000000015,Move,841,243
5149831.3999999985,Move,841,245
5149847,Move,841,246
5149861.5,Move,841,247
5149885.5,Move,841,250
5149901.6000000015,Move,841,251
5149917.199999999,Move,841,253
5149931.199999999,Move,841,254
5149947.300000001,Move,841,255
5149963.5,Move,841,256
5149985.5,Move,841,257
5150001.5,Move,841,259
5150017.5,Move,841,260
5150033.6000000015,Move,840,261
5150047.699999999,Move,839,261
5150055.199999999,Move,839,262
5150071.1000000015,Move,839,263
5150093.800000001,Move,839,263
5150163.300000001,Released,839,263
5150961.699999999,Released,743,515
5151271.300000001,Released,746,521
