resolution:1536,864
188389.5,Pressed,823,336
188455.40000000037,Move,823,337
188463.80000000075,Move,824,340
188477.59999999963,Move,825,345
188493.80000000075,Move,825,349
188509.09999999963,Move,825,355
188525.90000000037,Move,823,361
188539.30000000075,Move,822,365
188555.90000000037,Move,821,368
188572.09999999963,Move,818,373
188593,Move,813,379
188610.30000000075,Move,808,383
188626.09999999963,Move,803,387
188641.69999999925,Move,799,389
188655.19999999925,Move,795,391
188671.19999999925,Move,788,393
188687.5,Move,781,395
188710,Move,765,397
188725.5,Move,759,397
188741.5,Move,754,397
188757.30000000075,Move,751,397
188771.09999999963,Move,746,396
188787.19999999925,Move,741,394
188811.80000000075,Move,726,389
188825.90000000037,Move,717,387
188841.59999999963,Move,712,383
188858,Move,709,379
188873.5,Move,707,375
188895.09999999963,Move,705,367
188911.80000000075,Move,703,361
188927.90000000037,Move,702,355
188941.40000000037,Move,701,348
188957.5,Move,702,341
188973.19999999925,Move,703,333
188989.69999999925,Move,707,327
189011.09999999963,Move,714,317
189027.19999999925,Move,718,312
189043.80000000075,Move,723,307
189057.40000000037,Move,729,304
189074,Move,734,301
189090.09999999963,Move,740,299
189111.80000000075,Move,751,297
189127.30000000075,Move,758,297
189144,Move,764,297
189159.19999999925,Move,772,297
189173.59999999963,Move,780,297
189189.69999999925,Move,786,298
189205.40000000037,Move,794,302
189221,Move,799,305
189243.5,Move,809,311
189259.5,Move,815,314
189275.30000000075,Move,819,316
189291.19999999925,Move,822,319
189306.19999999925,Move,825,323
189322.19999999925,Move,827,327
189337.80000000075,Move,829,330
189359.40000000037,Move,831,333
189375,Move,831,335
189391.19999999925,Move,832,336
189407.90000000037,Move,832,337
189421.59999999963,Move,832,337
189430.09999999963,Move,832,338
189446.09999999963,Move,832,339
189483.40000000037,Released,832,339
190088.69999999925,Released,753,523
