resolution:1536,864
33383.200000000186,Pressed,778,250
33385.800000000745,Move,779,250
33396.5,Move,780,249
33413.700000000186,Move,782,248
33429.300000000745,Move,785,247
33451.10000000056,Move,791,246
33467,Move,796,246
33482.90000000037,Move,800,245
33497.60000000056,Move,803,245
33513.300000000745,Move,808,245
33529.800000000745,Move,811,246
33545.800000000745,Move,814,247
33567.300000000745,Move,818,249
33583.300000000745,Move,821,250
33602.60000000056,Move,824,251
33615.700000000186,Move,828,253
33629.800000000745,Move,831,255
33645.60000000056,Move,835,259
33666.800000000745,Move,842,265
33683.200000000186,Move,847,268
33699.5,Move,851,271
33715.700000000186,Move,855,276
33729.200000000186,Move,858,281
33745.5,Move,862,285
33761.200000000186,Move,866,291
33777.200000000186,Move,869,295
33799.300000000745,Move,872,300
33815.10000000056,Move,874,305
33832.200000000186,Move,875,308
33848.300000000745,Move,877,312
33860.90000000037,Move,878,317
33877.200000000186,Move,880,323
33901.200000000186,Move,880,332
33915.200000000186,Move,879,337
33931.300000000745,Move,879,343
33947.5,Move,877,351
33961,Move,875,357
33977.40000000037,Move,874,363
34001.300000000745,Move,871,371
34015.40000000037,Move,869,378
34031.200000000186,Move,866,384
34047.200000000186,Move,864,390
34063.40000000037,Move,859,395
34084.90000000037,Move,853,402
34101.10000000056,Move,849,405
34116.800000000745,Move,845,407
34133,Move,842,409
34147.10000000056,Move,839,411
34163.200000000186,Move,834,412
34184.800000000745,Move,826,415
34201.10000000056,Move,820,417
34217.300000000745,Move,814,419
34233.10000000056,Move,806,421
34247.5,Move,800,422
34263.200000000186,Move,790,424
34279.40000000037,Move,779,426
34295.200000000186,Move,769,427
34317.40000000037,Move,757,427
34333.300000000745,Move,751,427
34348.5,Move,745,427
34364.800000000745,Move,739,425
34379.5,Move,733,423
34395.10000000056,Move,726,422
34417.10000000056,Move,717,420
34432.60000000056,Move,712,418
34448.60000000056,Move,707,417
34464.800000000745,Move,701,414
34478.90000000037,Move,694,409
34495.200000000186,Move,688,404
34511.10000000056,Move,684,399
34526.90000000037,Move,679,395
34549.300000000745,Move,673,388
34565.10000000056,Move,668,382
34581.60000000056,Move,663,377
34597.60000000056,Move,660,371
34611.5,Move,658,366
34627.5,Move,656,358
34649.10000000056,Move,655,347
34664.90000000037,Move,654,341
34683.800000000745,Move,652,332
34697.40000000037,Move,650,322
34711.40000000037,Move,649,315
34734.800000000745,Move,649,306
34750.5,Move,649,301
34767.300000000745,Move,651,295
34781.40000000037,Move,652,290
34797.10000000056,Move,653,286
34813.60000000056,Move,655,282
34830.300000000745,Move,656,278
34851.5,Move,661,272
34867.10000000056,Move,664,267
34881.200000000186,Move,667,265
34896.800000000745,Move,671,261
34914.200000000186,Move,678,257
34929.300000000745,Move,683,254
34951.200000000186,Move,691,250
34967.200000000186,Move,695,248
34983.200000000186,Move,698,247
34999.200000000186,Move,701,245
35013.10000000056,Move,704,244
35029.10000000056,Move,709,243
35045.200000000186,Move,714,241
35067.200000000186,Move,721,239
35083.60000000056,Move,727,237
35099,Move,733,236
35113.10000000056,Move,737,234
35129.10000000056,Move,743,233
35145.10000000056,Move,749,231
35160.700000000186,Move,755,231
35183.200000000186,Move,762,230
35199.700000000186,Move,767,229
35215.40000000037,Move,771,229
35231.5,Move,774,229
35245.300000000745,Move,777,229
35261.5,Move,782,229
35277.200000000186,Move,786,230
35299.10000000056,Move,789,231
35315,Move,791,231
35331.300000000745,Move,791,231
35338.90000000037,Move,792,231
35353,Move,792,231
35385.200000000186,Move,794,233
35400.800000000745,Move,795,237
35414.700000000186,Move,797,243
35415.300000000745,Released,797,243
36118.90000000037,Released,735,529
