resolution:1536,864
218788.30000000075,Pressed,800,315
218792.1000000015,Move,800,311
218819.80000000075,Move,798,302
218835.6000000015,Move,796,297
218851.3999999985,Move,792,292
218866,Move,785,288
218882.30000000075,Move,779,285
218897.80000000075,Move,771,284
218914.1000000015,Move,760,281
218936.19999999925,Move,751,279
218952,Move,747,278
218969.19999999925,Move,743,278
218982.6000000015,Move,738,279
218991.6000000015,Move,736,280
219014.69999999925,Move,731,283
219030.69999999925,Move,727,287
219052.3999999985,Move,719,297
219068.1000000015,Move,717,304
219083.8999999985,Move,715,310
219100.1000000015,Move,714,317
219114,Move,714,323
219130.19999999925,Move,715,329
219146.19999999925,Move,716,333
219167.8999999985,Move,720,339
219183.8999999985,Move,724,343
219199.8999999985,Move,728,345
219214.69999999925,Move,733,346
219230.1000000015,Move,740,348
219245.8999999985,Move,746,349
219268.30000000075,Move,754,350
219283.3999999985,Move,759,350
219300.5,Move,763,349
219316.5,Move,766,348
219329.8999999985,Move,769,346
219346,Move,773,345
219362.30000000075,Move,776,342
219386.5,Move,783,336
219400.5,Move,787,334
219416.19999999925,Move,789,332
219432.6000000015,Move,791,331
219446.30000000075,Move,794,327
219462.69999999925,Move,797,323
219486.3999999985,Move,801,318
219500.6000000015,Move,803,315
219516.30000000075,Move,804,313
219532.30000000075,Move,805,311
219548,Move,806,309
219562.5,Move,807,307
219586.6000000015,Move,808,303
219602.1000000015,Move,808,302
219610.5,Move,808,302
219631.6000000015,Released,808,302
220244.1000000015,Released,737,522
