resolution:1536,864
1620909,Pressed,779,301
1620918,Move,777,299
1620934.6000000015,Move,776,298
1620950.3000000007,Move,775,298
1620965.8999999985,Move,773,297
1620987.8000000007,Move,772,295
1621004.1000000015,Move,771,295
1621020.5,Move,769,294
1621034.1000000015,Move,767,294
1621050.1000000015,Move,766,293
1621066.5,Move,765,293
1621082.3000000007,Move,763,293
1621104,Move,759,292
1621120.1000000015,Move,755,292
1621136.6999999993,Move,750,293
1621149.8000000007,Move,749,294
1621165.8000000007,Move,747,294
1621182.3000000007,Move,746,295
1621204.1000000015,Move,745,297
1621220.3000000007,Move,743,298
1621236.3999999985,Move,741,299
1621252.3999999985,Move,740,300
1621266.3999999985,Move,739,301
1621281.8000000007,Move,738,302
1621298.1000000015,Move,737,303
1621320.3999999985,Move,735,306
1621336.3000000007,Move,734,307
1621352,Move,733,309
1621368.6000000015,Move,731,312
1621382.1000000015,Move,731,315
1621398,Move,730,317
1621422.1999999993,Move,730,320
1621438.5,Move,730,323
1621452.3999999985,Move,730,324
1621468.1000000015,Move,730,326
1621484.5,Move,731,328
1621498.3999999985,Move,731,329
1621514.1000000015,Move,733,331
1621538.5,Move,734,333
1621552.6000000015,Move,735,335
1621568.1000000015,Move,737,337
1621584.3999999985,Move,738,338
1621600.5,Move,739,339
1621614,Move,740,340
1621638,Move,742,341
1621654.1000000015,Move,743,342
1621670.6000000015,Move,744,343
1621684,Move,745,344
1621700.3999999985,Move,746,344
1621716.3999999985,Move,747,345
1621738.1999999993,Move,750,346
1621754.5,Move,753,347
1621770.3999999985,Move,756,347
1621786.1000000015,Move,759,348
1621800,Move,761,348
1621816.1000000015,Move,763,348
1621832.1000000015,Move,765,348
1621854.1999999993,Move,769,347
1621870.1999999993,Move,771,346
1621886.3999999985,Move,774,345
1621900.3000000007,Move,777,343
1621915.8000000007,Move,779,342
1621932,Move,781,340
1621948.1000000015,Move,783,339
1621970.5,Move,785,337
1621987.1999999993,Move,785,336
1622003.1000000015,Move,787,335
1622018.6999999993,Move,788,333
1622032.8000000007,Move,789,332
1622048.6999999993,Move,790,331
1622064.6999999993,Move,791,329
1622086.3999999985,Move,792,327
1622102.8000000007,Move,792,324
1622118.6000000015,Move,792,321
1622134.6999999993,Move,792,316
1622148.6999999993,Move,792,312
1622164.5,Move,792,310
1622188.1999999993,Move,791,308
1622204.6000000015,Move,791,307
1622218.1000000015,Move,791,305
1622233.8999999985,Move,790,304
1622250.5,Move,789,303
1622264.1000000015,Move,788,301
1622280.3999999985,Move,788,300
1622304.8000000007,Move,787,299
1622319,Move,785,298
1622335,Move,784,297
1622350.6000000015,Move,783,296
1622366.8999999985,Move,782,295
1622388.8000000007,Move,780,294
1622404.8000000007,Move,779,293
1622420.6000000015,Move,779,293
1622434.6000000015,Move,777,293
1622450.6999999993,Move,776,293
1622466.8000000007,Move,775,293
1622488.5,Move,773,293
1622504.6999999993,Move,769,293
1622520.1999999993,Move,767,293
1622537.1000000015,Move,766,293
1622550.6000000015,Move,765,293
1622551,Released,765,293
1623232,Released,755,519
1624082.1000000015,Released,735,522
