resolution:1536,864
220133.8999999985,Pressed,504,305
220137.29999999888,Move,505,305
220145.5,Move,506,304
220153.79999999888,Move,507,304
220159.3999999985,Move,507,304
220167.8999999985,Move,509,304
220175.5,Move,509,304
220183.69999999925,Move,510,304
220191.29999999888,Move,513,305
220200,Move,516,306
220205.19999999925,Move,519,307
220213.5,Move,522,308
220221.69999999925,Move,525,310
220229.69999999925,Move,529,312
220237.5,Move,531,314
220245.59999999963,Move,534,316
220253.79999999888,Move,537,318
220261.29999999888,Move,539,320
220267.3999999985,Move,540,322
220275.29999999888,Move,542,325
220283.59999999963,Move,543,327
220291.09999999963,Move,545,329
220299.8999999985,Move,546,332
220307.5,Move,547,334
220315.79999999888,Move,548,337
220323.79999999888,Move,549,339
220329.59999999963,Move,549,341
220338,Move,550,343
220347.8999999985,Move,551,346
220359.29999999888,Move,551,349
220361.29999999888,Move,552,351
220369.8999999985,Move,553,355
220377.19999999925,Move,554,358
220385.59999999963,Move,554,360
220391.3999999985,Move,554,362
220399.8999999985,Move,553,364
220407.3999999985,Move,553,366
220415.8999999985,Move,553,369
220423.69999999925,Move,552,371
220431.5,Move,551,374
220437.5,Move,549,376
220445.59999999963,Move,547,379
220453.79999999888,Move,544,382
220461.3999999985,Move,541,385
220470,Move,539,387
220477.5,Move,537,390
220485.5,Move,533,393
220493.5,Move,530,395
220499.19999999925,Move,528,397
220507.3999999985,Move,525,398
220515.5,Move,521,400
220523.3999999985,Move,518,401
220531.29999999888,Move,515,402
220539.3999999985,Move,512,403
220547.3999999985,Move,507,405
220555.19999999925,Move,504,405
220561.19999999925,Move,500,407
220569.29999999888,Move,497,407
220577.29999999888,Move,494,408
220585.29999999888,Move,491,408
220593.29999999888,Move,487,409
220601.69999999925,Move,485,409
220609.5,Move,482,409
220617.59999999963,Move,480,409
220623.5,Move,478,409
220631.5,Move,476,409
220640,Move,475,409
220648.19999999925,Move,473,409
220655.3999999985,Move,471,408
220663.3999999985,Move,470,407
220671.5,Move,468,406
220679.8999999985,Move,467,405
220685.59999999963,Move,465,404
220693.29999999888,Move,464,404
220701.69999999925,Move,463,402
220709.3999999985,Move,462,401
220717.79999999888,Move,461,399
220725.19999999925,Move,460,399
220731.59999999963,Move,459,397
220740,Move,458,396
220747.69999999925,Move,457,395
220755.5,Move,457,393
220763.5,Move,456,391
220772.19999999925,Move,455,389
220779.8999999985,Move,455,387
220785.8999999985,Move,454,385
220793.8999999985,Move,453,383
220802.19999999925,Move,452,380
220809.79999999888,Move,452,378
220817.79999999888,Move,452,376
220825.69999999925,Move,452,373
220833.8999999985,Move,453,371
220842.09999999963,Move,453,369
220848.19999999925,Move,454,367
220856,Move,454,364
220864.19999999925,Move,455,361
220872,Move,456,359
220880.5,Move,456,357
220888,Move,457,354
220895.69999999925,Move,458,351
220904.19999999925,Move,460,347
220909.79999999888,Move,461,343
220918.29999999888,Move,462,339
220925.79999999888,Move,464,336
220933.8999999985,Move,465,333
220942.09999999963,Move,466,330
220950.29999999888,Move,468,328
220956.09999999963,Move,469,325
220964.19999999925,Move,472,323
220972.29999999888,Move,473,320
220980.29999999888,Move,475,318
220988.09999999963,Move,476,315
220995.79999999888,Move,479,313
221004.09999999963,Move,481,311
221011.8999999985,Move,483,307
221018,Move,486,306
221025.8999999985,Move,487,304
221034.19999999925,Move,489,302
221041.8999999985,Move,491,301
221050.29999999888,Move,492,301
221057.8999999985,Move,493,300
221066,Move,495,299
221073.79999999888,Move,495,299
221079.8999999985,Move,497,299
221088.19999999925,Move,497,299
221096.19999999925,Move,498,298
221104.3999999985,Move,500,298
221111.69999999925,Move,501,297
221120.29999999888,Move,503,297
221128,Move,505,297
221136.29999999888,Move,507,297
221142,Move,509,297
221150.29999999888,Move,511,297
221157.79999999888,Move,513,297
221165.8999999985,Move,514,297
221174,Move,514,298
221182,Move,515,298
221187.5,Move,515,298
221195.5,Move,516,298
221203.3999999985,Move,517,298
221219.79999999888,Move,517,298
221227.3999999985,Move,518,298
221227.8999999985,Released,518,298
221753.59999999963,Released,470,525
