resolution:1536,864
35966,Pressed,805,339
36174.40000000037,Move,805,338
36184.30000000028,Move,804,337
36203.40000000037,Move,802,335
36217.60000000009,Move,802,334
36233.5,Move,802,333
36248,Move,801,330
36269.700000000186,Move,796,325
36284.30000000028,Move,793,320
36298.90000000037,Move,789,315
36313.700000000186,Move,785,309
36335.200000000186,Move,779,300
36350.30000000028,Move,775,295
36365.5,Move,771,290
36387.40000000037,Move,765,285
36401.80000000028,Move,763,282
36416.200000000186,Move,759,278
36431.200000000186,Move,755,276
36453.10000000009,Move,749,271
36468.10000000009,Move,745,269
36482.40000000037,Move,741,265
36497.200000000186,Move,734,261
36519.40000000037,Move,723,255
36534.200000000186,Move,716,254
36549.10000000009,Move,710,252
36563.80000000028,Move,705,251
36585.60000000009,Move,698,248
36600.10000000009,Move,691,246
36615.200000000186,Move,684,246
36637.30000000028,Move,673,246
36651.30000000028,Move,668,246
36666.60000000009,Move,663,247
36681.200000000186,Move,658,248
36703.30000000028,Move,649,251
36717.40000000037,Move,644,253
36731.90000000037,Move,640,255
36747.90000000037,Move,637,259
36769.80000000028,Move,632,265
36784.80000000028,Move,628,269
36798.90000000037,Move,625,275
36813.60000000009,Move,621,280
36836.5,Move,617,289
36850.40000000037,Move,616,293
36865.80000000028,Move,613,301
36880.200000000186,Move,613,307
36902.10000000009,Move,613,317
36916.700000000186,Move,613,323
36931.5,Move,613,328
36946.10000000009,Move,613,332
36968.200000000186,Move,615,340
36982.700000000186,Move,617,345
36997.700000000186,Move,618,352
37019.90000000037,Move,621,362
37034.80000000028,Move,624,369
37048.40000000037,Move,627,374
37063.80000000028,Move,632,380
37085.90000000037,Move,641,389
37100.30000000028,Move,645,394
37115.40000000037,Move,650,399
37137.30000000028,Move,656,407
37152.10000000009,Move,659,412
37166.90000000037,Move,664,415
37181.700000000186,Move,669,418
37203.60000000009,Move,676,423
37218,Move,682,427
37232.60000000009,Move,686,429
37246.700000000186,Move,690,430
37268.60000000009,Move,697,432
37283.90000000037,Move,703,433
37297.90000000037,Move,709,435
37314.200000000186,Move,716,435
37335.60000000009,Move,724,435
37350.40000000037,Move,728,435
37365.60000000009,Move,733,435
37379.700000000186,Move,739,435
37401.80000000028,Move,748,433
37416.5,Move,754,432
37430.90000000037,Move,759,430
37452.80000000028,Move,766,426
37467.90000000037,Move,772,423
37483,Move,776,421
37497.60000000009,Move,781,418
37519.30000000028,Move,786,415
37533.90000000037,Move,789,411
37548.40000000037,Move,794,408
37563.5,Move,797,405
37585.700000000186,Move,802,399
37600.200000000186,Move,805,393
37615,Move,807,391
37636.60000000009,Move,809,385
37651.90000000037,Move,810,381
37666.5,Move,812,378
37681.5,Move,814,374
37703.10000000009,Move,814,371
37717.90000000037,Move,814,370
37724.80000000028,Move,814,369
37746.90000000037,Move,814,368
37768.90000000037,Move,814,365
37783.60000000009,Move,814,361
37798,Move,813,359
37820.40000000037,Move,811,353
37835.10000000009,Move,809,350
37849.60000000009,Move,808,347
37865.10000000009,Move,807,345
37886.60000000009,Move,806,341
37901.5,Move,806,340
37916,Move,805,339
37930.90000000037,Move,803,338
37938.200000000186,Move,803,337
37959.80000000028,Released,803,337
39113.700000000186,Released,765,531
39885.5,Released,746,530
40583.200000000186,Released,746,530
