resolution:1536,864
7678114.300000001,Pressed,756,230
7678221.3999999985,Move,756,229
7678237.199999999,Move,755,229
7678244.6000000015,Move,755,229
7678260.699999999,Move,753,228
7678274.800000001,Move,752,227
7678290.800000001,Move,751,226
7678306.6000000015,Move,749,226
7678328.800000001,Move,748,226
7678344.300000001,Move,747,225
7678352.6000000015,Move,746,225
7678376.699999999,Move,745,225
7678390.699999999,Move,744,225
7678406.8999999985,Move,743,225
7678430.800000001,Move,741,223
7678444.699999999,Move,740,223
7678460.800000001,Move,739,223
7678477.1000000015,Move,737,223
7678492.699999999,Move,736,223
7678506.8999999985,Move,735,223
7678530.5,Move,733,223
7678546.8999999985,Move,732,223
7678563,Move,731,223
7678577.1000000015,Move,731,222
7678592.3999999985,Move,729,222
7678608.3999999985,Move,728,222
7678630.3999999985,Move,727,222
7678646.6000000015,Move,725,222
7678663,Move,724,222
7678679.1000000015,Move,723,222
7678693.199999999,Move,722,222
7678709.199999999,Move,721,222
7678724.8999999985,Move,720,223
7678747,Move,718,223
7678763.300000001,Move,717,223
7678779,Move,715,224
7678793.300000001,Move,714,224
7678809.1000000015,Move,712,225
7678825,Move,709,226
7678847.1000000015,Move,705,227
7678863.199999999,Move,703,227
7678879.5,Move,699,228
7678895.199999999,Move,696,229
7678909.1000000015,Move,691,230
7678925.1000000015,Move,687,231
7678940.1000000015,Move,685,231
7678957.8999999985,Move,681,232
7678979.300000001,Move,676,233
7678994.800000001,Move,673,234
7679010.5,Move,669,235
7679027.1000000015,Move,666,235
7679040.3999999985,Move,663,236
7679064.6000000015,Move,661,238
7679080.6000000015,Move,658,239
7679094.300000001,Move,655,241
7679110.300000001,Move,652,242
7679125.8999999985,Move,651,243
7679142.300000001,Move,650,244
7679163.800000001,Move,648,246
7679179.800000001,Move,647,247
7679195.8999999985,Move,646,248
7679210.699999999,Move,645,249
7679226.6000000015,Move,643,250
7679242.699999999,Move,642,251
7679256.6000000015,Move,641,253
7679280.699999999,Move,639,254
7679296.300000001,Move,638,255
7679312.6000000015,Move,637,257
7679326.5,Move,636,258
7679342.800000001,Move,634,259
7679358.5,Move,633,261
7679381,Move,631,264
7679397.199999999,Move,629,265
7679412.800000001,Move,627,267
7679428.800000001,Move,626,269
7679443,Move,623,272
7679459.300000001,Move,622,275
7679475.1000000015,Move,620,279
7679497.300000001,Move,617,284
7679513.300000001,Move,616,289
7679528.8999999985,Move,613,294
7679545.1000000015,Move,612,297
7679559.5,Move,611,300
7679575.3999999985,Move,609,303
7679591,Move,608,305
7679613.300000001,Move,607,311
7679629.300000001,Move,605,314
7679644.6000000015,Move,604,318
7679661.1000000015,Move,603,321
7679675.300000001,Move,602,323
7679690.699999999,Move,601,327
7679706.699999999,Move,600,330
7679731.1000000015,Move,599,333
7679745,Move,599,335
7679760.8999999985,Move,599,338
7679776.8999999985,Move,598,342
7679792.8999999985,Move,598,345
7679807.1000000015,Move,598,349
7679830.6000000015,Move,597,353
7679845.300000001,Move,597,356
7679861,Move,598,359
7679876.8999999985,Move,599,362
7679892.699999999,Move,600,366
7679907.300000001,Move,602,369
7679923.199999999,Move,603,374
7679947.5,Move,605,379
7679963.199999999,Move,607,381
7679977.199999999,Move,608,383
7679993.800000001,Move,609,385
7680009.699999999,Move,610,387
7680031.1000000015,Move,612,390
7680047.1000000015,Move,613,392
7680063.6000000015,Move,615,394
7680079.199999999,Move,616,395
7680093.300000001,Move,617,397
7680109.300000001,Move,618,398
7680125.1000000015,Move,619,399
7680147.300000001,Move,620,401
7680163.5,Move,621,402
7680179.300000001,Move,623,403
7680195.199999999,Move,624,405
7680209.699999999,Move,625,407
7680224.8999999985,Move,626,408
7680241.300000001,Move,627,409
7680263.6000000015,Move,629,411
7680279.3999999985,Move,630,412
7680295.300000001,Move,631,413
7680311.3999999985,Move,632,414
7680324.8999999985,Move,634,415
7680340.8999999985,Move,635,416
7680356.8999999985,Move,637,417
7680379.3999999985,Move,640,419
7680395.300000001,Move,642,421
7680411.199999999,Move,644,422
7680427,Move,647,424
7680441.199999999,Move,649,425
7680464.5,Move,655,428
7680481.1000000015,Move,659,429
7680495,Move,663,431
7680511.199999999,Move,667,432
7680526.8999999985,Move,669,434
7680543,Move,672,435
7680557.300000001,Move,674,436
7680573.1000000015,Move,677,437
7680597.1000000015,Move,680,438
7680610.6000000015,Move,684,440
7680626.699999999,Move,687,440
7680643.199999999,Move,691,441
7680659.3999999985,Move,693,441
7680681.199999999,Move,697,441
7680697,Move,699,442
7680712.8999999985,Move,702,442
7680729.1000000015,Move,703,442
7680742.8999999985,Move,706,442
7680759.300000001,Move,708,442
7680775,Move,711,441
7680797,Move,717,440
7680812.699999999,Move,719,439
7680828.800000001,Move,721,437
7680844.800000001,Move,725,436
7680859.199999999,Move,727,435
7680875.1000000015,Move,728,435
7680890.800000001,Move,729,434
7680912.8999999985,Move,732,433
7680928.6000000015,Move,735,431
7680944.8999999985,Move,737,431
7680958.6000000015,Move,741,430
7680974.6000000015,Move,744,429
7680990.199999999,Move,749,429
7681006.800000001,Move,751,428
7681029.1000000015,Move,758,427
7681045,Move,762,426
7681060.1000000015,Move,766,425
7681076.699999999,Move,771,424
7681090.199999999,Move,775,423
7681107.199999999,Move,780,421
7681123.3999999985,Move,785,420
7681144.8999999985,Move,791,417
7681161,Move,796,415
7681177.300000001,Move,802,413
7681194,Move,807,410
7681207.6000000015,Move,812,407
7681223.300000001,Move,817,406
7681247.300000001,Move,823,402
7681263,Move,827,399
7681277.5,Move,832,396
7681293.199999999,Move,837,394
7681309.199999999,Move,839,392
7681331.199999999,Move,841,389
7681347.1000000015,Move,843,387
7681363.300000001,Move,845,383
7681377.1000000015,Move,847,380
7681393.3999999985,Move,850,377
7681409.6000000015,Move,851,373
7681431.1000000015,Move,853,367
7681447,Move,855,365
7681463,Move,856,362
7681479,Move,857,359
7681493.199999999,Move,859,355
7681509.3999999985,Move,860,351
7681525.199999999,Move,862,347
7681541.199999999,Move,862,342
7681562.8999999985,Move,865,335
7681579.199999999,Move,865,332
7681595.1000000015,Move,866,329
7681610.8999999985,Move,867,327
7681625.6000000015,Move,867,325
7681641.3999999985,Move,867,323
7681663.300000001,Move,867,317
7681679.1000000015,Move,868,313
7681695.3999999985,Move,868,308
7681711,Move,869,305
7681725.300000001,Move,869,301
7681741.3999999985,Move,869,298
7681757.3999999985,Move,869,295
7681773.1000000015,Move,869,293
7681795.1000000015,Move,868,290
7681811.300000001,Move,868,288
7681826.8999999985,Move,868,285
7681842.8999999985,Move,867,283
7681857.1000000015,Move,866,280
7681873.300000001,Move,865,277
7681897.300000001,Move,863,271
7681911,Move,862,269
7681927.1000000015,Move,862,267
7681943.199999999,Move,861,265
7681964.6000000015,Move,859,263
7681980.800000001,Move,858,262
7681997.199999999,Move,857,261
7682012.800000001,Move,856,259
7682026.8999999985,Move,855,258
7682042.8999999985,Move,853,257
7682059.1000000015,Move,853,256
7682075.1000000015,Move,851,255
7682097.5,Move,850,253
7682113.199999999,Move,849,252
7682129.1000000015,Move,848,251
7682142.8999999985,Move,847,249
7682159.5,Move,845,248
7682175.1000000015,Move,844,247
7682197.3999999985,Move,842,245
7682213.1000000015,Move,841,244
7682229,Move,840,243
7682244.699999999,Move,839,242
7682259.1000000015,Move,838,241
7682275.300000001,Move,837,239
7682291.300000001,Move,836,238
7682307.1000000015,Move,835,237
7682329.199999999,Move,833,235
7682345.199999999,Move,832,234
7682361.300000001,Move,830,233
7682377.3999999985,Move,828,232
7682391.3999999985,Move,827,231
7682407.1000000015,Move,826,230
7682423.1000000015,Move,825,230
7682445,Move,823,229
7682461.5,Move,821,228
7682477.199999999,Move,820,227
7682493.1000000015,Move,819,227
7682507.5,Move,818,226
7682531.300000001,Move,816,226
7682544.8999999985,Move,815,226
7682561.300000001,Move,813,226
7682577.199999999,Move,812,226
7682593.1000000015,Move,811,225
7682607.699999999,Move,810,225
7682623.1000000015,Move,809,225
7682647.1000000015,Move,806,225
7682661.199999999,Move,805,224
7682677,Move,803,224
7682693.1000000015,Move,801,223
7682709.300000001,Move,800,223
7682731.1000000015,Move,796,222
7682747.3999999985,Move,793,222
7682763.5,Move,791,222
7682779.3999999985,Move,790,222
7682793.199999999,Move,787,221
7682809.800000001,Move,785,221
7682825.199999999,Move,783,221
7682847.1000000015,Move,780,221
7682863.5,Move,778,221
7682879,Move,775,221
7682895.300000001,Move,774,221
7682909.199999999,Move,773,222
7682925,Move,771,223
7682940.300000001,Move,768,223
7682963.1000000015,Move,766,224
7682978.1000000015,Move,764,225
7682994.300000001,Move,762,225
7683010.6000000015,Move,761,226
7683024.5,Move,759,226
7683040.5,Move,758,227
7683064.300000001,Move,757,228
7683078.300000001,Move,755,229
7683094.800000001,Move,754,229
7683110.6000000015,Move,753,229
7683126.300000001,Move,752,229
7683132.300000001,Move,751,229
7683210.5,Released,751,229
7683906.199999999,Released,744,530
