resolution:1920,1080
92720,Pressed,0.4401041666666667,0.16666666666666666
92941,Move,0.4479166666666667,0.16666666666666666
92948,Move,0.45208333333333334,0.16666666666666666
92970,Move,0.46770833333333334,0.16296296296296298
92985,Move,0.47708333333333336,0.16111111111111112
93000,Move,0.4864583333333333,0.15925925925925927
93009,Move,0.49114583333333334,0.15925925925925927
93036,Move,0.509375,0.16666666666666666
93058,Move,0.5203125,0.17685185185185184
93075,Move,0.5270833333333333,0.18425925925925926
93088,Move,0.5317708333333333,0.1935185185185185
93103,Move,0.5364583333333334,0.2064814814814815
93110,Move,0.5390625,0.21481481481481482
93132,Move,0.5453125,0.24537037037037038
93154,Move,0.5479166666666667,0.2722222222222222
93168,Move,0.5479166666666667,0.2851851851851852
93192,Move,0.5453125,0.3055555555555556
93213,Move,0.5416666666666666,0.32222222222222224
93230,Move,0.5380208333333333,0.33425925925925926
93235,Move,0.5348958333333333,0.34074074074074073
93249,Move,0.5286458333333334,0.3527777777777778
93281,Move,0.509375,0.375
93293,Move,0.49947916666666664,0.38425925925925924
93316,Move,0.484375,0.39444444444444443
93323,Move,0.4791666666666667,0.39537037037037037
93353,Move,0.4583333333333333,0.39444444444444443
93368,Move,0.446875,0.38981481481481484
93382,Move,0.4348958333333333,0.3851851851851852
93396,Move,0.42552083333333335,0.37962962962962965
93411,Move,0.4171875,0.375
93428,Move,0.4088541666666667,0.3685185185185185
93447,Move,0.39791666666666664,0.35462962962962963
93474,Move,0.3890625,0.3388888888888889
93476,Move,0.38645833333333335,0.33425925925925926
93507,Move,0.3765625,0.30925925925925923
93513,Move,0.375,0.30277777777777776
93528,Move,0.3729166666666667,0.28703703703703703
93543,Move,0.3723958333333333,0.27314814814814814
93562,Move,0.3729166666666667,0.2574074074074074
93572,Move,0.375,0.2388888888888889
93587,Move,0.3776041666666667,0.22685185185185186
93608,Move,0.384375,0.20833333333333334
93623,Move,0.39010416666666664,0.1962962962962963
93645,Move,0.4015625,0.17685185185185184
93660,Move,0.40989583333333335,0.1648148148148148
93675,Move,0.4192708333333333,0.15462962962962962
93692,Move,0.428125,0.14907407407407408
93711,Move,0.44166666666666665,0.14537037037037037
93718,Move,0.44635416666666666,0.14537037037037037
93744,Move,0.459375,0.14629629629629629
93762,Move,0.4713541666666667,0.15
93781,Move,0.4817708333333333,0.15462962962962962
93798,Move,0.490625,0.16111111111111112
93815,Move,0.5015625,0.16944444444444445
93822,Move,0.503125,0.1712962962962963
93829,Released,0.503125,0.1712962962962963
94724,Released,0.475,0.4981481481481482
95215,Released,0.47552083333333334,0.487962962962963