resolution:1536,864
9348285.8,Pressed,556,270
9348360.899999999,Move,557,270
9348376.7,Move,557,270
9348385.2,Move,558,270
9348400.099999998,Move,559,270
9348407.099999998,Move,559,270
9348414.899999999,Move,560,271
9348430.3,Move,560,271
9348438.599999998,Move,561,272
9348446.399999999,Move,561,272
9348460,Move,562,272
9348468.5,Move,563,273
9348476,Move,563,273
9348484.5,Move,563,274
9348492.399999999,Move,564,275
9348501,Move,564,275
9348511.599999998,Move,565,276
9348517.3,Move,565,276
9348519.399999999,Move,565,276
9348522.8,Move,566,277
9348531.099999998,Move,567,278
9348533.2,Move,567,278
9348539,Move,567,279
9348547,Move,568,280
9348555,Move,568,280
9348563,Move,569,281
9348570.899999999,Move,569,282
9348579,Move,569,283
9348584.5,Move,569,283
9348593.3,Move,570,284
9348600.5,Move,570,285
9348608.8,Move,570,285
9348616.599999998,Move,571,286
9348624.7,Move,571,287
9348631,Move,571,287
9348638.899999999,Move,571,288
9348647.2,Move,571,289
9348654.899999999,Move,571,289
9348663.3,Move,571,290
9348671,Move,571,290
9348686.599999998,Move,571,291
9348694.8,Move,571,291
9348700.5,Move,571,292
9348709.099999998,Move,571,293
9348717,Move,571,293
9348725,Move,571,294
9348733,Move,571,294
9348741,Move,571,295
9348746.899999999,Move,571,295
9348754.7,Move,571,296
9348762.599999998,Move,571,297
9348770.8,Move,571,297
9348778.599999998,Move,571,298
9348786.5,Move,570,298
9348795,Move,570,299
9348802.899999999,Move,569,299
9348809,Move,569,300
9348816.5,Move,569,301
9348824.5,Move,568,301
9348832.399999999,Move,568,302
9348840.8,Move,568,302
9348848.599999998,Move,567,303
9348856.7,Move,567,303
9348864.599999998,Move,567,304
9348870.2,Move,566,305
9348878.2,Move,565,305
9348886.399999999,Move,565,306
9348895.3,Move,564,306
9348902.8,Move,564,307
9348911,Move,564,307
9348919.2,Move,563,308
9348926.8,Move,563,309
9348933.099999998,Move,562,309
9348940.7,Move,561,309
9348948.599999998,Move,561,310
9348957,Move,560,311
9348965,Move,560,311
9348973.3,Move,559,312
9348981.3,Move,559,313
9348988.7,Move,558,313
9348995.099999998,Move,557,313
9349002.8,Move,557,314
9349011,Move,556,315
9349018.8,Move,556,315
9349027.2,Move,555,315
9349034.599999998,Move,555,316
9349043.3,Move,554,317
9349050.5,Move,553,317
9349057.099999998,Move,553,317
9349064.899999999,Move,553,317
9349072.899999999,Move,552,317
9349081.099999998,Move,552,317
9349088.599999998,Move,551,317
9349097.2,Move,551,317
9349104.899999999,Move,551,318
9349118.3,Move,550,318
9349126.8,Move,549,318
9349134.8,Move,549,319
9349150.599999998,Move,548,319
9349159.099999998,Move,548,319
9349166.8,Move,547,319
9349173,Move,547,319
9349181.099999998,Move,546,319
9349188.8,Move,545,320
9349196.8,Move,545,320
9349205,Move,544,320
9349213.2,Move,544,320
9349221,Move,543,320
9349228.899999999,Move,543,320
9349234.3,Move,542,320
9349243.3,Move,541,321
9349250.5,Move,541,321
9349259.2,Move,541,321
9349267,Move,540,321
9349275,Move,539,321
9349283,Move,539,321
9349291.099999998,Move,538,321
9349296.8,Move,537,321
9349304.7,Move,537,321
9349313.099999998,Move,537,321
9349321,Move,536,321
9349329,Move,535,321
9349337.2,Move,535,321
9349345.099999998,Move,534,321
9349350.599999998,Move,533,321
9349366.8,Move,533,321
9349374.3,Move,533,321
9349382.599999998,Move,532,321
9349390.599999998,Move,531,321
9349398.399999999,Move,531,320
9349406.899999999,Move,530,320
9349412.899999999,Move,530,320
9349420.8,Move,529,320
9349428.599999998,Move,529,320
9349436.399999999,Move,528,319
9349444.599999998,Move,527,319
9349452.899999999,Move,527,319
9349460.899999999,Move,526,319
9349468.5,Move,526,319
9349475,Move,525,319
9349483,Move,525,319
9349491.099999998,Move,524,318
9349499.099999998,Move,523,318
9349506.8,Move,523,317
9349514.899999999,Move,522,317
9349520.599999998,Move,522,317
9349529,Move,521,316
9349536.7,Move,521,316
9349545.099999998,Move,520,316
9349552.599999998,Move,519,316
9349561.399999999,Move,519,315
9349568.599999998,Move,518,315
9349575,Move,518,314
9349582.8,Move,517,313
9349590.899999999,Move,517,313
9349599.2,Move,516,312
9349607.099999998,Move,515,312
9349615,Move,515,311
9349623.099999998,Move,514,311
9349631.099999998,Move,514,311
9349636.599999998,Move,513,310
9349644.899999999,Move,513,309
9349652.899999999,Move,512,309
9349660.8,Move,511,308
9349668.599999998,Move,511,308
9349677.099999998,Move,511,307
9349684.5,Move,510,307
9349693.3,Move,510,307
9349699.099999998,Move,510,306
9349706.899999999,Move,509,305
9349714.7,Move,509,305
9349723.3,Move,509,304
9349731,Move,508,304
9349738.8,Move,508,303
9349746.899999999,Move,508,303
9349754.899999999,Move,508,302
9349761,Move,507,301
9349768.5,Move,507,301
9349777.2,Move,507,300
9349784.5,Move,507,300
9349793,Move,507,299
9349800.7,Move,506,299
9349808.899999999,Move,506,298
9349816.5,Move,506,297
9349823,Move,506,297
9349830.399999999,Move,506,296
9349838.899999999,Move,506,296
9349847,Move,506,295
9349855.099999998,Move,506,295
9349862.8,Move,507,294
9349870.899999999,Move,507,293
9349884.599999998,Move,507,293
9349893.2,Move,507,292
9349900.399999999,Move,507,292
9349909,Move,507,291
9349916.899999999,Move,507,291
9349924.7,Move,507,290
9349932.899999999,Move,507,289
9349939,Move,507,288
9349947.099999998,Move,507,288
9349955,Move,507,287
9349962.899999999,Move,507,287
9349971.2,Move,507,286
9349987.099999998,Move,507,285
9349995,Move,507,285
9350000.5,Move,507,284
9350009.2,Move,507,284
9350017,Move,507,283
9350025.099999998,Move,508,283
9350033,Move,508,283
9350041.2,Move,508,282
9350049.2,Move,508,281
9350054.899999999,Move,509,281
9350063.3,Move,509,280
9350078.8,Move,509,280
9350086.8,Move,510,279
9350095,Move,510,279
9350102.599999998,Move,510,278
9350111,Move,511,277
9350116.599999998,Move,511,277
9350124.399999999,Move,511,276
9350132.5,Move,511,275
9350140.7,Move,511,275
9350148.5,Move,512,274
9350156.399999999,Move,513,273
9350164.399999999,Move,513,273
9350172.599999998,Move,513,272
9350178.899999999,Move,514,272
9350186.3,Move,515,271
9350194.899999999,Move,515,271
9350210.399999999,Move,515,270
9350218.399999999,Move,516,269
9350226.2,Move,516,269
9350232.099999998,Move,516,268
9350240.5,Move,517,268
9350248.5,Move,517,267
9350264.599999998,Move,517,267
9350272.099999998,Move,518,267
9350280.099999998,Move,518,266
9350288.599999998,Move,518,265
9350294.599999998,Move,518,265
9350311,Move,518,265
9350318.399999999,Move,519,264
9350326.8,Move,519,264
9350342.7,Move,520,264
9350348.2,Move,521,264
9350356.399999999,Move,521,263
9350372.899999999,Move,521,263
9350388.3,Move,522,263
9350396.599999998,Move,522,262
9350402.8,Move,523,262
9350410.3,Move,523,262
9350418.5,Move,524,261
9350426.3,Move,525,261
9350434.599999998,Move,525,261
9350442.599999998,Move,526,261
9350450.3,Move,526,261
9350458.5,Move,527,261
9350464.3,Move,527,260
9350472.399999999,Move,528,260
9350480.7,Move,529,260
9350488.2,Move,529,260
9350495.899999999,Move,530,260
9350504.399999999,Move,530,260
9350518.3,Move,531,260
9350526.5,Move,531,260
9350542.7,Move,532,260
9350550.099999998,Move,533,260
9350558.7,Move,533,260
9350574.8,Move,534,259
9350582.599999998,Move,534,259
9350588.7,Move,535,259
9350596.7,Move,535,259
9350604.599999998,Move,536,259
9350612.2,Move,537,259
9350620.599999998,Move,537,259
9350628.2,Move,538,259
9350634.2,Move,538,259
9350642.899999999,Move,539,259
9350650.099999998,Move,539,259
9350666.399999999,Move,540,259
9350682.599999998,Move,541,259
9350704.2,Move,541,259
9350721.399999999,Move,542,259
9350728.7,Move,542,259
9350736.899999999,Move,543,259
9350744.7,Move,543,259
9350753,Move,544,259
9350766.8,Move,545,259
9350774.899999999,Move,545,259
9350783,Move,546,259
9350791.2,Move,546,259
9350799.099999998,Move,547,259
9350806.8,Move,547,260
9350820.899999999,Move,548,260
9350828.599999998,Move,549,261
9350836.7,Move,549,261
9350845,Move,550,261
9350852.899999999,Move,550,261
9350861.099999998,Move,551,261
9350868.399999999,Move,551,262
9350875.2,Move,552,262
9350882.8,Move,553,262
9350890.899999999,Move,554,262
9350898.599999998,Move,554,262
9350906.7,Move,555,263
9350915,Move,555,263
9350922.899999999,Move,556,264
9350930.7,Move,557,264
9350936.8,Move,557,265
9350944.5,Move,558,265
9350953,Move,558,265
9350960.599999998,Move,559,265
9350968.3,Move,559,265
9350976.2,Move,560,266
9350984.099999998,Move,561,266
9350991.899999999,Move,561,267
9350998.099999998,Move,562,267
9351006,Move,562,268
9351013.899999999,Move,563,268
9351022,Move,563,269
9351029.8,Move,564,269
9351038,Move,565,270
9351045.8,Move,565,270
9351054,Move,566,270
9351060,Move,566,271
9351067.899999999,Move,566,271
9351075.899999999,Move,567,271
9351154.2,Released,567,271
9351882.3,Released,477,529
