resolution:1536,864
157463.1000000001,Pressed,790,201
157484.6000000001,Move,790,201
157498.3999999999,Move,787,200
157514.3999999999,Move,782,198
157530.3999999999,Move,778,197
157546.1000000001,Move,773,196
157560.2999999998,Move,764,195
157576,Move,754,193
157599.8999999999,Move,736,191
157613.7999999998,Move,724,191
157630.1000000001,Move,712,192
157646.5,Move,701,194
157662.1000000001,Move,689,196
157684.3999999999,Move,676,198
157700.5,Move,671,201
157716.5,Move,668,202
157730.3999999999,Move,666,203
157746.5,Move,663,205
157762.7000000002,Move,660,207
157784.3999999999,Move,651,216
157800.2999999998,Move,645,222
157815.6000000001,Move,641,227
157831.6000000001,Move,639,231
157845.8999999999,Move,637,235
157862.7999999998,Move,631,242
157878.6000000001,Move,626,249
157894.5,Move,621,256
157916.5,Move,616,266
157931.8999999999,Move,613,271
157947.7000000002,Move,611,276
157961.8999999999,Move,609,280
157978.5,Move,607,285
157994.3999999999,Move,606,290
158016.6000000001,Move,604,297
158032.3999999999,Move,603,302
158047.7999999998,Move,602,306
158064.2000000002,Move,602,310
158077.6000000001,Move,602,314
158094.3999999999,Move,602,319
158110.6000000001,Move,602,323
158134.2000000002,Move,604,330
158148.2000000002,Move,606,334
158163.6000000001,Move,607,339
158180.6000000001,Move,609,343
158194.3999999999,Move,611,347
158210.3999999999,Move,615,352
158234.2999999998,Move,617,358
158247.7999999998,Move,620,361
158264.3999999999,Move,621,364
158279.7999999998,Move,623,365
158296.7000000002,Move,625,367
158310.6000000001,Move,627,370
158334,Move,633,374
158350.2999999998,Move,638,375
158366.6000000001,Move,642,377
158380.3999999999,Move,646,378
158396.2999999998,Move,648,379
158412.2999999998,Move,649,380
158434.2999999998,Move,653,382
158450.6000000001,Move,656,383
158466.2999999998,Move,661,384
158480.2999999998,Move,668,385
158496.3999999999,Move,677,385
158512.2999999998,Move,688,385
158534.6000000001,Move,705,385
158550.6000000001,Move,716,383
158566.2999999998,Move,729,381
158582.7000000002,Move,741,379
158595.6000000001,Move,752,378
158612.3999999999,Move,761,378
158629,Move,767,377
158644.5,Move,773,376
158666.5,Move,783,374
158681.5,Move,789,371
158698.5,Move,797,368
158712.2000000002,Move,804,363
158728.7000000002,Move,809,359
158744.3999999999,Move,814,357
158766.3999999999,Move,817,351
158782.2999999998,Move,821,348
158798,Move,825,342
158814.3999999999,Move,830,334
158828.2000000002,Move,834,326
158843.8999999999,Move,837,319
158867.7999999998,Move,841,311
158884.2999999998,Move,842,305
158898.1000000001,Move,843,301
158914.2999999998,Move,843,297
158930.5,Move,844,292
158946,Move,844,288
158960.5,Move,845,284
158984.5,Move,845,277
159000.2999999998,Move,845,271
159014.3999999999,Move,845,265
159030.3999999999,Move,845,259
159046.3999999999,Move,844,255
159060.2999999998,Move,843,251
159084.7000000002,Move,841,244
159099.8999999999,Move,840,239
159114.2000000002,Move,838,235
159130.7999999998,Move,837,230
159146.2999999998,Move,835,226
159162.3999999999,Move,833,223
159184.2000000002,Move,829,217
159200.5,Move,826,215
159216.2000000002,Move,824,213
159232.5,Move,821,211
159246.6000000001,Move,816,210
159262.6000000001,Move,811,208
159284.2000000002,Move,797,206
159300.5,Move,786,203
159316.3999999999,Move,780,201
159332,Move,775,200
159346.1000000001,Move,771,199
159362.6000000001,Move,767,198
159378.7000000002,Move,766,198
159401.7999999998,Released,766,198
160043.7999999998,Released,757,528
