resolution:1536,864
147642.90000000037,Pressed,817,207
147676.5,Move,811,205
147690.40000000037,Move,790,197
147705.40000000037,Move,775,194
147720.09999999963,Move,760,192
147741.5,Move,741,191
147756.69999999925,Move,732,191
147771.80000000075,Move,725,191
147793.80000000075,Move,711,195
147808.69999999925,Move,701,199
147823.59999999963,Move,693,203
147837.59999999963,Move,686,206
147859.40000000037,Move,679,211
147875.09999999963,Move,675,215
147889.69999999925,Move,669,221
147903.40000000037,Move,663,228
147925.40000000037,Move,657,238
147939.90000000037,Move,652,247
147955.90000000037,Move,649,257
147977.30000000075,Move,646,267
147992.30000000075,Move,644,277
148007.09999999963,Move,644,289
148021.5,Move,646,303
148044.09999999963,Move,649,321
148057.80000000075,Move,653,333
148072.5,Move,656,341
148094.30000000075,Move,661,354
148109.30000000075,Move,667,362
148124.09999999963,Move,670,369
148138,Move,674,374
148160.69999999925,Move,686,383
148175.59999999963,Move,696,389
148190.19999999925,Move,707,393
148205,Move,716,397
148227.09999999963,Move,734,400
148241.80000000075,Move,750,400
148256.40000000037,Move,761,399
148271.30000000075,Move,772,398
148292.69999999925,Move,792,394
148307.59999999963,Move,801,390
148323.09999999963,Move,807,387
148337.90000000037,Move,812,386
148359.90000000037,Move,818,381
148373.90000000037,Move,828,373
148388.30000000075,Move,837,364
148410.90000000037,Move,847,356
148425.69999999925,Move,852,350
148440.19999999925,Move,857,343
148455.5,Move,860,335
148477.30000000075,Move,868,319
148491.69999999925,Move,875,307
148506.90000000037,Move,878,294
148521.5,Move,879,285
148543.80000000075,Move,879,278
148557.80000000075,Move,879,273
148572.19999999925,Move,879,267
148587.5,Move,878,257
148609.40000000037,Move,873,237
148624.09999999963,Move,870,231
148639,Move,869,229
148660.90000000037,Move,864,221
148675.80000000075,Move,861,216
148690.30000000075,Move,854,209
148705.19999999925,Move,849,203
148726.80000000075,Move,843,199
148741.30000000075,Move,841,199
148756,Move,838,198
148771.09999999963,Move,829,194
148793.19999999925,Move,805,188
148807.80000000075,Move,791,188
148814.5,Released,791,188
149630.80000000075,Released,759,525
