resolution:1536,864
587003.8999999999,Pressed,654,228
587008.1999999997,Move,649,227
587024.5,Move,646,226
587040,Move,643,226
587054.5,Move,641,227
587078,Move,639,228
587094.2999999998,Move,637,229
587108.2999999998,Move,635,230
587124.3999999999,Move,632,232
587140,Move,628,233
587154.3999999999,Move,624,237
587170.6999999997,Move,617,241
587194.2999999998,Move,610,247
587210,Move,607,249
587224,Move,605,251
587240,Move,602,253
587256.1999999997,Move,600,255
587272.1000000001,Move,598,259
587294.1000000001,Move,594,263
587310.5,Move,593,267
587326.1000000001,Move,591,269
587340,Move,589,273
587356.1000000001,Move,588,277
587372.3999999999,Move,586,281
587393.8999999999,Move,584,288
587410.2999999998,Move,583,294
587426.1000000001,Move,583,300
587442,Move,581,305
587455.8999999999,Move,579,309
587471.7999999998,Move,579,314
587488.1000000001,Move,578,318
587510.6000000001,Move,577,324
587526.1999999997,Move,577,328
587542,Move,577,332
587558.2999999998,Move,577,336
587572.1000000001,Move,577,340
587587.8999999999,Move,577,344
587604,Move,579,348
587620.1999999997,Move,582,352
587642.1999999997,Move,587,359
587658.2999999998,Move,592,363
587674.1999999997,Move,599,367
587688.3999999999,Move,604,369
587704.1999999997,Move,610,370
587720.5,Move,616,371
587742,Move,625,373
587757.8999999999,Move,632,374
587774.3999999999,Move,637,375
587790.1000000001,Move,642,376
587804.5,Move,646,377
587820,Move,651,377
587844.1999999997,Move,656,377
587858.1000000001,Move,661,377
587874,Move,665,375
587890,Move,669,374
587906.1000000001,Move,674,373
587919.7999999998,Move,677,370
587944.1000000001,Move,681,368
587960.2999999998,Move,683,365
587974,Move,686,363
587990,Move,689,360
588006,Move,691,355
588027.7999999998,Move,694,349
588043.8999999999,Move,696,344
588060.1000000001,Move,697,340
588076.2999999998,Move,699,335
588089.7999999998,Move,700,331
588105.8999999999,Move,701,326
588121.8999999999,Move,703,320
588144.1000000001,Move,705,311
588160.1000000001,Move,706,306
588176.2999999998,Move,706,302
588192.2999999998,Move,707,297
588206.3999999999,Move,707,293
588222,Move,707,289
588237.8999999999,Move,707,285
588259.8999999999,Move,707,278
588276.1999999997,Move,707,274
588292.1999999997,Move,706,271
588308,Move,705,268
588321.8999999999,Move,704,265
588338.2999999998,Move,703,262
588354,Move,701,259
588376.1000000001,Move,699,255
588392.2999999998,Move,698,254
588408,Move,697,252
588423.8999999999,Move,695,251
588438.1999999997,Move,692,249
588454,Move,690,248
588469.8999999999,Move,686,247
588491.7999999998,Move,680,245
588508.1999999997,Move,678,243
588524,Move,675,242
588540.1000000001,Move,672,241
588554.1000000001,Move,669,239
588569.7999999998,Move,666,238
588594,Move,661,236
588608.1000000001,Move,657,235
588624.1000000001,Move,655,233
588640.1000000001,Move,653,233
588655.8999999999,Move,651,231
588670.2999999998,Move,649,231
588694.1999999997,Move,647,229
588710.1999999997,Move,646,229
588718,Released,646,229
589360.6000000001,Released,752,537
