resolution:1536,864
6977.9000000003725,Pressed,741,193
6982.9000000003725,Move,741,191
6996.5,Move,743,190
7012.300000000745,Move,748,189
7027.300000000745,Move,751,189
7042.9000000003725,Move,755,189
7059.5,Move,761,188
7083.100000000559,Move,767,188
7097.200000000186,Move,771,188
7113.100000000559,Move,774,188
7128.9000000003725,Move,777,188
7145,Move,781,188
7159.200000000186,Move,786,188
7183.300000000745,Move,794,188
7200,Move,800,189
7213,Move,806,189
7229.100000000559,Move,811,189
7244.600000000559,Move,817,191
7260.800000000745,Move,821,192
7282.9000000003725,Move,827,194
7298.800000000745,Move,830,195
7312.800000000745,Move,832,196
7329,Move,835,198
7344.800000000745,Move,837,199
7361.5,Move,838,200
7383,Move,839,202
7399.5,Move,841,203
7415.4000000003725,Move,842,204
7431.300000000745,Move,843,206
7445.4000000003725,Move,845,207
7461.600000000559,Move,847,209
7477.300000000745,Move,849,212
7499.200000000186,Move,853,216
7515,Move,856,219
7531.200000000186,Move,858,223
7545.200000000186,Move,861,227
7561.100000000559,Move,863,231
7577.4000000003725,Move,866,235
7593.4000000003725,Move,868,239
7615.800000000745,Move,870,246
7631,Move,871,250
7647.100000000559,Move,873,255
7662.9000000003725,Move,875,259
7677.700000000186,Move,876,264
7692.9000000003725,Move,876,269
7709.200000000186,Move,877,275
7731.4000000003725,Move,877,283
7747.200000000186,Move,877,289
7762.800000000745,Move,877,295
7779.100000000559,Move,877,299
7792.800000000745,Move,877,304
7816.700000000186,Move,877,310
7832.5,Move,876,314
7846.800000000745,Move,874,319
7862.9000000003725,Move,873,323
7878.9000000003725,Move,871,327
7894.9000000003725,Move,870,332
7908.9000000003725,Move,869,336
7933.4000000003725,Move,866,343
7949.300000000745,Move,863,347
7963.300000000745,Move,859,352
7979,Move,857,356
7994.9000000003725,Move,855,361
8016.700000000186,Move,851,366
8033.100000000559,Move,849,368
8049.4000000003725,Move,847,370
8064.600000000559,Move,846,373
8079.200000000186,Move,845,374
8094.9000000003725,Move,844,375
8111.4000000003725,Move,842,376
8133,Move,838,378
8149.4000000003725,Move,834,381
8165.4000000003725,Move,830,383
8181.100000000559,Move,826,385
8195.300000000745,Move,822,387
8211.100000000559,Move,819,388
8227.100000000559,Move,815,389
8249.100000000559,Move,811,391
8265.200000000186,Move,809,392
8281.400000000373,Move,805,394
8297,Move,802,395
8311.400000000373,Move,799,396
8326.600000000559,Move,796,397
8342.900000000373,Move,793,399
8364.900000000373,Move,790,400
8381.200000000186,Move,787,401
8397.100000000559,Move,782,402
8413,Move,779,403
8427.200000000186,Move,774,404
8443,Move,769,405
8466.5,Move,762,405
8481,Move,757,405
8496.900000000373,Move,751,406
8512.800000000745,Move,745,406
8529.200000000186,Move,739,406
8543.200000000186,Move,735,406
8567,Move,726,407
8582.800000000745,Move,721,408
8596.700000000186,Move,716,409
8613.200000000186,Move,710,409
8629,Move,704,409
8644.800000000745,Move,699,409
8659,Move,693,409
8682.800000000745,Move,685,407
8698.600000000559,Move,680,406
8712.600000000559,Move,675,405
8728.900000000373,Move,670,403
8745,Move,665,402
8766.600000000559,Move,657,400
8782.800000000745,Move,651,399
8799.100000000559,Move,646,397
8815,Move,642,395
8829.200000000186,Move,637,394
8845,Move,633,393
8861.100000000559,Move,629,391
8876.900000000373,Move,626,390
8899.200000000186,Move,623,388
8915.200000000186,Move,621,387
8930.700000000186,Move,621,386
8945.100000000559,Move,618,385
8961.100000000559,Move,616,383
8976.900000000373,Move,613,382
8999.100000000559,Move,610,379
9015.200000000186,Move,609,378
9031.100000000559,Move,607,375
9047.100000000559,Move,604,372
9061.700000000186,Move,602,369
9077.100000000559,Move,599,367
9092.5,Move,597,363
9109.200000000186,Move,596,360
9131.100000000559,Move,593,354
9147.100000000559,Move,592,351
9163.400000000373,Move,590,347
9177.400000000373,Move,589,345
9192.800000000745,Move,588,343
9216.900000000373,Move,586,341
9231.5,Move,585,339
9247.200000000186,Move,583,337
9263.100000000559,Move,582,335
9279,Move,581,333
9293.100000000559,Move,580,332
9316.900000000373,Move,579,330
9332.900000000373,Move,578,329
9348.800000000745,Move,578,328
9363,Move,577,327
9379.300000000745,Move,577,325
9395.200000000186,Move,576,323
9411.100000000559,Move,575,320
9433,Move,573,315
9449.300000000745,Move,573,313
9463.200000000186,Move,573,310
9479.400000000373,Move,573,308
9494.900000000373,Move,572,305
9516.800000000745,Move,572,300
9532.800000000745,Move,572,298
9549.100000000559,Move,572,295
9565.200000000186,Move,572,291
9579.100000000559,Move,572,287
9595.200000000186,Move,573,284
9611.100000000559,Move,573,281
9627.5,Move,574,276
9648.800000000745,Move,576,270
9664.400000000373,Move,577,266
9681.200000000186,Move,577,263
9696.200000000186,Move,577,261
9711.100000000559,Move,578,259
9727.700000000186,Move,580,256
9749,Move,582,251
9764.900000000373,Move,583,246
9780.700000000186,Move,585,243
9797.100000000559,Move,586,238
9811.100000000559,Move,587,235
9827.300000000745,Move,590,231
9842.900000000373,Move,592,227
9866.900000000373,Move,595,221
9880.900000000373,Move,596,219
9897,Move,597,218
9912.800000000745,Move,599,216
9928.700000000186,Move,601,215
9942.800000000745,Move,603,213
9966.900000000373,Move,610,210
9983.200000000186,Move,615,208
9997,Move,619,207
10012.300000000745,Move,623,205
10028.5,Move,628,203
10042.800000000745,Move,632,202
10066.400000000373,Move,639,199
10082.200000000186,Move,643,198
10096.700000000186,Move,649,197
10112.200000000186,Move,654,195
10128.5,Move,660,193
10145,Move,665,192
10166.900000000373,Move,673,190
10183.300000000745,Move,678,188
10199.200000000186,Move,682,186
10214.900000000373,Move,687,185
10229,Move,691,184
10245,Move,695,183
10267.200000000186,Move,699,182
10282.700000000186,Move,703,182
10299.300000000745,Move,707,181
10315,Move,711,179
10329.300000000745,Move,714,179
10345.200000000186,Move,718,177
10361.5,Move,721,177
10377.100000000559,Move,725,178
10399.400000000373,Move,731,179
10415,Move,733,179
10430.700000000186,Move,735,179
10447.400000000373,Move,736,180
10460.600000000559,Move,738,180
10477.300000000745,Move,739,180
10493.200000000186,Move,740,181
10515,Move,742,181
10531.5,Move,742,182
10547.300000000745,Move,743,183
10563.100000000559,Move,745,183
10577.100000000559,Move,746,184
10593.200000000186,Move,747,184
10609.200000000186,Move,748,185
10632.400000000373,Move,751,188
10638.400000000373,Move,751,190
10639.400000000373,Released,751,190
11334.400000000373,Released,749,531
