resolution:1536,864
556129,Pressed,860,362
556256.1999999997,Move,860,362
556264.3999999999,Move,860,363
556272.2999999998,Move,859,363
556288,Move,857,367
556304.1999999997,Move,856,370
556326.1000000001,Move,854,373
556342.1000000001,Move,853,374
556358.1000000001,Move,852,376
556372.1999999997,Move,851,377
556388,Move,850,379
556404,Move,848,380
556420.1000000001,Move,846,381
556442.1000000001,Move,843,383
556458.3999999999,Move,840,384
556474,Move,837,385
556490,Move,835,387
556504,Move,833,387
556519.7999999998,Move,830,388
556542.1000000001,Move,827,390
556558.1999999997,Move,824,391
556573.7999999998,Move,822,391
556590.2999999998,Move,817,392
556604.1000000001,Move,813,393
556619.8999999999,Move,809,393
556635.8999999999,Move,805,395
556652.1000000001,Move,800,397
556674.1000000001,Move,793,398
556689.8999999999,Move,788,398
556705.8999999999,Move,783,398
556721.8999999999,Move,778,399
556736.2999999998,Move,773,399
556752.3999999999,Move,768,401
556775.8999999999,Move,762,401
556790.2999999998,Move,757,401
556806,Move,753,401
556822.2999999998,Move,749,401
556836,Move,745,400
556852.1000000001,Move,741,399
556876.3999999999,Move,735,397
556889.8999999999,Move,732,396
556905.7999999998,Move,727,394
556922.2999999998,Move,723,393
556937.8999999999,Move,719,391
556951.8999999999,Move,714,389
556975.8999999999,Move,707,386
556991.8999999999,Move,704,385
557008.3999999999,Move,701,383
557022.1000000001,Move,696,381
557038.1999999997,Move,691,379
557054.1999999997,Move,687,377
557076,Move,683,375
557091.8999999999,Move,681,373
557108.2999999998,Move,680,371
557122.1999999997,Move,679,370
557138.1999999997,Move,677,369
557154,Move,675,367
557169.7999999998,Move,673,364
557191.7999999998,Move,671,360
557208.1999999997,Move,668,357
557224.1999999997,Move,666,353
557231.8999999999,Move,664,351
557254.2999999998,Move,662,347
557269.8999999999,Move,661,344
557292.1000000001,Move,659,340
557307.8999999999,Move,657,336
557323.7999999998,Move,657,333
557340.1000000001,Move,656,329
557353.8999999999,Move,655,325
557370.1000000001,Move,655,324
557385.8999999999,Move,655,320
557402.1999999997,Move,654,318
557424,Move,654,314
557440,Move,654,309
557455.8999999999,Move,654,306
557472.1999999997,Move,654,303
557486,Move,654,299
557501.8999999999,Move,655,294
557524.2999999998,Move,655,288
557540.2999999998,Move,656,283
557556,Move,657,280
557572,Move,658,277
557586.1000000001,Move,659,273
557601.8999999999,Move,661,271
557626.1999999997,Move,663,266
557641.8999999999,Move,664,263
557656.2999999998,Move,665,259
557672.2999999998,Move,667,256
557688,Move,668,254
557704.1000000001,Move,670,253
557718.1000000001,Move,672,251
557742,Move,673,249
557758.5,Move,675,247
557772.1999999997,Move,677,246
557788.1999999997,Move,679,243
557804.1999999997,Move,681,242
557825.7999999998,Move,687,238
557842,Move,690,237
557858.1000000001,Move,692,235
557874,Move,694,234
557887.7999999998,Move,697,231
557904.2999999998,Move,701,230
557919.7999999998,Move,705,228
557942.1999999997,Move,713,226
557958.2999999998,Move,719,224
557974.2999999998,Move,725,223
557989.8999999999,Move,729,221
558004,Move,734,219
558020.2999999998,Move,738,218
558041.8999999999,Move,744,216
558058,Move,748,215
558073.7999999998,Move,751,214
558090,Move,755,213
558103.7999999998,Move,759,213
558120.2999999998,Move,763,213
558136.1999999997,Move,767,213
558152.2999999998,Move,771,212
558173.8999999999,Move,778,212
558190.1999999997,Move,783,212
558206.1000000001,Move,789,212
558222.1000000001,Move,795,212
558235.8999999999,Move,801,212
558251.8999999999,Move,806,213
558275.8999999999,Move,813,214
558289.8999999999,Move,817,216
558305.8999999999,Move,822,217
558322.1999999997,Move,826,219
558336,Move,831,220
558352.1000000001,Move,835,222
558376.1999999997,Move,841,224
558392.3999999999,Move,843,225
558406.5,Move,845,226
558422.3999999999,Move,849,228
558438.2999999998,Move,851,229
558452,Move,853,230
558475.8999999999,Move,854,233
558492,Move,856,234
558507.8999999999,Move,859,237
558522.1999999997,Move,862,240
558538,Move,865,243
558554.1000000001,Move,869,246
558576.1999999997,Move,872,249
558592.2999999998,Move,873,250
558608.1999999997,Move,874,251
558621.8999999999,Move,875,253
558638,Move,876,254
558654,Move,877,255
558670.1999999997,Move,879,256
558692,Move,880,258
558707.8999999999,Move,881,259
558724,Move,882,260
558740.1999999997,Move,883,263
558753.8999999999,Move,884,265
558770.1999999997,Move,886,268
558786.1999999997,Move,887,270
558808.2999999998,Move,888,275
558824.1000000001,Move,889,278
558840.1999999997,Move,890,280
558854.1000000001,Move,890,282
558870.1999999997,Move,891,286
558886.1000000001,Move,891,289
558902.1000000001,Move,891,293
558924.1999999997,Move,892,298
558939.8999999999,Move,892,302
558956,Move,892,303
558972,Move,892,305
558985.8999999999,Move,892,307
559002.3999999999,Move,891,309
559025.8999999999,Move,890,311
559039.7999999998,Move,889,313
559056.1999999997,Move,889,316
559072,Move,888,319
559087.8999999999,Move,887,322
559102.2999999998,Move,885,325
559126.1000000001,Move,883,328
559139.8999999999,Move,882,331
559155.7999999998,Move,881,333
559172,Move,879,335
559188.1000000001,Move,879,336
559202.1000000001,Move,877,338
559218,Move,876,340
559242.1999999997,Move,874,342
559257.8999999999,Move,873,343
559271.8999999999,Move,872,346
559288.1000000001,Move,871,347
559304,Move,869,349
559326,Move,868,350
559342.1000000001,Move,867,352
559358,Move,865,353
559372.1999999997,Move,865,354
559388.1000000001,Move,863,355
559403.8999999999,Move,862,357
559419.8999999999,Move,861,358
559442,Move,859,359
559458.1000000001,Move,858,360
559474.1999999997,Move,857,361
559489.8999999999,Move,856,362
559503.8999999999,Move,855,363
559520.2999999998,Move,853,365
559536.3999999999,Move,852,369
559536.8999999999,Released,852,369
560154,Released,755,526
