resolution:1536,864
9360528.099999998,Pressed,460,239
9360531.8,Move,451,242
9360540.5,Move,442,245
9360547.899999999,Move,431,249
9360556.399999999,Move,421,254
9360562.7,Move,413,259
9360570.399999999,Move,403,266
9360578.599999998,Move,394,274
9360586.3,Move,387,281
9360594,Move,380,290
9360602,Move,372,303
9360608,Move,366,318
9360616.399999999,Move,362,329
9360623.899999999,Move,361,338
9360632,Move,361,347
9360640.5,Move,362,357
9360648.3,Move,365,365
9360656,Move,369,373
9360664.3,Move,375,378
9360670.5,Move,383,382
9360678,Move,391,385
9360686.5,Move,402,387
9360693.899999999,Move,413,387
9360702.599999998,Move,422,382
9360710.399999999,Move,431,377
9360718.099999998,Move,443,371
9360727,Move,453,365
9360733.099999998,Move,466,356
9360745,Move,479,345
9360748.8,Move,489,335
9360752.099999998,Move,489,335
9360756.3,Move,497,325
9360764.8,Move,504,315
9360772.8,Move,511,304
9360780.7,Move,517,293
9360788.8,Move,521,284
9360794.8,Move,524,276
9360802.899999999,Move,525,269
9360811.2,Move,525,263
9360818.7,Move,522,258
9360827,Move,518,250
9360834.5,Move,513,244
9360842.899999999,Move,507,238
9360850.399999999,Move,499,233
9360857.399999999,Move,491,229
9360864.899999999,Move,484,225
9360872.599999998,Move,477,223
9360880.899999999,Move,469,221
9360888.7,Move,462,221
9360897,Move,456,222
9360897.2,Released,456,222
9361514.2,Released,445,525
