resolution:1920,1080
8925,Pressed,0.49635416666666665,0.21388888888888888
9079,Move,0.5020833333333333,0.21574074074074073
9087,Move,0.5088541666666667,0.2175925925925926
9094,Move,0.5151041666666667,0.21944444444444444
9117,Move,0.5354166666666667,0.23055555555555557
9138,Move,0.5473958333333333,0.24351851851851852
9168,Move,0.5609375,0.27314814814814814
9185,Move,0.565625,0.2916666666666667
9190,Move,0.5671875,0.29907407407407405
9205,Move,0.5692708333333333,0.31203703703703706
9219,Move,0.5697916666666667,0.325
9234,Move,0.5697916666666667,0.33611111111111114
9249,Move,0.56875,0.3490740740740741
9264,Move,0.5645833333333333,0.36666666666666664
9270,Move,0.5614583333333333,0.3731481481481482
9293,Move,0.5463541666666667,0.39351851851851855
9307,Move,0.5317708333333333,0.40555555555555556
9323,Move,0.5182291666666666,0.4148148148148148
9469,Move,0.4317708333333333,0.375
9484,Move,0.42604166666666665,0.3638888888888889
9500,Move,0.4203125,0.35
9513,Move,0.4161458333333333,0.337037037037037
9527,Move,0.4125,0.3277777777777778
9542,Move,0.4109375,0.31851851851851853
9564,Move,0.4088541666666667,0.30092592592592593
9589,Move,0.40989583333333335,0.28055555555555556
9606,Move,0.41354166666666664,0.26296296296296295
9623,Move,0.42239583333333336,0.23981481481481481
9639,Move,0.4322916666666667,0.225
9656,Move,0.4421875,0.21203703703703702
9659,Move,0.4473958333333333,0.2074074074074074
9691,Move,0.4630208333333333,0.19166666666666668
9708,Move,0.4708333333333333,0.18425925925925926
9724,Move,0.47760416666666666,0.1787037037037037
9726,Move,0.48072916666666665,0.17592592592592593
9758,Move,0.49270833333333336,0.1712962962962963
9762,Move,0.4953125,0.1712962962962963
9785,Move,0.5020833333333333,0.17314814814814813
9799,Move,0.5078125,0.18055555555555555
9814,Move,0.5130208333333334,0.18888888888888888
9829,Move,0.5171875,0.1962962962962963
9851,Move,0.5213541666666667,0.20833333333333334
9865,Move,0.5223958333333333,0.21296296296296297
9887,Move,0.5234375,0.21574074074074073
9909,Move,0.5234375,0.21851851851851853
9919,Move,0.5234375,0.21944444444444444
9952,Move,0.5234375,0.22037037037037038
9970,Move,0.5234375,0.2212962962962963
9970,Released,0.5234375,0.2212962962962963
10748,Released,0.48125,0.48703703703703705