resolution:1536,864
9405592,Pressed,461,401
9405595.8,Move,463,400
9405604,Move,465,399
9405612.099999998,Move,467,398
9405618,Move,470,397
9405626.399999999,Move,475,396
9405634.2,Move,481,393
9405641.8,Move,488,390
9405650,Move,495,387
9405657.899999999,Move,503,384
9405666.2,Move,510,381
9405672.3,Move,519,378
9405679.899999999,Move,526,373
9405688,Move,535,368
9405696.099999998,Move,542,364
9405704.099999998,Move,548,358
9405712.599999998,Move,553,353
9405720.099999998,Move,557,345
9405726.599999998,Move,561,335
9405734.3,Move,565,326
9405742,Move,566,319
9405749.8,Move,565,314
9405758,Move,562,308
9405766,Move,558,302
9405774.2,Move,552,296
9405782,Move,542,289
9405788.2,Move,531,285
9405796.099999998,Move,516,281
9405808.3,Move,500,279
9405812.2,Move,483,277
9405820.3,Move,466,276
9405820.399999999,Move,466,276
9405828.2,Move,451,275
9405836.2,Move,438,275
9405844,Move,423,278
9405850.3,Move,410,283
9405857.899999999,Move,398,288
9405866.3,Move,388,293
9405874,Move,382,298
9405882.2,Move,379,303
9405890,Move,377,308
9405898.3,Move,377,314
9405906.3,Move,375,321
9405912,Move,375,333
9405920.2,Move,375,346
9405928.2,Move,378,357
9405935.899999999,Move,383,367
9405944.099999998,Move,387,375
9405952.099999998,Move,393,384
9405961.099999998,Move,397,389
9405966,Move,401,391
9405974.3,Move,404,392
9405982.5,Move,407,393
9405990,Move,412,393
9405998.3,Move,419,392
9406006.599999998,Move,428,389
9406014.599999998,Move,436,385
9406022.099999998,Move,443,382
9406028.2,Move,450,380
9406036,Move,455,378
9406044.2,Move,458,377
9406052.3,Move,461,376
9406052.7,Released,461,376
9406664.2,Released,481,539
