resolution:1536,864
536774.8999999999,Pressed,781,275
536780.3999999999,Move,780,275
536801.7999999998,Move,778,273
536817.8999999999,Move,775,273
536833.7999999998,Move,772,273
536850.1000000001,Move,768,273
536864,Move,764,273
536880.1999999997,Move,761,273
536896,Move,758,274
536918,Move,755,275
536934.1000000001,Move,753,275
536949.8999999999,Move,752,276
536966,Move,751,276
536980,Move,750,277
536996.6999999997,Move,749,278
537018,Move,745,279
537033.8999999999,Move,742,281
537050.3999999999,Move,739,282
537066.2999999998,Move,737,284
537079.8999999999,Move,736,285
537096.1999999997,Move,735,287
537112.2999999998,Move,733,289
537135.8999999999,Move,731,292
537150.1999999997,Move,730,294
537165.8999999999,Move,729,297
537182.2999999998,Move,727,300
537198.2999999998,Move,726,302
537212.2999999998,Move,725,304
537235.8999999999,Move,723,309
537250,Move,721,311
537266.1000000001,Move,720,313
537282.1000000001,Move,719,315
537298.1000000001,Move,718,319
537311.8999999999,Move,717,321
537336,Move,717,325
537352,Move,717,328
537368.1000000001,Move,717,329
537382,Move,717,332
537398.2999999998,Move,717,334
537413.8999999999,Move,717,337
537430.3999999999,Move,719,338
537452.1999999997,Move,721,341
537468.1000000001,Move,723,343
537482.1000000001,Move,725,346
537498.1000000001,Move,727,348
537514.1000000001,Move,731,350
537530.2999999998,Move,735,351
537552.3999999999,Move,741,353
537567.8999999999,Move,745,355
537584,Move,749,356
537600.2999999998,Move,754,358
537613.8999999999,Move,759,359
537629.8999999999,Move,763,359
537646,Move,767,360
537667.7999999998,Move,775,361
537684.1999999997,Move,778,361
537700,Move,780,361
537713.8999999999,Move,781,361
537730.1999999997,Move,782,361
537746.1000000001,Move,784,360
537762,Move,785,359
537784.3999999999,Move,789,357
537800,Move,793,355
537816,Move,796,352
537831.8999999999,Move,800,349
537846,Move,802,346
537862,Move,803,344
537878.1999999997,Move,805,340
537899.8999999999,Move,807,334
537916.1000000001,Move,808,330
537932,Move,809,325
537948.1000000001,Move,810,319
537962,Move,811,315
537978.1999999997,Move,811,311
538000,Move,811,306
538016,Move,810,303
538031.8999999999,Move,809,301
538048,Move,809,299
538062,Move,808,298
538086,Move,806,297
538101.7999999998,Move,805,295
538117.8999999999,Move,804,294
538132,Move,803,293
538148.1000000001,Move,802,292
538163.8999999999,Move,799,291
538185.8999999999,Move,794,289
538202.1999999997,Move,791,287
538218.1999999997,Move,789,286
538231.8999999999,Move,786,285
538247.8999999999,Move,785,284
538264.3999999999,Move,784,283
538280,Move,783,283
538326.1000000001,Move,783,283
538342.5,Move,782,283
538342.6000000001,Released,782,283
538860.1999999997,Released,757,528
