resolution:1536,864
1662199.8000000007,Pressed,895,258
1662252.3999999985,Move,895,258
1662268.6000000015,Move,896,259
1662289.8999999985,Move,896,263
1662306.6000000015,Move,897,267
1662322.8000000007,Move,897,271
1662336.6999999993,Move,897,274
1662352.3000000007,Move,897,276
1662368.8999999985,Move,897,280
1662384.5,Move,896,283
1662406.1000000015,Move,895,286
1662422.1999999993,Move,894,289
1662438.1000000015,Move,893,291
1662452.1000000015,Move,891,293
1662468.6000000015,Move,890,295
1662484.3000000007,Move,889,296
1662499.8000000007,Move,888,298
1662522.6000000015,Move,887,301
1662538.1999999993,Move,885,303
1662554.6000000015,Move,884,305
1662568.1999999993,Move,883,308
1662584.8000000007,Move,881,310
1662600.1000000015,Move,880,311
1662622.5,Move,878,313
1662638.1000000015,Move,877,315
1662654.3999999985,Move,875,317
1662670,Move,872,319
1662684.1999999993,Move,869,321
1662700.1000000015,Move,866,323
1662724.1000000015,Move,863,325
1662740.5,Move,861,326
1662754.6000000015,Move,859,327
1662770.3000000007,Move,858,329
1662786.1999999993,Move,856,330
1662800.6999999993,Move,855,331
1662824.1000000015,Move,851,333
1662840.5,Move,850,334
1662854.1000000015,Move,848,335
1662870.1999999993,Move,845,337
1662886.5,Move,843,338
1662902.1000000015,Move,842,339
1662916.6000000015,Move,841,339
1662940.5,Move,839,341
1662956.1999999993,Move,836,343
1662972.1000000015,Move,833,344
1662986.5,Move,830,345
1663002.1000000015,Move,828,347
1663018.1000000015,Move,827,348
1663039.8000000007,Move,824,349
1663055.8000000007,Move,823,350
1663071.8000000007,Move,819,351
1663086.1999999993,Move,815,353
1663101.8000000007,Move,810,355
1663117.8000000007,Move,807,356
1663133.8999999985,Move,802,357
1663156.1000000015,Move,799,359
1663172,Move,796,359
1663187.8000000007,Move,793,360
1663204.1000000015,Move,791,361
1663218.3999999985,Move,789,361
1663234.1999999993,Move,787,361
1663250.1000000015,Move,785,361
1663272.3000000007,Move,782,361
1663288.1000000015,Move,780,361
1663304.6000000015,Move,778,362
1663320.3999999985,Move,773,362
1663334,Move,769,363
1663350.1999999993,Move,765,363
1663374.5,Move,758,365
1663390.5,Move,755,366
1663404,Move,751,366
1663420.6999999993,Move,747,366
1663436,Move,743,366
1663458,Move,737,365
1663474.1999999993,Move,735,365
1663489.8000000007,Move,732,363
1663504.1999999993,Move,729,362
1663520.6000000015,Move,725,360
1663536.1000000015,Move,721,359
1663552.3999999985,Move,718,357
1663574.3000000007,Move,715,356
1663590.5,Move,713,355
1663606.6999999993,Move,711,354
1663620.5,Move,709,353
1663641.1000000015,Move,706,352
1663652,Move,705,351
1663668.5,Move,703,349
1663690.3999999985,Move,700,347
1663706.1999999993,Move,698,346
1663722.1000000015,Move,697,345
1663738.5,Move,695,344
1663752.3000000007,Move,694,343
1663768.1999999993,Move,693,342
1663790,Move,691,340
1663806.5,Move,690,339
1663822.1999999993,Move,689,338
1663838.5,Move,687,336
1663852,Move,685,334
1663867.8000000007,Move,684,333
1663884.1999999993,Move,683,331
1663900.3999999985,Move,681,330
1663922.3000000007,Move,679,329
1663938.6000000015,Move,678,327
1663954.1000000015,Move,677,326
1663970.1000000015,Move,676,325
1663984.6000000015,Move,675,324
1664000.5,Move,674,322
1664024.3000000007,Move,672,320
1664038.3999999985,Move,671,317
1664054.1000000015,Move,669,315
1664070.1999999993,Move,669,314
1664084.3000000007,Move,668,313
1664100.1999999993,Move,667,311
1664124.5,Move,666,307
1664140.6000000015,Move,665,305
1664154.1000000015,Move,665,302
1664170.5,Move,665,299
1664186.5,Move,665,298
1664202.1000000015,Move,665,294
1664224.3000000007,Move,665,289
1664240.3000000007,Move,665,285
1664256,Move,664,282
1664270.3999999985,Move,664,279
1664286.1999999993,Move,664,276
1664302.1999999993,Move,664,273
1664318,Move,664,269
1664340.6999999993,Move,663,264
1664356.3000000007,Move,663,262
1664372.3000000007,Move,663,261
1664386.1999999993,Move,663,258
1664402.1000000015,Move,664,255
1664418.5,Move,664,252
1664434.1000000015,Move,664,249
1664456.3000000007,Move,664,244
1664472.1000000015,Move,664,242
1664488,Move,664,240
1664502.3999999985,Move,664,238
1664518,Move,665,235
1664533.8000000007,Move,666,231
1664550.6000000015,Move,666,228
1664572.6000000015,Move,668,222
1664588.5,Move,669,218
1664604.1999999993,Move,671,213
1664618.1999999993,Move,672,209
1664634.1999999993,Move,673,205
1664650.3999999985,Move,675,201
1664672.1999999993,Move,678,195
1664688.1999999993,Move,679,190
1664704.1999999993,Move,681,187
1664719.8999999985,Move,683,185
1664734.1000000015,Move,684,183
1664750.6999999993,Move,685,181
1664774.1000000015,Move,687,178
1664790.1000000015,Move,689,175
1664804.5,Move,692,173
1664820,Move,694,171
1664835.8999999985,Move,695,170
1664852.1000000015,Move,697,169
1664874.3000000007,Move,699,167
1664890.3000000007,Move,702,165
1664904.1000000015,Move,705,164
1664920.1999999993,Move,709,163
1664936.3999999985,Move,713,161
1664952.6999999993,Move,720,159
1664973.8000000007,Move,729,157
1664990.3999999985,Move,735,155
1665006.1000000015,Move,741,153
1665022.1000000015,Move,747,152
1665036.5,Move,753,151
1665052.6999999993,Move,759,149
1665068.3000000007,Move,766,148
1665090.3000000007,Move,782,145
1665106.3999999985,Move,792,143
1665122.3000000007,Move,797,142
1665138.6000000015,Move,801,141
1665152,Move,805,141
1665168.5,Move,809,141
1665184.6999999993,Move,814,143
1665206.6000000015,Move,823,143
1665222.3000000007,Move,830,145
1665238.5,Move,837,147
1665254.6999999993,Move,843,149
1665268.6000000015,Move,846,150
1665283.8999999985,Move,851,152
1665300.6000000015,Move,854,153
1665322.1000000015,Move,858,155
1665338.1000000015,Move,860,156
1665354.8000000007,Move,863,158
1665370.6000000015,Move,866,159
1665384.8000000007,Move,869,161
1665400.6999999993,Move,872,163
1665424.5,Move,878,166
1665438.5,Move,880,167
1665453.8000000007,Move,881,169
1665470.3999999985,Move,883,173
1665486.5,Move,884,175
1665500.5,Move,885,178
1665524.1000000015,Move,887,181
1665540.3000000007,Move,889,185
1665556,Move,890,189
1665570.3999999985,Move,892,193
1665586.6999999993,Move,893,195
1665602,Move,893,199
1665624.5,Move,894,202
1665640.5,Move,894,205
1665656.1000000015,Move,895,208
1665672.3999999985,Move,895,211
1665686.8999999985,Move,895,213
1665702.8000000007,Move,895,217
1665719.3000000007,Move,895,218
1665740.6999999993,Move,895,221
1665757.5,Move,895,223
1665773.1999999993,Move,895,225
1665789.1999999993,Move,895,229
1665803.1000000015,Move,894,232
1665819,Move,894,236
1665840.8999999985,Move,893,242
1665856.8000000007,Move,893,246
1665873.3000000007,Move,893,251
1665889.1000000015,Move,893,256
1665903.1000000015,Move,893,260
1665918.8999999985,Move,893,263
1665934.6000000015,Move,893,265
1665950.8000000007,Move,893,265
1665988.1000000015,Released,893,265
1666577.1000000015,Released,757,529
