resolution:1536,864
45030.200000000186,Pressed,782,175
45042.89999999991,Move,781,175
45059.5,Move,779,174
45081,Move,774,174
45096.5,Move,769,174
45112.60000000009,Move,764,175
45126.89999999991,Move,758,175
45142.5,Move,748,177
45158.5,Move,738,179
45180.5,Move,723,184
45196.39999999991,Move,716,185
45212.89999999991,Move,712,187
45228.30000000028,Move,708,188
45243.10000000009,Move,707,189
45258.80000000028,Move,705,190
45274.60000000009,Move,703,192
45296.80000000028,Move,698,198
45312.200000000186,Move,697,202
45328.5,Move,695,207
45344.80000000028,Move,693,211
45359.30000000028,Move,692,215
45375,Move,690,221
45391,Move,689,227
45414.5,Move,686,240
45428.60000000009,Move,684,251
45444.39999999991,Move,681,260
45460.5,Move,680,269
45474.5,Move,678,276
45490.80000000028,Move,677,283
45514.700000000186,Move,675,292
45528.700000000186,Move,675,297
45544.89999999991,Move,675,302
45561,Move,675,307
45576.5,Move,677,311
45591.10000000009,Move,678,316
45614.60000000009,Move,681,323
45630.5,Move,682,327
45644.39999999991,Move,684,331
45660.700000000186,Move,687,335
45676.80000000028,Move,691,338
45692.30000000028,Move,695,340
45707.30000000028,Move,698,342
45731.10000000009,Move,705,344
45746.700000000186,Move,710,345
45761,Move,716,346
45776.60000000009,Move,722,346
45792.30000000028,Move,727,347
45814.30000000028,Move,741,347
45830.89999999991,Move,749,347
45846.700000000186,Move,760,347
45862.30000000028,Move,772,345
45877,Move,783,343
45892.60000000009,Move,793,342
45908.5,Move,802,340
45925.10000000009,Move,809,339
45946.80000000028,Move,817,336
45962.60000000009,Move,821,334
45978.60000000009,Move,826,331
45994.39999999991,Move,831,327
46008.39999999991,Move,834,323
46024.89999999991,Move,839,319
46046.5,Move,846,312
46063,Move,851,305
46079.10000000009,Move,856,299
46094.60000000009,Move,860,292
46108.80000000028,Move,863,286
46124.39999999991,Move,864,281
46141.10000000009,Move,865,275
46156.89999999991,Move,866,269
46178.80000000028,Move,868,260
46194.30000000028,Move,868,254
46210.89999999991,Move,868,248
46226.80000000028,Move,868,243
46241.200000000186,Move,868,239
46264.89999999991,Move,867,233
46281.10000000009,Move,866,230
46294.80000000028,Move,865,225
46310.60000000009,Move,863,220
46326.60000000009,Move,862,216
46340.5,Move,860,211
46364.89999999991,Move,858,205
46380.5,Move,857,200
46396.60000000009,Move,853,195
46410.60000000009,Move,851,191
46426.39999999991,Move,848,187
46442.39999999991,Move,845,182
46459,Move,841,178
46480.39999999991,Move,834,171
46497,Move,828,167
46513,Move,823,163
46526.60000000009,Move,816,161
46542.80000000028,Move,810,160
46558.60000000009,Move,804,158
46574.89999999991,Move,798,157
46597.700000000186,Move,788,157
46613.700000000186,Move,781,157
46629.700000000186,Move,775,157
46643,Move,771,157
46660.39999999991,Move,766,157
46675.5,Move,762,157
46697.39999999991,Move,757,159
46713.700000000186,Move,756,160
46729.700000000186,Move,754,161
46745.60000000009,Move,751,163
46759.89999999991,Move,748,167
46775.5,Move,744,170
46791.39999999991,Move,741,173
46813.60000000009,Move,739,175
46829.5,Move,736,177
46845.200000000186,Move,731,179
46861.60000000009,Move,726,182
46875.5,Move,723,183
46882.700000000186,Move,721,184
46883,Released,721,184
47524.60000000009,Released,749,535
