resolution:1536,864
1083442.8999999985,Pressed,882,286
1083651.5999999996,Move,882,287
1083665.5999999996,Move,882,289
1083666.2999999989,Move,882,291
1083680.8999999985,Move,882,297
1083702.7999999989,Move,882,305
1083717.1999999993,Move,882,309
1083732.3999999985,Move,882,312
1083753.8999999985,Move,880,319
1083768.5,Move,879,324
1083783.5999999996,Move,877,329
1083798.3999999985,Move,875,334
1083820.2999999989,Move,873,339
1083834.7999999989,Move,871,342
1083849.7999999989,Move,870,346
1083864.2999999989,Move,868,349
1083886.3999999985,Move,864,355
1083901,Move,861,361
1083915.6999999993,Move,857,366
1083930.2999999989,Move,854,372
1083952.2999999989,Move,849,379
1083967.0999999996,Move,847,382
1083982,Move,844,385
1084003.8999999985,Move,839,390
1084018.5999999996,Move,835,394
1084033.0999999996,Move,829,398
1084047.8999999985,Move,825,401
1084069.7999999989,Move,820,405
1084084.7999999989,Move,817,407
1084099.5,Move,813,408
1084114.0999999996,Move,811,410
1084136,Move,805,413
1084150.6999999993,Move,800,414
1084165.0999999996,Move,796,414
1084187.2999999989,Move,789,414
1084202.0999999996,Move,785,414
1084216.7999999989,Move,782,414
1084231.5999999996,Move,777,414
1084253.5999999996,Move,772,412
1084268.1999999993,Move,768,411
1084282.7999999989,Move,764,409
1084297.5,Move,760,408
1084319.6999999993,Move,755,406
1084334.2999999989,Move,751,404
1084348.8999999985,Move,748,401
1084370.7999999989,Move,742,397
1084385.5,Move,739,394
1084400.5,Move,736,392
1084414.5999999996,Move,733,388
1084437,Move,728,384
1084451.5,Move,723,380
1084466.6999999993,Move,719,377
1084481.1999999993,Move,717,373
1084502.8999999985,Move,711,368
1084518.0999999996,Move,709,364
1084532.3999999985,Move,707,361
1084547.1999999993,Move,705,357
1084569.5999999996,Move,703,351
1084583.5999999996,Move,702,347
1084598.6999999993,Move,700,343
1084620.7999999989,Move,698,337
1084635.2999999989,Move,696,334
1084650.1999999993,Move,695,329
1084664.5,Move,694,324
1084686.8999999985,Move,694,315
1084701.1999999993,Move,694,311
1084716.3999999985,Move,694,304
1084730.7999999989,Move,694,299
1084753.0999999996,Move,694,290
1084767.5,Move,694,285
1084782.5,Move,695,279
1084797.0999999996,Move,697,273
1084819.3999999985,Move,699,263
1084833.6999999993,Move,701,258
1084848.5999999996,Move,703,252
1084870.2999999989,Move,705,241
1084884.8999999985,Move,708,234
1084899.6999999993,Move,711,227
1084914.5999999996,Move,714,222
1084936.6999999993,Move,717,216
1084951.5,Move,719,213
1084965.7999999989,Move,721,210
1084980.8999999985,Move,725,207
1085002.7999999989,Move,729,201
1085017.2999999989,Move,730,200
1085032.0999999996,Move,732,199
1085061.5999999996,Move,733,198
1085068.5,Move,733,197
1085083.5,Move,734,195
1085098.2999999989,Move,736,194
1085120,Move,742,191
1085134.8999999985,Move,745,190
1085149.0999999996,Move,747,189
1085163.8999999985,Move,750,188
1085186.1999999993,Move,755,187
1085201,Move,759,185
1085215.3999999985,Move,762,185
1085237.5999999996,Move,767,185
1085252.5,Move,768,185
1085266.6999999993,Move,770,185
1085281.6999999993,Move,773,185
1085303.5999999996,Move,780,185
1085318.5999999996,Move,784,185
1085332.8999999985,Move,790,185
1085347.5999999996,Move,794,185
1085370,Move,797,185
1085384.3999999985,Move,798,185
1085399.5,Move,801,186
1085414,Move,803,187
1085436,Move,811,190
1085450.5999999996,Move,817,192
1085465.0999999996,Move,823,193
1085487,Move,826,195
1085502.1999999993,Move,827,197
1085516.6999999993,Move,829,198
1085523.8999999985,Move,829,199
1085553.5999999996,Move,831,201
1085568,Move,832,202
1085582.5999999996,Move,833,203
1085597.2999999989,Move,835,205
1085619.6999999993,Move,836,207
1085634.5,Move,837,208
1085649.1999999993,Move,839,209
1085664.5999999996,Move,839,211
1085686,Move,840,212
1085700.5,Move,841,214
1085715.1999999993,Move,842,216
1085737,Move,845,221
1085752,Move,847,224
1085766.1999999993,Move,849,227
1085780.8999999985,Move,850,230
1085802.8999999985,Move,852,232
1085817.7999999989,Move,854,233
1085832.5,Move,854,235
1085854.1999999993,Move,856,239
1085869.1999999993,Move,858,243
1085884.1999999993,Move,860,247
1085898.5,Move,861,252
1085920.8999999985,Move,864,259
1085935.5,Move,865,264
1085949.8999999985,Move,867,267
1085964.6999999993,Move,868,270
1085986.3999999985,Move,869,276
1086001.5,Move,869,278
1086016.1999999993,Move,870,283
1086030.5999999996,Move,871,287
1086053.0999999996,Move,873,295
1086067.2999999989,Move,873,299
1086082.1999999993,Move,873,305
1086104.1999999993,Move,873,312
1086118.5,Move,873,315
1086133.5999999996,Move,873,319
1086148,Move,873,321
1086155.1999999993,Move,873,322
1086162.5,Released,873,322
1087599.3999999985,Released,743,522
