resolution:1536,864
88464.1000000001,Pressed,710,191
88467.29999999981,Move,709,190
88483.8999999999,Move,707,189
88500.29999999981,Move,705,188
88513.6000000001,Move,701,187
88529.6000000001,Move,697,187
88545.79999999981,Move,691,187
88568.1000000001,Move,685,189
88584.6000000001,Move,680,192
88600.79999999981,Move,675,198
88616.70000000019,Move,668,204
88630.8999999999,Move,662,211
88646.6000000001,Move,656,217
88662.29999999981,Move,651,224
88681.70000000019,Move,646,232
88700.3999999999,Move,639,243
88716.70000000019,Move,635,250
88732.3999999999,Move,631,259
88748.5,Move,626,270
88762.5,Move,624,281
88778.5,Move,623,292
88800.20000000019,Move,623,305
88816.5,Move,625,313
88832.70000000019,Move,626,319
88848.20000000019,Move,627,325
88862.6000000001,Move,631,333
88878.8999999999,Move,636,340
88894.3999999999,Move,642,346
88918.20000000019,Move,653,354
88931.8999999999,Move,660,359
88948,Move,665,364
88964,Move,672,367
88980.6000000001,Move,679,369
88994.1000000001,Move,687,371
89018.29999999981,Move,695,373
89034,Move,701,375
89047.8999999999,Move,706,375
89063.79999999981,Move,713,375
89080.8999999999,Move,722,376
89096.5,Move,735,375
89118.6000000001,Move,751,372
89134.29999999981,Move,763,368
89148.3999999999,Move,769,365
89164.5,Move,773,363
89180.29999999981,Move,775,361
89196.29999999981,Move,777,359
89218.5,Move,782,352
89234.6000000001,Move,787,345
89250.5,Move,791,340
89266.29999999981,Move,795,333
89280.5,Move,799,325
89296.5,Move,801,319
89312.8999999999,Move,803,313
89334.5,Move,805,304
89350.5,Move,806,300
89366.3999999999,Move,806,296
89382.70000000019,Move,806,291
89396.6000000001,Move,805,284
89413,Move,803,278
89428.29999999981,Move,801,272
89450.79999999981,Move,799,264
89466.20000000019,Move,797,258
89482.70000000019,Move,795,254
89498.5,Move,793,249
89512.5,Move,789,244
89528.70000000019,Move,786,239
89544.6000000001,Move,782,236
89566.1000000001,Move,776,231
89582.3999999999,Move,774,227
89597.8999999999,Move,771,225
89614.20000000019,Move,768,222
89628.5,Move,765,218
89644.3999999999,Move,761,215
89667.70000000019,Move,756,213
89682,Move,752,211
89698.5,Move,749,210
89714.5,Move,747,208
89728.70000000019,Move,743,207
89744.20000000019,Move,739,205
89760.70000000019,Move,734,204
89784.5,Move,727,203
89798.1000000001,Move,723,201
89814.3999999999,Move,718,199
89830.70000000019,Move,715,198
89846.6000000001,Move,712,197
89860.3999999999,Move,711,196
89884.70000000019,Move,709,195
89900.6000000001,Move,708,195
89913.70000000019,Move,707,195
89922.1000000001,Move,707,195
89922.3999999999,Released,707,195
90518,Released,760,535
