resolution:1920,1080
66733,Pressed,0.4859375,0.14907407407407408
66894,Move,0.48854166666666665,0.14722222222222223
66901,Move,0.49166666666666664,0.14444444444444443
66909,Move,0.4953125,0.14166666666666666
66932,Move,0.5067708333333333,0.13425925925925927
66953,Move,0.5192708333333333,0.12962962962962962
66975,Move,0.5291666666666667,0.13055555555555556
66989,Move,0.5364583333333334,0.13425925925925927
67011,Move,0.5453125,0.14074074074074075
67026,Move,0.5505208333333333,0.14629629629629629
67042,Move,0.55625,0.15462962962962962
67063,Move,0.5625,0.1638888888888889
67079,Move,0.5661458333333333,0.17314814814814813
67100,Move,0.5708333333333333,0.18981481481481483
67115,Move,0.5723958333333333,0.19907407407407407
67122,Move,0.5734375,0.2037037037037037
67144,Move,0.5755208333333334,0.22314814814814815
67166,Move,0.5744791666666667,0.2388888888888889
67180,Move,0.5723958333333333,0.25277777777777777
67195,Move,0.5697916666666667,0.2675925925925926
67211,Move,0.5666666666666667,0.28055555555555556
67232,Move,0.5588541666666667,0.3037037037037037
67257,Move,0.5505208333333333,0.31851851851851853
67273,Move,0.5432291666666667,0.33055555555555555
67291,Move,0.5333333333333333,0.34444444444444444
67305,Move,0.5270833333333333,0.35
67321,Move,0.5197916666666667,0.3537037037037037
67336,Move,0.5140625,0.35555555555555557
67357,Move,0.5020833333333333,0.3574074074074074
67371,Move,0.4953125,0.35833333333333334
67386,Move,0.4890625,0.3574074074074074
67415,Move,0.478125,0.3527777777777778
67424,Move,0.47604166666666664,0.3509259259259259
67447,Move,0.46875,0.3398148148148148
67464,Move,0.4640625,0.3314814814814815
67481,Move,0.45677083333333335,0.3138888888888889
67498,Move,0.45260416666666664,0.30185185185185187
67503,Move,0.4505208333333333,0.2962962962962963
67521,Move,0.446875,0.2824074074074074
67532,Move,0.4453125,0.2740740740740741
67548,Move,0.44114583333333335,0.2564814814814815
67566,Move,0.4390625,0.24537037037037038
67585,Move,0.43854166666666666,0.22870370370370371
67600,Move,0.4390625,0.22037037037037038
67616,Move,0.44114583333333335,0.21296296296296297
67635,Move,0.44583333333333336,0.1962962962962963
67650,Move,0.4484375,0.18703703703703703
67667,Move,0.4515625,0.1814814814814815
67684,Move,0.45625,0.175
67702,Move,0.4609375,0.17037037037037037
67716,Move,0.46770833333333334,0.16018518518518518
67734,Move,0.4744791666666667,0.15185185185185185
67749,Move,0.48072916666666665,0.14629629629629629
67768,Move,0.490625,0.14074074074074075
67784,Move,0.4973958333333333,0.13796296296296295
67800,Move,0.5036458333333333,0.13796296296296295
67817,Move,0.5104166666666666,0.1398148148148148
67834,Move,0.5177083333333333,0.14074074074074075
67852,Move,0.5197916666666667,0.14074074074074075
67867,Move,0.5208333333333334,0.14074074074074075
67891,Released,0.5208333333333334,0.14074074074074075
68941,Released,0.4791666666666667,0.49166666666666664