resolution:1536,864
28375.900000000373,Pressed,772,280
28397.200000000186,Move,772,280
28480.5,Move,777,283
28497.400000000373,Move,777,285
28514.10000000056,Move,777,290
28530.700000000186,Move,782,290
28547.299999999814,Move,784,296
28564.299999999814,Move,782,300
28581,Move,788,306
28597.200000000186,Move,790,306
28615.200000000186,Move,787,313
28630.700000000186,Move,791,318
28647.400000000373,Move,795,322
28664.400000000373,Move,793,328
28681.200000000186,Move,793,332
28697.700000000186,Move,792,338
28714.200000000186,Move,794,345
28730.700000000186,Move,791,349
28747.400000000373,Move,792,354
28764.200000000186,Move,791,362
28780.900000000373,Move,789,363
28797.400000000373,Move,785,364
28814.10000000056,Move,785,374
28830.60000000056,Move,779,376
28847.799999999814,Move,782,381
28864.400000000373,Move,774,377
28881.10000000056,Move,770,383
28897.799999999814,Move,769,386
28914,Move,761,385
28930.799999999814,Move,761,385
28948.400000000373,Move,752,389
28964.5,Move,747,388
28981.10000000056,Move,743,391
28997.700000000186,Move,743,392
29014,Move,737,392
29030.60000000056,Move,735,392
29047.200000000186,Move,729,392
29064,Move,730,390
29081.700000000186,Move,723,391
29098.60000000056,Move,720,387
29114.400000000373,Move,712,387
29130.799999999814,Move,709,383
29147.700000000186,Move,702,380
29164.299999999814,Move,697,381
29180.799999999814,Move,689,378
29197.400000000373,Move,688,371
29214.299999999814,Move,681,368
29231.10000000056,Move,679,360
29247.299999999814,Move,672,357
29264,Move,668,353
29280.60000000056,Move,665,344
29298.400000000373,Move,663,336
29314.799999999814,Move,659,334
29331.60000000056,Move,662,325
29347.400000000373,Move,662,325
29364,Move,659,315
29381.10000000056,Move,655,312
29397.200000000186,Move,655,305
29415.10000000056,Move,656,301
29431.10000000056,Move,659,293
29447.400000000373,Move,658,288
29464,Move,660,283
29480.900000000373,Move,664,279
29497.700000000186,Move,665,272
29514,Move,668,269
29530.799999999814,Move,675,261
29547.5,Move,684,257
29564.299999999814,Move,688,254
29581.10000000056,Move,688,249
29598.10000000056,Move,698,248
29614.5,Move,703,247
29630.799999999814,Move,709,250
29647.400000000373,Move,715,249
29663.900000000373,Move,724,247
29680.60000000056,Move,722,251
29697.299999999814,Move,732,254
29714.10000000056,Move,732,170
29730.900000000373,Move,742,240
29747.5,Move,747,257
29764.200000000186,Move,754,261
29780.900000000373,Move,758,267
29798,Move,761,272
29814.5,Move,770,275
29828.299999999814,Released,773,279
29961.799999999814,Released,748,547
