resolution:1536,864
24414.10000000056,Pressed,778,376
24541.400000000373,Move,782,370
24558.5,Move,789,360
24575.10000000056,Move,796,358
24591.5,Move,802,351
24608.60000000056,Move,801,334
24629.60000000056,Move,810,318
24642.60000000056,Move,807,316
24658.5,Move,801,303
24674.799999999814,Move,802,300
24691.60000000056,Move,802,295
24708.299999999814,Move,799,286
24725,Move,791,276
24741.60000000056,Move,784,268
24758.10000000056,Move,780,266
24775,Move,771,259
24791.799999999814,Move,761,257
24808.799999999814,Move,756,254
24825.10000000056,Move,747,250
24841.700000000186,Move,730,252
24858.299999999814,Move,721,250
24874.900000000373,Move,710,254
24892.10000000056,Move,697,257
24908.200000000186,Move,691,259
24925.200000000186,Move,682,262
24942,Move,675,268
24958.400000000373,Move,663,275
24975.200000000186,Move,659,289
24991.700000000186,Move,654,299
25007.900000000373,Move,648,306
25024.60000000056,Move,644,310
25041.299999999814,Move,648,316
25058.10000000056,Move,647,324
25075.60000000056,Move,647,328
25092.900000000373,Move,652,340
25108.400000000373,Move,655,352
25125.200000000186,Move,661,363
25142.200000000186,Move,668,370
25158.5,Move,678,375
25175.299999999814,Move,683,384
25191.5,Move,697,384
25208.299999999814,Move,707,390
25225.200000000186,Move,718,390
25242.400000000373,Move,728,389
25258.299999999814,Move,738,387
25275.299999999814,Move,745,387
25291.700000000186,Move,749,386
25308.200000000186,Move,758,383
25324.799999999814,Move,767,380
25341.400000000373,Move,772,372
25350.10000000056,Released,777,374
25509.900000000373,Released,748,547
