resolution:1536,864
18993.900000000373,Pressed,779,394
19002.10000000056,Move,779,394
19102,Move,778,393
19118.60000000056,Move,778,389
19135.200000000186,Move,777,384
19152,Move,776,378
19168.60000000056,Move,776,372
19185.299999999814,Move,775,367
19203.900000000373,Move,775,361
19235.60000000056,Move,773,350
19251.900000000373,Move,773,344
19268.900000000373,Move,773,338
19285.5,Move,772,332
19301.900000000373,Move,771,326
19318.799999999814,Move,771,320
19335.299999999814,Move,771,313
19352.10000000056,Move,771,307
19368.60000000056,Move,770,301
19385.400000000373,Move,770,296
19401.900000000373,Move,770,291
19418.700000000186,Move,770,286
19435.299999999814,Move,770,279
19451.900000000373,Move,769,273
19468.799999999814,Move,769,266
19485.400000000373,Move,769,260
19502.10000000056,Move,769,254
19518.60000000056,Move,769,249
19535.299999999814,Move,769,246
19552.200000000186,Move,765,248
19568.799999999814,Move,762,251
19585.60000000056,Move,758,253
19602.299999999814,Move,755,255
19618.60000000056,Move,752,256
19635.299999999814,Move,748,258
19651.900000000373,Move,744,260
19668.700000000186,Move,740,262
19685.5,Move,736,263
19701.900000000373,Move,732,265
19718.799999999814,Move,728,267
19735.299999999814,Move,724,269
19752,Move,720,271
19768.799999999814,Move,717,273
19785.5,Move,713,276
19802.10000000056,Move,709,278
19818.700000000186,Move,705,280
19835.400000000373,Move,701,282
19852,Move,697,285
19868.700000000186,Move,694,288
19885.400000000373,Move,690,290
19902.200000000186,Move,687,294
19918.60000000056,Move,683,296
19935.400000000373,Move,680,300
19952.10000000056,Move,676,302
19968.799999999814,Move,673,305
19985.5,Move,669,307
20002.200000000186,Move,665,309
20018.700000000186,Move,661,311
20035.400000000373,Move,657,312
20052.10000000056,Move,653,314
20068.700000000186,Move,649,316
20085.60000000056,Move,645,318
20102.10000000056,Move,641,320
20118.799999999814,Move,637,322
20135.400000000373,Move,634,324
20152.400000000373,Move,634,327
20168.900000000373,Move,641,330
20185.5,Move,649,332
20202,Move,657,336
20218.799999999814,Move,665,340
20235.5,Move,672,344
20252.10000000056,Move,679,349
20269,Move,687,354
20285.400000000373,Move,695,356
20302,Move,704,358
20318.900000000373,Move,713,361
20335.400000000373,Move,720,365
20352.10000000056,Move,727,370
20368.900000000373,Move,734,376
20385.400000000373,Move,741,380
20402,Move,750,382
20418.900000000373,Move,758,384
20435.5,Move,766,386
20452.10000000056,Move,772,389
20469.10000000056,Released,778,393
20608.700000000186,Released,748,547
