resolution:1920,1080
170492.40000000224,Pressed,744,395
170497.1000000015,Move,747,395
170513,Move,749,395
170537,Move,752,395
170552.90000000224,Move,755,395
170569,Move,757,395
170585.1000000015,Move,760,395
170600.80000000075,Move,762,395
170609,Move,764,395
170633,Move,766,395
170649.19999999925,Move,768,396
170657,Move,770,397
170672.90000000224,Move,771,398
170696.80000000075,Move,774,399
170712.90000000224,Move,775,400
170729.1000000015,Move,778,402
170753.1000000015,Move,779,404
170769.19999999925,Move,780,405
170785,Move,782,406
170817,Move,782,408
170824.90000000224,Move,782,409
170841.1000000015,Move,783,411
170865,Move,783,412
170881,Move,784,414
170920.90000000224,Move,784,419
170945.1000000015,Move,784,422
170952.90000000224,Move,784,423
170977.5,Move,784,424
170985.30000000075,Move,784,425
171001.30000000075,Move,784,427
171017.19999999925,Move,784,428
171025.1000000015,Move,784,431
171048.90000000224,Move,784,434
171057.30000000075,Move,782,436
171081.1000000015,Move,782,438
171097.19999999925,Move,782,440
171113,Move,781,442
171137.1000000015,Move,780,443
171169.19999999925,Move,779,444
171201.19999999925,Move,778,445
171225.1000000015,Move,777,446
171241,Move,775,446
171249.1000000015,Move,774,446
171257.1000000015,Move,773,447
171281.19999999925,Move,773,448
171297.19999999925,Move,771,448
171305,Move,770,449
171336.80000000075,Move,769,450
171353.19999999925,Move,767,450
171361.19999999925,Move,765,452
171392.90000000224,Move,764,452
171425.1000000015,Move,762,452
171441.40000000224,Move,761,453
171457,Move,760,453
171481.1000000015,Move,758,454
171497.1000000015,Move,757,454
171513.1000000015,Move,756,454
171536.80000000075,Move,753,454
171561.19999999925,Move,752,454
171569.30000000075,Move,750,454
171577,Move,749,454
171601.19999999925,Move,748,454
171617.1000000015,Move,745,454
171625.19999999925,Move,744,454
171641.30000000075,Move,742,454
171665,Move,740,454
171689,Move,738,454
171713.1000000015,Move,737,454
171729.1000000015,Move,735,452
171761.40000000224,Move,732,451
171793,Move,730,450
171833,Move,729,448
171849.1000000015,Move,728,447
171857,Move,727,446
171881,Move,727,445
171889.1000000015,Move,726,444
171905,Move,726,443
171929.1000000015,Move,725,441
171945,Move,725,440
171985,Move,725,439
171992.90000000224,Move,725,438
172001.19999999925,Move,725,436
172009.19999999925,Move,723,434
172041.6000000015,Move,723,432
172049.40000000224,Move,723,431
172057,Move,723,430
172073,Move,723,428
172089.19999999925,Move,723,426
172113,Move,723,423
172137.5,Move,723,419
172153.1000000015,Move,723,418
172177.30000000075,Move,723,417
172185.1000000015,Move,723,416
172193.1000000015,Move,723,415
172224.90000000224,Move,724,414
172249,Move,725,412
172256.80000000075,Move,725,411
172264.90000000224,Move,726,409
172281.1000000015,Move,727,408
172328.90000000224,Move,729,406
172353,Move,731,404
172361.19999999925,Move,732,403
172393.19999999925,Move,733,402
172441.19999999925,Move,734,401
172473,Move,736,400
172481.1000000015,Move,739,400
172497,Move,744,399
172513.1000000015,Move,746,397
172529.1000000015,Move,748,397
172664.90000000224,Released,748,397
173313.1000000015,Released,947,671
