resolution:1920,1080
50693,Pressed,712,312
50713,Move,711,312
50737,Move,707,312
50753,Move,701,312
50769,Move,691,312
50785.10000000149,Move,680,312
50801,Move,670,312
50817,Move,659,317
50833.199999999255,Move,650,319
50849.300000000745,Move,639,324
50865.199999999255,Move,633,326
50881.199999999255,Move,627,330
50897.300000000745,Move,615,337
50921,Move,606,346
50937.400000002235,Move,602,351
50953.10000000149,Move,597,356
50969.400000002235,Move,594,361
50985.300000000745,Move,593,366
51001.400000002235,Move,591,372
51017.400000002235,Move,589,377
51033,Move,588,383
51049.300000000745,Move,588,388
51065.199999999255,Move,588,395
51081.300000000745,Move,588,402
51105.10000000149,Move,588,411
51121.300000000745,Move,590,420
51137.10000000149,Move,592,427
51153.400000002235,Move,596,434
51169.5,Move,602,441
51185.10000000149,Move,605,446
51201.199999999255,Move,610,452
51217.199999999255,Move,617,456
51233.199999999255,Move,625,462
51249.199999999255,Move,631,465
51265.10000000149,Move,638,467
51281.300000000745,Move,645,468
51305,Move,660,470
51321.400000002235,Move,667,470
51337.300000000745,Move,678,470
51353.10000000149,Move,690,470
51369.10000000149,Move,698,469
51385.199999999255,Move,710,465
51401.400000002235,Move,720,461
51417.5,Move,733,455
51433.300000000745,Move,744,449
51449.10000000149,Move,748,445
51465.300000000745,Move,754,441
51481.400000002235,Move,759,435
51497.400000002235,Move,763,426
51521.5,Move,766,416
51537.199999999255,Move,768,409
51553.300000000745,Move,769,401
51569.400000002235,Move,769,395
51585.10000000149,Move,770,387
51601.300000000745,Move,770,380
51617.10000000149,Move,770,375
51633.199999999255,Move,770,371
51649.400000002235,Move,770,368
51665.199999999255,Move,768,363
51681.300000000745,Move,766,358
51697.199999999255,Move,762,352
51721.5,Move,758,347
51737.300000000745,Move,756,343
51753.10000000149,Move,752,340
51769.400000002235,Move,747,336
51785.10000000149,Move,743,333
51801.300000000745,Move,735,330
51817.300000000745,Move,729,328
51833.199999999255,Move,723,326
51849.10000000149,Move,718,324
51865.199999999255,Move,712,323
51881.300000000745,Move,708,322
51897.5,Move,704,320
51961.199999999255,Move,703,320
51985.10000000149,Released,703,320
52609.5,Released,943,664
