resolution:1920,1080
395466.19999999925,Pressed,1290,443
395478.30000000075,Move,1295,443
395494.30000000075,Move,1298,443
395510.40000000224,Move,1303,443
395526.19999999925,Move,1308,443
395542.80000000075,Move,1312,444
395566.19999999925,Move,1316,445
395582.6000000015,Move,1318,447
395598.19999999925,Move,1324,452
395614.5,Move,1327,456
395630.5,Move,1328,462
395646.19999999925,Move,1331,470
395662.30000000075,Move,1332,477
395678.40000000224,Move,1333,484
395694.40000000224,Move,1333,493
395710.5,Move,1333,499
395726.6000000015,Move,1333,506
395742.5,Move,1332,516
395766.30000000075,Move,1328,525
395782.40000000224,Move,1324,530
395798.19999999925,Move,1321,537
395814.30000000075,Move,1318,540
395830.6000000015,Move,1313,547
395846.30000000075,Move,1306,553
395862.19999999925,Move,1302,557
395878.40000000224,Move,1296,563
395894.6000000015,Move,1288,567
395910.5,Move,1282,569
395926.40000000224,Move,1275,569
395942.40000000224,Move,1268,570
395966.30000000075,Move,1260,570
395982.5,Move,1257,570
395990.5,Move,1254,570
396014.30000000075,Move,1249,567
396030.69999999925,Move,1245,563
396046.30000000075,Move,1243,560
396062.69999999925,Move,1241,557
396078.5,Move,1240,552
396094.6000000015,Move,1239,544
396110.5,Move,1238,538
396126.30000000075,Move,1238,532
396142.5,Move,1236,525
396166.19999999925,Move,1235,517
396182.40000000224,Move,1235,512
396198.30000000075,Move,1235,504
396214.6000000015,Move,1235,497
396230.5,Move,1235,488
396246.19999999925,Move,1238,481
396262.6000000015,Move,1241,476
396278.5,Move,1243,471
396294.40000000224,Move,1248,461
396310.40000000224,Move,1250,458
396326.30000000075,Move,1253,455
396342.40000000224,Move,1257,450
396358.5,Move,1262,447
396374.40000000224,Move,1266,446
396398.69999999925,Move,1272,446
396414.40000000224,Move,1282,445
396430.30000000075,Move,1288,445
396446.6000000015,Move,1292,445
396462.19999999925,Move,1294,445
396470.19999999925,Move,1295,445
396502.40000000224,Released,1295,445
397206.30000000075,Released,963,667
