resolution:1920,1080
162843.6000000015,Pressed,785,344
162889.1000000015,Move,784,343
162929.1000000015,Move,783,343
162937.1000000015,Move,781,343
162953.1000000015,Move,776,343
162969,Move,771,345
162976.90000000224,Move,769,346
163001.1000000015,Move,765,347
163009.1000000015,Move,763,348
163049,Move,762,348
163059.69999999925,Move,762,349
163065,Move,762,350
163081,Move,759,352
163096.90000000224,Move,756,355
163113.19999999925,Move,755,356
163129.19999999925,Move,753,358
163152.90000000224,Move,751,361
163161,Move,751,362
163185.1000000015,Move,750,363
163201.1000000015,Move,749,366
163217.1000000015,Move,746,368
163233,Move,745,372
163241.1000000015,Move,744,376
163257,Move,742,380
163281.30000000075,Move,741,383
163297,Move,739,387
163321,Move,739,390
163337.1000000015,Move,739,393
163353,Move,738,396
163369.40000000224,Move,738,401
163385.1000000015,Move,738,405
163401.1000000015,Move,738,411
163417,Move,738,417
163433.1000000015,Move,738,420
163449.30000000075,Move,738,423
163465.19999999925,Move,738,426
163473.1000000015,Move,738,427
163497.40000000224,Move,738,428
163520.90000000224,Move,738,433
163545.1000000015,Move,738,435
163561.1000000015,Move,738,437
163569,Move,739,439
163577.1000000015,Move,739,440
163593,Move,741,442
163617,Move,742,444
163633,Move,743,445
163649.30000000075,Move,744,447
163665,Move,745,450
163681,Move,747,451
163697.1000000015,Move,748,453
163704.90000000224,Move,750,455
163736.80000000075,Move,754,459
163744.90000000224,Move,755,460
163768.90000000224,Move,758,463
163785.1000000015,Move,761,466
163801,Move,763,466
163817,Move,766,468
163833.1000000015,Move,769,471
163849,Move,771,472
163865.1000000015,Move,774,473
163881.30000000075,Move,777,475
163897.1000000015,Move,780,476
163913,Move,781,477
163937,Move,789,478
163945.19999999925,Move,790,478
163969.19999999925,Move,793,478
163985.30000000075,Move,797,479
164001.1000000015,Move,798,479
164017.40000000224,Move,803,479
164033.1000000015,Move,805,479
164049.19999999925,Move,807,479
164065,Move,809,479
164081.1000000015,Move,812,479
164097,Move,814,479
164104.90000000224,Move,816,479
164137.19999999925,Move,820,478
164153.1000000015,Move,823,477
164169.30000000075,Move,825,475
164185.19999999925,Move,828,473
164201.30000000075,Move,830,471
164209,Move,832,469
164233,Move,835,468
164249.30000000075,Move,839,466
164265.1000000015,Move,841,464
164281.40000000224,Move,843,463
164297.30000000075,Move,846,460
164304.90000000224,Move,847,459
164336.90000000224,Move,850,456
164353.19999999925,Move,852,452
164369.40000000224,Move,853,451
164385.1000000015,Move,856,446
164401,Move,857,442
164417.1000000015,Move,860,436
164433,Move,861,433
164448.90000000224,Move,861,429
164465.30000000075,Move,862,424
164481.40000000224,Move,865,419
164497.1000000015,Move,865,416
164521,Move,866,410
164537.19999999925,Move,866,405
164553.1000000015,Move,866,401
164569.40000000224,Move,866,396
164584.90000000224,Move,866,392
164601.1000000015,Move,866,387
164617,Move,866,386
164633,Move,866,381
164649,Move,866,379
164665.1000000015,Move,866,377
164681.5,Move,866,374
164697.1000000015,Move,866,372
164713.1000000015,Move,866,369
164737.1000000015,Move,866,368
164753.1000000015,Move,865,364
164777.19999999925,Move,864,362
164793.30000000075,Move,864,361
164809.5,Move,864,360
164833,Move,863,358
164849.30000000075,Move,862,358
164857,Move,861,357
164864.90000000224,Move,861,356
164873.1000000015,Move,860,356
164889,Move,859,355
164904.90000000224,Move,857,354
164929.1000000015,Move,855,352
164953,Move,853,351
164961.40000000224,Move,852,350
164985.1000000015,Move,849,349
165001.19999999925,Move,847,349
165017.6000000015,Move,846,348
165033.1000000015,Move,845,347
165049.30000000075,Move,843,347
165064.90000000224,Move,841,346
165073.19999999925,Move,840,345
165105,Move,836,344
165120.90000000224,Move,834,343
165137,Move,832,342
165152.90000000224,Move,830,342
165169,Move,827,341
165184.80000000075,Move,824,341
165200.80000000075,Move,821,341
165217.1000000015,Move,818,339
165233.19999999925,Move,817,339
165241.19999999925,Move,815,339
165257.1000000015,Move,814,339
165281,Move,811,339
165297.30000000075,Move,810,339
165313,Move,809,339
165337.19999999925,Move,807,339
165352.90000000224,Move,805,339
165369.19999999925,Move,804,339
165385.1000000015,Move,802,339
165401,Move,799,339
165417.1000000015,Move,798,340
165433.19999999925,Move,796,341
165449.30000000075,Move,794,341
165464.90000000224,Move,792,343
165481.5,Move,790,344
165497.19999999925,Move,789,345
165513.1000000015,Move,787,347
165601.1000000015,Released,787,347
166209,Released,966,669
