resolution:1920,1080
134573.1000000015,Pressed,757,220
134585.19999999925,Move,761,220
134601.30000000075,Move,767,220
134617.30000000075,Move,773,220
134633.30000000075,Move,779,219
134649.6000000015,Move,784,219
134665.19999999925,Move,790,219
134681.19999999925,Move,794,219
134697.40000000224,Move,800,219
134721.19999999925,Move,807,219
134737.19999999925,Move,811,219
134753.30000000075,Move,815,219
134769.19999999925,Move,819,219
134777.6000000015,Move,823,219
134800.90000000224,Move,828,219
134816.90000000224,Move,831,219
134832.90000000224,Move,832,219
134849.1000000015,Move,836,220
134857.1000000015,Move,837,221
134881.1000000015,Move,839,221
134896.90000000224,Move,842,224
134921.19999999925,Move,844,224
134937.30000000075,Move,846,225
134953,Move,849,228
134969,Move,854,230
134985.1000000015,Move,856,231
134993.1000000015,Move,858,233
135017,Move,861,235
135033,Move,864,238
135049,Move,865,239
135065.30000000075,Move,868,241
135081.40000000224,Move,869,242
135097.1000000015,Move,870,243
135121,Move,872,246
135129.19999999925,Move,873,247
135145.1000000015,Move,875,249
135161.5,Move,876,251
135177.1000000015,Move,877,252
135201,Move,877,254
135209,Move,878,256
135233,Move,880,258
135249,Move,880,259
135265.19999999925,Move,881,262
135281.30000000075,Move,882,264
135297.19999999925,Move,883,267
135321.1000000015,Move,884,273
135337.1000000015,Move,885,276
135352.90000000224,Move,886,280
135361.19999999925,Move,886,282
135385,Move,888,286
135401.1000000015,Move,888,290
135417.30000000075,Move,889,293
135433.1000000015,Move,890,298
135449.19999999925,Move,890,303
135465.1000000015,Move,891,308
135481.19999999925,Move,891,313
135497.19999999925,Move,893,317
135513.30000000075,Move,893,322
135537.19999999925,Move,894,328
135553.19999999925,Move,894,333
135569.40000000224,Move,894,337
135585,Move,895,341
135601.30000000075,Move,895,346
135617.1000000015,Move,895,348
135633.1000000015,Move,895,353
135649.40000000224,Move,895,357
135665.19999999925,Move,895,361
135681.40000000224,Move,895,365
135697.1000000015,Move,895,367
135713.30000000075,Move,895,370
135737.1000000015,Move,895,374
135753.19999999925,Move,894,379
135769.19999999925,Move,893,382
135785.19999999925,Move,892,388
135801.1000000015,Move,891,389
135817.19999999925,Move,889,396
135833.1000000015,Move,888,399
135849.30000000075,Move,887,404
135865.1000000015,Move,886,408
135881.1000000015,Move,884,414
135897.30000000075,Move,882,421
135921.19999999925,Move,878,429
135937.30000000075,Move,876,435
135953.1000000015,Move,873,438
135969.19999999925,Move,873,440
135985.19999999925,Move,872,441
135993,Move,870,443
136017,Move,870,445
136032.90000000224,Move,868,446
136049.30000000075,Move,868,447
136057.40000000224,Move,868,448
136073.1000000015,Move,866,449
136089.19999999925,Move,865,451
136121,Move,863,452
136136.90000000224,Move,862,453
136153,Move,860,455
136177.30000000075,Move,858,455
136193.19999999925,Move,857,455
136201.1000000015,Move,856,456
136217.40000000224,Move,853,457
136233.5,Move,851,458
136249.5,Move,849,459
136265.1000000015,Move,847,460
136281,Move,844,461
136297,Move,841,461
136321.1000000015,Move,838,463
136337.1000000015,Move,836,463
136353.30000000075,Move,834,463
136361.1000000015,Move,831,464
136384.90000000224,Move,828,465
136401,Move,825,465
136417,Move,822,467
136433.19999999925,Move,820,468
136441.30000000075,Move,818,468
136457.19999999925,Move,816,469
136481.19999999925,Move,812,469
136497.1000000015,Move,809,469
136521.1000000015,Move,806,470
136537.1000000015,Move,803,470
136553.1000000015,Move,801,470
136561.19999999925,Move,799,472
136585,Move,795,472
136601.1000000015,Move,793,472
136616.90000000224,Move,790,472
136633.1000000015,Move,786,472
136649.30000000075,Move,783,472
136665,Move,779,472
136681.1000000015,Move,777,472
136697.19999999925,Move,774,472
136713.1000000015,Move,770,472
136737.19999999925,Move,765,472
136753.1000000015,Move,761,472
136769.30000000075,Move,759,472
136785,Move,755,472
136801.1000000015,Move,752,472
136817,Move,748,471
136833.30000000075,Move,743,470
136849.19999999925,Move,738,468
136865.19999999925,Move,735,467
136881.19999999925,Move,731,466
136897.30000000075,Move,726,465
136921.1000000015,Move,717,462
136937,Move,714,461
136953,Move,710,460
136969.1000000015,Move,706,457
136977.30000000075,Move,704,457
137001.19999999925,Move,699,456
137017.1000000015,Move,694,454
137033.19999999925,Move,691,451
137048.90000000224,Move,687,451
137065.1000000015,Move,682,446
137081,Move,680,446
137097,Move,676,442
137121,Move,673,439
137129,Move,671,438
137145,Move,668,436
137169,Move,664,433
137185,Move,661,431
137201.1000000015,Move,659,428
137217.1000000015,Move,656,425
137233,Move,655,424
137249,Move,652,420
137264.90000000224,Move,651,418
137281.1000000015,Move,648,413
137296.90000000224,Move,646,410
137320.90000000224,Move,644,404
137336.80000000075,Move,643,402
137352.90000000224,Move,641,397
137369,Move,640,392
137385.1000000015,Move,640,388
137401,Move,639,384
137416.90000000224,Move,639,380
137432.90000000224,Move,639,377
137448.90000000224,Move,639,373
137464.80000000075,Move,639,370
137481,Move,639,365
137497,Move,639,362
137520.90000000224,Move,639,356
137537,Move,639,354
137552.80000000075,Move,639,350
137561,Move,639,347
137585,Move,639,342
137601,Move,639,338
137616.90000000224,Move,641,332
137633,Move,641,331
137649.1000000015,Move,641,328
137665,Move,643,323
137681,Move,643,320
137696.90000000224,Move,645,317
137720.90000000224,Move,646,314
137737.40000000224,Move,646,312
137753,Move,648,309
137769.19999999925,Move,649,306
137785.1000000015,Move,649,305
137801.19999999925,Move,650,302
137816.90000000224,Move,652,298
137832.90000000224,Move,653,296
137849.1000000015,Move,655,293
137865,Move,658,288
137881,Move,660,285
137897,Move,663,280
137921.1000000015,Move,667,273
137929,Move,667,272
137953.19999999925,Move,669,268
137969.19999999925,Move,671,266
137977.1000000015,Move,673,264
137993,Move,674,262
138016.90000000224,Move,677,258
138032.90000000224,Move,679,257
138049,Move,682,253
138065.1000000015,Move,683,251
138081.19999999925,Move,686,249
138097,Move,689,245
138121,Move,695,241
138136.90000000224,Move,698,240
138153,Move,702,237
138168.90000000224,Move,704,235
138184.90000000224,Move,708,234
138201.40000000224,Move,714,230
138217.30000000075,Move,717,229
138232.90000000224,Move,721,227
138249.5,Move,725,225
138265.30000000075,Move,728,225
138273.1000000015,Move,733,224
138297,Move,736,224
138313.1000000015,Move,738,222
138336.90000000224,Move,743,222
138353,Move,746,222
138361,Move,747,222
138385,Move,749,222
138393.19999999925,Move,750,222
138409.6000000015,Move,751,222
138481,Move,752,222
138497,Move,754,222
138569,Released,754,222
139273.30000000075,Released,959,674
