resolution:1920,1080
307705.5,Pressed,737,439
307710.30000000075,Move,739,437
307734.40000000224,Move,755,436
307750.19999999925,Move,768,436
307766.30000000075,Move,783,436
307782.30000000075,Move,795,436
307798.30000000075,Move,801,436
307814.30000000075,Move,806,438
307830.30000000075,Move,811,442
307846.30000000075,Move,819,449
307862.40000000224,Move,823,454
307878.40000000224,Move,831,460
307894.40000000224,Move,834,469
307910.30000000075,Move,836,475
307934.80000000075,Move,841,488
307950.40000000224,Move,841,497
307966.30000000075,Move,841,505
307982.30000000075,Move,841,512
307998.40000000224,Move,841,520
308006.6000000015,Move,841,523
308030.19999999925,Move,840,528
308046.30000000075,Move,838,532
308062.30000000075,Move,834,536
308070.30000000075,Move,832,538
308094.30000000075,Move,827,541
308110.40000000224,Move,822,543
308126.40000000224,Move,817,545
308150.30000000075,Move,804,547
308166.5,Move,796,547
308182.30000000075,Move,788,547
308198.30000000075,Move,782,547
308214.19999999925,Move,777,547
308230.30000000075,Move,773,547
308246.30000000075,Move,765,545
308262.30000000075,Move,758,541
308278.30000000075,Move,753,539
308286.5,Move,749,535
308310.30000000075,Move,744,532
308326.69999999925,Move,738,528
308350.30000000075,Move,736,521
308366.30000000075,Move,733,516
308382.19999999925,Move,730,509
308398.30000000075,Move,727,504
308414.30000000075,Move,726,501
308430.30000000075,Move,726,496
308446.40000000224,Move,723,491
308462.40000000224,Move,723,486
308478.40000000224,Move,722,481
308494.30000000075,Move,722,476
308510.30000000075,Move,722,473
308526.40000000224,Move,722,470
308550.40000000224,Move,723,467
308566.30000000075,Move,725,464
308582.40000000224,Move,728,460
308598.30000000075,Move,729,458
308606.30000000075,Move,730,456
308630.30000000075,Move,733,453
308646.40000000224,Move,734,451
308662.40000000224,Move,736,450
308678.30000000075,Move,738,448
308750.40000000224,Move,740,448
308758.5,Move,742,447
308782.40000000224,Move,747,445
308782.6000000015,Released,747,445
309582.5,Released,928,673
