resolution:1920,1080
117577.69999999925,Pressed,789,228
117663.10000000149,Move,788,228
117694.69999999925,Move,787,228
117718.80000000075,Move,784,228
117735,Move,781,228
117750.90000000224,Move,776,228
117766.69999999925,Move,771,228
117783,Move,766,230
117798.80000000075,Move,762,231
117814.69999999925,Move,761,232
117822.69999999925,Move,759,233
117847,Move,757,234
117863,Move,756,235
117878.80000000075,Move,754,237
117894.90000000224,Move,749,242
117911,Move,745,245
117934.80000000075,Move,741,251
117950.69999999925,Move,738,255
117966.69999999925,Move,737,257
117982.80000000075,Move,735,259
117998.90000000224,Move,733,263
118014.80000000075,Move,732,265
118030.69999999925,Move,731,267
118046.69999999925,Move,730,269
118063,Move,729,271
118078.90000000224,Move,728,274
118094.69999999925,Move,727,276
118111.10000000149,Move,727,277
118135,Move,727,282
118151,Move,727,286
118166.5,Move,727,290
118182.69999999925,Move,727,293
118198.80000000075,Move,727,296
118206.80000000075,Move,728,299
118223,Move,729,302
118247,Move,730,305
118262.80000000075,Move,732,309
118278.90000000224,Move,736,314
118294.60000000149,Move,737,317
118311,Move,741,320
118334.90000000224,Move,743,323
118350.80000000075,Move,747,327
118359,Move,748,328
118382.80000000075,Move,752,331
118398.69999999925,Move,758,334
118415,Move,762,335
118430.80000000075,Move,764,336
118446.69999999925,Move,767,337
118462.80000000075,Move,769,337
118478.69999999925,Move,773,337
118494.60000000149,Move,774,338
118511.19999999925,Move,779,338
118534.90000000224,Move,782,338
118550.90000000224,Move,783,338
118566.69999999925,Move,785,338
118590.80000000075,Move,787,337
118598.69999999925,Move,789,336
118614.5,Move,791,335
118630.69999999925,Move,794,334
118638.90000000224,Move,796,332
118663,Move,799,331
118679.10000000149,Move,804,329
118694.80000000075,Move,807,323
118710.90000000224,Move,810,320
118734.80000000075,Move,814,315
118742.69999999925,Move,816,313
118766.60000000149,Move,819,309
118782.90000000224,Move,820,304
118798.69999999925,Move,823,301
118814.5,Move,825,298
118830.80000000075,Move,825,295
118846.60000000149,Move,827,292
118862.90000000224,Move,828,290
118878.90000000224,Move,828,288
118894.80000000075,Move,828,286
118911.10000000149,Move,828,285
118934.60000000149,Move,828,281
118943.30000000075,Move,828,279
118966.69999999925,Move,828,278
118982.69999999925,Move,828,275
118999,Move,827,274
119014.80000000075,Move,825,270
119030.90000000224,Move,822,267
119039,Move,822,266
119062.80000000075,Move,819,262
119070.90000000224,Move,818,260
119086.80000000075,Move,817,259
119102.80000000075,Move,816,258
119135.10000000149,Move,814,255
119150.60000000149,Move,812,254
119166.60000000149,Move,810,251
119182.69999999925,Move,809,249
119198.69999999925,Move,807,248
119214.90000000224,Move,805,246
119230.69999999925,Move,802,244
119246.90000000224,Move,799,243
119270.69999999925,Move,798,242
119279.40000000224,Move,797,242
119295.10000000149,Move,795,240
119390.69999999925,Released,795,240
120039.10000000149,Released,956,680
