resolution:1920,1080
187881.90000000224,Pressed,838,178
187926.6000000015,Move,835,176
187950.80000000075,Move,828,176
187966.69999999925,Move,822,176
187982.69999999925,Move,816,176
187998.5,Move,810,177
188014.6000000015,Move,804,181
188030.69999999925,Move,798,186
188046.5,Move,793,189
188062.80000000075,Move,788,195
188078.6000000015,Move,784,200
188094.6000000015,Move,781,206
188111.1000000015,Move,778,211
188134.6000000015,Move,775,217
188150.69999999925,Move,774,221
188166.69999999925,Move,773,226
188182.6000000015,Move,771,235
188198.5,Move,771,241
188214.6000000015,Move,771,248
188230.90000000224,Move,772,255
188246.80000000075,Move,776,263
188263,Move,781,272
188278.69999999925,Move,784,280
188294.69999999925,Move,790,287
188311.1000000015,Move,795,293
188326.69999999925,Move,803,299
188350.6000000015,Move,810,304
188366.6000000015,Move,818,306
188382.69999999925,Move,825,307
188398.5,Move,835,307
188414.90000000224,Move,842,307
188430.6000000015,Move,849,307
188446.5,Move,855,307
188462.69999999925,Move,864,304
188478.69999999925,Move,875,299
188494.69999999925,Move,881,295
188510.80000000075,Move,888,290
188534.6000000015,Move,896,284
188550.80000000075,Move,902,279
188566.6000000015,Move,904,275
188582.6000000015,Move,907,269
188598.6000000015,Move,910,263
188614.40000000224,Move,915,256
188630.6000000015,Move,917,249
188646.69999999925,Move,918,242
188662.90000000224,Move,921,234
188678.6000000015,Move,921,229
188694.69999999925,Move,921,225
188710.80000000075,Move,921,220
188726.69999999925,Move,921,214
188750.90000000224,Move,919,208
188766.6000000015,Move,914,201
188782.6000000015,Move,908,194
188798.40000000224,Move,904,190
188814.69999999925,Move,899,187
188830.69999999925,Move,897,186
188846.69999999925,Move,894,184
188862.6000000015,Move,888,182
188878.69999999925,Move,884,181
188894.80000000075,Move,879,178
188910.80000000075,Move,876,178
188926.6000000015,Move,871,177
188950.6000000015,Move,861,177
188958.69999999925,Move,856,177
188982.80000000075,Move,852,177
188998.80000000075,Move,846,177
188999,Released,846,177
189878.69999999925,Released,946,668
