resolution:1920,1080
60557.10000000149,Pressed,939,212
60569.199999999255,Move,946,212
60577.10000000149,Move,951,212
60601.199999999255,Move,956,212
60617,Move,961,212
60633.10000000149,Move,966,212
60649.10000000149,Move,973,212
60665.199999999255,Move,978,213
60681.10000000149,Move,985,216
60705.10000000149,Move,995,223
60721.199999999255,Move,1003,227
60737.199999999255,Move,1008,231
60753,Move,1012,235
60769.300000000745,Move,1016,239
60785.10000000149,Move,1020,244
60801.199999999255,Move,1024,250
60816.900000002235,Move,1029,258
60833,Move,1033,265
60849,Move,1034,273
60865.199999999255,Move,1037,280
60881.10000000149,Move,1038,286
60897.10000000149,Move,1039,294
60921.10000000149,Move,1041,305
60937.199999999255,Move,1043,313
60953.199999999255,Move,1043,318
60969.300000000745,Move,1044,326
60985.10000000149,Move,1044,332
61001.199999999255,Move,1045,339
61017.199999999255,Move,1045,347
61033.10000000149,Move,1045,353
61049,Move,1045,357
61065.5,Move,1045,363
61081.199999999255,Move,1045,371
61097.300000000745,Move,1045,375
61121.199999999255,Move,1044,383
61137.10000000149,Move,1042,392
61153.10000000149,Move,1039,398
61169.10000000149,Move,1036,403
61185.400000002235,Move,1031,410
61201.10000000149,Move,1027,415
61217.400000002235,Move,1024,418
61233.400000002235,Move,1020,420
61249.199999999255,Move,1017,423
61265.199999999255,Move,1015,425
61281.199999999255,Move,1010,427
61297.10000000149,Move,1005,429
61321.300000000745,Move,997,432
61337.300000000745,Move,993,433
61353.300000000745,Move,988,434
61369.10000000149,Move,983,435
61385.10000000149,Move,976,435
61401.10000000149,Move,970,437
61417.10000000149,Move,963,438
61433.400000002235,Move,955,439
61449.10000000149,Move,949,439
61465.400000002235,Move,943,440
61481.10000000149,Move,937,440
61497.400000002235,Move,929,442
61521.300000000745,Move,917,442
61537,Move,909,442
61553.10000000149,Move,900,442
61569.400000002235,Move,893,442
61585,Move,887,442
61601.10000000149,Move,880,441
61617.199999999255,Move,875,438
61633.300000000745,Move,867,436
61649.300000000745,Move,860,433
61665.300000000745,Move,856,431
61681.400000002235,Move,850,427
61697.199999999255,Move,847,425
61721.400000002235,Move,842,419
61737.300000000745,Move,840,418
61753.10000000149,Move,837,411
61769.300000000745,Move,834,404
61785.199999999255,Move,831,398
61801.400000002235,Move,830,395
61817.199999999255,Move,829,388
61833.300000000745,Move,827,383
61849.300000000745,Move,826,376
61865.400000002235,Move,826,368
61881.300000000745,Move,825,361
61897.5,Move,825,353
61921.10000000149,Move,825,343
61937.400000002235,Move,825,337
61953,Move,825,330
61969.199999999255,Move,825,322
61985,Move,825,314
62001.300000000745,Move,826,306
62017,Move,827,298
62033.199999999255,Move,829,291
62049.10000000149,Move,832,284
62065.199999999255,Move,834,277
62081.199999999255,Move,839,271
62097.300000000745,Move,843,263
62121.5,Move,848,255
62137.400000002235,Move,851,250
62153.199999999255,Move,855,245
62169.400000002235,Move,857,242
62185,Move,861,240
62193.199999999255,Move,864,238
62217.300000000745,Move,868,236
62233.10000000149,Move,874,233
62249.10000000149,Move,879,231
62265.10000000149,Move,883,230
62281.400000002235,Move,887,228
62289.10000000149,Move,889,227
62321.300000000745,Move,897,225
62337.199999999255,Move,902,222
62353.400000002235,Move,907,221
62369.300000000745,Move,912,220
62385,Move,917,218
62401.199999999255,Move,920,217
62417.199999999255,Move,923,216
62425.5,Move,926,216
62449.10000000149,Move,930,216
62457.199999999255,Move,932,214
62473.199999999255,Move,934,214
62497.300000000745,Move,936,214
62553.199999999255,Released,936,214
63513.699999999255,Pressed,945,658
63601.400000002235,Move,945,657
63609.300000000745,Released,945,657
64241,Released,945,662
64545.199999999255,Released,954,668
