resolution:1920,1080
112884.30000000075,Pressed,838,270
112905.19999999925,Move,837,269
112953.10000000149,Move,836,269
112969.40000000224,Move,834,269
112985,Move,830,267
113001.30000000075,Move,826,267
113017.30000000075,Move,823,267
113033.10000000149,Move,819,267
113049.30000000075,Move,814,267
113065.10000000149,Move,810,267
113081.5,Move,805,267
113089,Move,802,267
113121.30000000075,Move,795,267
113137.30000000075,Move,792,267
113153.40000000224,Move,789,267
113169,Move,785,268
113185.60000000149,Move,784,269
113201.10000000149,Move,783,269
113209.10000000149,Move,781,270
113225.19999999925,Move,780,271
113241.10000000149,Move,780,272
113265.30000000075,Move,778,272
113281.10000000149,Move,776,273
113289.19999999925,Move,774,274
113321.30000000075,Move,772,277
113337.30000000075,Move,770,278
113353.10000000149,Move,768,279
113369.40000000224,Move,768,280
113385,Move,766,282
113409.10000000149,Move,764,283
113417.10000000149,Move,763,285
113433.19999999925,Move,762,285
113449.30000000075,Move,761,287
113457.10000000149,Move,760,288
113473,Move,757,291
113497.10000000149,Move,756,293
113521.10000000149,Move,753,295
113537,Move,752,298
113553.30000000075,Move,749,302
113569.19999999925,Move,749,303
113577.40000000224,Move,747,307
113601.19999999925,Move,744,310
113617.30000000075,Move,742,315
113633.10000000149,Move,739,320
113649.10000000149,Move,738,325
113665.19999999925,Move,735,329
113681.19999999925,Move,734,335
113697.40000000224,Move,732,340
113712.90000000224,Move,729,346
113737.10000000149,Move,728,351
113753.19999999925,Move,727,355
113769.19999999925,Move,725,361
113785.19999999925,Move,724,364
113801.30000000075,Move,723,368
113809.10000000149,Move,723,369
113833.10000000149,Move,723,373
113849.30000000075,Move,723,375
113865,Move,723,378
113881,Move,723,382
113897.10000000149,Move,723,383
113913.10000000149,Move,723,387
113937.10000000149,Move,723,391
113953.40000000224,Move,723,394
113968.80000000075,Move,723,398
113977.40000000224,Move,723,399
114000.90000000224,Move,723,402
114016.90000000224,Move,723,404
114033,Move,723,407
114049.19999999925,Move,724,411
114065.10000000149,Move,725,412
114080.90000000224,Move,725,415
114096.90000000224,Move,726,417
114113.10000000149,Move,728,422
114129.10000000149,Move,729,426
114153.10000000149,Move,730,430
114168.90000000224,Move,732,435
114185,Move,734,436
114201,Move,735,441
114217,Move,739,446
114233.10000000149,Move,739,448
114249.10000000149,Move,744,454
114265.19999999925,Move,746,457
114281,Move,749,461
114297.10000000149,Move,751,464
114320.90000000224,Move,755,467
114337,Move,758,471
114353.10000000149,Move,761,474
114369.19999999925,Move,762,475
114385,Move,765,477
114393.10000000149,Move,766,478
114417.40000000224,Move,771,481
114433,Move,773,482
114441,Move,774,483
114465.10000000149,Move,778,486
114481.30000000075,Move,780,487
114496.90000000224,Move,782,488
114521,Move,787,490
114529,Move,789,491
114553.40000000224,Move,792,491
114561.30000000075,Move,794,492
114585,Move,799,492
114601.10000000149,Move,804,492
114617.30000000075,Move,809,493
114633.10000000149,Move,815,495
114649.10000000149,Move,817,495
114665.19999999925,Move,822,496
114681.19999999925,Move,827,496
114697,Move,833,497
114713.10000000149,Move,838,497
114737.40000000224,Move,844,498
114753.10000000149,Move,847,498
114761.40000000224,Move,850,498
114785.10000000149,Move,854,498
114801.30000000075,Move,859,498
114817.19999999925,Move,862,498
114833.19999999925,Move,867,500
114849,Move,869,500
114865,Move,872,500
114881.10000000149,Move,876,500
114897.30000000075,Move,878,500
114920.90000000224,Move,886,500
114937.10000000149,Move,887,500
114945.10000000149,Move,889,500
114961.19999999925,Move,891,500
114985,Move,892,500
115001.10000000149,Move,894,499
115016.90000000224,Move,896,499
115033,Move,900,497
115049.10000000149,Move,901,495
115065.30000000075,Move,905,494
115081.10000000149,Move,907,491
115097.10000000149,Move,909,490
115121,Move,913,485
115137.40000000224,Move,917,482
115153.40000000224,Move,920,478
115169.30000000075,Move,922,475
115184.90000000224,Move,925,472
115201.30000000075,Move,927,470
115217.30000000075,Move,928,467
115233.10000000149,Move,929,465
115249.40000000224,Move,930,463
115257,Move,931,461
115281.30000000075,Move,934,457
115297.19999999925,Move,935,456
115313.19999999925,Move,936,452
115329.5,Move,939,447
115353,Move,940,443
115369,Move,943,439
115377,Move,944,436
115401.5,Move,944,431
115417,Move,946,427
115433.19999999925,Move,946,424
115449.19999999925,Move,949,419
115465.10000000149,Move,949,414
115481.30000000075,Move,950,411
115497.19999999925,Move,950,408
115521.10000000149,Move,951,402
115537.10000000149,Move,951,398
115553,Move,953,394
115569.10000000149,Move,953,391
115585,Move,953,387
115601.10000000149,Move,953,383
115616.90000000224,Move,953,379
115633.30000000075,Move,953,374
115649,Move,953,372
115665,Move,953,367
115681.30000000075,Move,953,362
115697.19999999925,Move,953,358
115721.40000000224,Move,953,350
115737,Move,953,346
115753.19999999925,Move,952,343
115769.30000000075,Move,952,341
115785.10000000149,Move,952,339
115801.10000000149,Move,951,336
115817,Move,950,332
115825.30000000075,Move,949,331
115849.30000000075,Move,949,328
115857,Move,948,326
115881.19999999925,Move,947,322
115897.10000000149,Move,945,320
115921.19999999925,Move,943,317
115937,Move,942,314
115953,Move,940,312
115969.40000000224,Move,940,310
115985.10000000149,Move,938,307
116001.10000000149,Move,935,304
116016.90000000224,Move,934,303
116033.40000000224,Move,932,300
116041.10000000149,Move,930,298
116065,Move,928,294
116081.10000000149,Move,926,291
116097.19999999925,Move,925,290
116121.30000000075,Move,921,286
116137.19999999925,Move,918,282
116153.10000000149,Move,917,280
116169.40000000224,Move,916,278
116185.30000000075,Move,913,275
116193.19999999925,Move,912,274
116209.19999999925,Move,911,271
116233.19999999925,Move,909,269
116249.40000000224,Move,907,268
116265.40000000224,Move,904,266
116281.19999999925,Move,901,265
116297.5,Move,899,264
116313.40000000224,Move,895,263
116329.30000000075,Move,891,261
116353,Move,885,260
116369.30000000075,Move,881,260
116377,Move,878,260
116401.19999999925,Move,874,259
116417.10000000149,Move,871,259
116433,Move,868,259
116449,Move,864,257
116465.10000000149,Move,861,257
116481.10000000149,Move,859,257
116488.90000000224,Move,856,257
116521.19999999925,Move,852,257
116536.90000000224,Move,850,257
116552.90000000224,Move,848,257
116569.30000000075,Move,847,257
116585,Move,843,257
116593.40000000224,Move,842,257
116617.60000000149,Move,839,257
116625.10000000149,Move,838,257
116649.19999999925,Move,836,257
116665.19999999925,Move,834,257
116681.19999999925,Move,832,257
116697.19999999925,Move,830,257
116721.10000000149,Move,828,258
116737.10000000149,Move,826,259
116753.10000000149,Move,824,261
116777.30000000075,Move,823,261
116785.30000000075,Move,823,262
116785.60000000149,Released,823,262
117417,Released,945,672
