resolution:1920,1080
92676.40000000224,Pressed,878,227
92697.19999999925,Move,877,227
92721,Move,873,225
92737.30000000075,Move,867,224
92753.19999999925,Move,861,224
92769.19999999925,Move,857,224
92785.30000000075,Move,853,224
92801.19999999925,Move,848,224
92817.19999999925,Move,843,224
92833.10000000149,Move,840,224
92841.19999999925,Move,837,224
92857.10000000149,Move,834,225
92881.10000000149,Move,832,225
92889.5,Move,830,226
92921.40000000224,Move,827,227
92937.19999999925,Move,824,229
92953,Move,820,230
92969.5,Move,817,231
92985.5,Move,813,233
93000.90000000224,Move,812,234
93016.90000000224,Move,810,235
93033.10000000149,Move,807,237
93049.30000000075,Move,805,238
93065.30000000075,Move,804,239
93073.19999999925,Move,804,240
93097.10000000149,Move,801,242
93105.19999999925,Move,800,243
93137.10000000149,Move,798,246
93145,Move,797,247
93169.40000000224,Move,796,249
93185,Move,794,251
93201.10000000149,Move,793,254
93209.30000000075,Move,792,255
93233.19999999925,Move,790,259
93249.19999999925,Move,788,262
93265.10000000149,Move,788,264
93281.10000000149,Move,785,268
93297.10000000149,Move,783,275
93321.10000000149,Move,780,280
93336.90000000224,Move,779,285
93353,Move,778,289
93369,Move,776,294
93385.10000000149,Move,775,298
93400.90000000224,Move,774,303
93416.90000000224,Move,774,307
93433.19999999925,Move,773,312
93449,Move,773,316
93465.10000000149,Move,773,320
93481.19999999925,Move,773,325
93497.30000000075,Move,773,329
93521.10000000149,Move,773,336
93537.19999999925,Move,773,339
93553.10000000149,Move,773,343
93569.40000000224,Move,773,347
93585.19999999925,Move,773,351
93601.40000000224,Move,773,353
93617.5,Move,773,357
93633.40000000224,Move,773,360
93649.30000000075,Move,773,362
93665,Move,773,365
93681.30000000075,Move,773,368
93689,Move,775,371
93721.19999999925,Move,776,375
93729.5,Move,777,378
93752.90000000224,Move,779,381
93769.19999999925,Move,781,384
93785.19999999925,Move,782,387
93801.40000000224,Move,784,389
93817.10000000149,Move,788,392
93833.19999999925,Move,789,394
93849.40000000224,Move,792,397
93865.10000000149,Move,796,398
93881.5,Move,798,400
93897.30000000075,Move,800,402
93921.19999999925,Move,805,405
93937.40000000224,Move,809,407
93953,Move,813,409
93969.10000000149,Move,816,411
93977.40000000224,Move,820,412
94001.19999999925,Move,825,414
94017.30000000075,Move,828,415
94025.19999999925,Move,830,416
94049.30000000075,Move,834,417
94065.30000000075,Move,838,418
94081.30000000075,Move,843,420
94097.5,Move,845,420
94121.10000000149,Move,851,420
94137,Move,854,421
94153.19999999925,Move,857,421
94169.19999999925,Move,860,421
94185,Move,865,423
94201,Move,867,423
94209.10000000149,Move,872,424
94233.10000000149,Move,877,424
94249,Move,880,424
94265.10000000149,Move,882,424
94281.40000000224,Move,886,424
94297.40000000224,Move,889,424
94321.10000000149,Move,893,424
94337,Move,896,424
94353,Move,899,424
94369.40000000224,Move,902,424
94385.10000000149,Move,903,424
94401.30000000075,Move,907,424
94417.10000000149,Move,910,423
94433,Move,914,423
94449.30000000075,Move,915,422
94465.19999999925,Move,919,419
94481.19999999925,Move,921,418
94489.10000000149,Move,923,417
94521.19999999925,Move,929,413
94537.10000000149,Move,932,412
94553.10000000149,Move,935,409
94569.30000000075,Move,939,407
94585.30000000075,Move,940,404
94601.19999999925,Move,944,400
94617.10000000149,Move,948,397
94633.10000000149,Move,951,392
94649.19999999925,Move,954,388
94665.19999999925,Move,958,383
94681.40000000224,Move,960,378
94697.19999999925,Move,964,373
94721.19999999925,Move,968,366
94737,Move,970,361
94753.10000000149,Move,974,353
94769.10000000149,Move,976,346
94785,Move,978,342
94801.19999999925,Move,979,337
94817.19999999925,Move,979,331
94833.10000000149,Move,980,328
94849.10000000149,Move,980,323
94865.30000000075,Move,982,318
94881.40000000224,Move,982,315
94897.19999999925,Move,982,311
94921.10000000149,Move,982,304
94937.40000000224,Move,982,299
94953.10000000149,Move,982,295
94969.5,Move,982,293
94977.10000000149,Move,982,290
95001.19999999925,Move,982,286
95017.30000000075,Move,982,284
95033.10000000149,Move,982,279
95049.40000000224,Move,982,274
95065.19999999925,Move,982,271
95081.10000000149,Move,982,268
95089,Move,981,266
95113.19999999925,Move,978,261
95137.40000000224,Move,976,257
95153.10000000149,Move,975,255
95169,Move,973,254
95185,Move,971,251
95201.40000000224,Move,970,249
95217.30000000075,Move,968,248
95233.10000000149,Move,967,247
95249.40000000224,Move,965,243
95265.10000000149,Move,964,242
95281.10000000149,Move,962,239
95297.10000000149,Move,959,237
95321.30000000075,Move,956,235
95336.90000000224,Move,954,233
95353.30000000075,Move,952,231
95369.30000000075,Move,950,230
95385.10000000149,Move,946,228
95401.30000000075,Move,944,226
95417.10000000149,Move,942,225
95425.19999999925,Move,941,225
95449.30000000075,Move,938,223
95465.30000000075,Move,935,221
95481.40000000224,Move,932,221
95497.19999999925,Move,929,221
95521.10000000149,Move,925,219
95537,Move,921,218
95553.10000000149,Move,917,217
95569,Move,913,217
95585.19999999925,Move,911,217
95601.10000000149,Move,907,217
95617.10000000149,Move,899,217
95632.90000000224,Move,893,217
95649.30000000075,Move,889,217
95665.19999999925,Move,884,217
95681.5,Move,882,217
95697,Move,879,217
95713.10000000149,Move,876,217
95737.10000000149,Move,875,217
95753.10000000149,Move,874,217
95769.30000000075,Move,871,217
95817.19999999925,Move,870,218
95841.40000000224,Move,869,219
95841.69999999925,Released,869,219
96393.19999999925,Released,952,671
