resolution:1920,1080
173915.69999999925,Pressed,982,222
173937.1000000015,Move,984,222
173953.19999999925,Move,987,222
173969.1000000015,Move,988,222
173985.19999999925,Move,991,222
174001,Move,996,222
174016.90000000224,Move,1002,222
174032.90000000224,Move,1008,223
174048.90000000224,Move,1011,223
174065.19999999925,Move,1016,224
174080.90000000224,Move,1022,226
174096.90000000224,Move,1026,228
174104.69999999925,Move,1032,229
174129,Move,1037,232
174152.90000000224,Move,1040,233
174160.90000000224,Move,1041,234
174184.90000000224,Move,1045,237
174201.30000000075,Move,1047,239
174217,Move,1049,241
174233,Move,1051,243
174249.19999999925,Move,1054,246
174265.1000000015,Move,1058,251
174281.40000000224,Move,1061,255
174297.1000000015,Move,1064,259
174313.30000000075,Move,1065,262
174337,Move,1066,266
174353,Move,1068,269
174369.1000000015,Move,1070,273
174385.1000000015,Move,1071,276
174401.30000000075,Move,1073,279
174417.1000000015,Move,1074,283
174433,Move,1074,287
174449.19999999925,Move,1074,290
174465,Move,1077,295
174481.40000000224,Move,1078,300
174497,Move,1078,303
174504.90000000224,Move,1078,305
174536.90000000224,Move,1078,310
174553,Move,1078,313
174568.90000000224,Move,1078,316
174584.80000000075,Move,1078,319
174601,Move,1078,323
174616.80000000075,Move,1078,326
174632.80000000075,Move,1078,331
174649.1000000015,Move,1078,336
174664.90000000224,Move,1078,342
174681.1000000015,Move,1076,348
174697.1000000015,Move,1074,355
174713.19999999925,Move,1071,362
174737,Move,1068,372
174753.1000000015,Move,1066,380
174769,Move,1065,388
174785,Move,1062,393
174801,Move,1060,398
174817,Move,1057,402
174833.19999999925,Move,1056,405
174849.1000000015,Move,1053,410
174864.90000000224,Move,1050,415
174881.19999999925,Move,1047,418
174897,Move,1046,420
174913,Move,1045,424
174937.19999999925,Move,1042,427
174953.5,Move,1039,430
174977,Move,1038,432
174993,Move,1037,433
175001,Move,1036,434
175009,Move,1034,436
175032.90000000224,Move,1033,437
175048.80000000075,Move,1029,441
175065,Move,1026,442
175081.1000000015,Move,1024,443
175089.1000000015,Move,1022,445
175113.1000000015,Move,1018,446
175137,Move,1015,449
175152.80000000075,Move,1012,449
175168.90000000224,Move,1008,451
175184.90000000224,Move,1005,451
175201,Move,1000,452
175217,Move,997,454
175232.90000000224,Move,993,455
175249.30000000075,Move,988,456
175265,Move,984,457
175281,Move,979,459
175297.1000000015,Move,975,459
175321,Move,966,460
175337.19999999925,Move,959,460
175353,Move,954,461
175369.1000000015,Move,948,463
175385,Move,943,463
175401.40000000224,Move,940,464
175417.19999999925,Move,934,464
175433.19999999925,Move,927,464
175449.19999999925,Move,924,464
175464.90000000224,Move,919,464
175473.1000000015,Move,916,464
175497,Move,911,464
175520.90000000224,Move,906,464
175537,Move,902,464
175553,Move,899,464
175569,Move,897,463
175585.19999999925,Move,894,462
175601,Move,892,460
175617.19999999925,Move,889,459
175632.90000000224,Move,887,458
175649.1000000015,Move,884,456
175656.90000000224,Move,881,454
175673,Move,880,453
175689.19999999925,Move,878,452
175713,Move,876,450
175737.19999999925,Move,875,450
175745,Move,874,449
175769.19999999925,Move,872,448
175785.19999999925,Move,870,446
175801.6000000015,Move,870,445
175817,Move,867,443
175833.30000000075,Move,866,442
175849,Move,864,440
175857,Move,863,439
175881,Move,861,438
175897.1000000015,Move,859,435
175913.1000000015,Move,858,434
175936.90000000224,Move,855,433
175953.19999999925,Move,854,430
175969.1000000015,Move,852,428
175984.90000000224,Move,850,426
176001.1000000015,Move,849,423
176017.1000000015,Move,847,420
176033,Move,847,418
176049,Move,845,414
176064.90000000224,Move,843,411
176081.40000000224,Move,841,407
176097.30000000075,Move,840,404
176120.90000000224,Move,840,399
176137.40000000224,Move,838,396
176153.1000000015,Move,837,391
176169.1000000015,Move,836,386
176185.19999999925,Move,836,384
176201.1000000015,Move,835,379
176217.19999999925,Move,835,376
176232.90000000224,Move,835,371
176249,Move,832,366
176265,Move,832,362
176272.90000000224,Move,832,361
176297.40000000224,Move,832,358
176321,Move,831,357
176336.90000000224,Move,831,353
176345.19999999925,Move,831,350
176369,Move,831,347
176385,Move,831,344
176400.90000000224,Move,831,341
176416.90000000224,Move,831,339
176432.80000000075,Move,831,335
176448.90000000224,Move,831,330
176465,Move,831,325
176481.19999999925,Move,831,321
176497,Move,831,316
176513,Move,831,311
176537,Move,831,303
176553.1000000015,Move,831,298
176569.30000000075,Move,831,294
176584.80000000075,Move,831,290
176593,Move,831,289
176617.19999999925,Move,832,286
176632.90000000224,Move,832,284
176649.19999999925,Move,833,282
176664.80000000075,Move,834,279
176681.1000000015,Move,837,276
176697.1000000015,Move,838,274
176720.90000000224,Move,840,271
176736.90000000224,Move,843,267
176753.40000000224,Move,845,265
176768.90000000224,Move,846,264
176785,Move,848,263
176801,Move,850,261
176817.1000000015,Move,852,258
176833.1000000015,Move,854,257
176849.19999999925,Move,855,257
176865,Move,856,255
176881.5,Move,859,253
176897.19999999925,Move,861,251
176913.19999999925,Move,864,250
176937,Move,867,248
176945.19999999925,Move,868,246
176969,Move,873,243
176985.19999999925,Move,875,241
177001,Move,877,241
177017,Move,880,241
177032.90000000224,Move,882,240
177049.40000000224,Move,885,239
177065,Move,889,236
177081.19999999925,Move,891,236
177097,Move,895,234
177113.1000000015,Move,899,232
177137.19999999925,Move,904,231
177153,Move,907,230
177169.1000000015,Move,909,230
177185.1000000015,Move,913,229
177201.1000000015,Move,917,227
177217.1000000015,Move,920,227
177233,Move,923,227
177240.90000000224,Move,925,227
177265.19999999925,Move,929,227
177281.1000000015,Move,931,227
177289.1000000015,Move,933,226
177313.19999999925,Move,936,226
177336.90000000224,Move,940,226
177352.80000000075,Move,944,226
177369.19999999925,Move,948,226
177385.1000000015,Move,953,226
177401.19999999925,Move,957,226
177417.1000000015,Move,959,226
177433,Move,961,226
177449.30000000075,Move,962,226
177465.1000000015,Move,963,226
177481.40000000224,Move,965,226
177497,Move,967,226
177513,Move,970,226
177529.1000000015,Move,974,226
177585.19999999925,Move,975,226
177617.1000000015,Move,976,226
177753.1000000015,Released,976,226
178505.19999999925,Released,960,672
