resolution:1920,1080
374479,Pressed,1246,254
374510.40000000224,Move,1246,253
374518.40000000224,Move,1253,253
374526.5,Move,1259,253
374542.30000000075,Move,1274,253
374566.30000000075,Move,1299,253
374582.30000000075,Move,1309,253
374598.40000000224,Move,1317,258
374614.5,Move,1326,264
374630.5,Move,1336,274
374646.40000000224,Move,1347,286
374662.6000000015,Move,1356,301
374678.30000000075,Move,1362,312
374694.40000000224,Move,1368,321
374710.5,Move,1371,330
374726.5,Move,1372,336
374742.5,Move,1372,345
374766.19999999925,Move,1372,358
374782.6000000015,Move,1372,366
374798.30000000075,Move,1372,374
374814.40000000224,Move,1371,383
374830.6000000015,Move,1369,395
374846.6000000015,Move,1364,408
374862.5,Move,1362,418
374878.30000000075,Move,1358,429
374894.19999999925,Move,1353,440
374910.6000000015,Move,1347,451
374926.40000000224,Move,1339,462
374942.69999999925,Move,1330,472
374966.40000000224,Move,1317,483
374982.5,Move,1308,486
374998.19999999925,Move,1300,489
375014.6000000015,Move,1289,492
375030.5,Move,1275,493
375046.30000000075,Move,1263,495
375062.6000000015,Move,1250,496
375078.5,Move,1239,498
375094.40000000224,Move,1228,498
375110.5,Move,1218,498
375126.30000000075,Move,1211,498
375142.40000000224,Move,1205,498
375166.1000000015,Move,1197,494
375182.6000000015,Move,1194,493
375198.5,Move,1190,490
375214.30000000075,Move,1187,487
375230.30000000075,Move,1185,484
375246.19999999925,Move,1182,478
375262.40000000224,Move,1177,469
375278.30000000075,Move,1175,462
375294.6000000015,Move,1171,448
375310.5,Move,1170,433
375326.6000000015,Move,1169,415
375342.5,Move,1167,400
375366.6000000015,Move,1167,374
375382.40000000224,Move,1167,360
375398.40000000224,Move,1167,350
375414.40000000224,Move,1170,339
375430.40000000224,Move,1171,330
375446.19999999925,Move,1173,322
375462.5,Move,1175,313
375478.5,Move,1178,304
375494.40000000224,Move,1182,295
375510.5,Move,1187,288
375526.5,Move,1192,280
375542.40000000224,Move,1198,270
375566.30000000075,Move,1208,260
375582.30000000075,Move,1213,258
375598.6000000015,Move,1217,255
375614.19999999925,Move,1221,254
375630.69999999925,Move,1225,254
375646.30000000075,Move,1234,253
375662.30000000075,Move,1247,253
375678.19999999925,Move,1257,253
375694.19999999925,Move,1263,253
375702.30000000075,Move,1266,253
375758.40000000224,Released,1266,253
376422.6000000015,Released,961,676
