resolution:1920,1080
405040.80000000075,Pressed,1265,204
405094.30000000075,Move,1264,202
405110.5,Move,1257,202
405126.30000000075,Move,1244,200
405142.30000000075,Move,1227,200
405166.40000000224,Move,1200,200
405182.5,Move,1183,200
405198.19999999925,Move,1172,200
405214.40000000224,Move,1166,200
405230.40000000224,Move,1158,202
405246.30000000075,Move,1151,205
405262.69999999925,Move,1143,209
405278.30000000075,Move,1138,213
405294.40000000224,Move,1127,220
405310.69999999925,Move,1117,227
405326.5,Move,1107,236
405342.6000000015,Move,1099,244
405366.69999999925,Move,1088,256
405382.6000000015,Move,1081,266
405398.30000000075,Move,1076,273
405414.19999999925,Move,1073,280
405430.5,Move,1069,286
405446.30000000075,Move,1067,291
405462.5,Move,1065,297
405478.40000000224,Move,1063,304
405494.5,Move,1061,312
405510.19999999925,Move,1060,318
405526.5,Move,1060,326
405542.6000000015,Move,1060,335
405566.40000000224,Move,1060,348
405582.19999999925,Move,1060,357
405598.30000000075,Move,1060,365
405630.30000000075,Move,1060,380
405638.30000000075,Move,1060,384
405646.30000000075,Move,1063,388
405662.19999999925,Move,1065,395
405678.1000000015,Move,1070,402
405694.1000000015,Move,1074,408
405710.19999999925,Move,1078,414
405726.19999999925,Move,1082,418
405742.19999999925,Move,1086,422
405766.40000000224,Move,1096,431
405782.5,Move,1101,435
405798.19999999925,Move,1106,438
405814.19999999925,Move,1113,439
405830.19999999925,Move,1120,442
405846.30000000075,Move,1129,443
405862.19999999925,Move,1137,444
405878.1000000015,Move,1149,445
405894.40000000224,Move,1158,445
405910.1000000015,Move,1167,445
405926.40000000224,Move,1178,445
405942.5,Move,1188,445
405966.30000000075,Move,1202,445
405982.19999999925,Move,1212,445
405998.1000000015,Move,1222,443
406014.30000000075,Move,1230,441
406030.5,Move,1240,437
406046.40000000224,Move,1253,434
406062.5,Move,1267,428
406078.19999999925,Move,1278,423
406094.1000000015,Move,1289,417
406110.30000000075,Move,1297,414
406126.30000000075,Move,1302,410
406142.40000000224,Move,1305,407
406166.1000000015,Move,1313,399
406182.1000000015,Move,1317,393
406198.19999999925,Move,1323,385
406214.19999999925,Move,1328,374
406230.19999999925,Move,1329,369
406246.1000000015,Move,1332,363
406262.19999999925,Move,1334,356
406278.40000000224,Move,1337,348
406294.30000000075,Move,1339,342
406310.30000000075,Move,1340,333
406326.19999999925,Move,1343,326
406342.30000000075,Move,1343,318
406366.1000000015,Move,1344,308
406382.1000000015,Move,1344,302
406398.19999999925,Move,1344,296
406414.19999999925,Move,1344,290
406430.30000000075,Move,1344,282
406446.19999999925,Move,1344,276
406462.30000000075,Move,1344,271
406478.19999999925,Move,1344,266
406494.19999999925,Move,1343,261
406510.19999999925,Move,1342,254
406526.6000000015,Move,1341,251
406542.19999999925,Move,1338,246
406566.30000000075,Move,1334,238
406582,Move,1331,231
406598.19999999925,Move,1327,227
406614.19999999925,Move,1323,224
406630.30000000075,Move,1321,221
406646.30000000075,Move,1318,220
406662.30000000075,Move,1312,218
406678.1000000015,Move,1305,217
406694.19999999925,Move,1296,215
406710.30000000075,Move,1286,213
406726.30000000075,Move,1276,212
406750.1000000015,Move,1262,211
406766.30000000075,Move,1258,210
406774.19999999925,Move,1257,210
406854.80000000075,Released,1257,210
407750.30000000075,Released,972,670
