resolution:1920,1080
276729.1000000015,Pressed,1089,131
276782.69999999925,Move,1086,128
276798.6000000015,Move,1069,126
276814.5,Move,1050,123
276830.69999999925,Move,1029,123
276846.5,Move,1008,123
276862.6000000015,Move,984,123
276878.6000000015,Move,958,123
276894.40000000224,Move,936,123
276910.6000000015,Move,917,123
276926.5,Move,902,123
276950.40000000224,Move,882,124
276966.5,Move,872,125
276982.6000000015,Move,863,128
276998.5,Move,855,132
277014.6000000015,Move,844,136
277030.5,Move,831,144
277046.40000000224,Move,823,151
277062.6000000015,Move,811,161
277078.5,Move,805,169
277094.69999999925,Move,797,181
277110.5,Move,787,196
277126.6000000015,Move,781,205
277150.69999999925,Move,774,224
277166.40000000224,Move,769,235
277182.69999999925,Move,766,245
277198.5,Move,766,255
277214.5,Move,763,267
277230.6000000015,Move,763,279
277246.5,Move,763,290
277262.69999999925,Move,763,302
277278.5,Move,763,321
277294.69999999925,Move,763,340
277310.6000000015,Move,763,360
277326.6000000015,Move,763,379
277350.5,Move,763,400
277366.40000000224,Move,768,418
277382.6000000015,Move,774,433
277398.5,Move,780,446
277414.40000000224,Move,787,457
277430.40000000224,Move,795,468
277446.5,Move,802,478
277462.69999999925,Move,809,485
277478.30000000075,Move,815,490
277494.80000000075,Move,820,494
277510.6000000015,Move,826,496
277526.6000000015,Move,832,500
277550.6000000015,Move,844,504
277566.5,Move,850,506
277582.69999999925,Move,860,507
277598.69999999925,Move,869,510
277614.6000000015,Move,881,511
277630.80000000075,Move,894,511
277646.5,Move,906,511
277662.69999999925,Move,919,511
277678.69999999925,Move,932,511
277694.6000000015,Move,949,511
277710.30000000075,Move,963,511
277726.6000000015,Move,976,511
277750.40000000224,Move,991,510
277766.40000000224,Move,998,510
277782.40000000224,Move,1010,507
277798.40000000224,Move,1021,502
277814.5,Move,1033,497
277830.6000000015,Move,1046,492
277846.6000000015,Move,1061,484
277862.40000000224,Move,1072,476
277878.80000000075,Move,1086,462
277894.6000000015,Move,1098,447
277910.80000000075,Move,1108,432
277926.40000000224,Move,1117,421
277950.40000000224,Move,1125,406
277966.40000000224,Move,1131,392
277982.40000000224,Move,1133,380
277998.90000000224,Move,1138,360
278014.80000000075,Move,1140,345
278030.6000000015,Move,1144,327
278046.5,Move,1146,312
278062.5,Move,1148,294
278078.69999999925,Move,1148,275
278094.69999999925,Move,1148,260
278110.5,Move,1148,243
278126.80000000075,Move,1148,232
278150.5,Move,1148,219
278166.5,Move,1148,207
278182.6000000015,Move,1145,193
278198.80000000075,Move,1141,179
278214.5,Move,1138,170
278230.5,Move,1133,162
278246.5,Move,1130,154
278262.5,Move,1126,151
278278.80000000075,Move,1119,147
278294.6000000015,Move,1111,141
278310.40000000224,Move,1104,136
278326.5,Move,1098,132
278342.5,Move,1090,126
278366.69999999925,Move,1084,123
278382.69999999925,Move,1081,121
278398.6000000015,Move,1076,121
278398.90000000224,Released,1076,121
279046.40000000224,Released,962,660
279382.5,Released,962,667
