resolution:1920,1080
265497.80000000075,Pressed,964,177
265510.40000000224,Move,963,176
265526.6000000015,Move,955,172
265550.6000000015,Move,932,171
265566.5,Move,913,171
265582.40000000224,Move,892,171
265598.6000000015,Move,872,171
265614.69999999925,Move,857,171
265630.90000000224,Move,843,171
265646.5,Move,826,172
265662.6000000015,Move,813,179
265678.69999999925,Move,800,185
265694.5,Move,792,191
265710.40000000224,Move,779,200
265726.69999999925,Move,766,211
265750.80000000075,Move,748,231
265766.5,Move,737,243
265782.6000000015,Move,731,254
265798.6000000015,Move,726,267
265814.40000000224,Move,722,276
265830.6000000015,Move,718,290
265846.5,Move,714,305
265862.5,Move,710,319
265878.40000000224,Move,707,333
265894.40000000224,Move,706,346
265910.40000000224,Move,703,358
265926.80000000075,Move,703,370
265950.40000000224,Move,703,393
265966.5,Move,703,404
265982.6000000015,Move,703,414
265998.90000000224,Move,705,423
266014.5,Move,708,432
266030.69999999925,Move,711,440
266046.80000000075,Move,716,449
266062.69999999925,Move,722,457
266078.80000000075,Move,727,467
266094.80000000075,Move,735,477
266110.5,Move,744,489
266126.5,Move,752,499
266150.5,Move,766,514
266166.5,Move,778,524
266182.69999999925,Move,786,530
266198.40000000224,Move,794,535
266214.69999999925,Move,804,541
266230.6000000015,Move,811,544
266246.40000000224,Move,817,547
266262.69999999925,Move,826,552
266278.69999999925,Move,833,554
266294.80000000075,Move,844,558
266310.69999999925,Move,850,559
266326.6000000015,Move,860,560
266350.80000000075,Move,870,560
266366.5,Move,876,560
266382.80000000075,Move,883,560
266398.69999999925,Move,892,560
266414.69999999925,Move,902,560
266430.69999999925,Move,912,557
266446.5,Move,920,555
266462.80000000075,Move,929,550
266478.6000000015,Move,940,548
266494.5,Move,950,544
266510.40000000224,Move,961,539
266526.5,Move,970,536
266550.40000000224,Move,979,532
266566.40000000224,Move,986,530
266582.40000000224,Move,988,527
266598.40000000224,Move,991,524
266614.6000000015,Move,994,522
266630.40000000224,Move,998,513
266646.5,Move,1003,502
266662.5,Move,1008,491
266678.40000000224,Move,1015,476
266694.40000000224,Move,1018,462
266710.19999999925,Move,1027,442
266726.40000000224,Move,1031,426
266750.40000000224,Move,1037,397
266766.5,Move,1042,383
266782.40000000224,Move,1043,369
266798.5,Move,1044,356
266814.40000000224,Move,1047,342
266830.40000000224,Move,1050,322
266846.30000000075,Move,1050,304
266862.30000000075,Move,1050,285
266878.5,Move,1050,268
266894.40000000224,Move,1050,255
266910.40000000224,Move,1050,247
266926.40000000224,Move,1050,236
266950.5,Move,1049,220
266966.40000000224,Move,1046,214
266982.40000000224,Move,1043,206
266998.30000000075,Move,1041,198
267014.40000000224,Move,1038,193
267030.40000000224,Move,1035,188
267046.40000000224,Move,1031,184
267062.30000000075,Move,1029,182
267078.6000000015,Move,1022,178
267094.5,Move,1018,177
267110.40000000224,Move,1012,176
267134.30000000075,Move,1002,176
267150.30000000075,Move,993,175
267166.40000000224,Move,986,175
267182.30000000075,Move,978,175
267198.30000000075,Move,972,175
267214.5,Move,966,175
267230.30000000075,Move,961,175
267246.5,Move,958,175
267318.80000000075,Released,958,175
267990.5,Released,936,673
