resolution:1920,1080
73292.60000000149,Pressed,768,221
73409.80000000075,Move,765,221
73417.19999999925,Move,764,221
73433.19999999925,Move,759,221
73449.40000000224,Move,755,221
73465.19999999925,Move,752,221
73481.30000000075,Move,749,221
73497.40000000224,Move,746,221
73521.30000000075,Move,742,221
73529.40000000224,Move,741,221
73553.30000000075,Move,737,221
73569.19999999925,Move,735,222
73577.30000000075,Move,733,223
73601.10000000149,Move,731,225
73617,Move,729,226
73633.10000000149,Move,728,226
73649.19999999925,Move,726,227
73665.19999999925,Move,723,227
73681.40000000224,Move,721,227
73697.19999999925,Move,718,229
73721.30000000075,Move,716,230
73737.10000000149,Move,714,230
73745.10000000149,Move,712,231
73769.19999999925,Move,711,232
73785.19999999925,Move,708,233
73801.10000000149,Move,707,233
73809.30000000075,Move,707,234
73833.30000000075,Move,704,235
73841.19999999925,Move,703,236
73865.10000000149,Move,700,238
73889.30000000075,Move,698,239
73905.19999999925,Move,697,240
73921.5,Move,695,241
73937.60000000149,Move,694,243
73961.69999999925,Move,693,243
73977.60000000149,Move,692,246
73985.10000000149,Move,691,247
73993.5,Move,690,248
74009.5,Move,690,250
74033.5,Move,689,252
74049.40000000224,Move,687,254
74065,Move,687,256
74081.30000000075,Move,686,258
74097.40000000224,Move,685,260
74113.30000000075,Move,684,263
74137,Move,682,266
74153.19999999925,Move,680,270
74169.10000000149,Move,679,273
74185.10000000149,Move,677,276
74201.5,Move,675,279
74217.30000000075,Move,673,283
74233.19999999925,Move,672,284
74241.19999999925,Move,671,287
74265.19999999925,Move,669,291
74273.19999999925,Move,668,292
74289.19999999925,Move,667,294
74321.30000000075,Move,666,299
74337.30000000075,Move,664,302
74353.40000000224,Move,663,304
74369.40000000224,Move,663,305
74385.10000000149,Move,662,308
74393.10000000149,Move,662,309
74417.40000000224,Move,662,313
74433.19999999925,Move,662,315
74449.10000000149,Move,662,319
74465.10000000149,Move,662,323
74481.30000000075,Move,662,328
74497.19999999925,Move,662,332
74521.10000000149,Move,661,338
74537.10000000149,Move,661,341
74553.19999999925,Move,661,345
74569.10000000149,Move,661,346
74585.10000000149,Move,661,349
74601.30000000075,Move,661,352
74617.19999999925,Move,661,354
74633.19999999925,Move,661,356
74649.30000000075,Move,661,358
74665,Move,661,361
74681.40000000224,Move,661,363
74689,Move,661,365
74721.19999999925,Move,661,370
74737.10000000149,Move,662,372
74753,Move,664,375
74769.19999999925,Move,665,377
74785.10000000149,Move,666,380
74801.10000000149,Move,669,385
74817.10000000149,Move,670,388
74832.90000000224,Move,671,391
74841.19999999925,Move,674,394
74865,Move,675,397
74881.30000000075,Move,678,400
74905.10000000149,Move,680,404
74921.19999999925,Move,682,406
74929.10000000149,Move,683,407
74953,Move,687,412
74961.10000000149,Move,688,413
74985,Move,690,414
75001.30000000075,Move,692,416
75017.5,Move,695,418
75033.30000000075,Move,696,419
75049.30000000075,Move,697,420
75057.10000000149,Move,699,421
75081.40000000224,Move,701,422
75097.19999999925,Move,704,423
75113.19999999925,Move,707,424
75137.19999999925,Move,711,425
75145.40000000224,Move,713,426
75169.5,Move,717,426
75177.19999999925,Move,718,428
75201.30000000075,Move,722,429
75217.19999999925,Move,727,430
75233.10000000149,Move,730,431
75249.5,Move,734,433
75265.19999999925,Move,736,434
75281.10000000149,Move,743,435
75297.10000000149,Move,745,435
75313.30000000075,Move,749,435
75337.10000000149,Move,753,438
75352.90000000224,Move,757,438
75361.40000000224,Move,759,439
75385.19999999925,Move,764,440
75401.19999999925,Move,767,442
75417.30000000075,Move,771,443
75433.10000000149,Move,772,443
75441.30000000075,Move,776,444
75465.30000000075,Move,781,444
75481.40000000224,Move,784,445
75497.19999999925,Move,786,445
75521.19999999925,Move,789,445
75537.30000000075,Move,791,445
75545.19999999925,Move,793,445
75569.40000000224,Move,794,445
75585.19999999925,Move,797,445
75601.10000000149,Move,798,445
75609.19999999925,Move,799,445
75625.10000000149,Move,801,445
75649.19999999925,Move,803,445
75665.19999999925,Move,806,445
75681.40000000224,Move,807,445
75697.19999999925,Move,810,445
75721.10000000149,Move,815,445
75737.30000000075,Move,816,445
75753.40000000224,Move,819,445
75769.40000000224,Move,822,445
75785.19999999925,Move,826,443
75801.40000000224,Move,828,443
75817.10000000149,Move,831,442
75833.30000000075,Move,834,441
75841.60000000149,Move,836,440
75865.19999999925,Move,839,439
75873.19999999925,Move,840,438
75897.19999999925,Move,841,437
75921.30000000075,Move,846,436
75936.90000000224,Move,848,434
75953.10000000149,Move,851,433
75961.19999999925,Move,853,432
75977.5,Move,855,432
76001.30000000075,Move,857,430
76017.19999999925,Move,859,428
76033.19999999925,Move,861,428
76049.19999999925,Move,864,426
76065.30000000075,Move,866,423
76081.30000000075,Move,868,422
76097.10000000149,Move,871,418
76121.30000000075,Move,873,414
76137.10000000149,Move,876,411
76153.30000000075,Move,877,409
76169.10000000149,Move,878,407
76185.19999999925,Move,880,405
76193.19999999925,Move,881,403
76217.10000000149,Move,882,401
76225.19999999925,Move,884,399
76249.5,Move,885,395
76265.19999999925,Move,885,393
76281.19999999925,Move,886,390
76297.10000000149,Move,888,385
76321.30000000075,Move,889,382
76337.10000000149,Move,890,378
76345.10000000149,Move,890,377
76369.10000000149,Move,891,372
76385,Move,893,368
76401.30000000075,Move,893,363
76417.10000000149,Move,894,360
76433,Move,894,357
76441.10000000149,Move,894,355
76465,Move,894,351
76473.19999999925,Move,894,349
76497,Move,895,344
76513.19999999925,Move,895,340
76537.19999999925,Move,895,335
76553.40000000224,Move,896,330
76569.60000000149,Move,896,326
76585.19999999925,Move,898,323
76601.10000000149,Move,898,318
76617.10000000149,Move,898,315
76633.10000000149,Move,898,312
76649.40000000224,Move,898,307
76665.19999999925,Move,898,303
76681.19999999925,Move,898,299
76697.40000000224,Move,898,294
76721.30000000075,Move,898,290
76737.30000000075,Move,898,286
76753.40000000224,Move,898,284
76769.30000000075,Move,897,281
76785,Move,897,278
76793.10000000149,Move,896,276
76817.19999999925,Move,894,272
76833.19999999925,Move,892,268
76849.10000000149,Move,891,265
76865.10000000149,Move,889,262
76873.10000000149,Move,889,260
76889.10000000149,Move,888,258
76921.19999999925,Move,886,255
76937.40000000224,Move,885,254
76953.5,Move,884,254
76969,Move,883,252
76985.19999999925,Move,880,249
77001.19999999925,Move,879,248
77016.90000000224,Move,876,245
77033.40000000224,Move,875,244
77049.60000000149,Move,874,244
77065.10000000149,Move,873,242
77081.40000000224,Move,871,241
77097.19999999925,Move,868,240
77121,Move,865,238
77137.30000000075,Move,863,237
77145.10000000149,Move,862,236
77177.30000000075,Move,861,236
77185.10000000149,Move,859,235
77193.19999999925,Move,858,234
77209.5,Move,857,233
77225.19999999925,Move,854,232
77249.30000000075,Move,851,231
77265.10000000149,Move,849,230
77273.10000000149,Move,848,230
77297.19999999925,Move,845,230
77321.10000000149,Move,840,228
77345.10000000149,Move,838,228
77361.19999999925,Move,837,228
77369.40000000224,Move,835,227
77385.19999999925,Move,834,227
77401.30000000075,Move,831,225
77417.10000000149,Move,827,224
77433.19999999925,Move,824,223
77449.40000000224,Move,822,223
77457.19999999925,Move,819,222
77481.30000000075,Move,814,222
77497.10000000149,Move,809,220
77521.10000000149,Move,805,220
77537.19999999925,Move,801,219
77553.19999999925,Move,798,219
77569.40000000224,Move,795,219
77585.10000000149,Move,791,219
77601.30000000075,Move,787,219
77617.10000000149,Move,784,219
77633.40000000224,Move,783,219
77649.40000000224,Move,780,219
77665,Move,778,219
77681.19999999925,Move,774,219
77745.40000000224,Move,772,219
77777,Move,771,219
77793.30000000075,Move,770,220
77793.60000000149,Released,770,220
78441.30000000075,Released,945,665
