resolution:1920,1080
79834.19999999925,Pressed,912,192
79846.90000000224,Move,908,191
79862.90000000224,Move,899,190
79879.10000000149,Move,886,190
79894.90000000224,Move,874,190
79911.10000000149,Move,861,190
79934.69999999925,Move,843,191
79951,Move,830,199
79966.69999999925,Move,822,206
79982.90000000224,Move,810,218
79998.80000000075,Move,802,228
80014.80000000075,Move,792,245
80030.80000000075,Move,784,258
80047,Move,779,272
80063,Move,774,287
80078.90000000224,Move,771,302
80094.69999999925,Move,769,314
80111,Move,769,326
80135,Move,769,343
80150.90000000224,Move,769,358
80166.60000000149,Move,772,372
80183,Move,777,388
80199.19999999925,Move,788,405
80214.90000000224,Move,796,417
80230.80000000075,Move,805,428
80246.69999999925,Move,817,439
80262.90000000224,Move,830,447
80278.90000000224,Move,847,456
80295.10000000149,Move,861,463
80310.80000000075,Move,877,467
80334.80000000075,Move,901,469
80351,Move,919,469
80366.69999999925,Move,940,469
80382.69999999925,Move,957,469
80398.60000000149,Move,976,468
80414.80000000075,Move,989,461
80430.80000000075,Move,1006,453
80446.69999999925,Move,1023,440
80462.80000000075,Move,1036,428
80479.40000000224,Move,1050,414
80494.90000000224,Move,1061,401
80510.80000000075,Move,1070,384
80534.69999999925,Move,1080,360
80550.69999999925,Move,1084,345
80566.60000000149,Move,1087,328
80582.90000000224,Move,1091,308
80598.60000000149,Move,1091,291
80614.80000000075,Move,1090,276
80630.80000000075,Move,1085,263
80646.69999999925,Move,1079,252
80662.80000000075,Move,1070,238
80678.69999999925,Move,1058,226
80694.69999999925,Move,1044,212
80710.80000000075,Move,1031,204
80734.60000000149,Move,1012,194
80750.69999999925,Move,1001,189
80766.90000000224,Move,989,188
80783,Move,978,184
80798.90000000224,Move,964,182
80814.90000000224,Move,952,182
80831,Move,940,182
80846.80000000075,Move,931,182
80862.80000000075,Move,926,182
80894.90000000224,Move,925,182
80902.69999999925,Move,924,182
80911.10000000149,Move,923,182
80935,Move,919,186
80951,Move,910,195
80967,Move,902,200
80967.30000000075,Released,902,200
81638.80000000075,Released,971,676
