resolution:1920,1080
294225.40000000224,Pressed,895,228
294230.5,Move,896,228
294246.40000000224,Move,903,226
294262.6000000015,Move,910,226
294278.5,Move,924,223
294294.6000000015,Move,936,222
294310.69999999925,Move,947,222
294326.5,Move,963,222
294350.30000000075,Move,977,222
294366.40000000224,Move,987,224
294382.5,Move,996,227
294398.40000000224,Move,1003,231
294414.80000000075,Move,1012,236
294430.5,Move,1023,242
294454.30000000075,Move,1034,251
294462.30000000075,Move,1039,253
294478.40000000224,Move,1043,260
294494.5,Move,1051,265
294510.30000000075,Move,1055,273
294526.40000000224,Move,1060,282
294550.19999999925,Move,1065,296
294566.30000000075,Move,1067,306
294582.30000000075,Move,1071,320
294598.40000000224,Move,1072,329
294614.6000000015,Move,1072,340
294630.6000000015,Move,1072,350
294646.40000000224,Move,1072,357
294662.40000000224,Move,1072,366
294678.5,Move,1072,375
294694.40000000224,Move,1072,384
294710.69999999925,Move,1072,394
294726.5,Move,1070,408
294750.69999999925,Move,1065,425
294766.6000000015,Move,1060,435
294782.6000000015,Move,1056,446
294798.40000000224,Move,1050,456
294814.69999999925,Move,1044,467
294830.69999999925,Move,1040,474
294846.5,Move,1034,483
294862.80000000075,Move,1030,490
294878.40000000224,Move,1025,497
294894.40000000224,Move,1020,502
294910.5,Move,1016,506
294926.5,Move,1014,509
294950.5,Move,1008,511
294966.30000000075,Move,1003,514
294982.40000000224,Move,998,515
294998.5,Move,992,515
295014.40000000224,Move,985,515
295030.5,Move,974,515
295046.30000000075,Move,960,515
295062.40000000224,Move,941,515
295078.6000000015,Move,924,515
295094.40000000224,Move,909,515
295110.40000000224,Move,896,515
295126.30000000075,Move,886,515
295150.80000000075,Move,873,513
295166.69999999925,Move,865,511
295182.5,Move,859,508
295198.80000000075,Move,850,504
295214.5,Move,842,498
295230.90000000224,Move,834,494
295246.6000000015,Move,823,486
295262.40000000224,Move,818,480
295278.69999999925,Move,812,473
295294.5,Move,804,464
295310.6000000015,Move,800,458
295326.40000000224,Move,797,453
295350.6000000015,Move,793,448
295366.40000000224,Move,792,442
295382.5,Move,790,435
295398.6000000015,Move,788,427
295414.6000000015,Move,787,421
295430.69999999925,Move,786,411
295446.69999999925,Move,786,402
295462.69999999925,Move,786,394
295478.30000000075,Move,786,383
295494.5,Move,786,373
295510.80000000075,Move,786,363
295526.40000000224,Move,786,351
295550.40000000224,Move,786,334
295566.5,Move,786,327
295582.69999999925,Move,787,318
295598.69999999925,Move,788,308
295614.5,Move,789,301
295630.6000000015,Move,790,292
295646.40000000224,Move,790,286
295662.6000000015,Move,793,281
295678.30000000075,Move,793,278
295694.5,Move,794,276
295710.69999999925,Move,795,274
295726.5,Move,798,268
295750.69999999925,Move,802,264
295766.30000000075,Move,803,261
295782.30000000075,Move,804,259
295798.40000000224,Move,806,257
295806.5,Move,807,256
295830.69999999925,Move,808,255
295846.69999999925,Move,810,253
295862.5,Move,812,252
295878.5,Move,815,250
295894.40000000224,Move,819,249
295910.6000000015,Move,821,247
295926.5,Move,825,244
295950.5,Move,831,241
295958.6000000015,Move,833,240
295982.5,Move,838,239
295998.6000000015,Move,839,239
296006.40000000224,Move,841,237
296030.40000000224,Move,846,235
296046.30000000075,Move,850,234
296062.5,Move,856,232
296078.69999999925,Move,859,231
296094.6000000015,Move,862,231
296102.69999999925,Move,865,230
296126.80000000075,Move,866,230
296150.69999999925,Move,872,229
296166.40000000224,Move,874,229
296182.6000000015,Move,879,229
296198.6000000015,Move,883,229
296214.5,Move,888,229
296230.5,Move,892,229
296246.6000000015,Move,895,229
296262.5,Move,898,229
296278.6000000015,Move,900,229
296294.80000000075,Move,901,229
296310.5,Move,905,229
296326.5,Move,911,229
296326.69999999925,Released,911,229
297030.5,Released,943,673
