resolution:1920,1080
140060,Pressed,707,268
140088.90000000224,Move,708,268
140097.30000000075,Move,710,268
140121.1000000015,Move,716,271
140137,Move,719,272
140145,Move,721,272
140169.1000000015,Move,726,272
140177.1000000015,Move,728,273
140201,Move,732,274
140217,Move,735,276
140233.40000000224,Move,737,277
140241.19999999925,Move,740,278
140265,Move,743,279
140281.1000000015,Move,745,281
140289.1000000015,Move,746,282
140321.19999999925,Move,750,284
140337,Move,751,286
140353,Move,753,287
140369.19999999925,Move,754,289
140385,Move,754,292
140401,Move,757,295
140417.1000000015,Move,758,298
140433.1000000015,Move,758,299
140449.30000000075,Move,758,302
140465,Move,758,303
140481.30000000075,Move,759,307
140497.30000000075,Move,759,309
140521.19999999925,Move,760,313
140537.1000000015,Move,760,314
140552.90000000224,Move,760,318
140569.40000000224,Move,760,320
140584.90000000224,Move,762,323
140601,Move,763,326
140617.30000000075,Move,763,327
140633.30000000075,Move,763,329
140649.1000000015,Move,763,331
140665.1000000015,Move,763,335
140681.19999999925,Move,763,337
140689.19999999925,Move,762,340
140721.1000000015,Move,761,346
140736.90000000224,Move,761,349
140753,Move,760,350
140769.1000000015,Move,758,355
140785,Move,757,356
140801.19999999925,Move,757,359
140817,Move,757,362
140825.19999999925,Move,756,364
140849,Move,756,368
140857.19999999925,Move,754,369
140881.6000000015,Move,753,372
140897.1000000015,Move,752,374
140913.30000000075,Move,749,377
140937.1000000015,Move,747,380
140953.40000000224,Move,747,383
140969.30000000075,Move,745,387
140977.1000000015,Move,744,387
141001.1000000015,Move,743,389
141016.90000000224,Move,742,391
141033.19999999925,Move,740,392
141049.40000000224,Move,739,394
141057,Move,738,395
141073.1000000015,Move,737,396
141097.30000000075,Move,732,400
141121.1000000015,Move,729,403
141129.40000000224,Move,728,404
141153,Move,725,405
141169.1000000015,Move,723,406
141177.40000000224,Move,722,407
141193.1000000015,Move,719,408
141217.30000000075,Move,718,408
141233.19999999925,Move,716,409
141249.30000000075,Move,714,409
141265.40000000224,Move,711,410
141281.30000000075,Move,710,410
141297.40000000224,Move,706,411
141321.1000000015,Move,703,411
141337,Move,700,412
141353.1000000015,Move,698,412
141369,Move,694,412
141385.19999999925,Move,692,412
141401.30000000075,Move,688,413
141417.30000000075,Move,683,414
141433.30000000075,Move,680,414
141449,Move,676,414
141464.90000000224,Move,674,414
141481.30000000075,Move,671,414
141489,Move,670,414
141521.19999999925,Move,665,414
141537.1000000015,Move,663,414
141545.1000000015,Move,661,414
141569.19999999925,Move,658,414
141585.19999999925,Move,656,413
141592.90000000224,Move,655,413
141609.30000000075,Move,653,412
141625.19999999925,Move,649,411
141641.19999999925,Move,647,410
141665,Move,643,408
141681,Move,641,407
141689.1000000015,Move,639,406
141721.1000000015,Move,634,403
141729,Move,633,402
141752.90000000224,Move,631,401
141769.1000000015,Move,629,399
141785.1000000015,Move,627,397
141801,Move,625,395
141817,Move,624,393
141833.1000000015,Move,621,389
141849.19999999925,Move,619,384
141865.1000000015,Move,616,380
141881.1000000015,Move,613,374
141897,Move,612,370
141921.1000000015,Move,610,365
141936.90000000224,Move,608,362
141945.1000000015,Move,607,361
141969,Move,606,358
141977.1000000015,Move,606,356
141993,Move,604,352
142017.1000000015,Move,603,348
142032.90000000224,Move,602,344
142049.1000000015,Move,601,343
142065.1000000015,Move,601,339
142081.1000000015,Move,599,337
142097.5,Move,599,334
142121.30000000075,Move,599,329
142137.1000000015,Move,599,325
142152.90000000224,Move,599,322
142169,Move,599,317
142185.1000000015,Move,599,313
142201.19999999925,Move,599,312
142217.1000000015,Move,599,308
142233.19999999925,Move,599,307
142249.1000000015,Move,600,304
142265.1000000015,Move,601,302
142281.19999999925,Move,601,300
142297.30000000075,Move,603,297
142313.30000000075,Move,605,295
142337.19999999925,Move,607,292
142352.90000000224,Move,609,290
142377.30000000075,Move,609,288
142385.1000000015,Move,610,287
142401,Move,612,286
142409,Move,613,285
142425.1000000015,Move,615,282
142449.30000000075,Move,617,280
142464.90000000224,Move,619,278
142473.1000000015,Move,620,277
142497.1000000015,Move,623,274
142504.90000000224,Move,624,274
142536.90000000224,Move,627,272
142545,Move,628,272
142569,Move,631,270
142585.30000000075,Move,633,270
142601,Move,636,269
142617.1000000015,Move,640,268
142632.90000000224,Move,642,267
142649.30000000075,Move,645,265
142657,Move,646,265
142681.40000000224,Move,650,265
142697.19999999925,Move,654,264
142721.19999999925,Move,659,264
142737,Move,662,263
142745.1000000015,Move,663,263
142769.19999999925,Move,667,263
142777.30000000075,Move,668,263
142801.19999999925,Move,672,263
142817.1000000015,Move,675,263
142833,Move,679,263
142849.1000000015,Move,681,263
142865,Move,684,263
142873.1000000015,Move,685,263
142897,Move,690,263
142904.80000000075,Move,693,263
142937,Move,699,263
142953.19999999925,Move,702,263
142969.19999999925,Move,707,263
142985.19999999925,Move,710,263
143001,Move,714,263
143017.30000000075,Move,716,263
143025.40000000224,Move,718,263
143049.1000000015,Move,721,265
143057.19999999925,Move,722,266
143137.1000000015,Released,722,266
143873.19999999925,Released,959,663
