resolution:1920,1080
117987.69999999925,Pressed,765,501
118001.40000000224,Move,766,501
118017.19999999925,Move,770,501
118033.10000000149,Move,773,501
118049,Move,778,501
118065,Move,782,501
118081.30000000075,Move,786,501
118097.19999999925,Move,791,501
118121.19999999925,Move,800,501
118137.10000000149,Move,805,501
118153.30000000075,Move,809,501
118169,Move,811,501
118184.90000000224,Move,815,500
118201,Move,820,500
118217.60000000149,Move,825,498
118233.10000000149,Move,830,496
118241,Move,830,495
118265,Move,836,492
118281.10000000149,Move,840,489
118297.10000000149,Move,844,487
118321.10000000149,Move,850,483
118336.90000000224,Move,854,479
118353.30000000075,Move,855,476
118369.40000000224,Move,857,474
118385.10000000149,Move,859,471
118393.10000000149,Move,859,469
118417.30000000075,Move,862,466
118433,Move,863,464
118449,Move,864,461
118465,Move,866,457
118473.10000000149,Move,867,455
118497.10000000149,Move,867,451
118521.10000000149,Move,868,446
118537.30000000075,Move,868,445
118545,Move,868,442
118569.10000000149,Move,870,439
118585,Move,870,437
118601.30000000075,Move,870,434
118617.19999999925,Move,870,430
118625.30000000075,Move,871,428
118641,Move,871,425
118665.40000000224,Move,871,421
118681.30000000075,Move,871,419
118697.30000000075,Move,871,414
118721,Move,871,406
118737,Move,871,401
118752.90000000224,Move,871,396
118769,Move,870,390
118785,Move,869,385
118800.80000000075,Move,868,379
118817.10000000149,Move,868,374
118833.19999999925,Move,866,369
118849,Move,865,362
118865.10000000149,Move,865,360
118881.10000000149,Move,864,355
118889,Move,864,353
118913.19999999925,Move,861,346
118937,Move,860,343
118953,Move,859,339
118968.90000000224,Move,858,338
118985.10000000149,Move,857,333
119001.10000000149,Move,855,330
119009.19999999925,Move,854,328
119033.10000000149,Move,851,325
119049.19999999925,Move,849,321
119065.19999999925,Move,845,317
119081.19999999925,Move,842,314
119097.19999999925,Move,840,312
119121.30000000075,Move,835,309
119129.60000000149,Move,833,308
119153,Move,828,305
119169.30000000075,Move,825,304
119185.30000000075,Move,821,303
119201.60000000149,Move,816,300
119217.40000000224,Move,813,298
119233.10000000149,Move,808,298
119249,Move,804,296
119265,Move,801,295
119281,Move,798,294
119297.10000000149,Move,794,293
119321.19999999925,Move,789,291
119336.80000000075,Move,785,291
119353.10000000149,Move,782,291
119369,Move,778,291
119384.90000000224,Move,774,290
119401,Move,769,290
119417,Move,767,290
119433.10000000149,Move,763,290
119449.10000000149,Move,760,290
119465,Move,756,290
119481,Move,753,290
119497.40000000224,Move,750,290
119521.10000000149,Move,746,290
119537,Move,743,290
119552.90000000224,Move,741,290
119569,Move,737,291
119585,Move,735,292
119601.10000000149,Move,732,292
119617,Move,732,293
119633,Move,728,295
119649.10000000149,Move,726,297
119665.10000000149,Move,722,300
119681,Move,719,301
119697.30000000075,Move,714,304
119720.80000000075,Move,711,307
119736.90000000224,Move,707,311
119752.90000000224,Move,703,314
119768.80000000075,Move,698,319
119785,Move,695,321
119801.10000000149,Move,690,324
119817.30000000075,Move,689,326
119833.10000000149,Move,686,328
119849.19999999925,Move,683,332
119865.19999999925,Move,681,334
119881.40000000224,Move,677,339
119897.30000000075,Move,676,341
119921.30000000075,Move,671,348
119937.10000000149,Move,668,354
119945.10000000149,Move,667,356
119969,Move,665,362
119985.10000000149,Move,663,367
120000.90000000224,Move,662,371
120017.10000000149,Move,661,377
120033.10000000149,Move,660,383
120049.40000000224,Move,659,391
120065.10000000149,Move,658,397
120081.5,Move,658,403
120097.10000000149,Move,658,410
120121,Move,658,417
120137,Move,658,423
120153.10000000149,Move,658,428
120169,Move,658,433
120185,Move,658,440
120201.19999999925,Move,658,446
120217.19999999925,Move,658,452
120233.10000000149,Move,658,458
120249.19999999925,Move,658,463
120265,Move,659,467
120281.30000000075,Move,660,471
120297.40000000224,Move,661,473
120313,Move,662,475
120337.30000000075,Move,663,476
120353.30000000075,Move,664,477
120369.19999999925,Move,665,479
120377,Move,665,480
120393.19999999925,Move,666,481
120416.90000000224,Move,668,483
120433.30000000075,Move,670,484
120457.40000000224,Move,672,485
120465.30000000075,Move,674,486
120481.19999999925,Move,676,488
120505,Move,677,489
120521.10000000149,Move,680,492
120537.19999999925,Move,682,493
120545,Move,684,494
120569.30000000075,Move,687,496
120585.10000000149,Move,688,498
120601.19999999925,Move,690,500
120609.10000000149,Move,691,500
120633,Move,696,501
120657,Move,698,503
120665,Move,699,504
120672.90000000224,Move,701,505
120697,Move,704,505
120720.90000000224,Move,708,506
120737,Move,711,508
120752.90000000224,Move,714,508
120768.90000000224,Move,718,509
120785.19999999925,Move,721,509
120801,Move,724,510
120817.10000000149,Move,727,510
120833,Move,730,511
120849.10000000149,Move,732,511
120865.19999999925,Move,736,511
120881.30000000075,Move,740,511
120897.19999999925,Move,741,511
120921.19999999925,Move,746,511
120937.10000000149,Move,748,511
120952.80000000075,Move,751,511
120969.30000000075,Move,753,511
120985.30000000075,Move,756,511
120993.30000000075,Move,757,511
121017.10000000149,Move,761,511
121033.10000000149,Move,766,511
121049.30000000075,Move,768,508
121057.30000000075,Move,770,507
121057.60000000149,Released,770,507
121857.30000000075,Released,968,662
122521.30000000075,Released,963,671
