resolution:1920,1080
148956.80000000075,Pressed,757,260
148969.1000000015,Move,760,259
148985.1000000015,Move,765,259
149001,Move,769,259
149016.90000000224,Move,775,259
149033.19999999925,Move,780,259
149049.1000000015,Move,786,259
149065,Move,790,259
149081,Move,795,259
149096.90000000224,Move,802,259
149121.1000000015,Move,813,259
149137,Move,818,259
149153.30000000075,Move,825,259
149169.1000000015,Move,829,260
149185.1000000015,Move,835,261
149201.1000000015,Move,842,264
149217,Move,848,266
149233,Move,853,267
149248.90000000224,Move,857,270
149265,Move,861,271
149281,Move,864,274
149297,Move,867,276
149320.90000000224,Move,874,281
149337.1000000015,Move,879,285
149353,Move,882,287
149369.19999999925,Move,884,290
149384.90000000224,Move,885,290
149401.1000000015,Move,888,293
149416.90000000224,Move,891,296
149433.19999999925,Move,892,299
149449.1000000015,Move,894,302
149464.90000000224,Move,896,304
149473.1000000015,Move,897,307
149497,Move,898,309
149512.90000000224,Move,899,313
149537.19999999925,Move,900,318
149552.90000000224,Move,902,323
149569,Move,903,328
149584.80000000075,Move,905,333
149601.19999999925,Move,905,337
149617.40000000224,Move,907,341
149633.19999999925,Move,908,345
149649.5,Move,909,351
149664.90000000224,Move,910,355
149681.1000000015,Move,912,363
149697.40000000224,Move,912,366
149721.1000000015,Move,912,375
149737.1000000015,Move,912,380
149753.19999999925,Move,912,386
149769.1000000015,Move,912,393
149785.30000000075,Move,912,401
149801.1000000015,Move,912,407
149817,Move,912,415
149833,Move,912,422
149849,Move,910,430
149865.19999999925,Move,908,437
149881.30000000075,Move,906,442
149896.90000000224,Move,905,448
149913.1000000015,Move,901,456
149937.30000000075,Move,898,465
149953.19999999925,Move,897,468
149969,Move,896,470
149977,Move,895,472
150001,Move,893,474
150017,Move,893,475
150033,Move,892,477
150049.1000000015,Move,891,479
150065.1000000015,Move,889,481
150081.19999999925,Move,888,482
150097,Move,888,483
150121.1000000015,Move,887,484
150137,Move,886,485
150153.19999999925,Move,884,487
150161.1000000015,Move,884,488
150185,Move,880,491
150217.30000000075,Move,878,493
150233.19999999925,Move,876,495
150241.1000000015,Move,875,497
150249.1000000015,Move,874,498
150257.1000000015,Move,873,499
150281.5,Move,870,500
150297.6000000015,Move,867,502
150304.90000000224,Move,867,503
150337.1000000015,Move,863,506
150345.19999999925,Move,862,506
150369,Move,860,507
150385.1000000015,Move,859,507
150401.19999999925,Move,855,507
150417.19999999925,Move,853,508
150432.90000000224,Move,851,508
150449.1000000015,Move,848,508
150465.1000000015,Move,847,508
150481,Move,844,508
150497,Move,842,510
150521,Move,839,510
150537.19999999925,Move,836,510
150552.90000000224,Move,833,510
150569.30000000075,Move,830,510
150585.1000000015,Move,827,510
150593,Move,824,510
150617.19999999925,Move,819,510
150633.19999999925,Move,814,510
150649.19999999925,Move,810,510
150665,Move,806,510
150681.19999999925,Move,803,510
150697.40000000224,Move,800,510
150713.19999999925,Move,797,510
150736.90000000224,Move,791,510
150753,Move,789,510
150769,Move,784,510
150777,Move,783,510
150801.1000000015,Move,779,510
150816.90000000224,Move,776,510
150833,Move,772,510
150841.19999999925,Move,770,510
150865,Move,766,510
150881.1000000015,Move,763,510
150897.19999999925,Move,759,509
150913.30000000075,Move,756,508
150937.1000000015,Move,749,506
150953.30000000075,Move,745,505
150969.19999999925,Move,742,503
150985.1000000015,Move,739,501
151001.19999999925,Move,735,499
151017,Move,732,497
151033,Move,730,495
151049.40000000224,Move,728,493
151065.19999999925,Move,727,490
151081.40000000224,Move,725,488
151097.19999999925,Move,722,483
151121,Move,718,478
151137,Move,716,474
151145,Move,715,473
151169,Move,712,469
151177.1000000015,Move,711,466
151192.90000000224,Move,710,464
151209,Move,708,459
151233,Move,707,455
151248.90000000224,Move,705,453
151265,Move,705,450
151273.19999999925,Move,703,448
151296.90000000224,Move,703,446
151320.90000000224,Move,701,442
151337,Move,701,439
151352.80000000075,Move,699,436
151368.80000000075,Move,699,433
151385,Move,698,429
151400.90000000224,Move,698,425
151417,Move,698,420
151433,Move,698,416
151448.90000000224,Move,698,410
151464.90000000224,Move,698,405
151481,Move,698,401
151497,Move,698,396
151520.90000000224,Move,698,389
151536.90000000224,Move,698,384
151552.80000000075,Move,698,381
151568.90000000224,Move,698,376
151584.80000000075,Move,698,373
151600.80000000075,Move,698,371
151616.90000000224,Move,698,368
151633.1000000015,Move,700,364
151648.80000000075,Move,701,359
151665,Move,701,355
151673,Move,703,353
151696.90000000224,Move,704,349
151720.90000000224,Move,705,344
151736.80000000075,Move,707,338
151752.80000000075,Move,708,334
151769.19999999925,Move,709,330
151785,Move,710,326
151800.90000000224,Move,712,321
151816.90000000224,Move,713,317
151832.90000000224,Move,714,313
151849,Move,715,311
151865,Move,717,305
151881,Move,718,302
151896.90000000224,Move,720,299
151912.90000000224,Move,723,294
151937,Move,724,290
151945,Move,725,289
151961,Move,726,287
151985,Move,728,285
152000.90000000224,Move,729,284
152017,Move,731,281
152033,Move,732,280
152049.1000000015,Move,734,278
152057.1000000015,Move,737,276
152073.19999999925,Move,739,275
152097.30000000075,Move,741,273
152121.19999999925,Move,743,272
152137.19999999925,Move,745,271
152153.19999999925,Move,747,271
152169,Move,749,270
152185.1000000015,Move,751,270
152201.19999999925,Move,752,270
152209,Move,754,269
152337.19999999925,Move,756,269
152345,Released,756,269
153057,Released,954,662
153441.1000000015,Released,952,665
