resolution:1920,1080
338010.19999999925,Pressed,1255,335
338014.69999999925,Move,1256,334
338030.80000000075,Move,1259,334
338046.30000000075,Move,1265,334
338062.80000000075,Move,1271,334
338078.6000000015,Move,1283,338
338094.5,Move,1296,344
338110.69999999925,Move,1309,351
338126.40000000224,Move,1322,360
338142.80000000075,Move,1332,370
338166.40000000224,Move,1347,387
338182.40000000224,Move,1354,398
338198.40000000224,Move,1360,409
338214.19999999925,Move,1364,422
338230.5,Move,1368,439
338246.19999999925,Move,1370,455
338262.6000000015,Move,1372,472
338278.69999999925,Move,1373,486
338294.5,Move,1373,501
338310.6000000015,Move,1373,516
338326.6000000015,Move,1373,528
338342.5,Move,1369,541
338366.5,Move,1358,565
338382.5,Move,1350,582
338398.6000000015,Move,1342,593
338414.5,Move,1332,604
338430.6000000015,Move,1325,612
338446.40000000224,Move,1319,619
338462.40000000224,Move,1307,625
338478.5,Move,1299,628
338494.40000000224,Move,1283,632
338510.69999999925,Move,1270,634
338526.40000000224,Move,1262,636
338550.40000000224,Move,1249,637
338566.19999999925,Move,1237,637
338582.5,Move,1224,637
338598.40000000224,Move,1207,637
338614.6000000015,Move,1197,637
338630.69999999925,Move,1190,637
338646.5,Move,1180,636
338662.6000000015,Move,1172,634
338678.5,Move,1163,632
338694.69999999925,Move,1150,628
338710.69999999925,Move,1133,623
338726.6000000015,Move,1124,620
338742.40000000224,Move,1112,615
338766.5,Move,1103,607
338782.40000000224,Move,1096,600
338798.40000000224,Move,1090,594
338814.30000000075,Move,1084,585
338830.40000000224,Move,1080,578
338846.30000000075,Move,1077,568
338862.40000000224,Move,1073,557
338878.40000000224,Move,1072,543
338894.30000000075,Move,1069,528
338910.40000000224,Move,1068,514
338926.30000000075,Move,1068,501
338942.40000000224,Move,1068,489
338966.19999999925,Move,1068,472
338982.30000000075,Move,1068,460
338998.30000000075,Move,1071,448
339014.19999999925,Move,1077,435
339030.6000000015,Move,1082,424
339046.6000000015,Move,1089,414
339062.6000000015,Move,1095,405
339078.40000000224,Move,1102,395
339094.40000000224,Move,1110,385
339110.69999999925,Move,1115,380
339126.6000000015,Move,1121,376
339142.69999999925,Move,1125,373
339166.40000000224,Move,1138,365
339182.40000000224,Move,1144,362
339198.40000000224,Move,1153,357
339214.6000000015,Move,1160,354
339230.69999999925,Move,1172,351
339246.6000000015,Move,1185,347
339262.5,Move,1193,346
339278.6000000015,Move,1201,342
339294.6000000015,Move,1210,340
339310.30000000075,Move,1217,339
339326.30000000075,Move,1226,337
339342.69999999925,Move,1233,336
339366.5,Move,1243,336
339382.5,Move,1247,336
339398.30000000075,Move,1249,336
339414.5,Move,1252,336
339422.5,Move,1254,336
339462.5,Released,1254,336
340254.40000000224,Released,959,679
