resolution:1920,1080
192785.30000000075,Pressed,850,216
192814.69999999925,Move,844,214
192830.5,Move,834,214
192846.5,Move,823,214
192862.5,Move,809,214
192878.69999999925,Move,799,214
192894.5,Move,788,218
192910.6000000015,Move,780,222
192934.5,Move,771,229
192950.5,Move,766,234
192966.69999999925,Move,757,241
192982.5,Move,751,246
192998.5,Move,747,253
193014.5,Move,742,259
193030.30000000075,Move,740,265
193046.30000000075,Move,737,270
193062.30000000075,Move,735,275
193078.5,Move,733,284
193094.6000000015,Move,733,288
193110.69999999925,Move,733,295
193134.6000000015,Move,733,303
193150.6000000015,Move,733,310
193166.6000000015,Move,734,316
193182.69999999925,Move,738,325
193198.69999999925,Move,741,331
193214.6000000015,Move,746,336
193230.90000000224,Move,752,343
193246.5,Move,759,347
193262.6000000015,Move,766,354
193278.69999999925,Move,772,359
193294.69999999925,Move,780,362
193311.1000000015,Move,788,367
193326.6000000015,Move,796,368
193350.6000000015,Move,806,370
193366.6000000015,Move,811,371
193382.69999999925,Move,818,371
193398.40000000224,Move,828,371
193414.69999999925,Move,838,371
193430.69999999925,Move,844,370
193446.5,Move,851,368
193462.5,Move,857,365
193478.6000000015,Move,862,362
193494.6000000015,Move,868,357
193510.80000000075,Move,876,349
193526.80000000075,Move,884,340
193550.90000000224,Move,891,330
193566.6000000015,Move,896,321
193582.80000000075,Move,900,315
193598.40000000224,Move,905,306
193614.5,Move,908,297
193630.69999999925,Move,910,288
193646.5,Move,912,278
193662.80000000075,Move,912,272
193678.6000000015,Move,913,262
193694.5,Move,913,255
193710.6000000015,Move,913,246
193726.69999999925,Move,913,239
193750.80000000075,Move,913,230
193766.6000000015,Move,913,226
193774.90000000224,Move,912,224
193798.69999999925,Move,910,220
193814.40000000224,Move,906,217
193830.6000000015,Move,902,215
193846.80000000075,Move,897,214
193862.6000000015,Move,891,211
193878.80000000075,Move,881,209
193894.80000000075,Move,871,209
193911,Move,863,209
193926.6000000015,Move,855,209
193950.69999999925,Move,845,209
193966.5,Move,840,209
194030.90000000224,Move,838,209
194046.6000000015,Released,838,209
194742.80000000075,Released,948,669
