resolution:1920,1080
320889.1000000015,Pressed,625,267
320894.40000000224,Move,626,266
320910.80000000075,Move,633,265
320934.19999999925,Move,649,262
320950.5,Move,658,262
320966.40000000224,Move,665,262
320982.6000000015,Move,672,262
320998.40000000224,Move,677,262
321014.69999999925,Move,684,263
321030.40000000224,Move,692,267
321046.40000000224,Move,698,271
321062.80000000075,Move,705,277
321078.6000000015,Move,710,283
321094.40000000224,Move,714,289
321110.80000000075,Move,719,298
321126.6000000015,Move,720,306
321150.5,Move,721,320
321166.69999999925,Move,721,330
321182.6000000015,Move,723,338
321198.5,Move,723,347
321214.40000000224,Move,723,357
321230.5,Move,723,365
321246.30000000075,Move,723,375
321262.6000000015,Move,721,384
321278.80000000075,Move,718,391
321294.6000000015,Move,716,396
321310.80000000075,Move,710,403
321326.6000000015,Move,705,411
321350.5,Move,696,420
321366.30000000075,Move,693,422
321382.5,Move,690,425
321398.80000000075,Move,686,427
321414.40000000224,Move,681,429
321430.80000000075,Move,677,429
321446.30000000075,Move,673,429
321462.30000000075,Move,668,429
321478.40000000224,Move,662,429
321494.69999999925,Move,655,429
321510.69999999925,Move,649,429
321526.5,Move,644,429
321550.5,Move,637,429
321566.30000000075,Move,632,428
321582.5,Move,627,426
321598.40000000224,Move,622,423
321614.40000000224,Move,620,421
321630.6000000015,Move,617,419
321646.5,Move,613,415
321662.6000000015,Move,609,411
321678.69999999925,Move,604,404
321694.6000000015,Move,602,399
321710.69999999925,Move,597,392
321726.40000000224,Move,596,385
321750.5,Move,592,375
321766.40000000224,Move,592,366
321782.30000000075,Move,591,359
321798.40000000224,Move,591,354
321814.30000000075,Move,591,347
321830.6000000015,Move,591,341
321846.40000000224,Move,591,335
321862.40000000224,Move,591,329
321878.80000000075,Move,595,320
321894.5,Move,596,317
321910.6000000015,Move,601,310
321926.30000000075,Move,605,302
321950.40000000224,Move,609,297
321966.5,Move,611,294
321982.40000000224,Move,613,289
321998.40000000224,Move,618,284
322014.5,Move,619,282
322030.5,Move,623,279
322038.5,Move,625,277
322062.80000000075,Move,628,274
322078.6000000015,Move,628,273
322126.5,Released,628,273
322998.40000000224,Released,933,674
