resolution:1920,1080
154012.5,Pressed,733,287
154065.30000000075,Move,732,287
154081.19999999925,Move,731,287
154097.1000000015,Move,730,287
154121.1000000015,Move,729,287
154168.90000000224,Move,725,287
154185,Move,720,289
154193.19999999925,Move,719,289
154217.19999999925,Move,715,290
154226.30000000075,Move,714,291
154238.80000000075,Move,714,291
154273.19999999925,Move,714,292
154281.1000000015,Move,712,293
154296.90000000224,Move,709,295
154321.1000000015,Move,705,297
154337.19999999925,Move,702,299
154353.1000000015,Move,701,300
154361.5,Move,699,302
154385,Move,696,305
154401.1000000015,Move,695,306
154425.1000000015,Move,694,307
154433.30000000075,Move,694,309
154449,Move,692,311
154465.1000000015,Move,691,313
154481.30000000075,Move,689,317
154497.5,Move,688,320
154513,Move,687,322
154529.30000000075,Move,685,326
154552.90000000224,Move,684,330
154569.19999999925,Move,684,332
154577,Move,683,334
154601.1000000015,Move,682,338
154616.90000000224,Move,682,341
154625.1000000015,Move,680,345
154649.1000000015,Move,680,348
154664.90000000224,Move,679,352
154681.19999999925,Move,679,358
154696.90000000224,Move,678,362
154721.1000000015,Move,677,369
154736.90000000224,Move,676,375
154753.30000000075,Move,676,378
154769.1000000015,Move,676,384
154785,Move,674,391
154801.1000000015,Move,674,396
154817.30000000075,Move,673,401
154833,Move,673,405
154849,Move,673,408
154857.19999999925,Move,673,411
154881.19999999925,Move,673,415
154897.1000000015,Move,673,418
154921,Move,673,423
154937.1000000015,Move,673,425
154953,Move,673,428
154969,Move,673,431
154985.19999999925,Move,673,433
154993.1000000015,Move,674,434
155017.19999999925,Move,676,438
155033,Move,677,440
155049.1000000015,Move,680,443
155057,Move,681,446
155080.90000000224,Move,684,449
155097.30000000075,Move,687,452
155121.1000000015,Move,690,455
155137.1000000015,Move,692,457
155153.1000000015,Move,694,457
155169.19999999925,Move,697,459
155185.19999999925,Move,700,461
155201.30000000075,Move,703,463
155209.1000000015,Move,705,464
155233.19999999925,Move,710,465
155249,Move,713,466
155257.19999999925,Move,715,468
155281.1000000015,Move,720,469
155297.1000000015,Move,723,469
155313,Move,728,470
155337,Move,731,470
155352.90000000224,Move,735,472
155361.1000000015,Move,738,473
155384.90000000224,Move,742,473
155400.90000000224,Move,744,473
155417.1000000015,Move,748,474
155432.80000000075,Move,750,474
155449.1000000015,Move,753,474
155457.1000000015,Move,755,474
155481.19999999925,Move,760,474
155497.5,Move,762,474
155513.1000000015,Move,764,474
155529.19999999925,Move,768,474
155553,Move,770,474
155569.1000000015,Move,775,474
155585.1000000015,Move,777,473
155601.1000000015,Move,780,472
155617,Move,782,471
155633.1000000015,Move,787,469
155649.40000000224,Move,790,467
155665.19999999925,Move,792,464
155681.19999999925,Move,796,462
155697.1000000015,Move,798,459
155721.19999999925,Move,805,452
155737,Move,807,449
155753,Move,810,444
155769,Move,812,439
155785,Move,816,433
155801,Move,817,429
155817.19999999925,Move,818,425
155833,Move,821,420
155848.90000000224,Move,822,417
155865,Move,823,411
155881.1000000015,Move,825,407
155897.30000000075,Move,826,401
155913.1000000015,Move,827,396
155936.90000000224,Move,828,391
155953.19999999925,Move,828,386
155969.30000000075,Move,830,381
155985,Move,830,380
156001.1000000015,Move,830,377
156017.19999999925,Move,831,372
156033,Move,831,369
156049,Move,831,364
156065.19999999925,Move,831,361
156081.19999999925,Move,831,357
156089,Move,831,355
156121.1000000015,Move,831,349
156129.1000000015,Move,831,346
156153.40000000224,Move,831,343
156169,Move,830,340
156185.1000000015,Move,830,339
156201.19999999925,Move,829,336
156217.19999999925,Move,829,333
156233.1000000015,Move,829,332
156249.19999999925,Move,828,328
156265.1000000015,Move,827,326
156281,Move,825,324
156297,Move,825,322
156320.90000000224,Move,822,318
156337.30000000075,Move,821,318
156353,Move,820,315
156369.30000000075,Move,819,314
156384.90000000224,Move,818,313
156400.90000000224,Move,816,310
156417.30000000075,Move,815,309
156432.90000000224,Move,814,308
156441.1000000015,Move,813,308
156464.90000000224,Move,811,306
156481.19999999925,Move,810,305
156497,Move,807,303
156521,Move,805,303
156536.90000000224,Move,805,302
156553,Move,802,302
156568.90000000224,Move,801,301
156584.80000000075,Move,800,301
156593.19999999925,Move,798,299
156616.90000000224,Move,796,299
156640.69999999925,Move,793,299
156657.19999999925,Move,792,299
156673,Move,791,299
156680.80000000075,Move,790,299
156696.90000000224,Move,787,299
156712.80000000075,Move,785,298
156736.90000000224,Move,783,298
156744.90000000224,Move,781,298
156760.80000000075,Move,780,298
156785,Move,777,297
156792.90000000224,Move,776,297
156832.90000000224,Move,775,296
156841,Move,774,295
156849,Move,773,295
156865,Move,771,294
156889.1000000015,Move,769,294
156896.90000000224,Move,768,294
156905,Move,766,293
156928.80000000075,Move,763,292
156944.90000000224,Move,762,292
156968.80000000075,Move,759,291
156984.80000000075,Move,757,291
157000.80000000075,Move,755,290
157016.90000000224,Move,754,290
157032.90000000224,Move,751,289
157048.90000000224,Move,750,289
157064.90000000224,Move,749,289
157152.90000000224,Move,747,289
157177.5,Move,745,289
157201.1000000015,Move,743,289
157233,Move,742,289
157265.1000000015,Move,741,289
157273.19999999925,Released,741,289
157961.1000000015,Released,959,682
