resolution:1920,1080
217646.6000000015,Pressed,1062,194
217710.90000000224,Move,1061,194
217750.69999999925,Move,1057,194
217766.69999999925,Move,1048,191
217782.69999999925,Move,1033,188
217798.5,Move,1008,184
217814.80000000075,Move,982,184
217830.5,Move,958,184
217846.6000000015,Move,935,184
217863,Move,913,184
217878.5,Move,894,186
217894.6000000015,Move,880,188
217911.19999999925,Move,867,193
217934.5,Move,847,205
217950.6000000015,Move,840,211
217966.6000000015,Move,829,218
217982.6000000015,Move,820,224
217998.40000000224,Move,813,230
218014.69999999925,Move,808,237
218030.69999999925,Move,803,242
218046.5,Move,800,250
218062.80000000075,Move,797,256
218078.6000000015,Move,792,269
218094.69999999925,Move,790,276
218110.80000000075,Move,786,285
218126.69999999925,Move,784,292
218150.6000000015,Move,781,304
218166.69999999925,Move,779,314
218182.6000000015,Move,777,322
218198.5,Move,777,330
218214.69999999925,Move,775,339
218230.5,Move,775,346
218246.69999999925,Move,774,354
218262.80000000075,Move,773,365
218278.6000000015,Move,773,374
218294.6000000015,Move,773,384
218310.90000000224,Move,773,396
218326.5,Move,773,403
218350.6000000015,Move,778,421
218366.69999999925,Move,783,432
218382.90000000224,Move,786,440
218398.5,Move,791,449
218414.69999999925,Move,794,456
218430.80000000075,Move,800,465
218446.6000000015,Move,807,474
218462.69999999925,Move,815,486
218478.6000000015,Move,824,493
218494.69999999925,Move,836,501
218510.6000000015,Move,849,510
218526.5,Move,862,518
218550.6000000015,Move,879,525
218566.6000000015,Move,894,531
218582.90000000224,Move,908,533
218598.6000000015,Move,925,536
218614.40000000224,Move,940,536
218630.69999999925,Move,959,536
218646.5,Move,976,536
218662.5,Move,990,536
218678.5,Move,1009,533
218694.5,Move,1025,529
218710.90000000224,Move,1039,523
218726.80000000075,Move,1048,520
218750.69999999925,Move,1066,510
218766.90000000224,Move,1077,502
218782.80000000075,Move,1089,493
218798.80000000075,Move,1099,483
218814.6000000015,Move,1110,471
218830.90000000224,Move,1119,459
218846.6000000015,Move,1127,445
218862.69999999925,Move,1133,433
218878.90000000224,Move,1138,421
218894.40000000224,Move,1145,404
218910.80000000075,Move,1148,389
218926.6000000015,Move,1149,373
218950.6000000015,Move,1152,348
218966.5,Move,1152,333
218990.6000000015,Move,1152,317
219006.5,Move,1152,308
219014.5,Move,1151,302
219030.5,Move,1149,293
219046.5,Move,1146,282
219062.40000000224,Move,1141,271
219078.30000000075,Move,1136,258
219094.40000000224,Move,1132,252
219110.5,Move,1124,241
219134.69999999925,Move,1117,231
219150.6000000015,Move,1111,226
219166.6000000015,Move,1106,221
219182.6000000015,Move,1101,215
219198.5,Move,1096,213
219214.5,Move,1093,211
219230.90000000224,Move,1088,208
219246.6000000015,Move,1082,205
219262.69999999925,Move,1078,204
219278.80000000075,Move,1073,203
219294.5,Move,1069,201
219310.6000000015,Move,1064,201
219326.5,Move,1059,201
219342.80000000075,Move,1058,201
219374.69999999925,Move,1057,201
219438.80000000075,Released,1057,201
219998.69999999925,Released,957,680
