resolution:1920,1080
65122.199999999255,Pressed,955,183
65134.699999999255,Move,954,181
65150.800000000745,Move,952,180
65166.699999999255,Move,951,180
65182.699999999255,Move,945,180
65198.60000000149,Move,935,179
65214.699999999255,Move,920,179
65230.699999999255,Move,908,179
65246.800000000745,Move,901,179
65262.699999999255,Move,896,179
65278.60000000149,Move,891,180
65294.699999999255,Move,880,186
65310.800000000745,Move,872,193
65334.800000000745,Move,857,205
65350.60000000149,Move,852,213
65366.60000000149,Move,844,224
65382.699999999255,Move,840,233
65398.699999999255,Move,833,245
65414.60000000149,Move,827,259
65431.10000000149,Move,823,270
65446.60000000149,Move,820,282
65462.800000000745,Move,817,294
65478.900000002235,Move,812,309
65495,Move,812,318
65511,Move,811,330
65534.900000002235,Move,811,346
65550.80000000075,Move,811,357
65567,Move,811,367
65582.90000000224,Move,815,377
65598.60000000149,Move,819,386
65614.80000000075,Move,823,393
65630.90000000224,Move,827,398
65638.80000000075,Move,831,402
65662.90000000224,Move,835,406
65678.90000000224,Move,839,409
65695.10000000149,Move,842,410
65711,Move,847,412
65734.69999999925,Move,858,414
65750.69999999925,Move,864,414
65766.80000000075,Move,871,415
65782.90000000224,Move,881,415
65799,Move,889,415
65814.69999999925,Move,897,415
65830.69999999925,Move,905,415
65846.80000000075,Move,913,412
65863,Move,924,407
65878.90000000224,Move,932,404
65894.80000000075,Move,941,399
65911,Move,949,394
65934.60000000149,Move,957,388
65950.80000000075,Move,964,382
65966.80000000075,Move,969,375
65982.90000000224,Move,975,367
65998.90000000224,Move,979,358
66014.80000000075,Move,981,351
66030.69999999925,Move,986,340
66046.80000000075,Move,991,325
66062.69999999925,Move,994,315
66079,Move,995,303
66095,Move,998,291
66110.90000000224,Move,998,280
66134.80000000075,Move,998,264
66151.19999999925,Move,998,255
66167.10000000149,Move,998,244
66183,Move,998,236
66198.60000000149,Move,997,229
66215.10000000149,Move,995,223
66231,Move,992,216
66246.69999999925,Move,988,208
66263,Move,985,203
66278.90000000224,Move,978,198
66294.90000000224,Move,971,193
66310.90000000224,Move,964,190
66334.80000000075,Move,954,185
66342.80000000075,Move,952,183
66422.90000000224,Released,952,183
67118.90000000224,Released,947,679
