resolution:1920,1080
420082.19999999925,Pressed,1297,213
420142.40000000224,Move,1297,212
420150.40000000224,Move,1292,211
420166.40000000224,Move,1283,210
420182.40000000224,Move,1273,208
420198.40000000224,Move,1263,208
420214.5,Move,1253,208
420230.40000000224,Move,1246,208
420246.30000000075,Move,1240,208
420262.30000000075,Move,1236,208
420278.5,Move,1233,208
420294.30000000075,Move,1231,208
420310.40000000224,Move,1227,208
420326.19999999925,Move,1221,209
420342.30000000075,Move,1212,213
420366.19999999925,Move,1199,219
420382.19999999925,Move,1196,221
420398.40000000224,Move,1191,224
420414.19999999925,Move,1188,226
420430.30000000075,Move,1184,230
420446.19999999925,Move,1180,232
420462.30000000075,Move,1178,234
420478.6000000015,Move,1173,238
420494.30000000075,Move,1170,241
420510.6000000015,Move,1166,247
420526.6000000015,Move,1163,254
420542.6000000015,Move,1160,258
420566.30000000075,Move,1155,268
420582.30000000075,Move,1151,277
420598.1000000015,Move,1149,285
420614.6000000015,Move,1146,292
420630.5,Move,1145,299
420646.40000000224,Move,1144,305
420662.5,Move,1142,313
420678.30000000075,Move,1141,318
420694.19999999925,Move,1141,326
420710.40000000224,Move,1141,332
420726.40000000224,Move,1141,341
420742.5,Move,1141,349
420766.30000000075,Move,1142,357
420782.30000000075,Move,1144,364
420798.1000000015,Move,1146,368
420814.1000000015,Move,1147,373
420830.19999999925,Move,1151,380
420846.19999999925,Move,1153,383
420862.30000000075,Move,1157,389
420878.6000000015,Move,1159,393
420894.5,Move,1161,396
420910.6000000015,Move,1164,399
420926.19999999925,Move,1170,404
420942.5,Move,1174,407
420966.30000000075,Move,1181,412
420982.30000000075,Move,1185,414
420998.6000000015,Move,1189,418
421014.40000000224,Move,1195,422
421030.19999999925,Move,1200,422
421046.19999999925,Move,1205,425
421062.5,Move,1210,425
421078.30000000075,Move,1214,426
421094.19999999925,Move,1215,427
421110.69999999925,Move,1219,427
421126.30000000075,Move,1223,428
421142.40000000224,Move,1229,428
421166.40000000224,Move,1239,428
421182.19999999925,Move,1247,428
421198.30000000075,Move,1253,428
421214.30000000075,Move,1259,428
421230.30000000075,Move,1264,428
421246.19999999925,Move,1269,428
421262.6000000015,Move,1273,428
421270.40000000224,Move,1278,428
421294.19999999925,Move,1283,428
421302.5,Move,1287,428
421326.19999999925,Move,1290,428
421342.69999999925,Move,1292,428
421366.40000000224,Move,1296,428
421382.40000000224,Move,1301,425
421398.40000000224,Move,1306,424
421414.5,Move,1312,421
421430.19999999925,Move,1316,418
421446.40000000224,Move,1321,414
421462.40000000224,Move,1327,410
421478.40000000224,Move,1332,404
421494.19999999925,Move,1337,397
421510.5,Move,1343,390
421526.30000000075,Move,1347,384
421542.30000000075,Move,1351,378
421566.40000000224,Move,1357,367
421582.19999999925,Move,1360,362
421598.19999999925,Move,1363,357
421614.1000000015,Move,1365,348
421630.19999999925,Move,1367,342
421646.30000000075,Move,1368,336
421662.40000000224,Move,1370,330
421678.30000000075,Move,1370,326
421694.30000000075,Move,1372,321
421710.30000000075,Move,1372,316
421726.6000000015,Move,1373,310
421742.6000000015,Move,1374,303
421766.6000000015,Move,1374,295
421782.30000000075,Move,1374,290
421798.19999999925,Move,1374,287
421814.30000000075,Move,1374,283
421830.69999999925,Move,1374,279
421846.19999999925,Move,1374,273
421862.40000000224,Move,1374,269
421878.40000000224,Move,1373,265
421894.19999999925,Move,1372,262
421902.40000000224,Move,1372,260
421926.30000000075,Move,1371,258
421934.19999999925,Move,1368,254
421958.40000000224,Move,1366,250
421982.30000000075,Move,1363,248
421998.19999999925,Move,1362,246
422014.30000000075,Move,1358,243
422030.5,Move,1355,241
422046.30000000075,Move,1354,239
422062.30000000075,Move,1352,238
422078.40000000224,Move,1350,236
422094.5,Move,1345,233
422110.40000000224,Move,1339,231
422126.30000000075,Move,1336,230
422142.69999999925,Move,1332,227
422166.19999999925,Move,1328,225
422182.40000000224,Move,1325,224
422198.30000000075,Move,1323,223
422214.19999999925,Move,1320,221
422230.5,Move,1317,219
422246.40000000224,Move,1313,218
422262.6000000015,Move,1311,217
422278.90000000224,Move,1309,217
422294.5,Move,1307,216
422310.6000000015,Move,1304,215
422334.5,Move,1302,215
422422.30000000075,Released,1302,215
423086.30000000075,Released,965,686
423398.5,Released,967,679
