resolution:1920,1080
150002,Pressed,765,384
150030.90000000224,Move,762,384
150039,Move,761,384
150062.6000000015,Move,756,384
150079.19999999925,Move,746,385
150094.6000000015,Move,742,385
150111.19999999925,Move,736,386
150134.69999999925,Move,729,389
150150.69999999925,Move,725,391
150166.69999999925,Move,721,394
150182.80000000075,Move,716,397
150198.90000000224,Move,712,400
150214.69999999925,Move,710,403
150230.80000000075,Move,706,407
150246.69999999925,Move,703,409
150262.69999999925,Move,700,413
150278.90000000224,Move,698,417
150294.80000000075,Move,695,420
150302.80000000075,Move,693,423
150334.80000000075,Move,690,429
150350.80000000075,Move,688,434
150366.69999999925,Move,686,437
150382.69999999925,Move,686,441
150398.80000000075,Move,686,444
150414.90000000224,Move,686,449
150430.90000000224,Move,686,454
150446.69999999925,Move,686,460
150462.69999999925,Move,686,464
150478.6000000015,Move,687,470
150494.80000000075,Move,688,474
150510.80000000075,Move,690,480
150534.80000000075,Move,695,487
150550.69999999925,Move,699,493
150566.6000000015,Move,702,498
150582.90000000224,Move,705,502
150598.6000000015,Move,709,507
150614.6000000015,Move,711,511
150630.69999999925,Move,714,513
150646.6000000015,Move,718,517
150663,Move,722,519
150678.80000000075,Move,725,521
150694.90000000224,Move,729,523
150711.1000000015,Move,733,525
150734.69999999925,Move,740,525
150751,Move,744,525
150766.80000000075,Move,747,525
150782.90000000224,Move,750,525
150798.80000000075,Move,754,525
150814.80000000075,Move,761,525
150830.69999999925,Move,766,525
150847,Move,771,525
150862.6000000015,Move,775,525
150870.69999999925,Move,779,524
150894.69999999925,Move,779,523
150910.80000000075,Move,780,523
150926.69999999925,Move,782,523
150942.90000000224,Move,783,522
150966.6000000015,Move,789,517
150982.69999999925,Move,793,513
150998.80000000075,Move,799,508
151014.80000000075,Move,802,504
151030.80000000075,Move,805,500
151038.80000000075,Move,807,498
151062.80000000075,Move,808,494
151078.90000000224,Move,810,489
151094.80000000075,Move,813,483
151111.1000000015,Move,815,476
151134.6000000015,Move,818,469
151150.69999999925,Move,818,466
151166.5,Move,819,462
151183,Move,820,458
151198.6000000015,Move,822,454
151214.80000000075,Move,822,450
151222.90000000224,Move,823,447
151246.5,Move,823,442
151254.69999999925,Move,823,439
151278.69999999925,Move,824,434
151294.5,Move,824,431
151311,Move,824,426
151334.5,Move,824,423
151350.80000000075,Move,824,420
151366.80000000075,Move,824,417
151382.69999999925,Move,824,415
151398.69999999925,Move,824,412
151414.90000000224,Move,823,409
151430.80000000075,Move,822,407
151446.6000000015,Move,821,405
151462.80000000075,Move,820,402
151478.80000000075,Move,818,399
151494.90000000224,Move,816,396
151511,Move,813,393
151534.6000000015,Move,809,390
151550.69999999925,Move,806,389
151566.6000000015,Move,804,385
151582.90000000224,Move,802,384
151590.6000000015,Move,800,384
151606.69999999925,Move,798,383
151630.6000000015,Move,794,381
151646.80000000075,Move,791,381
151662.69999999925,Move,787,380
151679,Move,782,380
151694.80000000075,Move,779,380
151711,Move,777,380
151734.5,Move,771,380
151846.69999999925,Released,771,380
152630.90000000224,Released,963,675
