resolution:1920,1080
18905.900000002235,Pressed,1043,313
18926.800000000745,Move,1042,313
18950.900000002235,Move,1035,311
18966.800000000745,Move,1026,309
18982.699999999255,Move,1012,308
18998.800000000745,Move,997,307
19014.800000000745,Move,985,307
19030.800000000745,Move,976,307
19046.800000000745,Move,967,307
19063.10000000149,Move,960,308
19079.199999999255,Move,954,311
19094.800000000745,Move,947,316
19111,Move,940,324
19134.900000002235,Move,932,338
19151.199999999255,Move,926,348
19166.900000002235,Move,921,360
19183.199999999255,Move,918,373
19199,Move,915,387
19214.800000000745,Move,913,400
19231,Move,912,412
19246.800000000745,Move,912,424
19263.199999999255,Move,912,432
19278.900000002235,Move,912,439
19295.199999999255,Move,913,447
19311,Move,916,454
19334.900000002235,Move,922,463
19351.300000000745,Move,927,468
19366.800000000745,Move,933,472
19383.10000000149,Move,940,476
19399.400000002235,Move,952,481
19414.800000000745,Move,964,486
19431,Move,978,489
19446.800000000745,Move,992,490
19463.300000000745,Move,1004,494
19479,Move,1016,494
19494.900000002235,Move,1027,494
19510.900000002235,Move,1036,494
19534.699999999255,Move,1046,494
19550.800000000745,Move,1052,493
19566.900000002235,Move,1060,488
19582.800000000745,Move,1066,483
19598.800000000745,Move,1071,478
19614.900000002235,Move,1075,473
19630.900000002235,Move,1081,465
19646.800000000745,Move,1087,454
19662.800000000745,Move,1093,443
19678.900000002235,Move,1098,433
19694.900000002235,Move,1099,427
19711.300000000745,Move,1101,421
19734.900000002235,Move,1102,409
19750.900000002235,Move,1102,401
19766.699999999255,Move,1103,394
19783.10000000149,Move,1103,384
19799,Move,1103,377
19814.699999999255,Move,1103,369
19830.900000002235,Move,1102,363
19846.900000002235,Move,1100,356
19863.10000000149,Move,1098,350
19879,Move,1094,346
19895,Move,1088,339
19911,Move,1081,334
19934.900000002235,Move,1072,329
19951.10000000149,Move,1064,324
19966.900000002235,Move,1061,323
19982.900000002235,Move,1054,320
19999.300000000745,Move,1049,318
20015.10000000149,Move,1046,316
20030.900000002235,Move,1044,315
20047.10000000149,Move,1040,315
20047.300000000745,Released,1040,315
20695.60000000149,Released,940,681
