resolution:1920,1080
345002.19999999925,Pressed,1239,385
345014.30000000075,Move,1229,385
345030.5,Move,1217,385
345046.6000000015,Move,1203,389
345062.90000000224,Move,1191,397
345078.5,Move,1184,404
345094.40000000224,Move,1181,411
345110.6000000015,Move,1179,417
345126.5,Move,1177,428
345142.69999999925,Move,1177,435
345166.30000000075,Move,1177,445
345182.6000000015,Move,1181,457
345198.30000000075,Move,1187,465
345214.6000000015,Move,1191,469
345230.90000000224,Move,1197,472
345246.19999999925,Move,1208,472
345262.5,Move,1223,472
345278.69999999925,Move,1233,472
345294.5,Move,1242,467
345310.5,Move,1248,462
345326.40000000224,Move,1254,456
345342.69999999925,Move,1257,449
345366.40000000224,Move,1260,440
345382.6000000015,Move,1263,434
345398.40000000224,Move,1265,429
345414.30000000075,Move,1267,425
345430.5,Move,1268,424
345446.6000000015,Move,1268,421
345462.40000000224,Move,1268,418
345478.5,Move,1268,415
345494.19999999925,Move,1268,408
345502.40000000224,Move,1268,405
345526.69999999925,Move,1266,402
345550.40000000224,Move,1262,398
345566.30000000075,Move,1258,395
345582.5,Move,1252,392
345598.6000000015,Move,1249,392
345614.40000000224,Move,1247,392
345630.6000000015,Move,1243,392
345646.40000000224,Move,1236,392
345654.5,Move,1235,392
345678.6000000015,Move,1234,392
345694.5,Move,1233,392
345702.6000000015,Move,1230,392
345702.80000000075,Released,1230,392
346366.90000000224,Released,966,672
