resolution:1920,1080
376873.6000000015,Pressed,1273,232
376878.19999999925,Move,1275,232
376894.5,Move,1281,232
376910.19999999925,Move,1286,232
376926.40000000224,Move,1296,232
376942.40000000224,Move,1305,232
376966.5,Move,1318,232
376982.30000000075,Move,1324,234
376998.19999999925,Move,1328,235
377014.19999999925,Move,1335,239
377030.19999999925,Move,1343,245
377046.40000000224,Move,1349,251
377062.40000000224,Move,1357,257
377078.40000000224,Move,1364,264
377094.5,Move,1372,272
377110.30000000075,Move,1379,282
377126.30000000075,Move,1383,288
377142.40000000224,Move,1386,297
377166.30000000075,Move,1392,314
377182.5,Move,1394,321
377198.30000000075,Move,1395,330
377214.30000000075,Move,1396,341
377230.30000000075,Move,1396,353
377246.30000000075,Move,1396,366
377262.40000000224,Move,1396,385
377278.5,Move,1396,402
377294.40000000224,Move,1395,419
377310.69999999925,Move,1393,431
377326.30000000075,Move,1387,448
377342.40000000224,Move,1382,459
377366.40000000224,Move,1377,472
377382.5,Move,1372,480
377398.69999999925,Move,1366,486
377414.40000000224,Move,1362,491
377430.5,Move,1356,497
377446.30000000075,Move,1349,501
377462.40000000224,Move,1338,507
377478.19999999925,Move,1329,511
377494.40000000224,Move,1320,513
377510.19999999925,Move,1313,514
377526.40000000224,Move,1305,516
377542.30000000075,Move,1299,517
377566.30000000075,Move,1288,518
377582.19999999925,Move,1278,518
377598.5,Move,1271,518
377614.40000000224,Move,1266,518
377630.40000000224,Move,1261,518
377646.40000000224,Move,1256,518
377662.40000000224,Move,1251,517
377678.30000000075,Move,1244,516
377694.40000000224,Move,1239,514
377710.6000000015,Move,1233,512
377726.40000000224,Move,1225,509
377742.6000000015,Move,1221,506
377766.30000000075,Move,1213,501
377782.30000000075,Move,1209,500
377798.40000000224,Move,1205,494
377814.30000000075,Move,1201,488
377830.5,Move,1195,480
377846.30000000075,Move,1192,474
377862.30000000075,Move,1190,467
377878.30000000075,Move,1186,459
377894.40000000224,Move,1184,452
377910.6000000015,Move,1180,444
377926.40000000224,Move,1178,438
377942.6000000015,Move,1176,432
377966.80000000075,Move,1176,419
377982.40000000224,Move,1176,411
377998.5,Move,1176,396
378014.5,Move,1176,386
378030.5,Move,1181,377
378046.30000000075,Move,1185,366
378062.5,Move,1189,355
378078.6000000015,Move,1194,346
378094.40000000224,Move,1199,334
378110.5,Move,1203,323
378126.30000000075,Move,1208,312
378142.6000000015,Move,1214,304
378166.40000000224,Move,1218,295
378182.5,Move,1222,286
378198.40000000224,Move,1225,281
378214.40000000224,Move,1228,276
378230.6000000015,Move,1231,272
378246.5,Move,1234,269
378262.40000000224,Move,1238,263
378278.6000000015,Move,1240,260
378294.40000000224,Move,1242,258
378310.6000000015,Move,1244,256
378326.40000000224,Move,1245,255
378342.6000000015,Move,1248,254
378366.19999999925,Move,1253,251
378382.5,Move,1257,250
378398.40000000224,Move,1261,248
378406.40000000224,Move,1261,247
378518.30000000075,Released,1261,247
379334.40000000224,Released,967,664
