resolution:1920,1080
4690.10000000149,Pressed,1022,148
4710.800000000745,Move,1021,148
4734.900000002235,Move,1011,148
4751.199999999255,Move,997,148
4766.900000002235,Move,983,149
4782.800000000745,Move,966,150
4798.60000000149,Move,952,154
4814.699999999255,Move,942,157
4830.699999999255,Move,934,160
4846.900000002235,Move,929,162
4862.900000002235,Move,919,166
4878.800000000745,Move,908,171
4894.699999999255,Move,900,177
4918.699999999255,Move,886,185
4934.699999999255,Move,876,193
4950.900000002235,Move,868,199
4966.900000002235,Move,861,206
4982.800000000745,Move,853,214
4998.900000002235,Move,847,224
5015.10000000149,Move,841,233
5030.699999999255,Move,836,246
5046.699999999255,Move,831,256
5062.699999999255,Move,829,268
5078.800000000745,Move,825,283
5094.900000002235,Move,824,298
5118.800000000745,Move,821,323
5134.800000000745,Move,821,340
5150.800000000745,Move,821,359
5166.800000000745,Move,821,378
5182.900000002235,Move,821,389
5198.699999999255,Move,826,405
5215.10000000149,Move,831,416
5230.900000002235,Move,834,425
5247,Move,840,432
5262.800000000745,Move,848,440
5278.900000002235,Move,854,445
5295,Move,865,450
5311,Move,875,452
5334.699999999255,Move,895,454
5350.800000000745,Move,910,454
5366.900000002235,Move,927,454
5382.800000000745,Move,940,454
5398.800000000745,Move,955,449
5414.900000002235,Move,976,441
5430.900000002235,Move,989,438
5446.900000002235,Move,1004,428
5462.800000000745,Move,1015,423
5478.800000000745,Move,1026,414
5494.900000002235,Move,1034,407
5510.900000002235,Move,1045,397
5534.900000002235,Move,1058,377
5550.800000000745,Move,1066,363
5566.900000002235,Move,1072,348
5582.699999999255,Move,1079,332
5598.699999999255,Move,1085,314
5614.699999999255,Move,1091,294
5631.10000000149,Move,1092,281
5646.699999999255,Move,1092,265
5662.699999999255,Move,1092,252
5678.800000000745,Move,1092,244
5694.699999999255,Move,1092,236
5710.800000000745,Move,1090,226
5734.900000002235,Move,1083,212
5751,Move,1078,201
5766.900000002235,Move,1073,193
5782.800000000745,Move,1069,187
5799,Move,1062,182
5814.900000002235,Move,1052,177
5830.900000002235,Move,1045,172
5847,Move,1034,168
5863,Move,1027,165
5878.900000002235,Move,1015,160
5894.800000000745,Move,1004,156
5911.10000000149,Move,999,153
5927.10000000149,Move,993,152
5927.300000000745,Released,993,152
6527.5,Released,958,676
