resolution:1920,1080
91106.10000000149,Pressed,965,240
91134.80000000075,Move,965,239
91151,Move,965,237
91167,Move,960,234
91183,Move,950,233
91198.60000000149,Move,937,233
91214.69999999925,Move,925,233
91230.60000000149,Move,913,233
91246.69999999925,Move,904,237
91262.69999999925,Move,898,239
91278.90000000224,Move,892,244
91294.60000000149,Move,888,248
91310.69999999925,Move,882,253
91334.69999999925,Move,877,261
91350.69999999925,Move,875,268
91366.69999999925,Move,872,274
91382.69999999925,Move,871,281
91398.80000000075,Move,870,287
91414.80000000075,Move,870,293
91430.69999999925,Move,869,299
91446.69999999925,Move,869,306
91462.69999999925,Move,869,312
91479,Move,869,320
91494.80000000075,Move,869,327
91511.19999999925,Move,873,336
91534.90000000224,Move,879,346
91550.90000000224,Move,886,354
91566.80000000075,Move,890,359
91582.90000000224,Move,899,364
91598.80000000075,Move,906,367
91614.69999999925,Move,911,368
91630.90000000224,Move,919,369
91647,Move,928,372
91663,Move,934,372
91679,Move,940,373
91694.90000000224,Move,946,373
91711,Move,949,373
91734.90000000224,Move,961,368
91751.19999999925,Move,970,364
91766.69999999925,Move,976,360
91782.69999999925,Move,980,356
91798.80000000075,Move,984,352
91814.69999999925,Move,986,347
91830.90000000224,Move,990,341
91846.80000000075,Move,996,331
91862.90000000224,Move,1000,325
91878.90000000224,Move,1002,320
91895,Move,1006,314
91910.69999999925,Move,1007,309
91934.69999999925,Move,1009,301
91950.80000000075,Move,1011,295
91967.10000000149,Move,1011,290
91982.80000000075,Move,1011,285
91998.90000000224,Move,1011,282
92014.90000000224,Move,1011,279
92022.69999999925,Move,1011,276
92047.10000000149,Move,1011,273
92062.90000000224,Move,1010,269
92079,Move,1008,264
92094.90000000224,Move,1006,260
92111.19999999925,Move,1004,258
92135.10000000149,Move,1000,253
92150.69999999925,Move,996,250
92166.69999999925,Move,993,247
92182.80000000075,Move,985,244
92198.69999999925,Move,982,242
92214.69999999925,Move,980,241
92222.60000000149,Move,976,239
92246.69999999925,Move,974,238
92262.60000000149,Move,971,238
92278.69999999925,Move,966,238
92286.80000000075,Move,964,237
92310.80000000075,Move,962,237
92326.80000000075,Move,959,237
92390.69999999925,Released,959,237
93078.80000000075,Released,953,680
