resolution:1920,1080
271177.30000000075,Pressed,885,207
271231,Move,888,206
271246.40000000224,Move,898,204
271262.5,Move,918,201
271278.5,Move,933,201
271294.69999999925,Move,952,201
271310.69999999925,Move,965,201
271326.6000000015,Move,977,201
271350.6000000015,Move,989,202
271366.5,Move,998,205
271382.69999999925,Move,1011,210
271398.5,Move,1023,215
271414.5,Move,1038,221
271430.6000000015,Move,1047,225
271446.40000000224,Move,1058,230
271462.6000000015,Move,1064,235
271478.5,Move,1076,243
271494.6000000015,Move,1084,250
271510.6000000015,Move,1092,258
271526.6000000015,Move,1099,265
271550.69999999925,Move,1104,276
271566.6000000015,Move,1108,288
271582.80000000075,Move,1113,299
271598.69999999925,Move,1116,310
271614.6000000015,Move,1119,322
271630.6000000015,Move,1122,334
271646.5,Move,1124,346
271662.90000000224,Move,1124,358
271678.69999999925,Move,1124,369
271694.5,Move,1124,384
271710.6000000015,Move,1124,399
271726.6000000015,Move,1124,408
271750.80000000075,Move,1121,421
271766.40000000224,Move,1118,430
271782.40000000224,Move,1116,439
271798.5,Move,1113,448
271814.5,Move,1111,455
271830.6000000015,Move,1107,462
271846.5,Move,1104,469
271862.6000000015,Move,1099,477
271878.80000000075,Move,1096,482
271894.6000000015,Move,1091,488
271910.69999999925,Move,1088,493
271926.69999999925,Move,1082,499
271950.80000000075,Move,1072,505
271966.40000000224,Move,1063,510
271982.5,Move,1052,512
271998.5,Move,1040,516
272014.6000000015,Move,1028,518
272030.80000000075,Move,1015,522
272046.6000000015,Move,1002,522
272062.6000000015,Move,992,523
272078.6000000015,Move,980,525
272094.6000000015,Move,973,525
272110.69999999925,Move,963,525
272126.5,Move,957,525
272150.80000000075,Move,945,525
272166.6000000015,Move,936,525
272182.69999999925,Move,928,525
272198.5,Move,918,525
272214.6000000015,Move,906,524
272230.69999999925,Move,894,521
272246.5,Move,880,519
272262.5,Move,868,518
272278.69999999925,Move,859,513
272294.6000000015,Move,851,512
272310.90000000224,Move,843,508
272326.5,Move,838,505
272350.69999999925,Move,829,497
272366.80000000075,Move,822,491
272382.6000000015,Move,817,485
272398.69999999925,Move,812,478
272414.6000000015,Move,808,469
272430.6000000015,Move,806,460
272446.5,Move,802,449
272462.5,Move,800,437
272478.69999999925,Move,798,428
272494.6000000015,Move,796,419
272511,Move,795,410
272526.5,Move,794,400
272550.40000000224,Move,793,382
272566.30000000075,Move,793,374
272582.5,Move,793,365
272598.5,Move,793,355
272614.30000000075,Move,793,347
272630.5,Move,793,337
272646.5,Move,793,326
272662.40000000224,Move,796,311
272678.40000000224,Move,800,299
272694.6000000015,Move,805,286
272710.40000000224,Move,812,273
272726.5,Move,818,260
272750.80000000075,Move,827,246
272766.6000000015,Move,831,240
272782.80000000075,Move,835,236
272798.30000000075,Move,839,232
272814.5,Move,842,229
272830.80000000075,Move,846,227
272846.40000000224,Move,852,224
272862.80000000075,Move,858,222
272878.5,Move,864,219
272894.40000000224,Move,873,216
272910.6000000015,Move,877,214
272926.6000000015,Move,883,213
272950.6000000015,Move,888,212
272966.5,Move,891,212
273070.5,Move,892,212
273070.80000000075,Released,892,212
273631.30000000075,Released,957,676
