resolution:1920,1080
397529.30000000075,Pressed,1268,509
397590.40000000224,Move,1268,508
397598.1000000015,Move,1265,507
397614.40000000224,Move,1256,507
397630.6000000015,Move,1237,507
397646.30000000075,Move,1216,508
397662.5,Move,1198,515
397678.30000000075,Move,1185,520
397694.30000000075,Move,1176,524
397710.5,Move,1171,526
397726.30000000075,Move,1166,532
397742.5,Move,1161,535
397766.40000000224,Move,1150,542
397782.5,Move,1146,546
397798.19999999925,Move,1142,550
397814.19999999925,Move,1139,553
397830.6000000015,Move,1138,554
397846.19999999925,Move,1138,555
397878.6000000015,Move,1138,558
397886.5,Move,1138,560
397902.40000000224,Move,1138,564
397910.6000000015,Move,1138,565
397926.19999999925,Move,1141,570
397942.40000000224,Move,1144,573
397966.19999999925,Move,1150,579
397982.30000000075,Move,1155,584
397998.30000000075,Move,1161,589
398014.30000000075,Move,1166,590
398030.30000000075,Move,1177,596
398046.1000000015,Move,1186,600
398062.40000000224,Move,1193,602
398078.40000000224,Move,1202,605
398094.30000000075,Move,1210,606
398110.6000000015,Move,1220,607
398126.30000000075,Move,1231,607
398142.5,Move,1243,607
398166.30000000075,Move,1262,607
398182.40000000224,Move,1274,607
398198.5,Move,1285,607
398214.30000000075,Move,1294,605
398230.40000000224,Move,1302,602
398246.40000000224,Move,1311,597
398262.5,Move,1317,593
398278.40000000224,Move,1322,590
398294.6000000015,Move,1324,585
398310.5,Move,1327,580
398326.40000000224,Move,1329,575
398342.6000000015,Move,1330,569
398366.40000000224,Move,1332,559
398382.5,Move,1332,553
398398.19999999925,Move,1332,547
398414.19999999925,Move,1332,542
398430.5,Move,1332,537
398446.19999999925,Move,1331,533
398462.69999999925,Move,1329,532
398478.30000000075,Move,1321,530
398494.5,Move,1313,530
398510.19999999925,Move,1294,530
398526.30000000075,Move,1277,530
398542.30000000075,Move,1267,530
398566.5,Move,1263,530
398582.6000000015,Move,1260,530
398590.5,Move,1258,530
398614.40000000224,Move,1255,530
398646.6000000015,Move,1254,530
398646.90000000224,Released,1254,530
399390.5,Released,962,667
