resolution:1920,1080
52257.60000000149,Pressed,982,306
52327,Move,981,304
52334.800000000745,Move,977,303
52350.900000002235,Move,963,298
52366.699999999255,Move,949,297
52382.800000000745,Move,930,294
52398.60000000149,Move,915,294
52415,Move,905,294
52430.900000002235,Move,900,294
52447,Move,895,294
52463.10000000149,Move,890,294
52479.300000000745,Move,883,298
52495.199999999255,Move,874,302
52518.800000000745,Move,864,307
52535,Move,860,311
52551,Move,856,315
52566.900000002235,Move,853,319
52583,Move,848,325
52598.800000000745,Move,846,330
52614.800000000745,Move,843,336
52630.800000000745,Move,839,343
52646.800000000745,Move,837,347
52663,Move,836,355
52679.199999999255,Move,834,361
52694.699999999255,Move,833,366
52711,Move,831,372
52735.10000000149,Move,830,383
52750.800000000745,Move,829,388
52767,Move,828,395
52782.800000000745,Move,828,401
52799.10000000149,Move,828,407
52814.699999999255,Move,828,413
52830.900000002235,Move,828,420
52846.900000002235,Move,828,426
52862.900000002235,Move,828,433
52879,Move,829,441
52894.699999999255,Move,830,445
52910.900000002235,Move,831,450
52934.800000000745,Move,836,457
52951.10000000149,Move,839,462
52967,Move,843,466
52982.699999999255,Move,847,468
52998.900000002235,Move,849,470
53015,Move,854,472
53030.800000000745,Move,860,473
53046.699999999255,Move,868,476
53062.800000000745,Move,874,476
53078.800000000745,Move,878,476
53095,Move,888,476
53111,Move,898,476
53134.800000000745,Move,911,476
53150.699999999255,Move,921,476
53166.699999999255,Move,929,476
53183,Move,935,476
53198.900000002235,Move,940,476
53214.800000000745,Move,946,474
53231,Move,951,473
53246.800000000745,Move,957,470
53263,Move,966,464
53279.300000000745,Move,972,462
53294.900000002235,Move,976,458
53311.10000000149,Move,982,452
53334.800000000745,Move,989,444
53350.900000002235,Move,993,438
53366.900000002235,Move,1001,426
53382.800000000745,Move,1005,419
53398.800000000745,Move,1007,410
53414.699999999255,Move,1009,404
53430.900000002235,Move,1011,397
53446.699999999255,Move,1013,389
53463.10000000149,Move,1015,380
53479.10000000149,Move,1015,373
53494.900000002235,Move,1015,367
53510.800000000745,Move,1015,358
53534.800000000745,Move,1015,348
53551.10000000149,Move,1015,342
53566.699999999255,Move,1015,337
53582.900000002235,Move,1010,328
53598.699999999255,Move,1008,322
53615,Move,1004,314
53630.800000000745,Move,1003,310
53646.900000002235,Move,999,304
53662.900000002235,Move,997,302
53678.800000000745,Move,994,298
53695,Move,992,295
53702.699999999255,Move,991,294
53782.800000000745,Move,985,294
53799.199999999255,Move,979,294
53799.400000002235,Released,979,294
54487,Released,959,669
