resolution:1536,864
12291.39999999851,Pressed,816,216
12301.599999999627,Move,815,215
12326.199999999255,Move,810,212
12340,Move,802,211
12355.89999999851,Move,791,208
12372,Move,773,205
12388.799999998882,Move,750,200
12402.299999998882,Move,729,197
12418.699999999255,Move,710,195
12443.099999999627,Move,681,194
12457,Move,664,194
12472.89999999851,Move,653,196
12489,Move,645,197
12499.699999999255,Move,641,198
12519.299999998882,Move,633,201
12543,Move,623,206
12558.799999998882,Move,615,210
12572.699999999255,Move,608,217
12588.5,Move,602,221
12604.89999999851,Move,596,226
12626.599999999627,Move,587,234
12634.599999999627,Move,585,236
12659.299999998882,Move,576,246
12675,Move,569,254
12688.799999998882,Move,563,263
12705.099999999627,Move,560,270
12721.199999999255,Move,556,277
12743.199999999255,Move,553,286
12758.699999999255,Move,551,291
12775.39999999851,Move,549,297
12791,Move,548,303
12805.099999999627,Move,548,310
12820.699999999255,Move,548,319
12837.099999999627,Move,548,325
12852.89999999851,Move,549,332
12875.5,Move,551,342
12890.89999999851,Move,553,349
12907,Move,555,356
12921.199999999255,Move,558,361
12937.199999999255,Move,561,365
12953.099999999627,Move,565,370
12974.599999999627,Move,573,379
12990.599999999627,Move,579,384
13006.89999999851,Move,585,389
13022.699999999255,Move,594,395
13036.89999999851,Move,605,399
13053.099999999627,Move,617,405
13069.099999999627,Move,628,410
13092.599999999627,Move,643,415
13107,Move,649,416
13122.699999999255,Move,657,417
13138.799999998882,Move,666,418
13152.89999999851,Move,674,419
13176.5,Move,689,421
13193,Move,699,421
13206.299999998882,Move,711,420
13222.799999998882,Move,722,418
13238.699999999255,Move,732,415
13255.299999998882,Move,743,412
13276.39999999851,Move,757,405
13292.89999999851,Move,766,403
13308.599999999627,Move,772,399
13324.599999999627,Move,776,395
13338.799999998882,Move,781,390
13355.5,Move,787,384
13371.39999999851,Move,794,379
13392.599999999627,Move,799,375
13409.199999999255,Move,801,373
13425.099999999627,Move,804,371
13441.099999999627,Move,807,366
13454.89999999851,Move,811,359
13470.599999999627,Move,815,353
13487.199999999255,Move,820,346
13508.599999999627,Move,825,338
13525.199999999255,Move,827,333
13540.799999998882,Move,829,329
13555.199999999255,Move,829,325
13571.099999999627,Move,830,320
13587.199999999255,Move,831,315
13603.099999999627,Move,832,308
13625.099999999627,Move,834,299
13640.89999999851,Move,835,294
13657.599999999627,Move,835,290
13673,Move,835,285
13686.699999999255,Move,835,279
13703.299999998882,Move,834,274
13726.799999998882,Move,834,268
13741,Move,833,263
13756.89999999851,Move,832,259
13772.799999998882,Move,831,255
13789.199999999255,Move,829,250
13803.5,Move,829,248
13819.299999998882,Move,827,245
13842.599999999627,Move,825,241
13858.599999999627,Move,824,239
13873.199999999255,Move,823,237
13889,Move,821,235
13905.89999999851,Move,820,233
13927,Move,817,231
13943.199999999255,Move,816,231
13951.099999999627,Move,815,230
13964.799999998882,Move,815,230
13980.599999999627,Move,814,230
14005.299999998882,Move,813,229
14018.5,Move,812,229
14019.39999999851,Released,812,229
14654,Released,739,524
