resolution:1920,1080
71777.30000000075,Pressed,1007,319
71806.69999999925,Move,1007,317
71814.60000000149,Move,1007,316
71830.60000000149,Move,1007,314
71846.60000000149,Move,1000,311
71862.69999999925,Move,988,310
71878.80000000075,Move,978,309
71895,Move,969,309
71910.90000000224,Move,962,309
71934.90000000224,Move,951,312
71950.90000000224,Move,946,314
71959.10000000149,Move,943,317
71982.90000000224,Move,940,321
71998.69999999925,Move,936,325
72014.90000000224,Move,933,330
72031.19999999925,Move,931,336
72046.80000000075,Move,927,342
72062.90000000224,Move,927,347
72078.90000000224,Move,926,352
72095.19999999925,Move,925,356
72111,Move,925,361
72134.90000000224,Move,925,371
72150.80000000075,Move,925,377
72166.69999999925,Move,925,384
72182.69999999925,Move,927,389
72198.80000000075,Move,929,394
72214.80000000075,Move,932,399
72230.69999999925,Move,934,402
72246.69999999925,Move,937,404
72262.69999999925,Move,940,406
72278.80000000075,Move,944,407
72294.90000000224,Move,947,407
72302.80000000075,Move,951,409
72334.69999999925,Move,960,409
72351.10000000149,Move,967,409
72366.90000000224,Move,974,409
72382.80000000075,Move,980,408
72398.80000000075,Move,984,405
72415,Move,989,402
72430.90000000224,Move,994,398
72446.69999999925,Move,999,394
72463,Move,1005,388
72479.10000000149,Move,1012,384
72495,Move,1015,378
72510.80000000075,Move,1019,374
72534.80000000075,Move,1024,365
72550.69999999925,Move,1026,360
72566.69999999925,Move,1027,355
72582.80000000075,Move,1027,349
72598.80000000075,Move,1028,344
72614.80000000075,Move,1028,339
72630.80000000075,Move,1028,333
72646.69999999925,Move,1028,330
72662.80000000075,Move,1026,324
72678.69999999925,Move,1022,319
72694.69999999925,Move,1020,317
72711,Move,1018,314
72783,Move,1016,314
72790.90000000224,Move,1013,314
72791.60000000149,Released,1013,314
73478.80000000075,Released,941,673
