resolution:1920,1080
83724.69999999925,Pressed,810,221
83833.10000000149,Move,807,219
83841.19999999925,Move,805,219
83849.19999999925,Move,802,219
83865.30000000075,Move,798,219
83881.60000000149,Move,796,219
83897.40000000224,Move,792,219
83953.40000000224,Move,790,219
83969.30000000075,Move,789,219
83977.5,Move,788,219
84001.30000000075,Move,784,219
84017,Move,782,219
84033.10000000149,Move,780,219
84049,Move,778,221
84065,Move,777,221
84073.10000000149,Move,776,222
84097.30000000075,Move,773,222
84113.19999999925,Move,771,223
84137.30000000075,Move,767,225
84145,Move,766,226
84169.19999999925,Move,763,227
84185.10000000149,Move,762,229
84201.10000000149,Move,760,229
84209.10000000149,Move,759,230
84225.19999999925,Move,759,231
84241.10000000149,Move,757,232
84257.19999999925,Move,755,233
84281.10000000149,Move,753,234
84289.10000000149,Move,752,235
84321.10000000149,Move,749,238
84345.30000000075,Move,748,239
84353.30000000075,Move,747,239
84361.5,Move,747,240
84385.10000000149,Move,745,242
84401.30000000075,Move,743,243
84417.19999999925,Move,743,245
84433,Move,742,247
84449.40000000224,Move,741,249
84465.30000000075,Move,740,251
84481.30000000075,Move,738,253
84497.40000000224,Move,738,255
84521.10000000149,Move,737,258
84537.10000000149,Move,737,260
84553.40000000224,Move,736,262
84569.40000000224,Move,736,264
84585,Move,736,266
84601.19999999925,Move,734,268
84617.10000000149,Move,733,272
84625.19999999925,Move,732,274
84649,Move,732,277
84665.10000000149,Move,731,280
84681.60000000149,Move,730,284
84697.10000000149,Move,730,286
84721.30000000075,Move,729,292
84737,Move,728,295
84753.10000000149,Move,728,298
84769,Move,728,302
84785.19999999925,Move,727,307
84801.10000000149,Move,727,308
84816.90000000224,Move,727,312
84833.19999999925,Move,727,315
84849.40000000224,Move,727,319
84865.30000000075,Move,727,321
84881.5,Move,727,326
84897.5,Move,727,329
84921.30000000075,Move,727,335
84937.10000000149,Move,727,339
84953.10000000149,Move,729,344
84969.19999999925,Move,730,347
84985.19999999925,Move,731,352
85001.19999999925,Move,733,356
85017.40000000224,Move,734,358
85033.10000000149,Move,736,363
85049.40000000224,Move,738,367
85065.19999999925,Move,739,369
85081.40000000224,Move,740,372
85097.30000000075,Move,742,375
85113.30000000075,Move,743,379
85137,Move,744,381
85153.40000000224,Move,746,383
85169.19999999925,Move,748,386
85185.40000000224,Move,750,387
85201.19999999925,Move,752,389
85217,Move,753,391
85233.19999999925,Move,755,392
85241.30000000075,Move,756,393
85265.19999999925,Move,758,394
85281.30000000075,Move,761,396
85297.30000000075,Move,763,397
85329.10000000149,Move,767,400
85337.30000000075,Move,768,401
85353.5,Move,772,402
85369.40000000224,Move,774,404
85385.40000000224,Move,777,404
85393.30000000075,Move,779,405
85409.19999999925,Move,782,406
85441.19999999925,Move,785,407
85457.19999999925,Move,787,409
85473.10000000149,Move,790,410
85481.5,Move,791,410
85497.5,Move,795,411
85521.19999999925,Move,799,412
85537.30000000075,Move,801,412
85553.30000000075,Move,804,414
85569.30000000075,Move,808,414
85577.40000000224,Move,810,414
85601.5,Move,813,415
85609.40000000224,Move,814,415
85633.30000000075,Move,817,415
85649.40000000224,Move,820,415
85665.30000000075,Move,823,415
85673.19999999925,Move,825,415
85697.40000000224,Move,829,415
85721.30000000075,Move,834,415
85737.10000000149,Move,836,415
85745.10000000149,Move,838,415
85769.10000000149,Move,840,415
85777.10000000149,Move,842,415
85801.19999999925,Move,844,415
85817.19999999925,Move,848,415
85833.10000000149,Move,851,414
85849.5,Move,853,414
85865.19999999925,Move,856,413
85881.19999999925,Move,859,413
85897.5,Move,860,412
85921.5,Move,863,410
85936.90000000224,Move,864,409
85953.40000000224,Move,867,408
85969,Move,869,406
85993,Move,877,403
86001,Move,878,402
86017.19999999925,Move,882,399
86033,Move,886,397
86048.90000000224,Move,890,395
86065.10000000149,Move,894,392
86080.90000000224,Move,898,389
86089.10000000149,Move,900,387
86121,Move,906,382
86137.10000000149,Move,907,380
86153,Move,910,378
86169.30000000075,Move,914,374
86185.10000000149,Move,915,373
86193.40000000224,Move,916,370
86217.5,Move,919,366
86233,Move,920,363
86241.19999999925,Move,923,359
86265.19999999925,Move,924,355
86281.5,Move,926,351
86297.30000000075,Move,929,347
86321.19999999925,Move,931,340
86337.30000000075,Move,933,335
86345,Move,934,332
86369.10000000149,Move,935,326
86385.10000000149,Move,935,325
86401.19999999925,Move,936,321
86417,Move,936,317
86433.30000000075,Move,938,313
86449.10000000149,Move,938,310
86465.10000000149,Move,939,308
86481.10000000149,Move,939,305
86497.10000000149,Move,939,303
86521,Move,939,299
86537,Move,939,295
86553,Move,939,293
86568.90000000224,Move,939,291
86585,Move,939,289
86601.10000000149,Move,938,287
86617,Move,937,284
86632.90000000224,Move,936,282
86649.10000000149,Move,934,280
86665.10000000149,Move,933,277
86681.10000000149,Move,932,275
86697,Move,930,273
86721.19999999925,Move,928,270
86737,Move,927,270
86744.90000000224,Move,927,268
86761.10000000149,Move,925,266
86785,Move,923,263
86801.10000000149,Move,921,261
86817.19999999925,Move,920,260
86832.90000000224,Move,919,257
86857.19999999925,Move,917,255
86873.10000000149,Move,916,254
86880.90000000224,Move,915,253
86897.10000000149,Move,914,251
86921,Move,911,247
86936.90000000224,Move,909,245
86953,Move,908,243
86969.10000000149,Move,905,242
86985.10000000149,Move,902,239
87001.10000000149,Move,901,239
87017.10000000149,Move,900,238
87032.90000000224,Move,898,238
87049,Move,895,236
87065.10000000149,Move,894,235
87073.10000000149,Move,891,234
87097.10000000149,Move,887,233
87120.90000000224,Move,882,230
87137.10000000149,Move,880,229
87153,Move,876,229
87169.10000000149,Move,873,229
87185,Move,869,227
87201,Move,864,227
87216.90000000224,Move,862,226
87233.5,Move,858,226
87249,Move,853,225
87265.19999999925,Move,847,225
87281.19999999925,Move,842,225
87297.10000000149,Move,839,225
87321.10000000149,Move,835,225
87336.90000000224,Move,833,225
87345,Move,831,225
87369.10000000149,Move,827,225
87385,Move,825,225
87401.19999999925,Move,823,225
87416.90000000224,Move,819,225
87433.10000000149,Move,817,225
87449.10000000149,Move,814,225
87465,Move,813,225
87481,Move,811,225
87585.10000000149,Move,810,225
87593.10000000149,Released,810,225
88121.60000000149,Released,944,673
