resolution:1920,1080
437865.5,Pressed,1284,262
437878.30000000075,Move,1283,261
437894.30000000075,Move,1279,259
437910.30000000075,Move,1269,258
437926.19999999925,Move,1258,257
437942.19999999925,Move,1246,257
437966.1000000015,Move,1225,257
437982.1000000015,Move,1212,257
437998.1000000015,Move,1201,257
438013.90000000224,Move,1193,257
438030.1000000015,Move,1184,257
438046.30000000075,Move,1177,257
438062.30000000075,Move,1170,257
438078.19999999925,Move,1162,257
438094.30000000075,Move,1155,259
438110.19999999925,Move,1147,261
438126.19999999925,Move,1143,263
438142.19999999925,Move,1138,266
438166.30000000075,Move,1131,269
438182.1000000015,Move,1126,272
438198.30000000075,Move,1124,274
438214.1000000015,Move,1121,277
438230.30000000075,Move,1117,282
438246.1000000015,Move,1114,288
438262,Move,1111,296
438278,Move,1106,307
438294.1000000015,Move,1102,321
438310.1000000015,Move,1099,330
438326.19999999925,Move,1098,337
438342.19999999925,Move,1094,346
438366.19999999925,Move,1093,357
438382.19999999925,Move,1092,366
438398.30000000075,Move,1092,374
438414.40000000224,Move,1092,380
438430.40000000224,Move,1092,389
438446.19999999925,Move,1092,399
438462.30000000075,Move,1092,407
438478.5,Move,1094,416
438494.40000000224,Move,1098,427
438510.6000000015,Move,1101,432
438526.30000000075,Move,1102,435
438542.30000000075,Move,1106,439
438566.1000000015,Move,1113,444
438582.30000000075,Move,1121,448
438598.19999999925,Move,1128,451
438614.1000000015,Move,1135,454
438630.1000000015,Move,1145,458
438646.30000000075,Move,1153,460
438662.40000000224,Move,1163,464
438678.40000000224,Move,1176,466
438694.5,Move,1184,468
438710.40000000224,Move,1194,469
438726.40000000224,Move,1203,469
438742.6000000015,Move,1214,469
438766.30000000075,Move,1230,469
438782.30000000075,Move,1239,469
438798.19999999925,Move,1246,469
438814.40000000224,Move,1252,467
438830.1000000015,Move,1263,461
438846.30000000075,Move,1271,458
438862.40000000224,Move,1282,451
438878.30000000075,Move,1290,445
438894.69999999925,Move,1301,434
438910.40000000224,Move,1308,428
438926.69999999925,Move,1313,420
438942.30000000075,Move,1319,412
438966.30000000075,Move,1325,402
438982.30000000075,Move,1330,396
438998.19999999925,Move,1334,388
439014.30000000075,Move,1339,377
439030.40000000224,Move,1340,373
439046.19999999925,Move,1342,364
439062.5,Move,1344,357
439078.5,Move,1344,352
439094.19999999925,Move,1344,346
439110.30000000075,Move,1344,341
439126.5,Move,1344,336
439134.19999999925,Move,1344,332
439166.19999999925,Move,1344,323
439182.30000000075,Move,1344,320
439198.19999999925,Move,1344,318
439206.40000000224,Move,1344,316
439230.6000000015,Move,1344,314
439246.19999999925,Move,1344,309
439262.40000000224,Move,1344,304
439278.30000000075,Move,1342,299
439294.19999999925,Move,1340,297
439310.69999999925,Move,1339,296
439326.30000000075,Move,1338,293
439342.40000000224,Move,1335,289
439366.5,Move,1332,286
439382.6000000015,Move,1329,282
439398.40000000224,Move,1326,281
439414.69999999925,Move,1321,278
439430.5,Move,1317,277
439446.30000000075,Move,1313,275
439462.30000000075,Move,1310,274
439478.69999999925,Move,1305,274
439494.40000000224,Move,1299,273
439510.5,Move,1293,271
439526.5,Move,1287,271
439542.6000000015,Move,1283,270
439550.19999999925,Move,1282,270
439646.30000000075,Move,1280,270
439646.6000000015,Released,1280,270
440406.19999999925,Released,973,667
