resolution:1920,1080
120506.10000000149,Pressed,750,270
120550.90000000224,Move,750,269
120598.90000000224,Move,752,269
120614.5,Move,754,269
120630.80000000075,Move,758,269
120646.80000000075,Move,762,271
120663.19999999925,Move,766,273
120679.19999999925,Move,768,274
120694.80000000075,Move,771,277
120710.90000000224,Move,773,278
120735,Move,777,280
120751,Move,781,282
120766.60000000149,Move,784,283
120782.90000000224,Move,787,286
120798.80000000075,Move,789,288
120814.90000000224,Move,791,290
120830.80000000075,Move,793,292
120847,Move,796,294
120862.90000000224,Move,796,296
120878.90000000224,Move,797,299
120894.69999999925,Move,798,301
120911,Move,798,304
120934.5,Move,798,308
120951,Move,798,312
120966.60000000149,Move,798,316
120982.90000000224,Move,798,319
120998.5,Move,798,323
121014.80000000075,Move,798,325
121030.69999999925,Move,797,330
121046.80000000075,Move,795,333
121062.80000000075,Move,795,335
121078.90000000224,Move,792,340
121094.69999999925,Move,790,342
121111.10000000149,Move,788,345
121118.69999999925,Move,786,347
121150.69999999925,Move,784,349
121158.60000000149,Move,783,349
121182.80000000075,Move,781,350
121198.80000000075,Move,779,351
121214.80000000075,Move,777,352
121230.69999999925,Move,776,352
121238.90000000224,Move,775,352
121262.80000000075,Move,773,352
121278.90000000224,Move,770,352
121294.60000000149,Move,765,353
121310.90000000224,Move,761,355
121334.80000000075,Move,756,355
121350.80000000075,Move,753,356
121366.80000000075,Move,752,356
121382.80000000075,Move,750,356
121398.69999999925,Move,747,356
121414.90000000224,Move,745,356
121430.69999999925,Move,743,356
121446.60000000149,Move,740,356
121454.80000000075,Move,739,356
121486.80000000075,Move,737,355
121494.80000000075,Move,736,355
121511,Move,734,353
121526.80000000075,Move,731,351
121550.80000000075,Move,727,350
121566.69999999925,Move,726,348
121574.90000000224,Move,725,347
121598.90000000224,Move,722,344
121614.90000000224,Move,721,342
121630.60000000149,Move,718,338
121647.40000000224,Move,717,335
121654.80000000075,Move,716,333
121670.80000000075,Move,715,330
121686.80000000075,Move,713,327
121710.90000000224,Move,712,323
121726.60000000149,Move,711,319
121750.69999999925,Move,711,318
121766.60000000149,Move,711,314
121782.69999999925,Move,711,310
121798.69999999925,Move,711,307
121806.80000000075,Move,711,305
121830.69999999925,Move,711,301
121846.69999999925,Move,711,298
121862.80000000075,Move,711,297
121879,Move,711,294
121894.69999999925,Move,711,293
121911.10000000149,Move,712,291
121934.80000000075,Move,713,289
121951,Move,715,287
121958.80000000075,Move,716,287
121974.80000000075,Move,717,285
121990.80000000075,Move,718,284
122015,Move,721,283
122031,Move,722,282
122046.69999999925,Move,724,281
122062.80000000075,Move,726,280
122070.69999999925,Move,726,279
122094.80000000075,Move,729,278
122102.60000000149,Move,731,276
122134.69999999925,Move,735,274
122151,Move,736,273
122166.69999999925,Move,739,271
122182.80000000075,Move,743,271
122190.80000000075,Move,744,271
122214.69999999925,Move,747,271
122230.69999999925,Move,750,271
122246.60000000149,Move,752,271
122262.80000000075,Move,753,271
122286.80000000075,Move,754,271
122326.69999999925,Move,755,271
122342.90000000224,Move,756,271
122367,Move,758,271
122382.69999999925,Move,759,271
122398.60000000149,Move,761,271
122406.69999999925,Released,761,271
123079.19999999925,Released,945,663
