resolution:1920,1080
213915.5,Pressed,859,363
213937.19999999925,Move,860,363
213952.80000000075,Move,865,363
213969.1000000015,Move,870,363
213984.90000000224,Move,874,363
214001.19999999925,Move,879,365
214017.1000000015,Move,884,367
214032.90000000224,Move,890,370
214049.1000000015,Move,894,372
214065,Move,898,374
214081.19999999925,Move,902,378
214097.1000000015,Move,906,382
214113.1000000015,Move,911,387
214137,Move,916,396
214153,Move,919,402
214169,Move,921,405
214184.80000000075,Move,922,410
214201,Move,922,414
214209.30000000075,Move,922,416
214232.90000000224,Move,922,418
214248.90000000224,Move,922,419
214265,Move,922,423
214281,Move,922,427
214297.19999999925,Move,922,428
214312.90000000224,Move,920,433
214337.1000000015,Move,918,438
214353.30000000075,Move,915,443
214369,Move,914,446
214385.1000000015,Move,913,450
214401,Move,912,451
214409.40000000224,Move,911,452
214440.90000000224,Move,909,453
214465,Move,907,455
214473.1000000015,Move,907,456
214481,Move,906,457
214497.19999999925,Move,901,460
214520.90000000224,Move,897,461
214537,Move,894,461
214553.1000000015,Move,890,463
214561.30000000075,Move,888,464
214585,Move,883,464
214601.1000000015,Move,880,465
214616.90000000224,Move,875,465
214632.90000000224,Move,869,466
214649,Move,866,466
214665,Move,864,466
214681,Move,860,466
214696.80000000075,Move,855,466
214712.90000000224,Move,851,466
214737,Move,844,464
214752.90000000224,Move,839,463
214769,Move,834,462
214784.69999999925,Move,831,460
214801,Move,827,459
214817,Move,822,457
214832.90000000224,Move,818,455
214848.90000000224,Move,813,452
214865,Move,810,450
214881,Move,807,447
214897.30000000075,Move,804,442
214913.19999999925,Move,802,440
214937.1000000015,Move,797,430
214953.1000000015,Move,796,425
214969.19999999925,Move,796,422
214985,Move,796,420
215001.19999999925,Move,796,417
215065.1000000015,Move,798,413
215081,Move,800,410
215088.90000000224,Move,803,408
215105.1000000015,Move,807,405
215137.1000000015,Move,813,402
215153.40000000224,Move,817,401
215169,Move,820,400
215185,Move,824,399
215201,Move,828,398
215217.1000000015,Move,833,398
215225.1000000015,Move,836,398
215249,Move,840,398
215265,Move,843,398
215281.30000000075,Move,844,398
215297,Move,848,398
215312.90000000224,Move,849,398
215329.30000000075,Move,852,398
215345,Move,854,399
215369.19999999925,Move,856,400
215385.1000000015,Move,859,402
215433.1000000015,Move,862,403
215433.30000000075,Released,862,403
216001.69999999925,Released,956,676
