resolution:1920,1080
201380.40000000224,Pressed,825,295
201401,Move,826,295
201409,Move,828,295
201433,Move,830,295
201449.30000000075,Move,837,295
201456.90000000224,Move,839,296
201481,Move,843,297
201496.90000000224,Move,846,297
201513.1000000015,Move,850,298
201537,Move,854,299
201553.40000000224,Move,856,301
201569.30000000075,Move,862,304
201585.1000000015,Move,867,306
201601.30000000075,Move,870,308
201617.1000000015,Move,872,309
201625.1000000015,Move,874,310
201649.19999999925,Move,875,311
201664.90000000224,Move,877,313
201681.19999999925,Move,879,313
201696.90000000224,Move,881,316
201713,Move,883,317
201737.19999999925,Move,886,321
201745.19999999925,Move,887,322
201768.90000000224,Move,889,325
201785,Move,891,328
201800.90000000224,Move,892,330
201816.80000000075,Move,892,333
201832.90000000224,Move,892,334
201840.90000000224,Move,892,337
201865,Move,893,339
201880.90000000224,Move,893,342
201896.90000000224,Move,895,345
201912.90000000224,Move,895,348
201936.90000000224,Move,895,355
201952.90000000224,Move,895,357
201968.90000000224,Move,895,360
201985,Move,895,364
202001.19999999925,Move,895,367
202017.1000000015,Move,894,369
202025.19999999925,Move,894,372
202048.80000000075,Move,892,375
202057,Move,891,377
202081.30000000075,Move,890,381
202089,Move,889,383
202113.1000000015,Move,886,388
202137.19999999925,Move,884,392
202153,Move,882,394
202160.90000000224,Move,881,395
202185.30000000075,Move,880,396
202192.90000000224,Move,878,398
202216.90000000224,Move,876,400
202241,Move,874,401
202249.1000000015,Move,873,401
202257.1000000015,Move,871,402
202280.90000000224,Move,869,404
202296.90000000224,Move,868,404
202312.90000000224,Move,863,405
202336.80000000075,Move,860,405
202352.80000000075,Move,856,405
202368.80000000075,Move,851,405
202384.90000000224,Move,845,406
202400.90000000224,Move,842,406
202416.80000000075,Move,838,407
202432.90000000224,Move,833,407
202449,Move,830,409
202465.1000000015,Move,826,409
202481.1000000015,Move,822,409
202496.80000000075,Move,820,409
202513.1000000015,Move,817,409
202537,Move,812,409
202552.80000000075,Move,809,408
202569.1000000015,Move,806,408
202585,Move,801,406
202601,Move,799,405
202609,Move,796,404
202633,Move,792,402
202649.19999999925,Move,790,399
202665.1000000015,Move,786,397
202681.19999999925,Move,783,394
202697.30000000075,Move,780,390
202713.19999999925,Move,778,388
202737,Move,776,384
202753,Move,775,381
202769.1000000015,Move,774,379
202784.90000000224,Move,773,377
202801,Move,772,375
202809.40000000224,Move,772,374
202833.1000000015,Move,771,371
202849.1000000015,Move,771,369
202865.1000000015,Move,770,367
202881.1000000015,Move,770,364
202896.90000000224,Move,770,360
202913,Move,770,355
202937,Move,770,347
202953,Move,771,341
202969,Move,772,337
202984.90000000224,Move,773,333
203001,Move,773,332
203017.1000000015,Move,774,329
203033.1000000015,Move,774,328
203049,Move,776,324
203065.19999999925,Move,778,321
203072.90000000224,Move,779,320
203097.30000000075,Move,780,317
203113.1000000015,Move,782,314
203129.1000000015,Move,783,313
203153.1000000015,Move,785,311
203160.80000000075,Move,786,310
203185,Move,789,308
203201.1000000015,Move,792,308
203217.19999999925,Move,794,307
203232.90000000224,Move,797,307
203249.1000000015,Move,798,307
203264.80000000075,Move,800,307
203273,Move,801,307
203296.90000000224,Move,803,307
203313,Move,805,307
203329.1000000015,Move,807,307
203353.5,Move,811,307
203369.30000000075,Move,812,307
203384.80000000075,Move,815,307
203457,Move,816,307
203561,Released,816,307
204273,Released,937,682
