resolution:1920,1080
274017.6000000015,Pressed,990,153
274046.6000000015,Move,990,152
274062.69999999925,Move,986,152
274078.69999999925,Move,973,152
274094.80000000075,Move,960,152
274110.40000000224,Move,943,152
274126.69999999925,Move,929,152
274150.80000000075,Move,913,153
274166.90000000224,Move,901,156
274182.5,Move,886,162
274198.5,Move,872,169
274214.6000000015,Move,857,179
274230.69999999925,Move,845,186
274246.5,Move,834,195
274262.69999999925,Move,820,207
274278.6000000015,Move,813,213
274294.80000000075,Move,808,222
274310.69999999925,Move,803,229
274326.6000000015,Move,797,242
274350.5,Move,786,263
274366.40000000224,Move,781,277
274382.69999999925,Move,778,293
274398.5,Move,778,308
274414.5,Move,778,325
274430.69999999925,Move,778,342
274446.5,Move,778,359
274462.69999999925,Move,778,375
274478.6000000015,Move,784,392
274494.6000000015,Move,788,407
274510.6000000015,Move,793,423
274526.69999999925,Move,798,432
274550.5,Move,806,446
274566.6000000015,Move,811,454
274582.40000000224,Move,817,462
274598.40000000224,Move,822,468
274614.30000000075,Move,829,476
274630.30000000075,Move,836,484
274646.6000000015,Move,844,490
274662.5,Move,852,494
274678.5,Move,858,498
274694.6000000015,Move,867,503
274710.40000000224,Move,874,505
274726.6000000015,Move,882,508
274750.30000000075,Move,898,511
274766.40000000224,Move,908,512
274782.30000000075,Move,918,514
274798.40000000224,Move,932,515
274814.40000000224,Move,946,518
274830.30000000075,Move,956,518
274846.40000000224,Move,967,520
274862.40000000224,Move,977,520
274878.30000000075,Move,986,520
274894.6000000015,Move,994,520
274910.5,Move,1004,520
274926.40000000224,Move,1010,520
274950.40000000224,Move,1022,515
274966.5,Move,1033,510
274982.30000000075,Move,1044,502
274998.5,Move,1054,494
275014.6000000015,Move,1069,484
275030.80000000075,Move,1078,477
275046.69999999925,Move,1086,471
275062.69999999925,Move,1096,463
275078.69999999925,Move,1103,453
275094.6000000015,Move,1108,444
275110.5,Move,1114,434
275126.5,Move,1121,422
275150.80000000075,Move,1131,400
275166.40000000224,Move,1135,386
275182.40000000224,Move,1140,372
275198.80000000075,Move,1144,358
275214.40000000224,Move,1145,349
275230.30000000075,Move,1145,342
275246.5,Move,1145,334
275262.5,Move,1145,325
275278.5,Move,1145,315
275294.80000000075,Move,1145,306
275310.69999999925,Move,1145,296
275326.5,Move,1145,284
275350.40000000224,Move,1144,263
275366.40000000224,Move,1141,252
275382.40000000224,Move,1137,241
275398.40000000224,Move,1132,232
275414.40000000224,Move,1126,221
275430.5,Move,1121,213
275446.30000000075,Move,1118,207
275462.5,Move,1114,199
275478.90000000224,Move,1108,192
275494.5,Move,1102,182
275510.6000000015,Move,1094,177
275526.5,Move,1085,171
275550.69999999925,Move,1068,163
275566.69999999925,Move,1057,160
275582.80000000075,Move,1048,157
275598.80000000075,Move,1038,154
275614.5,Move,1026,152
275630.69999999925,Move,1014,148
275646.40000000224,Move,1004,147
275662.69999999925,Move,995,147
275678.40000000224,Move,990,147
275694.5,Move,986,147
275710.5,Move,981,147
275726.69999999925,Move,978,148
275782.80000000075,Released,978,148
276374.6000000015,Released,958,666
