resolution:1920,1080
62706,Pressed,1001,282
62734.699999999255,Move,994,278
62750.60000000149,Move,985,276
62766.699999999255,Move,968,271
62782.60000000149,Move,943,270
62798.699999999255,Move,923,270
62814.800000000745,Move,904,270
62830.5,Move,891,270
62846.800000000745,Move,881,270
62862.60000000149,Move,873,272
62878.800000000745,Move,867,276
62894.800000000745,Move,859,285
62911,Move,853,291
62935,Move,845,305
62951.10000000149,Move,838,319
62966.900000002235,Move,833,332
62982.800000000745,Move,831,344
62998.699999999255,Move,829,357
63014.800000000745,Move,828,371
63030.900000002235,Move,827,385
63046.699999999255,Move,827,395
63062.900000002235,Move,827,406
63079.10000000149,Move,827,415
63094.699999999255,Move,828,422
63111.10000000149,Move,830,431
63134.699999999255,Move,836,445
63150.699999999255,Move,842,453
63166.699999999255,Move,848,462
63182.900000002235,Move,856,471
63198.60000000149,Move,861,476
63214.800000000745,Move,870,482
63230.800000000745,Move,875,484
63247.10000000149,Move,881,487
63262.699999999255,Move,887,489
63279.300000000745,Move,893,489
63295.10000000149,Move,899,489
63310.699999999255,Move,905,489
63334.699999999255,Move,915,489
63350.800000000745,Move,924,489
63366.699999999255,Move,935,483
63382.900000002235,Move,950,474
63398.699999999255,Move,963,465
63414.800000000745,Move,976,456
63431,Move,990,445
63446.699999999255,Move,998,437
63463,Move,1005,430
63478.800000000745,Move,1010,423
63495,Move,1016,413
63510.800000000745,Move,1021,404
63534.800000000745,Move,1026,384
63550.900000002235,Move,1028,373
63566.800000000745,Move,1029,361
63583.10000000149,Move,1029,353
63598.699999999255,Move,1029,343
63614.900000002235,Move,1029,336
63631,Move,1029,327
63646.800000000745,Move,1029,320
63663.10000000149,Move,1029,314
63678.699999999255,Move,1025,305
63694.800000000745,Move,1023,300
63710.800000000745,Move,1019,295
63735,Move,1016,290
63750.800000000745,Move,1015,289
63766.800000000745,Move,1012,285
63782.900000002235,Move,1010,285
63798.900000002235,Move,1007,284
63806.900000002235,Move,1006,283
63807.10000000149,Released,1006,283
64478.800000000745,Released,963,660
64718.800000000745,Released,962,667
