resolution:1536,864
276993,Pressed,754,424
277227,Move,754,424
277307.30000000075,Move,754,424
277329.30000000075,Move,755,424
277351.80000000075,Move,756,424
277373.69999999925,Move,756,425
277388.80000000075,Move,756,425
277402.6000000015,Move,757,425
277424.80000000075,Move,760,426
277439.80000000075,Move,761,426
277454.5,Move,762,426
277468.6000000015,Move,763,426
277491.3999999985,Move,766,427
277505.5,Move,767,427
277519.8999999985,Move,768,427
277535.3999999985,Move,769,428
277557.1000000015,Move,772,429
277571.80000000075,Move,773,429
277586.5,Move,774,429
277608.19999999925,Move,775,429
277622.8999999985,Move,778,429
277637.6000000015,Move,779,429
277645,Move,780,429
277674.3999999985,Move,781,429
277689.5,Move,783,429
277704.1000000015,Move,784,429
277718.19999999925,Move,785,429
277740.19999999925,Move,790,429
277755.6000000015,Move,791,429
277770.19999999925,Move,793,429
277791.80000000075,Move,796,429
277806.80000000075,Move,797,429
277823.69999999925,Move,799,429
277836.8999999985,Move,800,429
277858,Move,802,429
277865.6000000015,Move,803,429
277894.69999999925,Move,803,429
277903.1000000015,Move,805,428
277924,Move,809,426
277938.69999999925,Move,811,425
277953.30000000075,Move,814,424
277975.5,Move,816,424
277998,Move,816,424
278005.30000000075,Move,817,423
278020.1000000015,Move,820,421
278041.30000000075,Move,825,419
278056.69999999925,Move,827,416
278071.3999999985,Move,828,415
278085.5,Move,829,414
278107.6000000015,Move,831,413
278122.30000000075,Move,833,412
278137.69999999925,Move,834,412
278159,Move,835,411
278174.3999999985,Move,835,410
278233.1000000015,Move,835,409
278240.30000000075,Move,835,409
278254.80000000075,Move,837,408
278269.6000000015,Move,838,407
278284,Move,839,406
278306.3999999985,Move,841,403
278320.69999999925,Move,842,403
278357.19999999925,Move,842,402
278367.80000000075,Move,843,402
278387.1000000015,Move,845,401
278401.3999999985,Move,846,400
278423.8999999985,Move,848,398
278438.80000000075,Move,849,397
278454.19999999925,Move,851,395
278475.19999999925,Move,852,393
278489.80000000075,Move,854,390
278504.5,Move,854,389
278519.5,Move,856,387
278541.3999999985,Move,857,385
278556.19999999925,Move,857,383
278570.8999999985,Move,857,382
278585.6000000015,Move,857,381
278607.6000000015,Move,857,379
278621.80000000075,Move,859,378
278636.6000000015,Move,860,377
278659,Move,861,375
278673.30000000075,Move,861,374
278681.80000000075,Move,861,373
278703,Move,861,373
278724.80000000075,Move,861,372
278739.80000000075,Move,863,371
278754.6000000015,Move,864,369
278769,Move,865,368
278791,Move,866,366
278805.8999999985,Move,866,365
278820.69999999925,Move,867,363
278834.8999999985,Move,867,362
278857.30000000075,Move,867,360
278872.19999999925,Move,869,358
278887.1000000015,Move,869,357
278908.30000000075,Move,871,354
278923.30000000075,Move,871,353
278937.69999999925,Move,872,351
278952.3999999985,Move,872,350
278974.6000000015,Move,872,348
278989.19999999925,Move,873,347
279003.8999999985,Move,873,344
279018.69999999925,Move,875,342
279033.19999999925,Move,875,340
279055.6000000015,Move,875,337
279070.1000000015,Move,875,335
279092.1000000015,Move,876,331
279106.5,Move,876,329
279121.3999999985,Move,877,325
279136.69999999925,Move,877,324
279153,Move,877,323
279172.8999999985,Move,877,320
279188,Move,877,319
279202.69999999925,Move,877,317
279224.19999999925,Move,877,314
279239.3999999985,Move,878,312
279253.80000000075,Move,878,311
279268.80000000075,Move,878,310
279290.69999999925,Move,878,308
279305.1000000015,Move,878,307
279319.69999999925,Move,878,305
279334.5,Move,878,302
279356.5,Move,878,300
279371.1000000015,Move,878,298
279388.1000000015,Move,878,296
279408,Move,878,295
279422.6000000015,Move,878,293
279437.69999999925,Move,878,292
279452.30000000075,Move,878,291
279474.6000000015,Move,877,289
279489.19999999925,Move,877,288
279503.30000000075,Move,877,287
279518.19999999925,Move,876,285
279540.6000000015,Move,876,283
279555.80000000075,Move,876,282
279569.5,Move,876,281
279584.3999999985,Move,874,279
279606.6000000015,Move,873,277
279620.8999999985,Move,872,276
279636.1000000015,Move,871,275
279658.1000000015,Move,870,271
279673.5,Move,868,269
279687.19999999925,Move,867,267
279701.69999999925,Move,866,266
279724.19999999925,Move,865,264
279738.30000000075,Move,865,263
279753.69999999925,Move,864,261
279775.5,Move,862,259
279790.19999999925,Move,862,258
279804.69999999925,Move,861,257
279819.1000000015,Move,861,255
279841.3999999985,Move,859,254
279848.80000000075,Move,859,253
279871.30000000075,Move,859,253
279892.80000000075,Move,858,252
279900.1000000015,Move,858,252
279922.1000000015,Move,856,251
279937.19999999925,Move,855,251
279952.19999999925,Move,855,249
279973.80000000075,Move,854,249
279988.3999999985,Move,853,248
280003.30000000075,Move,852,247
280025.30000000075,Move,850,245
280039.80000000075,Move,849,243
280054.8999999985,Move,848,242
280069.69999999925,Move,847,241
280091.6000000015,Move,844,239
280106.1000000015,Move,843,237
280120.8999999985,Move,842,236
280136.30000000075,Move,841,235
280157.3999999985,Move,839,233
280172.5,Move,837,231
280187,Move,836,230
280201.5,Move,835,229
280223.6000000015,Move,833,227
280238.30000000075,Move,831,225
280253.8999999985,Move,830,225
280275.30000000075,Move,829,223
280290.19999999925,Move,827,223
280304.1000000015,Move,826,223
280319.8999999985,Move,825,223
280341.8999999985,Move,823,222
280355.5,Move,821,221
280370.3999999985,Move,820,220
280392.30000000075,Move,818,220
280407.6000000015,Move,817,219
280421.6000000015,Move,815,219
280436.69999999925,Move,814,218
280458.8999999985,Move,812,218
280473.1000000015,Move,811,218
280488.19999999925,Move,809,218
280502.5,Move,808,218
280524.8999999985,Move,807,217
280539.30000000075,Move,805,217
280554,Move,804,217
280568.5,Move,803,217
280591,Move,801,216
280605.6000000015,Move,800,216
280620.69999999925,Move,798,216
280635.19999999925,Move,797,216
280657,Move,795,216
280671.5,Move,794,216
280686.8999999985,Move,792,216
280708.3999999985,Move,791,215
280722.80000000075,Move,789,215
280737.30000000075,Move,788,215
280753.6000000015,Move,786,215
280774.5,Move,785,215
280788.8999999985,Move,783,215
280803.80000000075,Move,782,215
280818.6000000015,Move,780,215
280841,Move,777,215
280855.1000000015,Move,775,215
280869.69999999925,Move,774,215
280891.8999999985,Move,771,215
280907.1000000015,Move,769,215
280921.6000000015,Move,767,215
280936.1000000015,Move,766,215
280958.19999999925,Move,765,215
280972.8999999985,Move,763,215
280987.19999999925,Move,761,215
281002.80000000075,Move,760,215
281023.80000000075,Move,758,215
281038.5,Move,757,215
281053.19999999925,Move,756,215
281068.3999999985,Move,755,215
281090.19999999925,Move,752,215
281104.69999999925,Move,751,215
281119.3999999985,Move,749,215
281141.6000000015,Move,746,215
281156.1000000015,Move,745,215
281171.30000000075,Move,744,215
281186,Move,743,215
281207.80000000075,Move,741,216
281222.5,Move,739,216
281236.8999999985,Move,738,217
281251.8999999985,Move,737,218
281274.3999999985,Move,735,218
281288.6000000015,Move,734,218
281303.30000000075,Move,733,219
281318.30000000075,Move,731,219
281340.1000000015,Move,729,221
281355.30000000075,Move,728,221
281369.30000000075,Move,727,223
281391.30000000075,Move,725,223
281406,Move,723,224
281421.5,Move,722,225
281436.30000000075,Move,721,227
281457.19999999925,Move,719,229
281471.8999999985,Move,717,230
281486.69999999925,Move,716,231
281502.19999999925,Move,715,233
281523.3999999985,Move,713,235
281537.8999999985,Move,712,236
281553,Move,711,237
281567.80000000075,Move,710,239
281589.80000000075,Move,709,240
281604.3999999985,Move,709,240
281611.19999999925,Move,708,241
281641.19999999925,Move,707,241
281656,Move,706,242
281670.69999999925,Move,705,242
281677.8999999985,Move,705,242
281707.5,Move,705,244
281722.30000000075,Move,704,245
281737.19999999925,Move,703,245
281751.30000000075,Move,703,247
281773.30000000075,Move,701,248
281787.8999999985,Move,700,250
281802.5,Move,699,251
281817.30000000075,Move,699,251
281832.1000000015,Move,699,252
281847.19999999925,Move,699,253
281868.6000000015,Move,698,253
281891,Move,697,255
281905.5,Move,697,257
281920.80000000075,Move,696,258
281942.1000000015,Move,695,259
281957.1000000015,Move,694,261
281971.5,Move,693,263
281987.1000000015,Move,693,264
282008.6000000015,Move,692,265
282022.8999999985,Move,691,267
282038,Move,691,268
282052.69999999925,Move,691,269
282067.19999999925,Move,690,271
282089.3999999985,Move,688,274
282104.1000000015,Move,688,275
282125.69999999925,Move,688,277
282140.3999999985,Move,688,278
282155.69999999925,Move,688,279
282170.5,Move,688,281
282191.80000000075,Move,688,282
282206.8999999985,Move,688,283
282221.19999999925,Move,688,283
282237.1000000015,Move,688,284
282258.19999999925,Move,688,286
282272.80000000075,Move,688,289
282287.5,Move,688,293
282302.6000000015,Move,688,297
282324.1000000015,Move,688,301
282339.80000000075,Move,688,304
282353.3999999985,Move,688,307
282368.5,Move,688,310
282390.1000000015,Move,688,316
282405.80000000075,Move,688,319
282420,Move,688,322
282441.69999999925,Move,688,324
282457.5,Move,688,325
282471.3999999985,Move,688,327
282485.69999999925,Move,688,328
282501.19999999925,Move,690,331
282522.69999999925,Move,692,337
282537.6000000015,Move,694,342
282559.1000000015,Move,697,347
282574.30000000075,Move,699,350
282588.8999999985,Move,701,354
282603.80000000075,Move,704,357
282625.69999999925,Move,707,361
282640.1000000015,Move,708,364
282654.80000000075,Move,709,365
282669.80000000075,Move,710,367
282684.5,Move,711,369
282706.5,Move,713,370
282720.8999999985,Move,715,373
282736.19999999925,Move,718,376
282757.8999999985,Move,720,377
282774.1000000015,Move,721,379
282787.19999999925,Move,723,380
282801.6000000015,Move,723,381
282823.6000000015,Move,725,383
282838.30000000075,Move,726,385
282853.6000000015,Move,726,386
282868,Move,729,387
282889.69999999925,Move,731,389
282904.3999999985,Move,733,391
282919.1000000015,Move,734,392
282941.30000000075,Move,737,394
282956.80000000075,Move,739,395
282970.80000000075,Move,741,397
282985.19999999925,Move,743,399
283007.5,Move,744,400
283022.3999999985,Move,744,401
283036.69999999925,Move,745,402
283051.5,Move,747,403
283073.69999999925,Move,749,404
283088.3999999985,Move,749,405
283110.19999999925,Move,750,405
283132.80000000075,Move,751,406
283139.5,Move,751,407
283154.1000000015,Move,754,408
283169.69999999925,Move,756,410
283191.30000000075,Move,760,411
283205.8999999985,Move,761,412
283220.8999999985,Move,762,412
283235.5,Move,763,412
283258.1000000015,Move,764,412
283272.6000000015,Move,765,412
283286.6000000015,Move,767,412
283301.5,Move,771,413
283323.1000000015,Move,774,413
283340,Move,775,413
283353.3999999985,Move,777,413
283375.3999999985,Move,780,413
283389.5,Move,781,413
283404.19999999925,Move,783,413
283419.30000000075,Move,785,413
283441.30000000075,Move,787,413
283456.80000000075,Move,789,413
283470.3999999985,Move,791,413
283485,Move,793,413
283508.19999999925,Move,795,413
283521.6000000015,Move,797,413
283536.5,Move,798,413
283558.3999999985,Move,798,413
283582.19999999925,Move,799,413
283587.8999999985,Move,799,413
283602.6000000015,Move,801,413
283616,Released,801,413
284527.69999999925,Released,745,523
