resolution:1536,864
34146.39999999851,Pressed,738,267
34319.5,Move,731,267
34326.5,Move,722,268
34517.89999999851,Move,680,369
34540.800000000745,Move,703,393
34561.60000000149,Move,732,410
34576.39999999851,Move,757,418
34591.10000000149,Move,787,421
34606.10000000149,Move,815,421
34627.699999999255,Move,845,420
34643.199999999255,Move,864,412
34657.199999999255,Move,876,404
34671.800000000745,Move,887,394
34694.39999999851,Move,900,381
34711.199999999255,Move,909,371
34723.699999999255,Move,916,358
34738.699999999255,Move,922,346
34760.199999999255,Move,925,333
34775,Move,927,322
34789.699999999255,Move,927,308
34811.5,Move,924,286
34826.5,Move,919,273
34841.39999999851,Move,911,258
34856.199999999255,Move,904,247
34878,Move,897,241
34892.5,Move,892,238
34906.89999999851,Move,880,233
34922,Move,865,227
34944.300000000745,Move,844,221
34958.60000000149,Move,829,219
34973.199999999255,Move,818,219
34988,Move,810,219
35011.300000000745,Move,793,219
35025,Move,777,223
35039.39999999851,Move,763,227
35061.300000000745,Move,746,235
35076.10000000149,Move,738,240
35091.10000000149,Move,733,245
35105.5,Move,726,251
35127.60000000149,Move,714,260
35142.10000000149,Move,703,269
35156.60000000149,Move,691,283
35171.699999999255,Move,680,296
35193.300000000745,Move,671,309
35208,Move,668,313
35222.60000000149,Move,667,318
35237.699999999255,Move,665,324
35254.39999999851,Move,665,333
35259.10000000149,Released,665,333
36199.800000000745,Released,776,528
