resolution:1536,864
45618.60000000149,Pressed,691,225
45793.300000000745,Move,695,225
45808,Move,709,223
45816.699999999255,Move,715,223
45845.10000000149,Move,733,224
45859.300000000745,Move,740,225
45873.89999999851,Move,748,228
45889.89999999851,Move,754,229
45910.800000000745,Move,762,233
45925.5,Move,765,235
45940.10000000149,Move,769,237
45955,Move,771,241
45976.89999999851,Move,775,245
45991.699999999255,Move,776,247
46006.199999999255,Move,777,251
46021.199999999255,Move,779,256
46042.89999999851,Move,782,263
46057.800000000745,Move,782,266
46073.699999999255,Move,783,271
46094.300000000745,Move,783,280
46109.10000000149,Move,783,287
46124,Move,781,295
46138.300000000745,Move,777,304
46160.10000000149,Move,769,315
46175,Move,763,323
46189.699999999255,Move,758,329
46206.800000000745,Move,752,335
46226.89999999851,Move,745,340
46241.5,Move,740,345
46256.300000000745,Move,731,348
46278.10000000149,Move,715,354
46292.89999999851,Move,705,354
46307.199999999255,Move,697,354
46322.199999999255,Move,689,353
46344.199999999255,Move,678,349
46359.300000000745,Move,673,348
46373.699999999255,Move,667,345
46388.800000000745,Move,661,341
46410.39999999851,Move,654,337
46424.89999999851,Move,650,333
46439.89999999851,Move,644,327
46454.89999999851,Move,638,321
46476.39999999851,Move,633,313
46490.800000000745,Move,630,305
46505.800000000745,Move,629,299
46527.89999999851,Move,628,293
46542.800000000745,Move,628,286
46557.39999999851,Move,630,279
46572.300000000745,Move,632,273
46593.699999999255,Move,635,264
46608.60000000149,Move,637,259
46623.60000000149,Move,641,255
46637.89999999851,Move,644,252
46659.699999999255,Move,649,247
46677.10000000149,Move,655,241
46689.60000000149,Move,661,236
46711.300000000745,Move,669,230
46726.60000000149,Move,675,228
46741.300000000745,Move,680,226
46755.5,Move,683,225
46777.699999999255,Move,687,225
46792.199999999255,Move,691,225
46807.800000000745,Move,693,225
46822.10000000149,Move,693,225
46843.5,Move,697,225
46858.10000000149,Move,698,225
46865.699999999255,Move,698,225
46880.300000000745,Released,698,225
47790.89999999851,Released,765,536
