resolution:1536,864
79531.60000000149,Pressed,904,273
79713.30000000075,Move,899,273
79728.19999999925,Move,879,275
79742.39999999851,Move,861,279
79752.10000000149,Move,853,283
79791.10000000149,Move,817,305
79795.39999999851,Move,812,308
79808.5,Move,809,311
79823.39999999851,Move,805,314
79844.89999999851,Move,801,317
79860,Move,799,321
79874.5,Move,795,328
79889.5,Move,794,335
79911.69999999925,Move,792,344
79926.39999999851,Move,792,348
79941,Move,792,353
79962.5,Move,793,361
79979.30000000075,Move,794,369
79992.19999999925,Move,797,376
80007,Move,799,383
80028.80000000075,Move,804,390
80043.39999999851,Move,809,395
80058.5,Move,818,400
80073,Move,825,403
80095.10000000149,Move,835,409
80109.69999999925,Move,842,411
80124.39999999851,Move,851,413
80146.19999999925,Move,864,415
80161.19999999925,Move,871,415
80176.60000000149,Move,879,414
80191,Move,889,412
80212.60000000149,Move,902,409
80227.10000000149,Move,907,408
80241.89999999851,Move,912,405
80256.69999999925,Move,917,401
80278.30000000075,Move,927,396
80294,Move,933,393
80307.80000000075,Move,937,389
80323.5,Move,943,384
80344.39999999851,Move,951,376
80359.30000000075,Move,957,370
80373.89999999851,Move,962,363
80395.69999999925,Move,968,351
80410.5,Move,970,345
80425.39999999851,Move,973,337
80440.19999999925,Move,975,331
80462.10000000149,Move,975,319
80477.10000000149,Move,975,311
80491.39999999851,Move,975,303
80507.39999999851,Move,973,298
80528.89999999851,Move,971,291
80542.80000000075,Move,968,286
80557.60000000149,Move,964,281
80573.19999999925,Move,961,276
80594.39999999851,Move,959,274
80610.19999999925,Move,958,273
80623.69999999925,Move,957,273
80645.80000000075,Move,943,270
80660.5,Move,924,272
80675.39999999851,Move,895,277
80689.60000000149,Move,874,282
80712.19999999925,Move,840,293
80726.80000000075,Move,827,299
80741.30000000075,Move,813,306
80755.80000000075,Move,810,309
80763.60000000149,Released,810,309
81867.5,Released,759,527
