resolution:1536,864
52108.300000000745,Pressed,926,286
52309,Move,919,284
52317.800000000745,Move,910,282
52351.199999999255,Move,879,278
52360.39999999851,Move,870,278
52375,Move,863,278
52389.699999999255,Move,856,279
52411.300000000745,Move,845,281
52425.89999999851,Move,837,285
52440.5,Move,830,290
52455.60000000149,Move,824,296
52478.10000000149,Move,815,305
52492.60000000149,Move,813,309
52507.699999999255,Move,809,314
52522.699999999255,Move,805,319
52543.60000000149,Move,799,333
52558.39999999851,Move,797,344
52573.5,Move,797,352
52588.300000000745,Move,797,358
52610.10000000149,Move,798,371
52624.800000000745,Move,801,379
52641.199999999255,Move,806,387
52661.60000000149,Move,814,398
52676.699999999255,Move,823,409
52690.89999999851,Move,834,421
52706.10000000149,Move,845,431
52720.699999999255,Move,853,437
52742.39999999851,Move,869,446
52757.10000000149,Move,876,449
52771.60000000149,Move,886,451
52793.800000000745,Move,901,454
52810.300000000745,Move,914,454
52823.10000000149,Move,927,454
52845,Move,939,453
52852.60000000149,Move,943,451
52875,Move,956,448
52889.699999999255,Move,968,441
52911.199999999255,Move,980,432
52927,Move,985,427
52941.10000000149,Move,991,421
52955.199999999255,Move,996,415
52977.199999999255,Move,1000,408
52992.300000000745,Move,1005,400
53006.60000000149,Move,1008,393
53028.699999999255,Move,1013,382
53043.5,Move,1015,375
53058.39999999851,Move,1016,369
53073.199999999255,Move,1017,360
53094.800000000745,Move,1017,347
53109.60000000149,Move,1017,339
53124.60000000149,Move,1015,330
53138.89999999851,Move,1012,320
53160.89999999851,Move,1006,308
53175.699999999255,Move,1003,301
53190.5,Move,999,295
53205.60000000149,Move,996,291
53227.5,Move,991,287
53242.10000000149,Move,989,284
53256.5,Move,985,282
53278.60000000149,Move,974,278
53293,Move,962,273
53308.10000000149,Move,947,271
53322.800000000745,Move,935,271
53345,Move,924,271
53360.5,Move,917,273
53374.39999999851,Move,905,275
53389.10000000149,Move,895,279
53396,Move,893,279
53402.60000000149,Released,893,279
54535.5,Released,740,517
55265,Released,739,521
