resolution:1536,864
175912.19999999925,Pressed,763,158
176079.5,Move,770,155
176086.5,Move,781,152
176101.1000000015,Move,807,143
176115.8999999985,Move,823,138
176130.6000000015,Move,839,135
176137.19999999925,Move,847,135
176168.30000000075,Move,877,139
176181.80000000075,Move,894,143
176196.8999999985,Move,911,148
176218.6000000015,Move,925,155
176233,Move,933,160
176248.30000000075,Move,941,167
176263.19999999925,Move,949,172
176284.3999999985,Move,960,181
176299.1000000015,Move,966,188
176313.6000000015,Move,974,202
176335.5,Move,983,224
176350.80000000075,Move,988,240
176365.3999999985,Move,991,262
176379.80000000075,Move,991,275
176402.19999999925,Move,990,294
176416.69999999925,Move,988,307
176431.19999999925,Move,985,318
176446.6000000015,Move,979,328
176468.3999999985,Move,965,346
176483,Move,950,360
176497.3999999985,Move,934,374
176519.3999999985,Move,902,388
176534.30000000075,Move,884,393
176548.80000000075,Move,866,399
176563.19999999925,Move,853,401
176585.80000000075,Move,834,402
176600.30000000075,Move,819,400
176615.1000000015,Move,804,398
176629.8999999985,Move,792,396
176652.1000000015,Move,774,389
176666.19999999925,Move,764,383
176681,Move,754,375
176696,Move,743,367
176718.80000000075,Move,726,352
176732.19999999925,Move,715,342
176746.80000000075,Move,705,331
176769.3999999985,Move,693,314
176783.5,Move,686,304
176798.3999999985,Move,679,292
176812.8999999985,Move,675,281
176835.19999999925,Move,669,266
176850,Move,669,257
176865.1000000015,Move,670,250
176880.30000000075,Move,671,241
176901.5,Move,680,225
176916.19999999925,Move,687,215
176930.69999999925,Move,695,203
176945.5,Move,706,191
176968,Move,719,178
176982.8999999985,Move,726,171
176997.1000000015,Move,735,165
177011.6000000015,Move,749,156
177033.30000000075,Move,765,148
177048.69999999925,Move,773,143
177063.5,Move,780,139
177085.30000000075,Move,791,134
177100,Move,797,133
177114.3999999985,Move,802,131
177129.19999999925,Move,807,131
177151,Move,811,131
177160.19999999925,Move,811,131
177164.5,Released,811,131
178025.30000000075,Released,751,541
178562.19999999925,Released,749,533
