resolution:1536,864
1353.300000000745,Pressed,0.484375,0.1388888888888889
1356.699999999255,Move,0.474609375,0.1400462962962963
1370,Move,0.4446614583333333,0.15393518518518517
1386.199999999255,Move,0.4147135416666667,0.17939814814814814
1402.300000000745,Move,0.3990885416666667,0.2048611111111111
1418.300000000745,Move,0.392578125,0.24305555555555555
1432.699999999255,Move,0.3932291666666667,0.2789351851851852
1448.4000000022352,Move,0.4095052083333333,0.30671296296296297
1463.699999999255,Move,0.458984375,0.31828703703703703
1486.1000000014901,Move,0.572265625,0.2789351851851852
1501.9000000022352,Move,0.6243489583333334,0.2465277777777778
1517.699999999255,Move,0.6484375,0.21296296296296297
1533.699999999255,Move,0.6516927083333334,0.1840277777777778
1548.4000000022352,Move,0.6315104166666666,0.13657407407407407
1601.9000000022352,Move,0.4973958333333333,0.13078703703703703
1617.4000000022352,Move,0.4680989583333333,0.18287037037037038
1634.199999999255,Move,0.45703125,0.2326388888888889
1649.300000000745,Move,0.462890625,0.27662037037037035
1663.5,Move,0.4856770833333333,0.3055555555555556
1679.6000000014901,Move,0.525390625,0.29282407407407407
1704.300000000745,Move,0.5911458333333334,0.2534722222222222
1717.800000000745,Move,0.6009114583333334,0.23032407407407407
1734,Move,0.6009114583333334,0.19444444444444445
1750,Move,0.5865885416666666,0.15393518518518517
1766,Move,0.5618489583333334,0.13773148148148148
1787.699999999255,Move,0.5247395833333334,0.15046296296296297
1804.199999999255,Move,0.4850260416666667,0.1886574074074074
1819.5,Move,0.4661458333333333,0.22916666666666666
1833.800000000745,Move,0.462890625,0.2650462962962963
1850,Move,0.48046875,0.3090277777777778
1865.699999999255,Move,0.5227864583333334,0.32060185185185186
1882,Move,0.5813802083333334,0.29282407407407407
1903.800000000745,Move,0.6354166666666666,0.2349537037037037
1919.5,Move,0.646484375,0.19675925925925927
1935.699999999255,Move,0.6399739583333334,0.15856481481481483
1949.9000000022352,Move,0.6028645833333334,0.1099537037037037
1966,Move,0.5579427083333334,0.10416666666666667
1982,Move,0.4915364583333333,0.12384259259259259
1998.1000000014901,Move,0.40625,0.18518518518518517
2020.300000000745,Move,0.33203125,0.34375
2036,Move,0.3372395833333333,0.40162037037037035
2052.199999999255,Move,0.3782552083333333,0.4537037037037037
2068,Move,0.4615885416666667,0.4652777777777778
2082.5,Move,0.5638020833333334,0.3993055555555556
2098.5,Move,0.6295572916666666,0.3159722222222222
2114.400000002235,Move,0.64453125,0.2673611111111111
2135.900000002235,Move,0.6295572916666666,0.18055555555555555
2152.300000000745,Move,0.578125,0.13541666666666666
2168.300000000745,Move,0.5149739583333334,0.1388888888888889
2181.800000000745,Move,0.4303385416666667,0.18981481481481483
2198.5,Move,0.3430989583333333,0.30671296296296297
2214.400000002235,Move,0.3098958333333333,0.3912037037037037
2230.5,Move,0.3196614583333333,0.45949074074074076
2252.10000000149,Move,0.4108072916666667,0.5381944444444444
2268.300000000745,Move,0.4947916666666667,0.5023148148148148
2284.199999999255,Move,0.5846354166666666,0.3912037037037037
2300.300000000745,Move,0.6263020833333334,0.31712962962962965
2314.400000002235,Move,0.6373697916666666,0.2650462962962963
2330.400000002235,Move,0.626953125,0.22337962962962962
2346.10000000149,Move,0.5729166666666666,0.19212962962962962
2368.400000002235,Move,0.4420572916666667,0.22337962962962962
2384,Move,0.337890625,0.32523148148148145
2400.5,Move,0.267578125,0.4085648148148148
2414.5,Move,0.24674479166666666,0.47800925925925924
2431.699999999255,Move,0.2688802083333333,0.5196759259259259
2454.400000002235,Move,0.3795572916666667,0.5497685185185185
2470.60000000149,Move,0.4837239583333333,0.48032407407407407
2484.400000002235,Move,0.5807291666666666,0.3506944444444444
2500.400000002235,Move,0.623046875,0.2847222222222222
2516.199999999255,Move,0.6302083333333334,0.23842592592592593
2532.300000000745,Move,0.6145833333333334,0.21875
2554.10000000149,Move,0.515625,0.2152777777777778
2570.300000000745,Move,0.4225260416666667,0.2650462962962963
2586,Move,0.3365885416666667,0.3576388888888889
2600.5,Move,0.3111979166666667,0.40162037037037035
2616.300000000745,Move,0.318359375,0.42824074074074076
2632,Move,0.3678385416666667,0.45023148148148145
2648.199999999255,Move,0.4544270833333333,0.4236111111111111
2670.5,Move,0.5657552083333334,0.3159722222222222
2686.400000002235,Move,0.583984375,0.28703703703703703
2702.300000000745,Move,0.5872395833333334,0.2534722222222222
2718.400000002235,Move,0.572265625,0.2337962962962963
2732.400000002235,Move,0.5286458333333334,0.22800925925925927
2748.400000002235,Move,0.4615885416666667,0.2465277777777778
2769.800000000745,Move,0.353515625,0.34837962962962965
2785.60000000149,Move,0.3352864583333333,0.38773148148148145
2802.400000002235,Move,0.345703125,0.4224537037037037
2818.199999999255,Move,0.40234375,0.4479166666666667
2833.400000002235,Move,0.4837239583333333,0.42824074074074076
2848.5,Move,0.5690104166666666,0.36689814814814814
2864.5,Move,0.6321614583333334,0.32060185185185186
2886.400000002235,Move,0.6764322916666666,0.23842592592592593
2902.300000000745,Move,0.6692708333333334,0.21064814814814814
2918.5,Move,0.6399739583333334,0.20023148148148148
2934.199999999255,Move,0.5787760416666666,0.21180555555555555
2948.199999999255,Move,0.4798177083333333,0.2488425925925926
2964.199999999255,Move,0.4036458333333333,0.3136574074074074
2980.60000000149,Move,0.376953125,0.3958333333333333
2996.199999999255,Move,0.39453125,0.45601851851851855
3018.10000000149,Move,0.4947916666666667,0.47685185185185186
3034.60000000149,Move,0.591796875,0.42476851851851855
3050,Move,0.6764322916666666,0.37037037037037035
3064.5,Move,0.7213541666666666,0.3136574074074074
3080.5,Move,0.724609375,0.27662037037037035
3104.400000002235,Move,0.6829427083333334,0.2349537037037037
3118.400000002235,Move,0.6236979166666666,0.22800925925925927
3134.199999999255,Move,0.5240885416666666,0.26273148148148145
3150,Move,0.408203125,0.3275462962962963
3166,Move,0.3404947916666667,0.4340277777777778
3180.60000000149,Move,0.3326822916666667,0.4895833333333333
3196.400000002235,Move,0.3671875,0.5393518518518519
3220.60000000149,Move,0.4811197916666667,0.5289351851851852
3236.10000000149,Move,0.5807291666666666,0.4548611111111111
3250.400000002235,Move,0.6432291666666666,0.39467592592592593
3266.400000002235,Move,0.6549479166666666,0.34837962962962965
3282.300000000745,Move,0.6380208333333334,0.3020833333333333
3304.10000000149,Move,0.5787760416666666,0.24537037037037038
3320.199999999255,Move,0.5013020833333334,0.24537037037037038
3336.199999999255,Move,0.3951822916666667,0.27546296296296297
3350.300000000745,Move,0.3098958333333333,0.3645833333333333
3366.300000000745,Move,0.2838541666666667,0.42476851851851855
3382.60000000149,Move,0.2962239583333333,0.4791666666666667
3398.699999999255,Move,0.3509114583333333,0.5208333333333334
3420.5,Move,0.4830729166666667,0.46296296296296297
3436,Move,0.5631510416666666,0.4074074074074074
3452.5,Move,0.607421875,0.3449074074074074
3468.5,Move,0.611328125,0.30092592592592593
3482.60000000149,Move,0.5865885416666666,0.24305555555555555
3498.400000002235,Move,0.5390625,0.20717592592592593
3514.400000002235,Move,0.4563802083333333,0.1909722222222222
3536.10000000149,Move,0.3131510416666667,0.2326388888888889
3552.300000000745,Move,0.2643229166666667,0.3090277777777778
3568.400000002235,Move,0.255859375,0.3761574074074074
3584.400000002235,Move,0.2981770833333333,0.45023148148148145
3598.400000002235,Move,0.375,0.48032407407407407
3614.199999999255,Move,0.4713541666666667,0.4363425925925926
3630.10000000149,Move,0.5436197916666666,0.3923611111111111
3652.5,Move,0.5944010416666666,0.29282407407407407
3668.300000000745,Move,0.5891927083333334,0.22106481481481483
3684.199999999255,Move,0.5677083333333334,0.1701388888888889
3700.199999999255,Move,0.5358072916666666,0.14699074074074073
3714.699999999255,Move,0.48046875,0.14699074074074073
3730.400000002235,Move,0.4049479166666667,0.16550925925925927
3746.400000002235,Move,0.3645833333333333,0.20949074074074073
3768.5,Move,0.3678385416666667,0.28935185185185186
3784.800000000745,Move,0.4108072916666667,0.3472222222222222
3800.10000000149,Move,0.4733072916666667,0.38078703703703703
3816.10000000149,Move,0.5390625,0.38310185185185186
3830.699999999255,Move,0.599609375,0.3449074074074074
3846.400000002235,Move,0.6243489583333334,0.29050925925925924
3870.400000002235,Move,0.6139322916666666,0.20023148148148148
3886.300000000745,Move,0.580078125,0.16087962962962962
3900.400000002235,Move,0.5227864583333334,0.14351851851851852
3916,Move,0.4290364583333333,0.1724537037037037
3932.5,Move,0.3274739583333333,0.22800925925925927
3946.400000002235,Move,0.2734375,0.29976851851851855
3970.5,Move,0.2766927083333333,0.36689814814814814
3986.300000000745,Move,0.337890625,0.3784722222222222
4000.400000002235,Move,0.4322916666666667,0.3726851851851852
4016.5,Move,0.5377604166666666,0.3449074074074074
4032.5,Move,0.6315104166666666,0.2881944444444444
4048.10000000149,Move,0.6614583333333334,0.22106481481481483
4070.60000000149,Move,0.62109375,0.14930555555555555
4086.400000002235,Move,0.54296875,0.1261574074074074
4102,Move,0.4342447916666667,0.15393518518518517
4118.300000000745,Move,0.3079427083333333,0.21064814814814814
4132.400000002235,Move,0.23372395833333334,0.27546296296296297
4148.300000000745,Move,0.21354166666666666,0.3414351851851852
4164,Move,0.22981770833333334,0.39351851851851855
4186.300000000745,Move,0.3326822916666667,0.3923611111111111
4202.300000000745,Move,0.4296875,0.36574074074074076
4218.400000002235,Move,0.544921875,0.32523148148148145
4232.400000002235,Move,0.6490885416666666,0.25578703703703703
4248,Move,0.6842447916666666,0.19328703703703703
4264.10000000149,Move,0.6822916666666666,0.16319444444444445
4279.900000002235,Move,0.6529947916666666,0.13773148148148148
4301.699999999255,Move,0.5442708333333334,0.1423611111111111
4318.10000000149,Move,0.4518229166666667,0.1863425925925926
4334.400000002235,Move,0.3841145833333333,0.24421296296296297
4350.400000002235,Move,0.3704427083333333,0.2847222222222222
4364.5,Move,0.3860677083333333,0.3275462962962963
4380.10000000149,Move,0.4407552083333333,0.36921296296296297
4404.60000000149,Move,0.5774739583333334,0.3738425925925926
4418.400000002235,Move,0.6822916666666666,0.30439814814814814
4434.60000000149,Move,0.7428385416666666,0.23148148148148148
4450.300000000745,Move,0.7584635416666666,0.17476851851851852
4466.199999999255,Move,0.7473958333333334,0.13078703703703703
4520.300000000745,Move,0.4856770833333333,0.13657407407407407
4534.60000000149,Move,0.4303385416666667,0.1875
4550.300000000745,Move,0.4225260416666667,0.2199074074074074
4566.5,Move,0.439453125,0.26273148148148145
4582.400000002235,Move,0.4986979166666667,0.3194444444444444
4604.199999999255,Move,0.6529947916666666,0.33449074074074076
4619.699999999255,Move,0.759765625,0.2835648148148148
4720.400000002235,Move,0.517578125,0.1076388888888889
4735.900000002235,Move,0.4537760416666667,0.14351851851851852
4752.300000000745,Move,0.4407552083333333,0.17939814814814814
4768.5,Move,0.4466145833333333,0.20949074074074073
4782.699999999255,Move,0.4811197916666667,0.25462962962962965
4798.5,Move,0.5423177083333334,0.2673611111111111
4814.300000000745,Move,0.6217447916666666,0.24421296296296297
4836.400000002235,Move,0.7330729166666666,0.16666666666666666
4852.10000000149,Move,0.7552083333333334,0.11805555555555555
4952.300000000745,Move,0.3971354166666667,0.14583333333333334
4968.199999999255,Move,0.3919270833333333,0.2048611111111111
4984.800000000745,Move,0.4192708333333333,0.26851851851851855
4998.60000000149,Move,0.4733072916666667,0.29282407407407407
5014.5,Move,0.5475260416666666,0.27199074074074076
5030,Move,0.642578125,0.24768518518518517
5054.300000000745,Move,0.728515625,0.16898148148148148
5068.300000000745,Move,0.7337239583333334,0.12037037037037036
5168.300000000745,Move,0.3704427083333333,0.16087962962962962
5184.400000002235,Move,0.36328125,0.2337962962962963
5200.199999999255,Move,0.3821614583333333,0.29282407407407407
5216.10000000149,Move,0.4329427083333333,0.3425925925925926
5230.60000000149,Move,0.5032552083333334,0.3611111111111111
5246.10000000149,Move,0.5826822916666666,0.3159722222222222
5270.5,Move,0.6575520833333334,0.26273148148148145
5286.199999999255,Move,0.66015625,0.23148148148148148
5301.199999999255,Move,0.64453125,0.18981481481481483
5316.699999999255,Move,0.59765625,0.14467592592592593
5332.699999999255,Move,0.5325520833333334,0.11342592592592593
5354.400000002235,Move,0.4420572916666667,0.12152777777777778
5370.10000000149,Move,0.392578125,0.17708333333333334
5386.199999999255,Move,0.365234375,0.2534722222222222
5402.199999999255,Move,0.37109375,0.3113425925925926
5416.400000002235,Move,0.4127604166666667,0.3958333333333333
5432.400000002235,Move,0.4928385416666667,0.44675925925925924
5448.699999999255,Move,0.5768229166666666,0.4652777777777778
5470.60000000149,Move,0.6770833333333334,0.39467592592592593
5486.400000002235,Move,0.689453125,0.36226851851851855
5502.400000002235,Move,0.68359375,0.3136574074074074
5518.199999999255,Move,0.658203125,0.25
5532.199999999255,Move,0.6126302083333334,0.21412037037037038
5548.5,Move,0.5481770833333334,0.21875
5564.5,Move,0.47265625,0.25925925925925924
5586.300000000745,Move,0.3671875,0.41435185185185186
5602.300000000745,Move,0.3470052083333333,0.4791666666666667
5618.5,Move,0.3463541666666667,0.5081018518518519
5634.300000000745,Move,0.36328125,0.5428240740740741
5648.400000002235,Move,0.4108072916666667,0.5648148148148148
5664.400000002235,Move,0.486328125,0.5486111111111112
5680,Move,0.5703125,0.48032407407407407
5704,Move,0.6256510416666666,0.375
5718.400000002235,Move,0.6282552083333334,0.3460648148148148
5734.5,Move,0.6204427083333334,0.32175925925925924
5750.10000000149,Move,0.5970052083333334,0.30671296296296297
5764.300000000745,Move,0.5553385416666666,0.2986111111111111
5780,Move,0.4921875,0.3020833333333333
5804.199999999255,Move,0.4095052083333333,0.38078703703703703
5818.199999999255,Move,0.3971354166666667,0.40625
5834.400000002235,Move,0.3990885416666667,0.4305555555555556
5850.300000000745,Move,0.421875,0.46064814814814814
5866.199999999255,Move,0.4817708333333333,0.4895833333333333
5880.5,Move,0.564453125,0.48032407407407407
5904.300000000745,Move,0.6803385416666666,0.3900462962962963
5920.300000000745,Move,0.697265625,0.36574074074074076
5936.199999999255,Move,0.6959635416666666,0.34375
5950.60000000149,Move,0.6764322916666666,0.30671296296296297
5966.199999999255,Move,0.626953125,0.2662037037037037
5982.60000000149,Move,0.552734375,0.25
6004.400000002235,Move,0.4381510416666667,0.26967592592592593
6020.300000000745,Move,0.3717447916666667,0.33796296296296297
6036.5,Move,0.3509114583333333,0.3854166666666667
6052.199999999255,Move,0.3548177083333333,0.4270833333333333
6066.300000000745,Move,0.3841145833333333,0.48726851851851855
6082.199999999255,Move,0.451171875,0.5289351851851852
6098,Move,0.533203125,0.5358796296296297
6120.300000000745,Move,0.634765625,0.45717592592592593
6135.900000002235,Move,0.6549479166666666,0.4166666666666667
6152,Move,0.6490885416666666,0.36574074074074076
6165.60000000149,Move,0.6184895833333334,0.29282407407407407
6181.800000000745,Move,0.57421875,0.23958333333333334
6198.400000002235,Move,0.5169270833333334,0.2175925925925926
6214.400000002235,Move,0.4524739583333333,0.2175925925925926
6236.400000002235,Move,0.3678385416666667,0.3090277777777778
6252,Move,0.3404947916666667,0.36689814814814814
6268.199999999255,Move,0.3365885416666667,0.4201388888888889
6284.300000000745,Move,0.3470052083333333,0.4583333333333333
6298.699999999255,Move,0.3854166666666667,0.4849537037037037
6314.300000000745,Move,0.4622395833333333,0.4895833333333333
6330.300000000745,Move,0.5533854166666666,0.44560185185185186
6352.60000000149,Move,0.6516927083333334,0.3148148148148148
6368.5,Move,0.6686197916666666,0.26273148148148145
6384.199999999255,Move,0.666015625,0.23148148148148148
6400,Move,0.6399739583333334,0.2013888888888889
6414.699999999255,Move,0.572265625,0.19907407407407407
6430.5,Move,0.4563802083333333,0.2326388888888889
6454.199999999255,Move,0.2858072916666667,0.3923611111111111
6468.300000000745,Move,0.24088541666666666,0.44907407407407407
6484.199999999255,Move,0.23697916666666666,0.47800925925925924
6500.199999999255,Move,0.265625,0.5081018518518519
6516.300000000745,Move,0.3404947916666667,0.5335648148148148
6530.5,Move,0.4576822916666667,0.5150462962962963
6554.199999999255,Move,0.6282552083333334,0.3773148148148148
6570.199999999255,Move,0.677734375,0.32060185185185186
6584.400000002235,Move,0.6803385416666666,0.2847222222222222
6600.300000000745,Move,0.6575520833333334,0.2488425925925926
6616.199999999255,Move,0.5924479166666666,0.23148148148148148
6632.699999999255,Move,0.4752604166666667,0.2511574074074074
6646.699999999255,Move,0.349609375,0.3298611111111111
6670.400000002235,Move,0.23567708333333334,0.4305555555555556
6686.400000002235,Move,0.22721354166666666,0.45717592592592593
6702,Move,0.24544270833333334,0.48148148148148145
6716.10000000149,Move,0.3131510416666667,0.5057870370370371
6732.699999999255,Move,0.427734375,0.5011574074074074
6748.699999999255,Move,0.5579427083333334,0.4166666666666667
6770.5,Move,0.6842447916666666,0.33564814814814814
6786.5,Move,0.6907552083333334,0.3113425925925926
6802.699999999255,Move,0.6751302083333334,0.2824074074074074
6816,Move,0.6178385416666666,0.24537037037037038
6832.10000000149,Move,0.52734375,0.24768518518518517
6848.400000002235,Move,0.4010416666666667,0.2708333333333333
6870,Move,0.26171875,0.38310185185185186
6886.300000000745,Move,0.23763020833333334,0.42824074074074076
6901.900000002235,Move,0.24153645833333334,0.46064814814814814
6918.400000002235,Move,0.2884114583333333,0.5011574074074074
6932.300000000745,Move,0.38671875,0.5046296296296297
6948.5,Move,0.4967447916666667,0.45023148148148145
6964.199999999255,Move,0.6015625,0.41550925925925924
6980.10000000149,Move,0.638671875,0.3854166666666667
7002.400000002235,Move,0.6354166666666666,0.3541666666666667
7018.199999999255,Move,0.6061197916666666,0.3263888888888889
7034.60000000149,Move,0.5481770833333334,0.32175925925925924
7050.400000002235,Move,0.4694010416666667,0.3333333333333333
7064.10000000149,Move,0.3997395833333333,0.36342592592592593
7080.300000000745,Move,0.37109375,0.39467592592592593
7096.199999999255,Move,0.3665364583333333,0.40162037037037035
7118.400000002235,Move,0.369140625,0.40162037037037035
7134.400000002235,Move,0.3736979166666667,0.3993055555555556
7150.300000000745,Move,0.3756510416666667,0.39814814814814814
7164,Move,0.3763020833333333,0.39699074074074076
7179.900000002235,Move,0.376953125,0.39699074074074076
7180.199999999255,Released,0.376953125,0.39699074074074076
10296.300000000745,Pressed,0.5123697916666666,0.15625
10298.900000002235,Move,0.5188802083333334,0.1527777777777778
10314,Move,0.5345052083333334,0.14814814814814814
10330.5,Move,0.5520833333333334,0.14583333333333334
10346.199999999255,Move,0.5709635416666666,0.15162037037037038
10368.400000002235,Move,0.6100260416666666,0.2048611111111111
10384.300000000745,Move,0.638671875,0.2824074074074074
10400.400000002235,Move,0.6595052083333334,0.3784722222222222
10414.10000000149,Move,0.6516927083333334,0.46064814814814814
10430.300000000745,Move,0.6178385416666666,0.5092592592592593
10446.199999999255,Move,0.5598958333333334,0.5335648148148148
10468.199999999255,Move,0.447265625,0.49189814814814814
10484.400000002235,Move,0.3763020833333333,0.4270833333333333
10500.400000002235,Move,0.3483072916666667,0.3715277777777778
10516.10000000149,Move,0.3444010416666667,0.3159722222222222
10530.300000000745,Move,0.361328125,0.25
10546.300000000745,Move,0.3938802083333333,0.19560185185185186
10562,Move,0.4361979166666667,0.1736111111111111
10585.800000000745,Move,0.4947916666666667,0.17939814814814814
10600.300000000745,Move,0.5423177083333334,0.2152777777777778
10616,Move,0.5631510416666666,0.2569444444444444
10632.300000000745,Move,0.56640625,0.2986111111111111
10648.5,Move,0.5618489583333334,0.32523148148148145
10662.5,Move,0.5358072916666666,0.3460648148148148
10685.800000000745,Move,0.46484375,0.3333333333333333
10702,Move,0.4075520833333333,0.29282407407407407
10716.5,Move,0.3736979166666667,0.2465277777777778
10732,Move,0.373046875,0.21412037037037038
10748.400000002235,Move,0.388671875,0.1863425925925926
10762.5,Move,0.4264322916666667,0.1736111111111111
10786.10000000149,Move,0.498046875,0.2025462962962963
10802.300000000745,Move,0.5247395833333334,0.24421296296296297
10816.10000000149,Move,0.5377604166666666,0.28703703703703703
10832.10000000149,Move,0.537109375,0.3113425925925926
10847.699999999255,Move,0.525390625,0.32523148148148145
10864.5,Move,0.4947916666666667,0.32523148148148145
10886.10000000149,Move,0.4388020833333333,0.27199074074074076
10902.300000000745,Move,0.4329427083333333,0.23148148148148148
10918.199999999255,Move,0.4381510416666667,0.20717592592592593
10934.10000000149,Move,0.4557291666666667,0.1863425925925926
10948.300000000745,Move,0.4993489583333333,0.17939814814814814
10964.400000002235,Move,0.5774739583333334,0.2048611111111111
10980.199999999255,Move,0.6432291666666666,0.24537037037037038
11002.400000002235,Move,0.689453125,0.3090277777777778
11018.5,Move,0.69140625,0.33449074074074076
11034.400000002235,Move,0.677734375,0.35532407407407407
11048.300000000745,Move,0.6158854166666666,0.3715277777777778
11064.199999999255,Move,0.5345052083333334,0.35300925925925924
11080,Move,0.4713541666666667,0.29976851851851855
11096.60000000149,Move,0.4498697916666667,0.2465277777777778
11118.300000000745,Move,0.4576822916666667,0.21412037037037038
11134.400000002235,Move,0.4778645833333333,0.20717592592592593
11150.400000002235,Move,0.53125,0.21180555555555555
11166.300000000745,Move,0.599609375,0.24305555555555555
11180.699999999255,Move,0.65234375,0.30092592592592593
11196.5,Move,0.67578125,0.36574074074074076
11212,Move,0.6803385416666666,0.4085648148148148
11234.5,Move,0.646484375,0.4386574074074074
11250.5,Move,0.568359375,0.4479166666666667
11266.199999999255,Move,0.4876302083333333,0.4074074074074074
11282.400000002235,Move,0.439453125,0.34953703703703703
11296.199999999255,Move,0.4290364583333333,0.3113425925925926
11312.400000002235,Move,0.4329427083333333,0.2881944444444444
11328.300000000745,Move,0.4485677083333333,0.28125
11350.199999999255,Move,0.5130208333333334,0.2986111111111111
11366.400000002235,Move,0.5677083333333334,0.34375
11382.400000002235,Move,0.6028645833333334,0.39699074074074076
11398.199999999255,Move,0.6178385416666666,0.4479166666666667
11412.60000000149,Move,0.6165364583333334,0.47337962962962965
11436.10000000149,Move,0.5865885416666666,0.49537037037037035
11452.5,Move,0.5279947916666666,0.47800925925925924
11466.199999999255,Move,0.470703125,0.4270833333333333
11482,Move,0.451171875,0.3715277777777778
11498.199999999255,Move,0.4479166666666667,0.33449074074074076
11514.300000000745,Move,0.458984375,0.3148148148148148
11536.199999999255,Move,0.4947916666666667,0.3090277777777778
11552.10000000149,Move,0.5416666666666666,0.3402777777777778
11568.199999999255,Move,0.5774739583333334,0.38310185185185186
11584,Move,0.595703125,0.4363425925925926
11598.199999999255,Move,0.5970052083333334,0.4710648148148148
11614.400000002235,Move,0.587890625,0.49537037037037035
11635.900000002235,Move,0.521484375,0.5034722222222222
11652.5,Move,0.451171875,0.4618055555555556
11668.5,Move,0.419921875,0.40162037037037035
11684.5,Move,0.4075520833333333,0.3368055555555556
11698.10000000149,Move,0.4147135416666667,0.29050925925925924
11714.10000000149,Move,0.4375,0.2511574074074074
11730.300000000745,Move,0.4778645833333333,0.24421296296296297
11746.10000000149,Move,0.537109375,0.2638888888888889
11768.10000000149,Move,0.60546875,0.33912037037037035
11784.400000002235,Move,0.625,0.40046296296296297
11800.5,Move,0.6223958333333334,0.44560185185185186
11816.10000000149,Move,0.5924479166666666,0.4861111111111111
11833.10000000149,Move,0.5299479166666666,0.5081018518518519
11846.199999999255,Move,0.4309895833333333,0.4791666666666667
11862,Move,0.3548177083333333,0.41782407407407407
11884.60000000149,Move,0.322265625,0.3229166666666667
11900.400000002235,Move,0.3307291666666667,0.2847222222222222
11916.10000000149,Move,0.3678385416666667,0.24537037037037038
11930.400000002235,Move,0.4375,0.2349537037037037
11946.300000000745,Move,0.5286458333333334,0.2488425925925926
11961.900000002235,Move,0.60546875,0.30324074074074076
11985.900000002235,Move,0.6569010416666666,0.38657407407407407
12000.60000000149,Move,0.658203125,0.43171296296296297
12016.10000000149,Move,0.638671875,0.45717592592592593
12032.60000000149,Move,0.5930989583333334,0.46064814814814814
12048.199999999255,Move,0.5279947916666666,0.42476851851851855
12062.400000002235,Move,0.4622395833333333,0.3611111111111111
12086.10000000149,Move,0.4231770833333333,0.2777777777777778
12102,Move,0.4251302083333333,0.24421296296296297
12116.300000000745,Move,0.44140625,0.21643518518518517
12132.5,Move,0.478515625,0.20833333333333334
12148.300000000745,Move,0.5377604166666666,0.22685185185185186
12164.199999999255,Move,0.5911458333333334,0.2800925925925926
12185.5,Move,0.6263020833333334,0.35300925925925924
12201.900000002235,Move,0.6282552083333334,0.4097222222222222
12218.199999999255,Move,0.6158854166666666,0.4444444444444444
12232.300000000745,Move,0.587890625,0.4548611111111111
12248.400000002235,Move,0.5325520833333334,0.4363425925925926
12264.400000002235,Move,0.4752604166666667,0.3773148148148148
12280.199999999255,Move,0.4381510416666667,0.30439814814814814
12302.400000002235,Move,0.4322916666666667,0.24189814814814814
12318.199999999255,Move,0.4459635416666667,0.2175925925925926
12334.199999999255,Move,0.4850260416666667,0.21064814814814814
12348.60000000149,Move,0.548828125,0.2349537037037037
12364.5,Move,0.6165364583333334,0.2986111111111111
12380.5,Move,0.6471354166666666,0.36921296296296297
12402.60000000149,Move,0.6484375,0.4710648148148148
12418.60000000149,Move,0.6165364583333334,0.5127314814814815
12434.300000000745,Move,0.5494791666666666,0.5289351851851852
12450.300000000745,Move,0.4596354166666667,0.4988425925925926
12464.300000000745,Move,0.375,0.4305555555555556
12480.199999999255,Move,0.3522135416666667,0.3715277777777778
12496,Move,0.3522135416666667,0.3368055555555556
12512.300000000745,Move,0.365234375,0.3229166666666667
12534.199999999255,Move,0.4348958333333333,0.3229166666666667
12550.400000002235,Move,0.51953125,0.36689814814814814
12566,Move,0.603515625,0.45949074074074076
12580.800000000745,Move,0.6575520833333334,0.5798611111111112
12665.699999999255,Move,0.5618489583333334,0.47685185185185186
12682,Move,0.5475260416666666,0.36226851851851855
12696.10000000149,Move,0.546875,0.30092592592592593
12712.300000000745,Move,0.5540364583333334,0.2847222222222222
12736.199999999255,Move,0.5774739583333334,0.2951388888888889
12752.199999999255,Move,0.6145833333333334,0.3414351851851852
12766.300000000745,Move,0.6373697916666666,0.40046296296296297
12782,Move,0.640625,0.46064814814814814
12798,Move,0.6197916666666666,0.5219907407407407
12814.699999999255,Move,0.5703125,0.5601851851851852
12828.199999999255,Move,0.4895833333333333,0.5763888888888888
12852.5,Move,0.357421875,0.5057870370370371
12866,Move,0.3248697916666667,0.43171296296296297
12882,Move,0.326171875,0.3784722222222222
12898.400000002235,Move,0.3430989583333333,0.33449074074074076
12914.400000002235,Move,0.369140625,0.30439814814814814
12928.10000000149,Move,0.4283854166666667,0.2962962962962963
12952.400000002235,Move,0.5670572916666666,0.36574074074074076
12968.400000002235,Move,0.6328125,0.45023148148148145
12984.199999999255,Move,0.6569010416666666,0.5289351851851852
12998.60000000149,Move,0.6555989583333334,0.5891203703703703
13052.400000002235,Move,0.4615885416666667,0.5115740740740741
13068.400000002235,Move,0.3958333333333333,0.3993055555555556
13084.5,Move,0.3723958333333333,0.32060185185185186
13101.300000000745,Move,0.369140625,0.2847222222222222
13114.400000002235,Move,0.37890625,0.2673611111111111
13130.10000000149,Move,0.40625,0.2638888888888889
13147.10000000149,Move,0.4798177083333333,0.2847222222222222
13168.300000000745,Move,0.595703125,0.3587962962962963
13184.400000002235,Move,0.6334635416666666,0.41898148148148145
13200.5,Move,0.6438802083333334,0.4618055555555556
13216.199999999255,Move,0.638671875,0.4849537037037037
13230.400000002235,Move,0.6171875,0.49074074074074076
13246.199999999255,Move,0.564453125,0.4652777777777778
13262,Move,0.5149739583333334,0.3912037037037037
13284.699999999255,Move,0.4700520833333333,0.2673611111111111
13300.400000002235,Move,0.4680989583333333,0.22337962962962962
13316,Move,0.4798177083333333,0.19328703703703703
13332.300000000745,Move,0.4947916666666667,0.18171296296296297
13346.10000000149,Move,0.51171875,0.1875
13362,Move,0.5403645833333334,0.22569444444444445
13386.199999999255,Move,0.5592447916666666,0.3101851851851852
13402,Move,0.548828125,0.3912037037037037
13416.400000002235,Move,0.5182291666666666,0.4618055555555556
13432.5,Move,0.4602864583333333,0.5104166666666666
13448.300000000745,Move,0.3958333333333333,0.5046296296296297
13462.5,Move,0.345703125,0.4525462962962963
13486.300000000745,Move,0.3359375,0.3263888888888889
13502.199999999255,Move,0.3619791666666667,0.2349537037037037
13516.199999999255,Move,0.412109375,0.16319444444444445
13532.300000000745,Move,0.4817708333333333,0.13310185185185186
13548.400000002235,Move,0.548828125,0.14930555555555555
13564.400000002235,Move,0.6165364583333334,0.1909722222222222
13586.10000000149,Move,0.6516927083333334,0.26967592592592593
13602.199999999255,Move,0.65625,0.33912037037037035
13618,Move,0.6484375,0.39814814814814814
13634.5,Move,0.6360677083333334,0.4224537037037037
13648.300000000745,Move,0.6165364583333334,0.4270833333333333
13664.400000002235,Move,0.5865885416666666,0.39467592592592593
13680.699999999255,Move,0.548828125,0.3055555555555556
13702.10000000149,Move,0.5247395833333334,0.16782407407407407
13718,Move,0.5299479166666666,0.11805555555555555
13780.60000000149,Move,0.6126302083333334,0.1284722222222222
13801.800000000745,Move,0.611328125,0.21643518518518517
13818.199999999255,Move,0.5963541666666666,0.29282407407407407
13834.300000000745,Move,0.5598958333333334,0.3541666666666667
13850,Move,0.5045572916666666,0.3888888888888889
13864.10000000149,Move,0.4537760416666667,0.38078703703703703
13880.10000000149,Move,0.4127604166666667,0.33449074074074076
13896.5,Move,0.3919270833333333,0.2673611111111111
13912.199999999255,Move,0.3912760416666667,0.20949074074074073
13934.400000002235,Move,0.4264322916666667,0.1400462962962963
13950.400000002235,Move,0.4661458333333333,0.12731481481481483
13966.199999999255,Move,0.5130208333333334,0.14930555555555555
13982.300000000745,Move,0.5735677083333334,0.2048611111111111
13996.10000000149,Move,0.6080729166666666,0.2789351851851852
14012.199999999255,Move,0.626953125,0.3761574074074074
14028.10000000149,Move,0.6282552083333334,0.4444444444444444
14050.5,Move,0.6067708333333334,0.4976851851851852
14066.199999999255,Move,0.5846354166666666,0.5023148148148148
14082,Move,0.5618489583333334,0.4699074074074074
14096.400000002235,Move,0.54296875,0.39467592592592593
14112.60000000149,Move,0.5377604166666666,0.28587962962962965
14136.199999999255,Move,0.5598958333333334,0.17592592592592593
14152.300000000745,Move,0.5826822916666666,0.16666666666666666
14166.5,Move,0.6158854166666666,0.18171296296296297
14182.300000000745,Move,0.642578125,0.2222222222222222
14198.199999999255,Move,0.6569010416666666,0.27314814814814814
14214.5,Move,0.662109375,0.3275462962962963
14236.10000000149,Move,0.646484375,0.3900462962962963
14252.199999999255,Move,0.6204427083333334,0.4074074074074074
14268,Move,0.5611979166666666,0.3993055555555556
14282.199999999255,Move,0.4876302083333333,0.3368055555555556
14298.400000002235,Move,0.435546875,0.2673611111111111
14313.900000002235,Move,0.4173177083333333,0.2199074074074074
14330.10000000149,Move,0.4186197916666667,0.19791666666666666
14352.300000000745,Move,0.4375,0.1875
14368.300000000745,Move,0.48828125,0.20717592592592593
14384.5,Move,0.5716145833333334,0.25578703703703703
14398.400000002235,Move,0.623046875,0.3229166666666667
14414.699999999255,Move,0.6484375,0.39467592592592593
14430,Move,0.646484375,0.4340277777777778
14452.300000000745,Move,0.607421875,0.47685185185185186
14468.300000000745,Move,0.556640625,0.47337962962962965
14484.400000002235,Move,0.5026041666666666,0.4340277777777778
14500.400000002235,Move,0.4772135416666667,0.3726851851851852
14514.300000000745,Move,0.4694010416666667,0.32523148148148145
14530.10000000149,Move,0.4733072916666667,0.30092592592592593
14546,Move,0.4876302083333333,0.2847222222222222
14562.300000000745,Move,0.5208333333333334,0.28587962962962965
14584.400000002235,Move,0.6204427083333334,0.33101851851851855
14599.900000002235,Move,0.6770833333333334,0.39699074074074076
14615.800000000745,Move,0.7037760416666666,0.4525462962962963
14632.300000000745,Move,0.70703125,0.48842592592592593
14646.400000002235,Move,0.693359375,0.5208333333333334
14662.400000002235,Move,0.6614583333333334,0.5347222222222222
14684.10000000149,Move,0.552734375,0.4965277777777778
14700.400000002235,Move,0.484375,0.4236111111111111
14716.199999999255,Move,0.4420572916666667,0.35185185185185186
14732,Move,0.4303385416666667,0.31828703703703703
14746,Move,0.431640625,0.29976851851851855
14762.199999999255,Move,0.4407552083333333,0.28703703703703703
14786.199999999255,Move,0.4700520833333333,0.28125
14802.5,Move,0.4967447916666667,0.30324074074074076
14816.699999999255,Move,0.5110677083333334,0.36226851851851855
14832,Move,0.5091145833333334,0.4270833333333333
14848,Move,0.4908854166666667,0.49421296296296297
14864.900000002235,Move,0.4576822916666667,0.5428240740740741
14885.900000002235,Move,0.3704427083333333,0.5636574074074074
14902.300000000745,Move,0.3111979166666667,0.5289351851851852
14918.400000002235,Move,0.294921875,0.46064814814814814
14932.300000000745,Move,0.3033854166666667,0.3923611111111111
14948.5,Move,0.3346354166666667,0.3263888888888889
14964.5,Move,0.384765625,0.2789351851851852
14980.10000000149,Move,0.4524739583333333,0.25462962962962965
15002.5,Move,0.5553385416666666,0.27662037037037035
15018.400000002235,Move,0.6009114583333334,0.3090277777777778
15034.400000002235,Move,0.6184895833333334,0.3645833333333333
15048.400000002235,Move,0.6204427083333334,0.4212962962962963
15064.699999999255,Move,0.603515625,0.4652777777777778
15080.400000002235,Move,0.5670572916666666,0.49189814814814814
15102.300000000745,Move,0.4856770833333333,0.48032407407407407
15118.10000000149,Move,0.4453125,0.41435185185185186
15134.5,Move,0.4309895833333333,0.3576388888888889
15150.400000002235,Move,0.4309895833333333,0.3229166666666667
15164.5,Move,0.4446614583333333,0.28587962962962965
15180.300000000745,Move,0.4720052083333333,0.2604166666666667
15196.400000002235,Move,0.4973958333333333,0.2534722222222222
15218.400000002235,Move,0.5481770833333334,0.28703703703703703
15234.400000002235,Move,0.5611979166666666,0.31828703703703703
15250.400000002235,Move,0.5598958333333334,0.35300925925925924
15266.10000000149,Move,0.5416666666666666,0.3958333333333333
15280.5,Move,0.5201822916666666,0.41435185185185186
15296,Move,0.4876302083333333,0.41087962962962965
15311.699999999255,Move,0.4583333333333333,0.3726851851851852
15334.5,Move,0.4368489583333333,0.28935185185185186
15350.400000002235,Move,0.439453125,0.24768518518518517
15366.300000000745,Move,0.455078125,0.2048611111111111
15382.400000002235,Move,0.4713541666666667,0.18171296296296297
15395.900000002235,Move,0.490234375,0.1840277777777778
15412.10000000149,Move,0.533203125,0.20833333333333334
15435.699999999255,Move,0.583984375,0.28587962962962965
15450.199999999255,Move,0.5963541666666666,0.34375
15466.199999999255,Move,0.6002604166666666,0.39351851851851855
15482.300000000745,Move,0.5944010416666666,0.41782407407407407
15498.5,Move,0.580078125,0.4212962962962963
15512.300000000745,Move,0.5572916666666666,0.3993055555555556
15536.199999999255,Move,0.517578125,0.2835648148148148
15552.10000000149,Move,0.5045572916666666,0.21643518518518517
15568.60000000149,Move,0.50390625,0.19212962962962962
15582.300000000745,Move,0.5104166666666666,0.18171296296296297
15598.300000000745,Move,0.5162760416666666,0.18055555555555555
15614.400000002235,Move,0.5221354166666666,0.1886574074074074
15636,Move,0.5397135416666666,0.2534722222222222
15652.10000000149,Move,0.5403645833333334,0.29976851851851855
15668.5,Move,0.5266927083333334,0.3587962962962963
15682.400000002235,Move,0.505859375,0.39467592592592593
15698.10000000149,Move,0.4622395833333333,0.40162037037037035
15714.5,Move,0.4173177083333333,0.3738425925925926
15730.5,Move,0.3951822916666667,0.32175925925925924
15752.300000000745,Move,0.3958333333333333,0.24421296296296297
15768.300000000745,Move,0.4192708333333333,0.21875
15784.199999999255,Move,0.4576822916666667,0.21180555555555555
15800,Move,0.51953125,0.23148148148148148
15814.699999999255,Move,0.6022135416666666,0.2777777777777778
15830.400000002235,Move,0.6595052083333334,0.34837962962962965
15846.300000000745,Move,0.6985677083333334,0.4270833333333333
15868.300000000745,Move,0.7024739583333334,0.4895833333333333
15884.10000000149,Move,0.685546875,0.5034722222222222
15900.400000002235,Move,0.6614583333333334,0.48726851851851855
15914.400000002235,Move,0.6158854166666666,0.4039351851851852
15930.60000000149,Move,0.5813802083333334,0.3020833333333333
15945.900000002235,Move,0.5618489583333334,0.23842592592592593
15962.300000000745,Move,0.5579427083333334,0.21875
15984,Move,0.56640625,0.21875
16000.199999999255,Move,0.5859375,0.23958333333333334
16016.300000000745,Move,0.6171875,0.2847222222222222
16032.400000002235,Move,0.646484375,0.3576388888888889
16046.199999999255,Move,0.66015625,0.4305555555555556
16062.5,Move,0.6497395833333334,0.48726851851851855
16086.10000000149,Move,0.591796875,0.5358796296296297
16100.300000000745,Move,0.521484375,0.5127314814814815
16116.300000000745,Move,0.44921875,0.4340277777777778
16132.300000000745,Move,0.4069010416666667,0.33564814814814814
16148.199999999255,Move,0.3932291666666667,0.2789351851851852
16162.400000002235,Move,0.3951822916666667,0.26157407407407407
16186.199999999255,Move,0.40625,0.25810185185185186
16202.400000002235,Move,0.42578125,0.26967592592592593
16215.900000002235,Move,0.4680989583333333,0.30671296296296297
16232.10000000149,Move,0.494140625,0.3599537037037037
16248,Move,0.501953125,0.4166666666666667
16264.60000000149,Move,0.4967447916666667,0.4618055555555556
16286.199999999255,Move,0.466796875,0.5011574074074074
16302.300000000745,Move,0.4479166666666667,0.49537037037037035
16318.300000000745,Move,0.4329427083333333,0.4513888888888889
16332.400000002235,Move,0.4290364583333333,0.3784722222222222
16348.60000000149,Move,0.4401041666666667,0.3101851851851852
16364.300000000745,Move,0.4694010416666667,0.2708333333333333
16380.300000000745,Move,0.5123697916666666,0.25578703703703703
16402.300000000745,Move,0.572265625,0.26967592592592593
16418.400000002235,Move,0.5904947916666666,0.28935185185185186
16434.400000002235,Move,0.5970052083333334,0.31712962962962965
16450.5,Move,0.5904947916666666,0.34953703703703703
16464.60000000149,Move,0.5611979166666666,0.38773148148148145
16480.699999999255,Move,0.501953125,0.41203703703703703
16496.199999999255,Move,0.4173177083333333,0.4085648148148148
16518.5,Move,0.3014322916666667,0.33912037037037035
16534.199999999255,Move,0.2779947916666667,0.3090277777777778
16550.300000000745,Move,0.2740885416666667,0.28935185185185186
16564.300000000745,Move,0.2838541666666667,0.27314814814814814
16580.199999999255,Move,0.310546875,0.2569444444444444
16596.10000000149,Move,0.37109375,0.25462962962962965
16612.400000002235,Move,0.4459635416666667,0.2835648148148148
16634.400000002235,Move,0.4967447916666667,0.35532407407407407
16650.199999999255,Move,0.5,0.4027777777777778
16666.300000000745,Move,0.4830729166666667,0.4444444444444444
16680.300000000745,Move,0.4485677083333333,0.48148148148148145
16695.400000002235,Move,0.4108072916666667,0.4837962962962963
16711.900000002235,Move,0.3880208333333333,0.45601851851851855
16736.300000000745,Move,0.38671875,0.3645833333333333
16750.300000000745,Move,0.408203125,0.2951388888888889
16766.199999999255,Move,0.435546875,0.25462962962962965
16782,Move,0.4733072916666667,0.24305555555555555
16798,Move,0.533203125,0.24305555555555555
16811.800000000745,Move,0.5826822916666666,0.2650462962962963
16836.10000000149,Move,0.615234375,0.3449074074074074
16852.199999999255,Move,0.6126302083333334,0.39699074074074076
16866.400000002235,Move,0.5983072916666666,0.4375
16881.800000000745,Move,0.5716145833333334,0.4710648148148148
16897.900000002235,Move,0.529296875,0.47685185185185186
16911.60000000149,Move,0.4830729166666667,0.44212962962962965
16936,Move,0.4427083333333333,0.31828703703703703
16952.60000000149,Move,0.4381510416666667,0.25578703703703703
16968.400000002235,Move,0.4453125,0.22800925925925927
16982.400000002235,Move,0.4615885416666667,0.21064814814814814
16998,Move,0.5,0.2037037037037037
17014.5,Move,0.5651041666666666,0.21875
17036.10000000149,Move,0.62109375,0.2986111111111111
17052.300000000745,Move,0.63671875,0.38657407407407407
17068.5,Move,0.6165364583333334,0.4618055555555556
17084.10000000149,Move,0.5677083333333334,0.5381944444444444
17098.199999999255,Move,0.4798177083333333,0.5844907407407407
17114.400000002235,Move,0.3756510416666667,0.5590277777777778
17130.699999999255,Move,0.279296875,0.48148148148148145
17146.10000000149,Move,0.24609375,0.40162037037037035
17168.5,Move,0.24934895833333334,0.3333333333333333
17184.60000000149,Move,0.275390625,0.3113425925925926
17200.300000000745,Move,0.3346354166666667,0.29976851851851855
17214.300000000745,Move,0.4290364583333333,0.3090277777777778
17230.10000000149,Move,0.5266927083333334,0.3460648148148148
17245.60000000149,Move,0.5826822916666666,0.41203703703703703
17268.5,Move,0.591796875,0.48842592592592593
17284.400000002235,Move,0.5709635416666666,0.5324074074074074
17300.400000002235,Move,0.5221354166666666,0.5659722222222222
17316.300000000745,Move,0.4420572916666667,0.5567129629629629
17330.5,Move,0.357421875,0.4849537037037037
17345.900000002235,Move,0.3033854166666667,0.3900462962962963
17362,Move,0.2903645833333333,0.33796296296296297
17386.10000000149,Move,0.302734375,0.3113425925925926
17400.60000000149,Move,0.3313802083333333,0.30439814814814814
17416,Move,0.3977864583333333,0.31712962962962965
17432,Move,0.494140625,0.3599537037037037
17447.699999999255,Move,0.5670572916666666,0.4340277777777778
17462.199999999255,Move,0.5950520833333334,0.5034722222222222
17478.5,Move,0.5924479166666666,0.5671296296296297
17516.400000002235,Move,0.5266927083333334,0.5960648148148148
17532,Move,0.4811197916666667,0.5277777777777778
17548,Move,0.4505208333333333,0.40625
17562.400000002235,Move,0.4459635416666667,0.3194444444444444
17578.400000002235,Move,0.4498697916666667,0.29398148148148145
17602.300000000745,Move,0.474609375,0.2824074074074074
17616.5,Move,0.5130208333333334,0.28935185185185186
17632.300000000745,Move,0.568359375,0.3113425925925926
17648.400000002235,Move,0.609375,0.3472222222222222
17664.5,Move,0.6334635416666666,0.39467592592592593
17686.199999999255,Move,0.6217447916666666,0.4583333333333333
17702.300000000745,Move,0.6009114583333334,0.48148148148148145
17718.400000002235,Move,0.5592447916666666,0.47800925925925924
17734.300000000745,Move,0.5201822916666666,0.4236111111111111
17748.300000000745,Move,0.494140625,0.33564814814814814
17764.199999999255,Move,0.4895833333333333,0.2916666666666667
17780.60000000149,Move,0.4928385416666667,0.27662037037037035
17802.400000002235,Move,0.5078125,0.25810185185185186
17818.60000000149,Move,0.5240885416666666,0.2534722222222222
17834.300000000745,Move,0.5494791666666666,0.2662037037037037
17849.900000002235,Move,0.572265625,0.2974537037037037
17864.400000002235,Move,0.5872395833333334,0.36226851851851855
17880.199999999255,Move,0.580078125,0.4201388888888889
17895.900000002235,Move,0.5618489583333334,0.4710648148148148
17918.5,Move,0.5110677083333334,0.49189814814814814
17934.400000002235,Move,0.474609375,0.4548611111111111
17950.300000000745,Move,0.4479166666666667,0.38078703703703703
17966.10000000149,Move,0.4427083333333333,0.31712962962962965
17980.400000002235,Move,0.4498697916666667,0.2835648148148148
17996.300000000745,Move,0.4641927083333333,0.2673611111111111
18012.300000000745,Move,0.4973958333333333,0.2604166666666667
18034.199999999255,Move,0.578125,0.2835648148148148
18050.10000000149,Move,0.64453125,0.3298611111111111
18066.199999999255,Move,0.673828125,0.4131944444444444
18082.199999999255,Move,0.669921875,0.47685185185185186
18096.400000002235,Move,0.6295572916666666,0.5358796296296297
18113.800000000745,Move,0.5651041666666666,0.5578703703703703
18136.300000000745,Move,0.4700520833333333,0.5057870370370371
18152.400000002235,Move,0.423828125,0.4097222222222222
18166,Move,0.3990885416666667,0.31828703703703703
18182,Move,0.3951822916666667,0.2777777777777778
18198.10000000149,Move,0.3977864583333333,0.2743055555555556
18214.300000000745,Move,0.412109375,0.27662037037037035
18236.199999999255,Move,0.4967447916666667,0.32060185185185186
18252.300000000745,Move,0.5696614583333334,0.3680555555555556
18266.300000000745,Move,0.6126302083333334,0.41898148148148145
18282.10000000149,Move,0.6171875,0.45601851851851855
18298.199999999255,Move,0.603515625,0.4756944444444444
18319.400000002235,Move,0.5553385416666666,0.4826388888888889
18335.900000002235,Move,0.4908854166666667,0.4386574074074074
18352.400000002235,Move,0.4322916666666667,0.3460648148148148
18368.5,Move,0.3971354166666667,0.2777777777777778
18382.199999999255,Move,0.380859375,0.2465277777777778
18398.400000002235,Move,0.37890625,0.24074074074074073
18414.5,Move,0.3834635416666667,0.23958333333333334
18430.800000000745,Move,0.4049479166666667,0.24537037037037038
18452.10000000149,Move,0.4837239583333333,0.28125
18468.400000002235,Move,0.53515625,0.32175925925925924
18484.10000000149,Move,0.5598958333333334,0.38773148148148145
18499.900000002235,Move,0.5559895833333334,0.4444444444444444
18514.10000000149,Move,0.5390625,0.4826388888888889
18530,Move,0.5045572916666666,0.49537037037037035
18552,Move,0.4615885416666667,0.4513888888888889
18567.900000002235,Move,0.4388020833333333,0.3645833333333333
18584.10000000149,Move,0.4342447916666667,0.28935185185185186
18600,Move,0.439453125,0.25810185185185186
18614.400000002235,Move,0.4485677083333333,0.2511574074074074
18630.699999999255,Move,0.4674479166666667,0.2523148148148148
18646.400000002235,Move,0.5078125,0.2743055555555556
18662.300000000745,Move,0.5553385416666666,0.3090277777777778
18684.400000002235,Move,0.587890625,0.3888888888888889
18700.300000000745,Move,0.5826822916666666,0.45023148148148145
18715.900000002235,Move,0.5553385416666666,0.4837962962962963
18732,Move,0.5065104166666666,0.5023148148148148
18746.300000000745,Move,0.4537760416666667,0.4722222222222222
18762.300000000745,Move,0.4173177083333333,0.39699074074074076
18786.10000000149,Move,0.3984375,0.26967592592592593
18800.5,Move,0.4029947916666667,0.24074074074074073
18815.199999999255,Move,0.4134114583333333,0.22685185185185186
18832.199999999255,Move,0.4348958333333333,0.2199074074074074
18848.300000000745,Move,0.474609375,0.2337962962962963
18862.400000002235,Move,0.517578125,0.2743055555555556
18886.199999999255,Move,0.552734375,0.35300925925925924
18901.699999999255,Move,0.5494791666666666,0.41087962962962965
18916.199999999255,Move,0.5227864583333334,0.46296296296296297
18932.300000000745,Move,0.4680989583333333,0.5034722222222222
18948.400000002235,Move,0.3977864583333333,0.5069444444444444
18964.699999999255,Move,0.3515625,0.4618055555555556
18986.400000002235,Move,0.330078125,0.3298611111111111
19002,Move,0.3450520833333333,0.24189814814814814
19018,Move,0.3736979166666667,0.20023148148148148
19032.60000000149,Move,0.4166666666666667,0.1863425925925926
19048.5,Move,0.4752604166666667,0.20601851851851852
19064.5,Move,0.537109375,0.24189814814814814
19080.199999999255,Move,0.5904947916666666,0.3101851851851852
19102.10000000149,Move,0.6243489583333334,0.46296296296296297
19117.900000002235,Move,0.615234375,0.5428240740740741
19134.400000002235,Move,0.5787760416666666,0.5960648148148148
19164.400000002235,Move,0.5305989583333334,0.5706018518518519
19180.400000002235,Move,0.5188802083333334,0.48148148148148145
19202.199999999255,Move,0.5345052083333334,0.29976851851851855
19218.10000000149,Move,0.5475260416666666,0.2349537037037037
19234.400000002235,Move,0.560546875,0.21875
19250.199999999255,Move,0.5846354166666666,0.20949074074074073
19264.10000000149,Move,0.62109375,0.2048611111111111
19280,Move,0.6536458333333334,0.22337962962962962
19295.699999999255,Move,0.6595052083333334,0.2650462962962963
19311.699999999255,Move,0.654296875,0.3368055555555556
19333.300000000745,Move,0.607421875,0.44328703703703703
19350,Move,0.5266927083333334,0.5057870370370371
19365.699999999255,Move,0.4420572916666667,0.5266203703703703
19381.5,Move,0.380859375,0.5034722222222222
19396.800000000745,Move,0.3548177083333333,0.43171296296296297
19412.400000002235,Move,0.3561197916666667,0.3368055555555556
19436.10000000149,Move,0.400390625,0.22453703703703703
19450.199999999255,Move,0.427734375,0.20717592592592593
19466.199999999255,Move,0.4635416666666667,0.20601851851851852
19482.10000000149,Move,0.4889322916666667,0.22106481481481483
19496.199999999255,Move,0.5104166666666666,0.2534722222222222
19512.400000002235,Move,0.5162760416666666,0.3090277777777778
19536.400000002235,Move,0.4967447916666667,0.3993055555555556
19552.199999999255,Move,0.4576822916666667,0.4710648148148148
19566,Move,0.4296875,0.48726851851851855
19582.400000002235,Move,0.4127604166666667,0.4710648148148148
19598.60000000149,Move,0.3971354166666667,0.39351851851851855
19614.60000000149,Move,0.3977864583333333,0.29976851851851855
19636.300000000745,Move,0.416015625,0.22685185185185186
19652.199999999255,Move,0.427734375,0.2152777777777778
19669.10000000149,Move,0.443359375,0.21180555555555555
19682.5,Move,0.4733072916666667,0.2326388888888889
19698.199999999255,Move,0.5299479166666666,0.28703703703703703
19714.199999999255,Move,0.5833333333333334,0.38773148148148145
19730.400000002235,Move,0.5989583333333334,0.4618055555555556
19752.400000002235,Move,0.5787760416666666,0.5393518518518519
19768.60000000149,Move,0.556640625,0.5451388888888888
19784.60000000149,Move,0.533203125,0.5173611111111112
19800.300000000745,Move,0.509765625,0.4386574074074074
19814.10000000149,Move,0.4967447916666667,0.3541666666666667
19830.5,Move,0.4928385416666667,0.30092592592592593
19852.199999999255,Move,0.4954427083333333,0.26851851851851855
19868.400000002235,Move,0.5084635416666666,0.26157407407407407
19884.699999999255,Move,0.533203125,0.26157407407407407
19900.10000000149,Move,0.5774739583333334,0.2835648148148148
19914.300000000745,Move,0.5904947916666666,0.33101851851851855
19930.300000000745,Move,0.5852864583333334,0.3773148148148148
19946.199999999255,Move,0.5631510416666666,0.4270833333333333
19968.300000000745,Move,0.4713541666666667,0.4895833333333333
19984.5,Move,0.3984375,0.4988425925925926
20000.300000000745,Move,0.353515625,0.4548611111111111
20016.199999999255,Move,0.3365885416666667,0.38310185185185186
20030,Move,0.341796875,0.33449074074074076
20045.699999999255,Move,0.3528645833333333,0.3101851851851852
20062.400000002235,Move,0.3665364583333333,0.30439814814814814
20086,Move,0.4231770833333333,0.3194444444444444
20099.400000002235,Move,0.49609375,0.3449074074074074
20116.300000000745,Move,0.548828125,0.3993055555555556
20132.60000000149,Move,0.5611979166666666,0.4386574074074074
20148.300000000745,Move,0.556640625,0.46875
20169.900000002235,Move,0.5299479166666666,0.5034722222222222
20186,Move,0.4928385416666667,0.49421296296296297
20200.60000000149,Move,0.451171875,0.44907407407407407
20216.10000000149,Move,0.4329427083333333,0.38773148148148145
20232,Move,0.4296875,0.3229166666666667
20248,Move,0.43359375,0.29282407407407407
20262.10000000149,Move,0.4446614583333333,0.28587962962962965
20286.300000000745,Move,0.482421875,0.28935185185185186
20301.5,Move,0.5227864583333334,0.30671296296296297
20318.5,Move,0.544921875,0.33912037037037035
20332.5,Move,0.5475260416666666,0.36689814814814814
20348.199999999255,Move,0.544921875,0.3854166666666667
20364.10000000149,Move,0.541015625,0.3900462962962963
20386.300000000745,Move,0.53515625,0.38657407407407407
20402.60000000149,Move,0.5279947916666666,0.3784722222222222
20418.5,Move,0.5221354166666666,0.3726851851851852
20434.10000000149,Move,0.5182291666666666,0.37037037037037035
20434.5,Released,0.5182291666666666,0.37037037037037035
21531.5,Released,0.4817708333333333,0.6180555555555556