resolution:1536,864
284198,Pressed,0.4029947916666667,0.14583333333333334
284348,Move,0.4153645833333333,0.14583333333333334
284354,Move,0.4309895833333333,0.14814814814814814
284414,Move,0.6373697916666666,0.20949074074074073
284429,Move,0.6751302083333334,0.23148148148148148
284443,Move,0.7122395833333334,0.26157407407407407
284451,Move,0.7278645833333334,0.28125
284530,Move,0.7408854166666666,0.2951388888888889
284663,Move,0.7545572916666666,0.6145833333333334
284831,Move,0.59375,0.6122685185185185
284847,Move,0.5748697916666666,0.5949074074074074
284868,Move,0.5423177083333334,0.5810185185185185
284883,Move,0.5169270833333334,0.5671296296296297
284939,Move,0.4440104166666667,0.5115740740740741
284975,Move,0.4029947916666667,0.4513888888888889
285034,Move,0.3528645833333333,0.3368055555555556
285091,Move,0.3502604166666667,0.2986111111111111
285145,Move,0.3515625,0.28935185185185186
285149,Move,0.4140625,0.22337962962962962
285208,Move,0.4309895833333333,0.2175925925925926
285211,Move,0.5221354166666666,0.2013888888888889
285272,Move,0.5794270833333334,0.22337962962962962
285327,Move,0.5859375,0.22569444444444445
285330,Move,0.6106770833333334,0.26157407407407407
285389,Move,0.6236979166666666,0.3506944444444444
285445,Move,0.5716145833333334,0.45601851851851855
285504,Move,0.4075520833333333,0.5289351851851852
285563,Move,0.296875,0.4699074074074074
285622,Move,0.2688802083333333,0.40625
285677,Move,0.28125,0.34837962962962965
285737,Move,0.2890625,0.3402777777777778
285740,Move,0.4361979166666667,0.28703703703703703
285801,Move,0.5735677083333334,0.2986111111111111
285884,Move,0.6393229166666666,0.3587962962962963
285938,Move,0.640625,0.3680555555555556
285940,Move,0.6497395833333334,0.4097222222222222
286000,Move,0.6295572916666666,0.4791666666666667
286053,Move,0.6217447916666666,0.4930555555555556
286056,Move,0.515625,0.5428240740740741
286115,Move,0.4095052083333333,0.4976851851851852
286173,Move,0.3138020833333333,0.4236111111111111
286232,Move,0.28125,0.35648148148148145
286287,Move,0.3014322916666667,0.24768518518518517
286344,Move,0.3111979166666667,0.22916666666666666
286346,Move,0.4296875,0.14814814814814814
286404,Move,0.4518229166666667,0.15046296296296297
286408,Move,0.5983072916666666,0.2175925925925926
286466,Move,0.6529947916666666,0.28935185185185186
286522,Move,0.6549479166666666,0.3819444444444444
286577,Move,0.6484375,0.3958333333333333
286580,Move,0.5279947916666666,0.5011574074074074
286638,Move,0.5045572916666666,0.5092592592592593
286640,Move,0.390625,0.5115740740740741
286697,Move,0.3704427083333333,0.5069444444444444
286701,Move,0.3033854166666667,0.4375
286765,Move,0.3391927083333333,0.27546296296296297
286819,Move,0.3515625,0.2511574074074074
286821,Move,0.4908854166666667,0.1261574074074074
286882,Move,0.6282552083333334,0.2013888888888889
286939,Move,0.6419270833333334,0.2199074074074074
286941,Move,0.6796875,0.3090277777777778
286997,Move,0.6796875,0.3263888888888889
287001,Move,0.5390625,0.47337962962962965
287055,Move,0.4954427083333333,0.4895833333333333
287058,Move,0.3313802083333333,0.5115740740740741
287115,Move,0.3190104166666667,0.5092592592592593
287119,Move,0.24544270833333334,0.4479166666666667
287177,Move,0.2421875,0.44212962962962965
287182,Move,0.24869791666666666,0.4201388888888889
287240,Move,0.2532552083333333,0.4201388888888889
287245,Move,0.328125,0.4895833333333333
287364,Move,0.6731770833333334,0.5347222222222222
287420,Move,0.6686197916666666,0.29282407407407407
287476,Move,0.5032552083333334,0.13194444444444445
287510,Move,0.4720052083333333,0.12268518518518519
287512,Move,0.3795572916666667,0.13194444444444445
287574,Move,0.2565104166666667,0.3148148148148148
287633,Move,0.24544270833333334,0.43171296296296297
287693,Move,0.3736979166666667,0.5532407407407407
287751,Move,0.5455729166666666,0.5173611111111112
287807,Move,0.6393229166666666,0.4537037037037037
287863,Move,0.6484375,0.3541666666666667
287920,Move,0.5169270833333334,0.23148148148148148
287977,Move,0.34375,0.2847222222222222
288033,Move,0.3294270833333333,0.2986111111111111
288034,Move,0.2799479166666667,0.37037037037037035
288091,Move,0.2766927083333333,0.3761574074074074
288095,Move,0.2877604166666667,0.4618055555555556
288151,Move,0.3001302083333333,0.48726851851851855
288153,Move,0.4700520833333333,0.5902777777777778
288211,Move,0.5,0.5925925925925926
288215,Move,0.6608072916666666,0.5532407407407407
288277,Move,0.6783854166666666,0.3402777777777778
288333,Move,0.6653645833333334,0.2951388888888889
288398,Move,0.3359375,0.1423611111111111
288468,Move,0.328125,0.16435185185185186
288469,Move,0.3997395833333333,0.5231481481481481
288604,Move,0.7623697916666666,0.4398148148148148
288668,Move,0.609375,0.12268518518518519
288724,Move,0.3984375,0.13425925925925927
288784,Move,0.3372395833333333,0.30324074074074076
288838,Move,0.34375,0.33101851851851855
288840,Move,0.5188802083333334,0.5173611111111112
288900,Move,0.7311197916666666,0.4930555555555556
288956,Move,0.7109375,0.24537037037037038
289071,Move,0.3294270833333333,0.1701388888888889
289128,Move,0.3470052083333333,0.40625
289293,Move,0.6158854166666666,0.28125
289329,Move,0.5,0.1597222222222222
289387,Move,0.4720052083333333,0.14583333333333334
289387,Move,0.2903645833333333,0.2152777777777778
289447,Move,0.2532552083333333,0.3541666666666667
289504,Move,0.2578125,0.3726851851851852
289505,Move,0.3873697916666667,0.5347222222222222
289565,Move,0.4153645833333333,0.5451388888888888
289569,Move,0.5611979166666666,0.5208333333333334
289626,Move,0.5794270833333334,0.3287037037037037
289683,Move,0.4231770833333333,0.16435185185185186
289741,Move,0.2799479166666667,0.2534722222222222
289795,Move,0.2669270833333333,0.2708333333333333
289797,Move,0.2545572916666667,0.3587962962962963
289857,Move,0.40625,0.5370370370370371
289912,Move,0.5859375,0.5486111111111112
289971,Move,0.6217447916666666,0.39814814814814814
290027,Move,0.5247395833333334,0.15625
290082,Move,0.5045572916666666,0.13425925925925927
290142,Move,0.3033854166666667,0.22916666666666666
290200,Move,0.3502604166666667,0.48148148148148145
290257,Move,0.5735677083333334,0.5810185185185185
290314,Move,0.6705729166666666,0.47337962962962965
290369,Move,0.6783854166666666,0.4340277777777778
290370,Move,0.65625,0.2199074074074074
290432,Move,0.4856770833333333,0.17592592592592593
290487,Move,0.453125,0.1875
290491,Move,0.3111979166666667,0.26157407407407407
290544,Move,0.3033854166666667,0.2650462962962963
290549,Move,0.2845052083333333,0.2789351851851852
290604,Move,0.2845052083333333,0.28125
290607,Move,0.3170572916666667,0.45949074074074076
290665,Move,0.3216145833333333,0.47337962962962965
290669,Move,0.34375,0.5092592592592593
290730,Move,0.3658854166666667,0.19560185185185186
290897,Move,0.3092447916666667,0.30092592592592593
290967,Move,0.3125,0.4756944444444444
290968,Move,0.3138020833333333,0.48726851851851855
290975,Move,0.3157552083333333,0.5011574074074074
291046,Move,0.3248697916666667,0.5810185185185185
291109,Move,0.3248697916666667,0.5868055555555556
291163,Move,0.3248697916666667,0.5844907407407407
291165,Move,0.3138020833333333,0.4479166666666667
291223,Move,0.3125,0.42824074074074076
291228,Move,0.2890625,0.28935185185185186
291288,Move,0.2688802083333333,0.2175925925925926
291345,Move,0.265625,0.2337962962962963
291402,Move,0.2688802083333333,0.5370370370370371
291569,Move,0.2701822916666667,0.5590277777777778
291624,Move,0.28125,0.1875
291748,Move,0.2825520833333333,0.11805555555555555
291761,Move,0.2877604166666667,0.19212962962962962
291775,Move,0.2936197916666667,0.28125
291797,Move,0.3001302083333333,0.3958333333333333
291867,Move,0.3079427083333333,0.5208333333333334
291922,Move,0.3125,0.5451388888888888
291978,Move,0.3125,0.5486111111111112
291979,Move,0.3125,0.5509259259259259
292041,Move,0.3059895833333333,0.5208333333333334
292097,Move,0.3046875,0.5115740740740741
292098,Move,0.2858072916666667,0.4375
292157,Move,0.2825520833333333,0.42824074074074076
292160,Move,0.2623697916666667,0.3449074074074074
292218,Move,0.2610677083333333,0.3368055555555556
292221,Move,0.2578125,0.29282407407407407
292280,Move,0.2799479166666667,0.2569444444444444
292338,Move,0.3470052083333333,0.2511574074074074
292393,Move,0.4498697916666667,0.2534722222222222
292451,Move,0.4641927083333333,0.2511574074074074
292453,Move,0.5625,0.2337962962962963
292512,Move,0.65625,0.2152777777777778
292569,Move,0.6686197916666666,0.21180555555555555
292570,Move,0.75,0.18981481481481483
292878,Move,0.7643229166666666,0.24768518518518517
292893,Move,0.7578125,0.26157407407407407
292908,Move,0.7545572916666666,0.27314814814814814
292921,Move,0.75,0.2789351851851852
292936,Move,0.7454427083333334,0.28935185185185186
293024,Move,0.7434895833333334,0.2986111111111111
293025,Move,0.7311197916666666,0.3449074074074074
293083,Move,0.7298177083333334,0.3541666666666667
293086,Move,0.7265625,0.41435185185185186
293146,Move,0.7220052083333334,0.45601851851851855
293204,Move,0.7063802083333334,0.4930555555555556
293260,Move,0.6888020833333334,0.5092592592592593
293315,Move,0.6861979166666666,0.5092592592592593
293318,Move,0.6705729166666666,0.5173611111111112
293372,Move,0.6686197916666666,0.5208333333333334
293376,Move,0.6529947916666666,0.53125
293436,Move,0.6497395833333334,0.53125
293439,Move,0.6373697916666666,0.5370370370370371
293499,Move,0.625,0.5347222222222222
293557,Move,0.6139322916666666,0.5289351851851852
293614,Move,0.6002604166666666,0.5208333333333334
293671,Move,0.5859375,0.5173611111111112
293729,Move,0.5611979166666666,0.5150462962962963
293787,Move,0.5345052083333334,0.5115740740740741
293844,Move,0.5065104166666666,0.5092592592592593
293901,Move,0.4798177083333333,0.5092592592592593
293955,Move,0.4609375,0.5092592592592593
294012,Move,0.4420572916666667,0.5092592592592593
294068,Move,0.4283854166666667,0.5150462962962963
294121,Move,0.4251302083333333,0.5150462962962963
294123,Move,0.4108072916666667,0.5208333333333334
294184,Move,0.3951822916666667,0.5289351851851852
294242,Move,0.3828125,0.5393518518518519
294300,Move,0.3684895833333333,0.5486111111111112
294356,Move,0.3561197916666667,0.5567129629629629
294415,Move,0.3404947916666667,0.5567129629629629
294472,Move,0.3391927083333333,0.5567129629629629
294474,Move,0.3216145833333333,0.5567129629629629
294532,Move,0.3079427083333333,0.5567129629629629
294588,Move,0.3059895833333333,0.5567129629629629
294593,Move,0.2936197916666667,0.5532407407407407
294653,Move,0.2845052083333333,0.5486111111111112
294709,Move,0.2766927083333333,0.5428240740740741
294768,Move,0.2701822916666667,0.5370370370370371
294825,Move,0.2610677083333333,0.5173611111111112
294879,Move,0.2578125,0.5092592592592593
294881,Move,0.24869791666666666,0.4976851851851852
294940,Move,0.23763020833333334,0.4791666666666667
295013,Move,0.22786458333333334,0.47337962962962965
295068,Move,0.22005208333333334,0.4513888888888889
295124,Move,0.21419270833333334,0.44560185185185186
295195,Move,0.20963541666666666,0.4039351851851852
295260,Move,0.20442708333333334,0.38657407407407407
295538,Move,0.20442708333333334,0.26157407407407407
295552,Move,0.20638020833333334,0.2569444444444444
295568,Move,0.20638020833333334,0.2511574074074074
295590,Move,0.20768229166666666,0.24305555555555555
295605,Move,0.2109375,0.23726851851851852
295611,Move,0.2109375,0.2337962962962963
295705,Move,0.22526041666666666,0.21180555555555555
295763,Move,0.2265625,0.20949074074074073
295766,Move,0.234375,0.19791666666666666
295821,Move,0.234375,0.19560185185185186
295825,Move,0.24544270833333334,0.1840277777777778
295884,Move,0.24674479166666666,0.1840277777777778
295889,Move,0.2578125,0.17592592592592593
295949,Move,0.2701822916666667,0.1736111111111111
296006,Move,0.2721354166666667,0.1736111111111111
296007,Move,0.2845052083333333,0.1736111111111111
296065,Move,0.2877604166666667,0.17592592592592593
296068,Move,0.3014322916666667,0.18171296296296297
296132,Move,0.3138020833333333,0.1840277777777778
296188,Move,0.3157552083333333,0.1840277777777778
296188,Move,0.3294270833333333,0.1840277777777778
296255,Move,0.3515625,0.18981481481481483
296310,Move,0.3561197916666667,0.18981481481481483
296312,Move,0.3795572916666667,0.19212962962962962
296373,Move,0.4016927083333333,0.19212962962962962
296428,Move,0.4173177083333333,0.18981481481481483
296487,Move,0.4264322916666667,0.1840277777777778
296543,Move,0.4361979166666667,0.17592592592592593
296599,Move,0.4375,0.17592592592592593
296602,Move,0.4485677083333333,0.16435185185185186
296664,Move,0.4654947916666667,0.15393518518518517
296719,Move,0.46875,0.15046296296296297
296721,Move,0.4856770833333333,0.14583333333333334
296784,Move,0.5065104166666666,0.13425925925925927
296842,Move,0.5279947916666666,0.13425925925925927
296899,Move,0.5436197916666666,0.1400462962962963
296955,Move,0.5559895833333334,0.15393518518518517
297010,Move,0.5579427083333334,0.15393518518518517
297013,Move,0.5716145833333334,0.1736111111111111
297072,Move,0.5735677083333334,0.1736111111111111
297076,Move,0.5872395833333334,0.18981481481481483
297140,Move,0.6061197916666666,0.20949074074074073
297196,Move,0.609375,0.21180555555555555
297199,Move,0.6282552083333334,0.22337962962962962
297264,Move,0.6451822916666666,0.22569444444444445
297326,Move,0.6484375,0.22569444444444445
297329,Move,0.6608072916666666,0.2199074074074074
297389,Move,0.6764322916666666,0.21180555555555555
297444,Move,0.6783854166666666,0.21180555555555555
297447,Move,0.6888020833333334,0.21180555555555555
297505,Move,0.6907552083333334,0.21180555555555555
297508,Move,0.6985677083333334,0.21180555555555555
297570,Move,0.6985677083333334,0.2175925925925926
297628,Move,0.6985677083333334,0.2199074074074074
297686,Move,0.7018229166666666,0.23726851851851852
297745,Move,0.7044270833333334,0.26157407407407407
297804,Move,0.7096354166666666,0.2789351851851852
297862,Move,0.7096354166666666,0.28935185185185186
297919,Move,0.7096354166666666,0.2951388888888889
297975,Move,0.7096354166666666,0.2986111111111111
298032,Move,0.7096354166666666,0.3090277777777778
298089,Move,0.7096354166666666,0.33449074074074076
298146,Move,0.7076822916666666,0.34837962962962965
298200,Move,0.7076822916666666,0.3506944444444444
298202,Move,0.7063802083333334,0.35648148148148145
298263,Move,0.7018229166666666,0.3680555555555556
298319,Move,0.6998697916666666,0.37037037037037035
298324,Move,0.6940104166666666,0.3900462962962963
298380,Move,0.6920572916666666,0.3923611111111111
298384,Move,0.6861979166666666,0.4039351851851852
298446,Move,0.6809895833333334,0.41203703703703703
298504,Move,0.6809895833333334,0.41782407407407407
298558,Move,0.6764322916666666,0.4236111111111111
298615,Move,0.671875,0.43171296296296297
298670,Move,0.6705729166666666,0.43171296296296297
298673,Move,0.6686197916666666,0.4375
298734,Move,0.6595052083333334,0.44560185185185186
298792,Move,0.65625,0.4479166666666667
298794,Move,0.6471354166666666,0.45949074074074076
298852,Move,0.6451822916666666,0.4618055555555556
298856,Move,0.6360677083333334,0.4699074074074074
298916,Move,0.6282552083333334,0.4791666666666667
298975,Move,0.6204427083333334,0.48148148148148145
299031,Move,0.6106770833333334,0.48726851851851855
299089,Move,0.5983072916666666,0.49537037037037035
299145,Move,0.5794270833333334,0.5011574074074074
299200,Move,0.578125,0.5011574074074074
299202,Move,0.5611979166666666,0.5034722222222222
299258,Move,0.5579427083333334,0.5034722222222222
299263,Move,0.5390625,0.5034722222222222
299321,Move,0.5358072916666666,0.5034722222222222
299324,Move,0.5143229166666666,0.5011574074074074
299385,Move,0.4811197916666667,0.4930555555555556
299443,Move,0.4641927083333333,0.48726851851851855
299499,Move,0.4440104166666667,0.4837962962962963
299557,Move,0.4251302083333333,0.48148148148148145
299617,Move,0.40625,0.4756944444444444
299672,Move,0.390625,0.4699074074074074
299729,Move,0.3815104166666667,0.4652777777777778
299788,Move,0.3704427083333333,0.4479166666666667
299847,Move,0.3606770833333333,0.42592592592592593
299902,Move,0.3561197916666667,0.3958333333333333
299961,Move,0.3561197916666667,0.3726851851851852
300017,Move,0.3561197916666667,0.37037037037037035
300020,Move,0.3561197916666667,0.34837962962962965
300094,Move,0.3658854166666667,0.3090277777777778
300167,Move,0.3684895833333333,0.30324074074074076
300167,Move,0.3860677083333333,0.27546296296296297
300226,Move,0.4016927083333333,0.25925925925925924
300283,Move,0.4049479166666667,0.2569444444444444
300285,Move,0.4205729166666667,0.24537037037037038
300346,Move,0.4329427083333333,0.23726851851851852
300405,Move,0.4466145833333333,0.2337962962962963
300464,Move,0.4641927083333333,0.22916666666666666
300521,Move,0.4778645833333333,0.22916666666666666
300592,Move,0.4856770833333333,0.22916666666666666
300656,Move,0.4856770833333333,0.23148148148148148
300713,Move,0.4856770833333333,0.2337962962962963
300835,Move,0.484375,0.23726851851851852
300899,Move,0.484375,0.24768518518518517
300954,Move,0.4830729166666667,0.26157407407407407
301009,Move,0.4811197916666667,0.27314814814814814
301019,Move,0.4811197916666667,0.27546296296296297
301027,Move,0.4811197916666667,0.2789351851851852
301037,Move,0.4811197916666667,0.28125
301099,Move,0.4798177083333333,0.30092592592592593
301154,Move,0.4798177083333333,0.30324074074074076
301158,Move,0.4765625,0.3148148148148148
301216,Move,0.4752604166666667,0.31712962962962965
301218,Move,0.4733072916666667,0.33101851851851855
301279,Move,0.4733072916666667,0.3368055555555556
301283,Move,0.4700520833333333,0.3506944444444444
301343,Move,0.46875,0.3541666666666667
301349,Move,0.4654947916666667,0.3680555555555556
301408,Move,0.4609375,0.38657407407407407
301467,Move,0.4563802083333333,0.40046296296296297
301520,Move,0.4563802083333333,0.4039351851851852
301524,Move,0.4518229166666667,0.41782407407407407
301581,Move,0.4440104166666667,0.4340277777777778
301640,Move,0.4388020833333333,0.4398148148148148
301699,Move,0.4361979166666667,0.44560185185185186
301759,Move,0.4296875,0.4537037037037037
301814,Move,0.4173177083333333,0.4652777777777778
301871,Move,0.4095052083333333,0.4699074074074074
301927,Move,0.4075520833333333,0.47337962962962965
301929,Move,0.4016927083333333,0.4791666666666667
301990,Move,0.3984375,0.4791666666666667
302098,Move,0.3997395833333333,0.4791666666666667
302098,Move,0.4153645833333333,0.48148148148148145
302159,Move,0.4388020833333333,0.4837962962962963
302216,Move,0.4420572916666667,0.4837962962962963
302218,Move,0.4674479166666667,0.4837962962962963
302279,Move,0.4908854166666667,0.4791666666666667
302335,Move,0.515625,0.4699074074074074
302392,Move,0.5403645833333334,0.4618055555555556
302447,Move,0.5436197916666666,0.4618055555555556
302449,Move,0.5670572916666666,0.4479166666666667
302510,Move,0.59375,0.4375
302566,Move,0.5970052083333334,0.4375
302569,Move,0.6139322916666666,0.42592592592592593
302625,Move,0.6171875,0.4236111111111111
302630,Move,0.6328125,0.40625
302687,Move,0.6341145833333334,0.4039351851851852
302691,Move,0.6497395833333334,0.38425925925925924
302755,Move,0.6627604166666666,0.36226851851851855
302809,Move,0.6640625,0.3587962962962963
302811,Move,0.671875,0.3425925925925926
302869,Move,0.6731770833333334,0.3402777777777778
302874,Move,0.6796875,0.3229166666666667
302934,Move,0.6842447916666666,0.30671296296296297
302990,Move,0.6842447916666666,0.30324074074074076
303050,Move,0.6842447916666666,0.30092592592592593
303116,Move,0.6842447916666666,0.28703703703703703
303171,Move,0.6842447916666666,0.27546296296296297
303230,Move,0.6842447916666666,0.25925925925925924
303290,Move,0.6861979166666666,0.23958333333333334
303348,Move,0.6888020833333334,0.22337962962962962
303402,Move,0.6888020833333334,0.2199074074074074
303404,Move,0.6940104166666666,0.20601851851851852
303459,Move,0.6998697916666666,0.18981481481481483
303519,Move,0.7076822916666666,0.17592592592592593
303577,Move,0.7141927083333334,0.16203703703703703
303634,Move,0.7200520833333334,0.1423611111111111
303690,Move,0.7220052083333334,0.13194444444444445
303749,Move,0.7220052083333334,0.1284722222222222
303806,Move,0.7200520833333334,0.1261574074074074
303860,Move,0.7174479166666666,0.1261574074074074
303916,Move,0.7154947916666666,0.1284722222222222
303973,Move,0.7109375,0.13425925925925927
304028,Move,0.7018229166666666,0.1400462962962963
304086,Move,0.6985677083333334,0.1423611111111111
304144,Move,0.6953125,0.14583333333333334
304201,Move,0.6907552083333334,0.15046296296296297
304257,Move,0.6809895833333334,0.15046296296296297
304314,Move,0.6751302083333334,0.15393518518518517
304374,Move,0.671875,0.15393518518518517
304430,Move,0.6686197916666666,0.15625
304795,Move,0.6640625,0.1597222222222222
304809,Move,0.6608072916666666,0.1597222222222222
304817,Move,0.6595052083333334,0.16203703703703703
304825,Move,0.6575520833333334,0.16203703703703703
304839,Move,0.6549479166666666,0.16203703703703703
304898,Move,0.6263020833333334,0.1701388888888889
304954,Move,0.6236979166666666,0.1701388888888889
304958,Move,0.5813802083333334,0.17592592592592593
305016,Move,0.5748697916666666,0.17592592592592593
305020,Move,0.515625,0.18171296296296297
305083,Move,0.4440104166666667,0.17824074074074073
305139,Move,0.4342447916666667,0.17592592592592593
305140,Move,0.3815104166666667,0.1701388888888889
305196,Move,0.375,0.1701388888888889
305200,Move,0.3346354166666667,0.16203703703703703
305258,Move,0.3294270833333333,0.16203703703703703
305265,Move,0.3046875,0.15625
305321,Move,0.3033854166666667,0.15625
305322,Move,0.2955729166666667,0.15625
305385,Move,0.2923177083333333,0.15625
305626,Move,0.2923177083333333,0.1597222222222222
305640,Move,0.2923177083333333,0.16435185185185186
305647,Move,0.2923177083333333,0.16782407407407407
305655,Move,0.2923177083333333,0.1736111111111111
305662,Move,0.2923177083333333,0.17592592592592593
305721,Move,0.2923177083333333,0.2037037037037037
305781,Move,0.2923177083333333,0.20601851851851852
305783,Move,0.2923177083333333,0.2534722222222222
305846,Move,0.2923177083333333,0.3148148148148148
305900,Move,0.2923177083333333,0.3229166666666667
305902,Move,0.2936197916666667,0.3726851851851852
305964,Move,0.2936197916666667,0.4039351851851852
306025,Move,0.2936197916666667,0.41203703703703703
306080,Move,0.2936197916666667,0.41782407407407407
306449,Move,0.296875,0.41782407407407407
306457,Move,0.2981770833333333,0.41435185185185186
306464,Move,0.3033854166666667,0.41203703703703703
306490,Move,0.3170572916666667,0.4039351851851852
306497,Move,0.3203125,0.40046296296296297
306597,Move,0.3235677083333333,0.39814814814814814
306601,Move,0.3997395833333333,0.35648148148148145
306664,Move,0.4641927083333333,0.33101851851851855
306719,Move,0.4720052083333333,0.3287037037037037
306722,Move,0.5188802083333334,0.31712962962962965
306781,Move,0.5423177083333334,0.3148148148148148
306782,Move,0.5455729166666666,0.3148148148148148
306841,Move,0.5559895833333334,0.3148148148148148
306900,Move,0.5592447916666666,0.3148148148148148
307104,Move,0.5592447916666666,0.31712962962962965
307116,Move,0.5579427083333334,0.31712962962962965
307146,Move,0.5579427083333334,0.32060185185185186
307203,Move,0.5579427083333334,0.3229166666666667
307257,Move,0.5546875,0.33101851851851855
307314,Move,0.5514322916666666,0.3425925925925926
307371,Move,0.5436197916666666,0.37037037037037035
307445,Move,0.5358072916666666,0.4097222222222222
307503,Move,0.5247395833333334,0.4375
307571,Move,0.5188802083333334,0.4618055555555556
307634,Move,0.5169270833333334,0.4675925925925926
307692,Move,0.5188802083333334,0.4675925925925926
307748,Move,0.5455729166666666,0.45949074074074076
307749,Move,0.5514322916666666,0.45601851851851855
307763,Move,0.5611979166666666,0.4513888888888889
307829,Move,0.6080729166666666,0.44212962962962965
307884,Move,0.6158854166666666,0.4398148148148148
307888,Move,0.6575520833333334,0.4340277777777778
307947,Move,0.6640625,0.4340277777777778
307948,Move,0.7109375,0.42592592592592593
308010,Move,0.7389322916666666,0.4236111111111111
308072,Move,0.7434895833333334,0.4236111111111111
308180,Move,0.7434895833333334,0.4201388888888889
308237,Move,0.7421875,0.41435185185185186
308296,Move,0.7421875,0.40046296296296297
308353,Move,0.7434895833333334,0.37037037037037035
308412,Move,0.7434895833333334,0.3368055555555556
308469,Move,0.7389322916666666,0.28935185185185186
308528,Move,0.734375,0.24305555555555555
308582,Move,0.734375,0.23726851851851852
308584,Move,0.7278645833333334,0.19560185185185186
308646,Move,0.7265625,0.17824074074074073
308705,Move,0.7265625,0.1736111111111111
308780,Move,0.7265625,0.15625
308848,Move,0.7252604166666666,0.14814814814814814
309007,Move,0.7233072916666666,0.14814814814814814
309064,Move,0.7220052083333334,0.14814814814814814
309120,Move,0.7220052083333334,0.15046296296296297
309121,Move,0.7200520833333334,0.15625
309185,Move,0.7122395833333334,0.16782407407407407
309241,Move,0.6875,0.19212962962962962
309297,Move,0.6829427083333334,0.19791666666666666
309300,Move,0.6419270833333334,0.24768518518518517
309361,Move,0.5826822916666666,0.3125
309419,Move,0.4986979166666667,0.38657407407407407
309475,Move,0.4016927083333333,0.45949074074074076
309530,Move,0.3828125,0.4699074074074074
309533,Move,0.3059895833333333,0.53125
309591,Move,0.2981770833333333,0.5370370370370371
309594,Move,0.2688802083333333,0.5532407407407407
309649,Move,0.265625,0.5532407407407407
309652,Move,0.2591145833333333,0.5590277777777778
309709,Move,0.2578125,0.5590277777777778
309713,Move,0.2565104166666667,0.5590277777777778
309926,Move,0.2578125,0.5590277777777778
309930,Move,0.2591145833333333,0.5590277777777778
309937,Move,0.2610677083333333,0.5590277777777778
309952,Move,0.2623697916666667,0.5567129629629629
309968,Move,0.2669270833333333,0.5532407407407407
310031,Move,0.2845052083333333,0.5451388888888888
310087,Move,0.2981770833333333,0.53125
310143,Move,0.3092447916666667,0.5208333333333334
310201,Move,0.3092447916666667,0.5173611111111112
310206,Move,0.3190104166666667,0.5034722222222222
310261,Move,0.3216145833333333,0.49537037037037035
310264,Move,0.3346354166666667,0.4652777777777778
310327,Move,0.3450520833333333,0.4375
310383,Move,0.3606770833333333,0.41435185185185186
310439,Move,0.3782552083333333,0.3923611111111111
310496,Move,0.3951822916666667,0.3761574074074074
310551,Move,0.3971354166666667,0.3761574074074074
310554,Move,0.4127604166666667,0.36226851851851855
310615,Move,0.4264322916666667,0.3449074074074074
310673,Move,0.4283854166666667,0.3425925925925926
310676,Move,0.4407552083333333,0.3263888888888889
310744,Move,0.4485677083333333,0.3148148148148148
310825,Move,0.4498697916666667,0.3125
310879,Move,0.4622395833333333,0.2951388888888889
310938,Move,0.46875,0.2847222222222222
310992,Move,0.46875,0.28125
310996,Move,0.4798177083333333,0.2708333333333333
311053,Move,0.4811197916666667,0.2708333333333333
311057,Move,0.4908854166666667,0.25925925925925924
311118,Move,0.5045572916666666,0.24537037037037038
311175,Move,0.5247395833333334,0.22337962962962962
311233,Move,0.5423177083333334,0.20601851851851852
311291,Move,0.5546875,0.18981481481481483
311348,Move,0.5559895833333334,0.1875
311350,Move,0.5768229166666666,0.16203703703703703
311410,Move,0.5970052083333334,0.1423611111111111
311468,Move,0.609375,0.1284722222222222
311524,Move,0.6126302083333334,0.12268518518518519
311579,Move,0.6139322916666666,0.12037037037037036
311581,Move,0.6184895833333334,0.11805555555555555
311833,Move,0.6184895833333334,0.12037037037037036
311864,Move,0.6184895833333334,0.12268518518518519
311885,Move,0.6184895833333334,0.1261574074074074
311894,Move,0.6184895833333334,0.1284722222222222
311908,Move,0.6184895833333334,0.13425925925925927
312004,Move,0.6171875,0.19791666666666666
312060,Move,0.6171875,0.20601851851851852
312062,Move,0.6106770833333334,0.27314814814814814
312122,Move,0.6028645833333334,0.33101851851851855
312182,Move,0.6015625,0.3368055555555556
312184,Move,0.5891927083333334,0.3761574074074074
312245,Move,0.5735677083333334,0.40625
312302,Move,0.5703125,0.4097222222222222
312304,Move,0.5559895833333334,0.42592592592592593
312366,Move,0.5279947916666666,0.4479166666666667
312427,Move,0.5045572916666666,0.4618055555555556
312484,Move,0.5013020833333334,0.4652777777777778
312595,Released,0.5013020833333334,0.4652777777777778
313822,Released,0.4856770833333333,0.6342592592592593