resolution:1536,754
240785,Pressed,0.4876302083333333,0.1724137931034483
240980,Move,0.4830729166666667,0.1724137931034483
240987,Move,0.4765625,0.17639257294429708
241016,Move,0.4498697916666667,0.19230769230769232
241031,Move,0.4375,0.20159151193633953
241039,Move,0.4329427083333333,0.20424403183023873
241061,Move,0.4205729166666667,0.22679045092838196
241148,Move,0.3938802083333333,0.3222811671087533
241197,Move,0.3919270833333333,0.33156498673740054
241200,Move,0.3919270833333333,0.40185676392572944
241247,Move,0.3951822916666667,0.4151193633952255
241257,Move,0.4095052083333333,0.47877984084880637
241335,Move,0.4127604166666667,0.4880636604774536
241340,Move,0.4752604166666667,0.5490716180371353
241394,Move,0.4811197916666667,0.5490716180371353
241398,Move,0.5221354166666666,0.5358090185676393
241453,Move,0.5279947916666666,0.53315649867374
241458,Move,0.5533854166666666,0.506631299734748
241514,Move,0.5546875,0.506631299734748
241518,Move,0.5638020833333334,0.47480106100795755
241565,Move,0.5670572916666666,0.46551724137931033
241569,Move,0.5703125,0.4217506631299735
241617,Move,0.5690104166666666,0.40848806366047746
241621,Move,0.5592447916666666,0.3421750663129973
241670,Move,0.5559895833333334,0.33156498673740054
241674,Move,0.5455729166666666,0.29045092838196285
241729,Move,0.5247395833333334,0.23607427055702918
241776,Move,0.5234375,0.23076923076923078
241778,Move,0.5110677083333334,0.20424403183023873
241828,Move,0.4954427083333333,0.1830238726790451
241878,Move,0.4752604166666667,0.16976127320954906
241927,Move,0.4563802083333333,0.16710875331564987
241978,Move,0.453125,0.16710875331564987
242030,Move,0.4375,0.17639257294429708
242032,Move,0.4173177083333333,0.20159151193633953
242090,Move,0.4095052083333333,0.22679045092838196
242143,Move,0.4075520833333333,0.23607427055702918
242145,Move,0.4049479166666667,0.29442970822281167
242197,Move,0.4095052083333333,0.36074270557029176
242249,Move,0.4264322916666667,0.4403183023872679
242303,Move,0.4485677083333333,0.5106100795755968
242353,Move,0.4518229166666667,0.519893899204244
242356,Move,0.4778645833333333,0.5702917771883289
242410,Move,0.5143229166666666,0.6021220159151194
242474,Move,0.5670572916666666,0.596816976127321
242531,Move,0.59375,0.5676392572944297
242579,Move,0.5970052083333334,0.5610079575596817
242581,Move,0.609375,0.513262599469496
242633,Move,0.609375,0.41114058355437666
242681,Move,0.6080729166666666,0.3952254641909814
242684,Move,0.5970052083333334,0.33156498673740054
242736,Move,0.5638020833333334,0.246684350132626
242784,Move,0.5592447916666666,0.24005305039787797
242786,Move,0.5221354166666666,0.20424403183023873
242846,Move,0.4720052083333333,0.19496021220159152
242925,Move,0.4654947916666667,0.1989389920424403
242925,Move,0.4049479166666667,0.246684350132626
243044,Move,0.3795572916666667,0.29442970822281167
243045,Move,0.3815104166666667,0.38992042440318303
243105,Move,0.4075520833333333,0.4907161803713528
243154,Move,0.4173177083333333,0.513262599469496
243157,Move,0.4596354166666667,0.583554376657825
243212,Move,0.5032552083333334,0.5809018567639257
243266,Move,0.5423177083333334,0.53315649867374
243313,Move,0.5481770833333334,0.5265251989389921
243315,Move,0.5735677083333334,0.47480106100795755
243391,Move,0.5872395833333334,0.37002652519893897
243445,Move,0.5872395833333334,0.3541114058355438
243448,Move,0.5703125,0.246684350132626
243515,Move,0.5390625,0.1830238726790451
243565,Move,0.4954427083333333,0.14721485411140584
243612,Move,0.4609375,0.13793103448275862
243683,Move,0.421875,0.16312997347480107
243730,Move,0.4029947916666667,0.20159151193633953
243797,Move,0.3893229166666667,0.3103448275862069
243850,Move,0.3984375,0.40848806366047746
243899,Move,0.421875,0.4946949602122016
243950,Move,0.4485677083333333,0.5517241379310345
243998,Move,0.4544270833333333,0.5583554376657824
244051,Move,0.484375,0.583554376657825
244053,Move,0.5325520833333334,0.5742705570291777
244116,Move,0.5768229166666666,0.5291777188328912
244169,Move,0.6002604166666666,0.47480106100795755
244219,Move,0.6028645833333334,0.46949602122015915
244222,Move,0.6106770833333334,0.39920424403183025
244273,Move,0.6106770833333334,0.3859416445623342
244277,Move,0.5950520833333334,0.28779840848806365
244335,Move,0.5670572916666666,0.20822281167108753
244385,Move,0.5345052083333334,0.16047745358090185
244438,Move,0.4934895833333333,0.14721485411140584
244500,Move,0.4518229166666667,0.16312997347480107
244550,Move,0.4453125,0.16976127320954906
244552,Move,0.4153645833333333,0.20424403183023873
244606,Move,0.4127604166666667,0.21087533156498675
244611,Move,0.3971354166666667,0.25596816976127323
244659,Move,0.3951822916666667,0.2625994694960212
244663,Move,0.390625,0.32625994694960214
244713,Move,0.390625,0.33554376657824936
244717,Move,0.4075520833333333,0.4496021220159151
244765,Move,0.4329427083333333,0.5358090185676393
244811,Move,0.4388020833333333,0.5450928381962865
244813,Move,0.4576822916666667,0.5809018567639257
244896,Move,0.515625,0.583554376657825
244967,Move,0.5221354166666666,0.5809018567639257
245021,Move,0.5703125,0.5291777188328912
245024,Move,0.5983072916666666,0.4562334217506631
245082,Move,0.6080729166666666,0.376657824933687
245134,Move,0.6048177083333334,0.35145888594164454
245136,Move,0.5514322916666666,0.13527851458885942
245335,Move,0.3580729166666667,0.1856763925729443
245346,Move,0.3626302083333333,0.22679045092838196
245360,Move,0.3671875,0.26525198938992045
245375,Move,0.375,0.3222811671087533
245428,Move,0.4108072916666667,0.4535809018567639
245492,Move,0.4153645833333333,0.46551724137931033
245494,Move,0.484375,0.53315649867374
245550,Move,0.4921875,0.53315649867374
245553,Move,0.5423177083333334,0.4973474801061008
245604,Move,0.546875,0.4907161803713528
245607,Move,0.5670572916666666,0.4244031830238727
245659,Move,0.5657552083333334,0.35145888594164454
245707,Move,0.53125,0.25596816976127323
245756,Move,0.4954427083333333,0.22413793103448276
245809,Move,0.4251302083333333,0.246684350132626
245881,Move,0.4186197916666667,0.25596816976127323
245883,Move,0.3893229166666667,0.3103448275862069
245927,Move,0.3893229166666667,0.3156498673740053
245932,Move,0.3828125,0.376657824933687
246030,Move,0.3984375,0.47214854111405835
246031,Move,0.4609375,0.5517241379310345
246086,Move,0.5390625,0.5610079575596817
246138,Move,0.609375,0.5225464190981433
246189,Move,0.6438802083333334,0.4469496021220159
246239,Move,0.6484375,0.37002652519893897
246292,Move,0.6184895833333334,0.26525198938992045
246348,Move,0.578125,0.20424403183023873
246419,Move,0.5690104166666666,0.20159151193633953
246421,Move,0.4420572916666667,0.24005305039787797
246488,Move,0.4029947916666667,0.29973474801061006
246538,Move,0.3984375,0.3063660477453581
246541,Move,0.3971354166666667,0.40848806366047746
246596,Move,0.4342447916666667,0.5291777188328912
246642,Move,0.4453125,0.5424403183023873
246644,Move,0.4986979166666667,0.583554376657825
246723,Move,0.6126302083333334,0.519893899204244
246768,Move,0.6184895833333334,0.5106100795755968
246770,Move,0.6484375,0.44297082228116713
246823,Move,0.6497395833333334,0.32891246684350134
246870,Move,0.6451822916666666,0.3129973474801061
246873,Move,0.6171875,0.22413793103448276
246926,Move,0.5813802083333334,0.17904509283819628
247021,Move,0.5423177083333334,0.19496021220159152
247022,Move,0.5188802083333334,0.24005305039787797
247078,Move,0.515625,0.38992042440318303
247147,Move,0.5690104166666666,0.5583554376657824
247204,Move,0.5768229166666666,0.5649867374005305
247206,Move,0.625,0.5490716180371353
247259,Move,0.6295572916666666,0.5384615384615384
247262,Move,0.6529947916666666,0.3740053050397878
247317,Move,0.6295572916666666,0.25862068965517243
247367,Move,0.6217447916666666,0.246684350132626
247368,Move,0.5123697916666666,0.15384615384615385
247426,Move,0.4173177083333333,0.19496021220159152
247490,Move,0.4095052083333333,0.20424403183023873
247493,Move,0.375,0.3129973474801061
247548,Move,0.3951822916666667,0.4880636604774536
247599,Move,0.4798177083333333,0.5649867374005305
247648,Move,0.5559895833333334,0.5384615384615384
247695,Move,0.5638020833333334,0.5291777188328912
247697,Move,0.6106770833333334,0.4496021220159151
247784,Move,0.5950520833333334,0.22413793103448276
247847,Move,0.5143229166666666,0.16312997347480107
247894,Move,0.4811197916666667,0.19496021220159152
247948,Move,0.4674479166666667,0.246684350132626
248042,Move,0.4674479166666667,0.3222811671087533
248042,Move,0.4811197916666667,0.39920424403183025
248097,Move,0.5169270833333334,0.47480106100795755
248149,Move,0.5234375,0.48143236074270557
248151,Move,0.5657552083333334,0.4973474801061008
248207,Move,0.6158854166666666,0.46286472148541113
248257,Move,0.6217447916666666,0.4535809018567639
248258,Move,0.6451822916666666,0.3793103448275862
248310,Move,0.6484375,0.37002652519893897
248314,Move,0.65625,0.3156498673740053
248370,Move,0.6516927083333334,0.246684350132626
248421,Move,0.6484375,0.23342175066312998
248487,Move,0.6471354166666666,0.23342175066312998
248545,Move,0.640625,0.3421750663129973
248594,Move,0.6497395833333334,0.5543766578249337
248734,Move,0.6686197916666666,0.5676392572944297
248780,Move,0.6705729166666666,0.5358090185676393
248781,Move,0.6673177083333334,0.2519893899204244
248835,Move,0.6608072916666666,0.15649867374005305
248882,Move,0.6595052083333334,0.15649867374005305
248930,Move,0.6608072916666666,0.25596816976127323
249027,Move,0.6653645833333334,0.5384615384615384
249028,Move,0.6653645833333334,0.5543766578249337
249083,Move,0.6516927083333334,0.4217506631299735
249133,Move,0.6217447916666666,0.14456233421750664
249186,Move,0.6217447916666666,0.1312997347480106
249238,Move,0.6393229166666666,0.40185676392572944
249292,Move,0.6471354166666666,0.5225464190981433
249343,Move,0.6471354166666666,0.519893899204244
249395,Move,0.6295572916666666,0.19496021220159152
249453,Move,0.6263020833333334,0.1724137931034483
249513,Move,0.6497395833333334,0.5265251989389921
249563,Move,0.6516927083333334,0.5543766578249337
249584,Move,0.6516927083333334,0.5517241379310345
249635,Move,0.6263020833333334,0.21750663129973474
249686,Move,0.6217447916666666,0.17904509283819628
249766,Move,0.6295572916666666,0.5676392572944297
249821,Move,0.6295572916666666,0.5742705570291777
249868,Move,0.6139322916666666,0.33156498673740054
249936,Move,0.609375,0.28116710875331563
249940,Move,0.6002604166666666,0.21087533156498675
250015,Move,0.5983072916666666,0.21087533156498675
250064,Move,0.609375,0.5039787798408488
250067,Move,0.6139322916666666,0.5490716180371353
250123,Move,0.6139322916666666,0.4496021220159151
250176,Move,0.5768229166666666,0.16976127320954906
250228,Move,0.5748697916666666,0.16710875331564987
250230,Move,0.5716145833333334,0.16710875331564987
250286,Move,0.6139322916666666,0.4244031830238727
250334,Move,0.6184895833333334,0.4376657824933687
250337,Move,0.625,0.4562334217506631
250413,Move,0.5638020833333334,0.17904509283819628
250468,Move,0.5559895833333334,0.14721485411140584
250529,Move,0.5983072916666666,0.3925729442970822
250576,Move,0.6080729166666666,0.4336870026525199
250578,Move,0.6204427083333334,0.5265251989389921
250628,Move,0.6158854166666666,0.506631299734748
250676,Move,0.5657552083333334,0.2625994694960212
250721,Move,0.5592447916666666,0.2427055702917772
250723,Move,0.5514322916666666,0.21750663129973474
250774,Move,0.5716145833333334,0.35809018567639256
250823,Move,0.6061197916666666,0.5358090185676393
250869,Move,0.6080729166666666,0.5384615384615384
250871,Move,0.6048177083333334,0.5358090185676393
250923,Move,0.5201822916666666,0.2838196286472148
251016,Move,0.4967447916666667,0.23342175066312998
251017,Move,0.5299479166666666,0.32625994694960214
251075,Move,0.6028645833333334,0.5013262599469496
251126,Move,0.6048177083333334,0.5039787798408488
251129,Move,0.5983072916666666,0.48143236074270557
251185,Move,0.515625,0.27851458885941643
251251,Move,0.5110677083333334,0.2718832891246684
251254,Move,0.5455729166666666,0.3793103448275862
251312,Move,0.5950520833333334,0.53315649867374
251364,Move,0.5703125,0.47480106100795755
251414,Move,0.4641927083333333,0.22015915119363394
251474,Move,0.4830729166666667,0.28116710875331563
251532,Move,0.5716145833333334,0.53315649867374
251582,Move,0.5390625,0.5039787798408488
251632,Move,0.4329427083333333,0.3421750663129973
251679,Move,0.4264322916666667,0.33554376657824936
251681,Move,0.4186197916666667,0.32891246684350134
251734,Move,0.4830729166666667,0.5013262599469496
251781,Move,0.4876302083333333,0.5106100795755968
251784,Move,0.4889322916666667,0.5225464190981433
251837,Move,0.3873697916666667,0.3793103448275862
251883,Move,0.3782552083333333,0.3673740053050398
251886,Move,0.3684895833333333,0.35809018567639256
251937,Move,0.4654947916666667,0.5583554376657824
252035,Move,0.4830729166666667,0.596816976127321
252036,Move,0.3684895833333333,0.43103448275862066
252096,Move,0.3294270833333333,0.376657824933687
252165,Move,0.4440104166666667,0.5013262599469496
252223,Move,0.4342447916666667,0.4880636604774536
252272,Move,0.3059895833333333,0.376657824933687
252323,Move,0.3190104166666667,0.41114058355437666
252376,Move,0.4622395833333333,0.4907161803713528
252427,Move,0.4908854166666667,0.4907161803713528
252495,Move,0.328125,0.3925729442970822
252551,Move,0.3294270833333333,0.40848806366047746
252597,Move,0.3580729166666667,0.4270557029177719
252599,Move,0.5345052083333334,0.47480106100795755
252650,Move,0.5625,0.47214854111405835
252702,Move,0.34375,0.4588859416445623
252752,Move,0.2845052083333333,0.47877984084880637
252800,Move,0.4205729166666667,0.48143236074270557
252846,Move,0.4596354166666667,0.47480106100795755
252859,Move,0.53125,0.4496021220159151
252905,Move,0.4251302083333333,0.4403183023872679
252958,Move,0.3639322916666667,0.4588859416445623
253082,Move,0.5032552083333334,0.47480106100795755
253083,Move,0.5234375,0.4562334217506631
253142,Move,0.3548177083333333,0.4244031830238727
253193,Move,0.3626302083333333,0.4403183023872679
253244,Move,0.5279947916666666,0.44297082228116713
253320,Move,0.4811197916666667,0.4244031830238727
253368,Move,0.3919270833333333,0.47877984084880637
253422,Move,0.4466145833333333,0.5676392572944297
253484,Move,0.5455729166666666,0.5490716180371353
253536,Move,0.546875,0.5384615384615384
253538,Move,0.4889322916666667,0.5039787798408488
253589,Move,0.4407552083333333,0.5649867374005305
253590,Move,0.4388020833333333,0.5742705570291777
253639,Move,0.4420572916666667,0.6021220159151194
253705,Move,0.4498697916666667,0.5994694960212201
253706,Move,0.5559895833333334,0.35809018567639256
253757,Move,0.5221354166666666,0.36074270557029176
253826,Move,0.5013020833333334,0.3793103448275862
253828,Move,0.4140625,0.5039787798408488
253880,Move,0.4765625,0.4496021220159151
253930,Move,0.578125,0.2427055702917772
254026,Move,0.5234375,0.2838196286472148
254026,Move,0.4518229166666667,0.3793103448275862
254117,Move,0.5345052083333334,0.33156498673740054
254174,Move,0.5514322916666666,0.3037135278514589
254177,Move,0.5559895833333334,0.2718832891246684
254233,Move,0.4622395833333333,0.4177718832891247
254283,Move,0.4576822916666667,0.43103448275862066
254285,Move,0.4563802083333333,0.4588859416445623
254337,Move,0.4596354166666667,0.4588859416445623
254341,Move,0.5657552083333334,0.246684350132626
254398,Move,0.5716145833333334,0.17904509283819628
254398,Move,0.5559895833333334,0.19496021220159152
254463,Move,0.46875,0.38992042440318303
254521,Move,0.4674479166666667,0.3952254641909814
254522,Move,0.4986979166666667,0.3859416445623342
254574,Move,0.5533854166666666,0.2427055702917772
254626,Move,0.4986979166666667,0.33819628647214856
254672,Move,0.4544270833333333,0.4469496021220159
254722,Move,0.4778645833333333,0.4177718832891247
254772,Move,0.5748697916666666,0.21485411140583555
254825,Move,0.5299479166666666,0.3037135278514589
254874,Move,0.4811197916666667,0.4151193633952255
254923,Move,0.4934895833333333,0.4177718832891247
255017,Move,0.5657552083333334,0.26790450928381965
255071,Move,0.5032552083333334,0.43103448275862066
255120,Move,0.5032552083333334,0.4376657824933687
255122,Move,0.5123697916666666,0.4496021220159151
255176,Move,0.5221354166666666,0.4376657824933687
255178,Move,0.6295572916666666,0.15649867374005305
255233,Move,0.5794270833333334,0.26525198938992045
255281,Move,0.5670572916666666,0.3063660477453581
255284,Move,0.5358072916666666,0.40848806366047746
255337,Move,0.5358072916666666,0.41114058355437666
255341,Move,0.5559895833333334,0.38992042440318303
255396,Move,0.6171875,0.20424403183023873
255456,Move,0.5247395833333334,0.47480106100795755
255518,Move,0.5169270833333334,0.519893899204244
255564,Move,0.5924479166666666,0.27851458885941643
255612,Move,0.609375,0.22679045092838196
255613,Move,0.625,0.16047745358090185
255664,Move,0.5657552083333334,0.3673740053050398
255711,Move,0.5592447916666666,0.40185676392572944
255760,Move,0.6139322916666666,0.22679045092838196
255810,Move,0.6315104166666666,0.16710875331564987
255857,Move,0.5748697916666666,0.38992042440318303
255904,Move,0.5735677083333334,0.39920424403183025
255906,Move,0.5690104166666666,0.4270557029177719
256022,Move,0.6360677083333334,0.27453580901856767
256023,Move,0.6419270833333334,0.2519893899204244
256086,Move,0.6061197916666666,0.3673740053050398
256137,Move,0.6048177083333334,0.3673740053050398
256140,Move,0.6328125,0.32891246684350134
256195,Move,0.6861979166666666,0.20159151193633953
256250,Move,0.6419270833333334,0.33819628647214856
256301,Move,0.6393229166666666,0.41114058355437666
256353,Move,0.7096354166666666,0.29442970822281167
256405,Move,0.7265625,0.22679045092838196
256470,Move,0.6673177083333334,0.41114058355437666
256527,Move,0.6783854166666666,0.43103448275862066
256577,Move,0.7486979166666666,0.1989389920424403
256623,Move,0.75,0.19496021220159152
256626,Move,0.7233072916666666,0.246684350132626
256676,Move,0.6875,0.41114058355437666
256725,Move,0.6907552083333334,0.4336870026525199
256797,Move,0.7408854166666666,0.29045092838196285
256842,Move,0.7408854166666666,0.28779840848806365
256925,Move,0.7408854166666666,0.2718832891246684
257025,Move,0.7311197916666666,0.2427055702917772
257025,Move,0.7096354166666666,0.22015915119363394
257100,Move,0.671875,0.1856763925729443
257152,Move,0.6484375,0.16976127320954906
257204,Move,0.6217447916666666,0.15384615384615385
257258,Move,0.5904947916666666,0.14058355437665782
257310,Move,0.5592447916666666,0.13793103448275862
257364,Move,0.5279947916666666,0.13527851458885942
257411,Move,0.5234375,0.13527851458885942
257413,Move,0.4967447916666667,0.13527851458885942
257479,Move,0.4609375,0.1312997347480106
257540,Move,0.4361979166666667,0.1312997347480106
257588,Move,0.4329427083333333,0.1312997347480106
257590,Move,0.4127604166666667,0.1246684350132626
257642,Move,0.3893229166666667,0.1246684350132626
257966,Move,0.2955729166666667,0.1220159151193634
258017,Move,0.2955729166666667,0.1246684350132626
258062,Move,0.2955729166666667,0.1286472148541114
258064,Move,0.2981770833333333,0.14721485411140584
258117,Move,0.3033854166666667,0.1883289124668435
258168,Move,0.3046875,0.23076923076923078
258220,Move,0.3059895833333333,0.26525198938992045
258272,Move,0.3092447916666667,0.29708222811671087
258324,Move,0.3092447916666667,0.32891246684350134
258377,Move,0.3111979166666667,0.37002652519893897
258457,Move,0.3111979166666667,0.4217506631299735
258518,Move,0.3111979166666667,0.44297082228116713
258567,Move,0.3203125,0.4562334217506631
258615,Move,0.3548177083333333,0.46551724137931033
258665,Move,0.3919270833333333,0.47480106100795755
258711,Move,0.3971354166666667,0.47877984084880637
258713,Move,0.4388020833333333,0.48143236074270557
258767,Move,0.4856770833333333,0.4907161803713528
258813,Move,0.4921875,0.4946949602122016
258817,Move,0.53125,0.5039787798408488
258867,Move,0.5735677083333334,0.513262599469496
258914,Move,0.6080729166666666,0.5225464190981433
258981,Move,0.6139322916666666,0.5225464190981433
259029,Move,0.6640625,0.53315649867374
259032,Move,0.6842447916666666,0.5424403183023873
259085,Move,0.6875,0.5424403183023873
259088,Move,0.7018229166666666,0.53315649867374
259143,Move,0.7063802083333334,0.519893899204244
259198,Move,0.7096354166666666,0.4973474801061008
259248,Move,0.7076822916666666,0.4562334217506631
259287,Move,0.703125,0.4151193633952255
259366,Move,0.7044270833333334,0.363395225464191
259417,Move,0.7044270833333334,0.33156498673740054
259477,Move,0.7044270833333334,0.29045092838196285
259537,Move,0.7044270833333334,0.27453580901856767
259587,Move,0.7076822916666666,0.2519893899204244
259637,Move,0.7076822916666666,0.24005305039787797
259704,Move,0.7096354166666666,0.22413793103448276
259755,Move,0.7109375,0.21750663129973474
259802,Move,0.7109375,0.20822281167108753
259847,Move,0.7141927083333334,0.20159151193633953
259919,Move,0.7141927083333334,0.1989389920424403
259921,Move,0.7154947916666666,0.19496021220159152
260033,Move,0.7200520833333334,0.1989389920424403
260040,Move,0.7434895833333334,0.27453580901856767
260061,Move,0.7467447916666666,0.29045092838196285
260113,Move,0.7532552083333334,0.33819628647214856
260165,Move,0.7532552083333334,0.3448275862068966
260167,Move,0.7578125,0.40583554376657827
260221,Move,0.7591145833333334,0.4588859416445623
260274,Move,0.7591145833333334,0.4946949602122016
260325,Move,0.7591145833333334,0.5039787798408488
260379,Move,0.7565104166666666,0.5039787798408488
260431,Move,0.7376302083333334,0.5013262599469496
260495,Move,0.6920572916666666,0.4880636604774536
260555,Move,0.6842447916666666,0.4854111405835544
260557,Move,0.6217447916666666,0.47480106100795755
260608,Move,0.5638020833333334,0.4588859416445623
260657,Move,0.5065104166666666,0.4496021220159151
260726,Move,0.4986979166666667,0.4496021220159151
260728,Move,0.4231770833333333,0.4336870026525199
260777,Move,0.3626302083333333,0.43103448275862066
260847,Move,0.3033854166666667,0.4244031830238727
260895,Move,0.2734375,0.4244031830238727
261009,Move,0.2532552083333333,0.4244031830238727
261010,Move,0.25,0.4244031830238727
261223,Move,0.25,0.4177718832891247
261231,Move,0.2513020833333333,0.4151193633952255
261238,Move,0.2532552083333333,0.40583554376657827
261245,Move,0.2545572916666667,0.3952254641909814
261263,Move,0.2578125,0.376657824933687
261276,Move,0.2591145833333333,0.36074270557029176
261368,Move,0.2591145833333333,0.3541114058355438
261369,Move,0.2610677083333333,0.2718832891246684
261425,Move,0.2591145833333333,0.23342175066312998
261486,Move,0.2591145833333333,0.23076923076923078
261540,Move,0.2578125,0.23076923076923078
261587,Move,0.2578125,0.23342175066312998
261636,Move,0.2545572916666667,0.26525198938992045
261684,Move,0.2545572916666667,0.3103448275862069
261732,Move,0.2565104166666667,0.3793103448275862
261780,Move,0.2591145833333333,0.4336870026525199
261830,Move,0.2591145833333333,0.4854111405835544
261879,Move,0.2591145833333333,0.5172413793103449
261927,Move,0.2591145833333333,0.5225464190981433
262046,Move,0.2591145833333333,0.5291777188328912
262230,Move,0.2623697916666667,0.5265251989389921
262236,Move,0.265625,0.5265251989389921
262244,Move,0.2701822916666667,0.5225464190981433
262266,Move,0.2825520833333333,0.5225464190981433
262353,Move,0.2890625,0.5225464190981433
262356,Move,0.3561197916666667,0.5265251989389921
262409,Move,0.3951822916666667,0.5291777188328912
262467,Move,0.4029947916666667,0.5291777188328912
262469,Move,0.4518229166666667,0.5291777188328912
262529,Move,0.5013020833333334,0.5225464190981433
262578,Move,0.5403645833333334,0.519893899204244
262628,Move,0.5735677083333334,0.5106100795755968
262678,Move,0.6080729166666666,0.506631299734748
262724,Move,0.6126302083333334,0.506631299734748
262725,Move,0.640625,0.5039787798408488
262812,Move,0.6686197916666666,0.5039787798408488
262919,Move,0.6705729166666666,0.5039787798408488
263013,Move,0.6705729166666666,0.4973474801061008
263013,Move,0.671875,0.47480106100795755
263070,Move,0.671875,0.3952254641909814
263124,Move,0.671875,0.33156498673740054
263176,Move,0.6731770833333334,0.2838196286472148
263227,Move,0.6731770833333334,0.27851458885941643
263364,Move,0.6705729166666666,0.27851458885941643
263376,Move,0.6627604166666666,0.2718832891246684
263390,Move,0.6549479166666666,0.2718832891246684
263405,Move,0.6419270833333334,0.26525198938992045
263466,Move,0.5716145833333334,0.2519893899204244
263528,Move,0.4622395833333333,0.2427055702917772
263576,Move,0.375,0.246684350132626
263637,Move,0.2799479166666667,0.25596816976127323
263695,Move,0.21549479166666666,0.25596816976127323
264082,Move,0.20638020833333334,0.27851458885941643
264096,Move,0.2109375,0.27851458885941643
264111,Move,0.21744791666666666,0.28116710875331563
264118,Move,0.22005208333333334,0.28116710875331563
264172,Move,0.22526041666666666,0.28116710875331563
264173,Move,0.23763020833333334,0.2838196286472148
264227,Move,0.2545572916666667,0.29442970822281167
264281,Move,0.2623697916666667,0.3037135278514589
264330,Move,0.2669270833333333,0.33156498673740054
264379,Move,0.2669270833333333,0.33819628647214856
264384,Move,0.2688802083333333,0.3925729442970822
264434,Move,0.2688802083333333,0.3952254641909814
264439,Move,0.2701822916666667,0.4496021220159151
264506,Move,0.2734375,0.47214854111405835
264561,Move,0.2734375,0.47877984084880637
264607,Move,0.2747395833333333,0.47877984084880637
264608,Move,0.2877604166666667,0.47214854111405835
264663,Move,0.3157552083333333,0.4496021220159151
264712,Move,0.3203125,0.4496021220159151
264714,Move,0.3450520833333333,0.4151193633952255
264764,Move,0.3658854166666667,0.37002652519893897
264825,Move,0.3671875,0.36074270557029176
264828,Move,0.3763020833333333,0.3103448275862069
264882,Move,0.3828125,0.28116710875331563
264930,Move,0.3841145833333333,0.27851458885941643
264932,Move,0.4029947916666667,0.26525198938992045
265031,Move,0.4440104166666667,0.2718832891246684
265031,Move,0.4954427083333333,0.29442970822281167
265090,Move,0.5358072916666666,0.3037135278514589
265143,Move,0.5768229166666666,0.3037135278514589
265196,Move,0.6015625,0.29973474801061006
265248,Move,0.6217447916666666,0.29708222811671087
265300,Move,0.6263020833333334,0.29708222811671087
265481,Move,0.6217447916666666,0.3129973474801061
265542,Move,0.5983072916666666,0.3859416445623342
265591,Move,0.5625,0.4562334217506631
265639,Move,0.515625,0.4880636604774536
265685,Move,0.5078125,0.4907161803713528
265687,Move,0.4544270833333333,0.4946949602122016
265737,Move,0.3971354166666667,0.4880636604774536
265786,Move,0.3502604166666667,0.4880636604774536
265868,Move,0.3404947916666667,0.4880636604774536
265870,Move,0.2877604166666667,0.4854111405835544
265930,Move,0.2799479166666667,0.4854111405835544
266023,Move,0.2779947916666667,0.4854111405835544
266023,Move,0.2877604166666667,0.46286472148541113
266104,Move,0.3548177083333333,0.33554376657824936
266157,Move,0.3919270833333333,0.24005305039787797
266209,Move,0.4075520833333333,0.20159151193633953
266261,Move,0.4140625,0.19496021220159152
266315,Move,0.4205729166666667,0.1989389920424403
266365,Move,0.421875,0.1989389920424403
266367,Move,0.4329427083333333,0.22015915119363394
266419,Move,0.4361979166666667,0.23076923076923078
266422,Move,0.4720052083333333,0.3793103448275862
266491,Move,0.5032552083333334,0.5610079575596817
266548,Move,0.5045572916666666,0.5649867374005305
266550,Move,0.5045572916666666,0.5769230769230769
266646,Move,0.5078125,0.5490716180371353
266696,Move,0.5247395833333334,0.4336870026525199
266745,Move,0.5266927083333334,0.4151193633952255
266749,Move,0.5403645833333334,0.3541114058355438
266834,Move,0.5436197916666666,0.3448275862068966
266838,Move,0.5625,0.29708222811671087
266942,Move,0.5670572916666666,0.3222811671087533
267037,Move,0.5794270833333334,0.4151193633952255
267037,Move,0.5846354166666666,0.47214854111405835
267094,Move,0.5846354166666666,0.47480106100795755
267148,Move,0.5891927083333334,0.4496021220159151
267201,Move,0.59375,0.3222811671087533
267252,Move,0.5970052083333334,0.25596816976127323
267302,Move,0.5970052083333334,0.246684350132626
267354,Move,0.5970052083333334,0.2493368700265252
267421,Move,0.6263020833333334,0.376657824933687
267490,Move,0.6341145833333334,0.4588859416445623
267543,Move,0.6341145833333334,0.46286472148541113
267595,Move,0.6282552083333334,0.3448275862068966
267645,Move,0.6217447916666666,0.23076923076923078
267693,Move,0.6217447916666666,0.21750663129973474
267743,Move,0.6315104166666666,0.2427055702917772
267790,Move,0.6809895833333334,0.4376657824933687
267847,Move,0.6998697916666666,0.5384615384615384
267847,Move,0.6998697916666666,0.5424403183023873
267894,Move,0.6998697916666666,0.5450928381962865
267945,Move,0.6751302083333334,0.3740053050397878
268061,Move,0.6529947916666666,0.246684350132626
268130,Move,0.6940104166666666,0.4880636604774536
268179,Move,0.6953125,0.4907161803713528
268181,Move,0.6940104166666666,0.4973474801061008
268234,Move,0.6940104166666666,0.4946949602122016
268238,Move,0.609375,0.21087533156498675
268290,Move,0.5794270833333334,0.13527851458885942
268341,Move,0.6002604166666666,0.2625994694960212
268393,Move,0.625,0.4177718832891247
268451,Move,0.6217447916666666,0.4177718832891247
268515,Move,0.5299479166666666,0.13527851458885942
268563,Move,0.5266927083333334,0.13527851458885942
268613,Move,0.5872395833333334,0.40583554376657827
268664,Move,0.6002604166666666,0.47214854111405835
268718,Move,0.546875,0.29973474801061006
268768,Move,0.5279947916666666,0.23607427055702918
268770,Move,0.4908854166666667,0.13793103448275862
268823,Move,0.5279947916666666,0.27851458885941643
268868,Move,0.5390625,0.3196286472148541
268872,Move,0.5768229166666666,0.46949602122015915
268922,Move,0.5735677083333334,0.47214854111405835
269016,Move,0.4830729166666667,0.246684350132626
269016,Move,0.46875,0.22015915119363394
269076,Move,0.5390625,0.4973474801061008
269130,Move,0.5436197916666666,0.5291777188328912
269182,Move,0.4720052083333333,0.3421750663129973
269233,Move,0.4596354166666667,0.3156498673740053
269288,Move,0.4856770833333333,0.46286472148541113
269343,Move,0.4876302083333333,0.4907161803713528
269397,Move,0.4498697916666667,0.4403183023872679
269454,Move,0.40625,0.3925729442970822
269519,Move,0.4016927083333333,0.3859416445623342
269521,Move,0.3763020833333333,0.3859416445623342
269572,Move,0.3893229166666667,0.4376657824933687
269620,Move,0.4016927083333333,0.4535809018567639
269623,Move,0.5013020833333334,0.5106100795755968
269671,Move,0.5123697916666666,0.5106100795755968
269675,Move,0.5579427083333334,0.4336870026525199
269723,Move,0.5592447916666666,0.40848806366047746
269728,Move,0.5345052083333334,0.28779840848806365
269779,Move,0.5279947916666666,0.27851458885941643
269782,Move,0.4752604166666667,0.23342175066312998
269836,Move,0.4329427083333333,0.246684350132626
269882,Move,0.4309895833333333,0.246684350132626
269884,Move,0.4251302083333333,0.23607427055702918
269936,Move,0.4596354166666667,0.17639257294429708
270030,Move,0.5377604166666666,0.20822281167108753
270031,Move,0.5670572916666666,0.363395225464191
270091,Move,0.4986979166666667,0.5490716180371353
270143,Move,0.4440104166666667,0.513262599469496
270196,Move,0.4811197916666667,0.3448275862068966
270245,Move,0.5045572916666666,0.32625994694960214
270247,Move,0.578125,0.3448275862068966
270299,Move,0.5813802083333334,0.35145888594164454
270303,Move,0.5690104166666666,0.43103448275862066
270359,Move,0.4453125,0.43103448275862066
270411,Move,0.4329427083333333,0.4217506631299735
270413,Move,0.4205729166666667,0.3793103448275862
270482,Move,0.6282552083333334,0.27851458885941643
270535,Move,0.6315104166666666,0.28116710875331563
270537,Move,0.6315104166666666,0.32625994694960214
270588,Move,0.4934895833333333,0.4244031830238727
270634,Move,0.4153645833333333,0.3793103448275862
270680,Move,0.4205729166666667,0.28779840848806365
270729,Move,0.4375,0.2625994694960212
270730,Move,0.5403645833333334,0.23342175066312998
270784,Move,0.5546875,0.3859416445623342
270830,Move,0.5481770833333334,0.40583554376657827
270833,Move,0.4654947916666667,0.5013262599469496
270885,Move,0.3763020833333333,0.4562334217506631
270934,Move,0.3919270833333333,0.27453580901856767
271030,Move,0.5299479166666666,0.2427055702917772
271030,Move,0.5514322916666666,0.3448275862068966
271091,Move,0.4576822916666667,0.48143236074270557
271144,Move,0.3938802083333333,0.4403183023872679
271194,Move,0.3893229166666667,0.4270557029177719
271197,Move,0.453125,0.21087533156498675
271254,Move,0.5266927083333334,0.23076923076923078
271303,Move,0.5299479166666666,0.27453580901856767
271306,Move,0.484375,0.5265251989389921
271358,Move,0.4733072916666667,0.5450928381962865
271363,Move,0.3893229166666667,0.5862068965517241
271418,Move,0.3684895833333333,0.35809018567639256
271508,Move,0.5123697916666666,0.3859416445623342
271571,Move,0.4283854166666667,0.5676392572944297
271619,Move,0.3795572916666667,0.5225464190981433
271668,Move,0.4329427083333333,0.33819628647214856
271719,Move,0.5247395833333334,0.3129973474801061
271764,Move,0.5299479166666666,0.3196286472148541
271765,Move,0.5201822916666666,0.47480106100795755
271818,Move,0.4388020833333333,0.5610079575596817
271866,Move,0.3736979166666667,0.4562334217506631
271915,Move,0.4016927083333333,0.24005305039787797
272032,Move,0.4641927083333333,0.1883289124668435
272032,Move,0.5299479166666666,0.35809018567639256
272087,Move,0.5299479166666666,0.3793103448275862
272091,Move,0.4765625,0.5265251989389921
272143,Move,0.4622395833333333,0.5424403183023873
272147,Move,0.375,0.5291777188328912
272203,Move,0.3372395833333333,0.4535809018567639
272253,Move,0.3359375,0.44297082228116713
272255,Move,0.4075520833333333,0.28779840848806365
272309,Move,0.5065104166666666,0.24005305039787797
272361,Move,0.5403645833333334,0.29708222811671087
272434,Move,0.4798177083333333,0.53315649867374
272504,Move,0.3893229166666667,0.4973474801061008
272552,Move,0.3717447916666667,0.3222811671087533
272600,Move,0.4498697916666667,0.16047745358090185
272649,Move,0.5299479166666666,0.1724137931034483
272698,Move,0.5638020833333334,0.4376657824933687
272747,Move,0.5065104166666666,0.596816976127321
272797,Move,0.4420572916666667,0.5862068965517241
272845,Move,0.4251302083333333,0.5676392572944297
272854,Move,0.3828125,0.3925729442970822
272907,Move,0.4563802083333333,0.27851458885941643
272954,Move,0.4765625,0.27851458885941643
273004,Move,0.5638020833333334,0.33819628647214856
273006,Move,0.5846354166666666,0.40185676392572944
273061,Move,0.53125,0.4854111405835544
273116,Move,0.5143229166666666,0.4946949602122016
273118,Move,0.40625,0.4880636604774536
273173,Move,0.3736979166666667,0.46949602122015915
273223,Move,0.3717447916666667,0.46551724137931033
273225,Move,0.375,0.3925729442970822
273280,Move,0.4049479166666667,0.3129973474801061
273355,Move,0.4908854166666667,0.29045092838196285
273405,Move,0.5247395833333334,0.3421750663129973
273461,Move,0.5188802083333334,0.41114058355437666
273525,Move,0.3971354166666667,0.4946949602122016
273570,Move,0.3860677083333333,0.4907161803713528
273573,Move,0.3313802083333333,0.4496021220159151
273622,Move,0.3138020833333333,0.3740053050397878
273669,Move,0.3157552083333333,0.35809018567639256
273670,Move,0.3639322916666667,0.20822281167108753
273722,Move,0.4440104166666667,0.1724137931034483
273773,Move,0.4576822916666667,0.1856763925729443
273776,Move,0.5065104166666666,0.33156498673740054
273827,Move,0.4876302083333333,0.519893899204244
273913,Move,0.484375,0.5265251989389921
273915,Move,0.3736979166666667,0.4946949602122016
274027,Move,0.3639322916666667,0.23607427055702918
274027,Move,0.3938802083333333,0.14721485411140584
274085,Move,0.4544270833333333,0.1883289124668435
274137,Move,0.4654947916666667,0.3925729442970822
274190,Move,0.3984375,0.5543766578249337
274241,Move,0.3294270833333333,0.5517241379310345
274294,Move,0.296875,0.4244031830238727
274347,Move,0.328125,0.2718832891246684
274396,Move,0.3313802083333333,0.2625994694960212
274397,Move,0.3815104166666667,0.25596816976127323
274486,Move,0.4173177083333333,0.596816976127321
274552,Move,0.3502604166666667,0.6127320954907162
274599,Move,0.328125,0.5106100795755968
274651,Move,0.359375,0.3952254641909814
274696,Move,0.3717447916666667,0.376657824933687
274698,Move,0.4264322916666667,0.32625994694960214
274748,Move,0.4485677083333333,0.4177718832891247
274798,Move,0.4029947916666667,0.5490716180371353
274847,Move,0.3606770833333333,0.5610079575596817
274896,Move,0.3548177083333333,0.5583554376657824
274898,Move,0.3294270833333333,0.47480106100795755
274947,Move,0.3294270833333333,0.4496021220159151
274951,Move,0.3483072916666667,0.29442970822281167
275002,Move,0.3528645833333333,0.27453580901856767
275007,Move,0.3684895833333333,0.22015915119363394
275068,Move,0.3795572916666667,0.21087533156498675
275120,Move,0.3860677083333333,0.21750663129973474
275171,Move,0.3815104166666667,0.25596816976127323
275223,Move,0.3483072916666667,0.32625994694960214
275276,Move,0.2981770833333333,0.3673740053050398
275329,Move,0.2734375,0.35809018567639256
275382,Move,0.265625,0.28779840848806365
275459,Move,0.2747395833333333,0.19230769230769232
275523,Move,0.2747395833333333,0.16976127320954906
275573,Move,0.2747395833333333,0.16710875331564987
275574,Move,0.2747395833333333,0.16047745358090185
275670,Move,0.2734375,0.16047745358090185
275718,Move,0.2688802083333333,0.1830238726790451
275790,Move,0.2799479166666667,0.3541114058355438
275837,Move,0.2858072916666667,0.47214854111405835
275884,Move,0.2845052083333333,0.5358090185676393
275934,Move,0.2845052083333333,0.5610079575596817
276028,Move,0.2825520833333333,0.5676392572944297
276028,Move,0.2825520833333333,0.5702917771883289
276083,Move,0.3079427083333333,0.5676392572944297
276134,Move,0.3626302083333333,0.5490716180371353
276185,Move,0.4309895833333333,0.53315649867374
276235,Move,0.4921875,0.5291777188328912
276287,Move,0.5013020833333334,0.53315649867374
276288,Move,0.578125,0.5583554376657824
276345,Move,0.640625,0.583554376657825
276395,Move,0.6627604166666666,0.5928381962864722
276455,Move,0.6653645833333334,0.5928381962864722
276515,Move,0.671875,0.583554376657825
276561,Move,0.6731770833333334,0.5809018567639257
276564,Move,0.6907552083333334,0.5450928381962865
276619,Move,0.7154947916666666,0.3673740053050398
276664,Move,0.7174479166666666,0.34748010610079577
276667,Move,0.7220052083333334,0.25596816976127323
276718,Move,0.7252604166666666,0.19230769230769232
276782,Move,0.7252604166666666,0.17904509283819628
276924,Move,0.7233072916666666,0.17904509283819628
277013,Move,0.703125,0.16312997347480107
277014,Move,0.6438802083333334,0.1220159151193634
277098,Move,0.453125,0.16047745358090185
277171,Move,0.3671875,0.16312997347480107
277220,Move,0.3528645833333333,0.16312997347480107
277267,Move,0.3502604166666667,0.16312997347480107
277270,Move,0.3470052083333333,0.16312997347480107
277324,Move,0.3424479166666667,0.1883289124668435
277374,Move,0.3404947916666667,0.1989389920424403
277378,Move,0.3326822916666667,0.2838196286472148
277433,Move,0.3313802083333333,0.35809018567639256
277500,Move,0.3313802083333333,0.3740053050397878
277549,Move,0.375,0.3541114058355438
277598,Move,0.5032552083333334,0.2838196286472148
277648,Move,0.6126302083333334,0.24005305039787797
277694,Move,0.6282552083333334,0.23607427055702918
277697,Move,0.6653645833333334,0.22413793103448276
277776,Move,0.6829427083333334,0.21750663129973474
277837,Move,0.6861979166666666,0.23076923076923078
277886,Move,0.6907552083333334,0.3103448275862069
277933,Move,0.6861979166666666,0.4244031830238727
277980,Move,0.6842447916666666,0.4376657824933687
278030,Move,0.6809895833333334,0.47877984084880637
278032,Move,0.6809895833333334,0.4854111405835544
278090,Move,0.6796875,0.4854111405835544
278140,Move,0.6783854166666666,0.48143236074270557
278143,Move,0.5846354166666666,0.4244031830238727
278213,Move,0.4186197916666667,0.4562334217506631
278267,Move,0.40625,0.4588859416445623
278269,Move,0.359375,0.46551724137931033
278322,Move,0.34375,0.46949602122015915
278373,Move,0.3294270833333333,0.4496021220159151
278425,Move,0.3216145833333333,0.383289124668435
278493,Move,0.3424479166666667,0.22413793103448276
278547,Move,0.3450520833333333,0.20424403183023873
278549,Move,0.3717447916666667,0.14456233421750664
278601,Move,0.4329427083333333,0.15649867374005305
278649,Move,0.5221354166666666,0.21485411140583555
278697,Move,0.6080729166666666,0.24005305039787797
278748,Move,0.65625,0.246684350132626
278819,Move,0.6705729166666666,0.2519893899204244
278991,Move,0.6705729166666666,0.25596816976127323
278999,Move,0.6731770833333334,0.3196286472148541
279014,Move,0.6751302083333334,0.35145888594164454
279025,Move,0.6751302083333334,0.3673740053050398
279030,Move,0.6731770833333334,0.383289124668435
279124,Move,0.6686197916666666,0.5106100795755968
279186,Move,0.6686197916666666,0.5172413793103449
279283,Move,0.6731770833333334,0.44297082228116713
279360,Move,0.6783854166666666,0.25862068965517243
279410,Move,0.6796875,0.2493368700265252
279412,Move,0.6809895833333334,0.22015915119363394
279526,Move,0.6907552083333334,0.2519893899204244
279580,Move,0.7154947916666666,0.3740053050397878
279628,Move,0.7174479166666666,0.38992042440318303
279630,Move,0.7220052083333334,0.4588859416445623
279684,Move,0.7233072916666666,0.48143236074270557
279731,Move,0.7233072916666666,0.4854111405835544
279781,Move,0.7252604166666666,0.4244031830238727
279828,Move,0.7252604166666666,0.3421750663129973
279880,Move,0.71875,0.27453580901856767
279928,Move,0.7154947916666666,0.2625994694960212
280024,Move,0.7109375,0.2625994694960212
280024,Move,0.6796875,0.29442970822281167
280078,Move,0.6549479166666666,0.32891246684350134
280132,Move,0.6419270833333334,0.35809018567639256
280182,Move,0.6419270833333334,0.36074270557029176
280184,Move,0.6393229166666666,0.3673740053050398
280238,Move,0.6328125,0.3421750663129973
280289,Move,0.625,0.27453580901856767
280342,Move,0.625,0.2493368700265252
280442,Move,0.6139322916666666,0.29708222811671087
280511,Move,0.6048177083333334,0.35809018567639256
280566,Move,0.6048177083333334,0.36074270557029176
280655,Released,0.6048177083333334,0.36074270557029176
283595,Released,0.4811197916666667,0.6379310344827587