resolution:1536,864
579734.9000000022,Pressed,0.2727864583333333,0.27546296296296297
579889,Move,0.2649739583333333,0.2777777777777778
579896.6000000015,Move,0.25390625,0.2835648148148148
579904.1000000015,Move,0.24674479166666666,0.29050925925925924
579911.4000000022,Move,0.24153645833333334,0.2974537037037037
579918.4000000022,Move,0.23763020833333334,0.3055555555555556
579926.4000000022,Move,0.23372395833333334,0.31828703703703703
579933.4000000022,Move,0.23111979166666666,0.3449074074074074
579941.3000000007,Move,0.23177083333333334,0.3645833333333333
579948.3000000007,Move,0.236328125,0.3993055555555556
579955.4000000022,Move,0.24934895833333334,0.44560185185185186
579963.5,Move,0.2610677083333333,0.4710648148148148
579970.4000000022,Move,0.2766927083333333,0.4988425925925926
579978.4000000022,Move,0.2962239583333333,0.5277777777777778
579984.9000000022,Move,0.3157552083333333,0.5520833333333334
579992.9000000022,Move,0.3450520833333333,0.5752314814814815
580000,Move,0.365234375,0.5902777777777778
580036.3000000007,Move,0.421875,0.5925925925925926
580044.1999999993,Move,0.4251302083333333,0.5844907407407407
580051,Move,0.4309895833333333,0.5682870370370371
580058.8000000007,Move,0.4368489583333333,0.5196759259259259
580065.5,Move,0.4348958333333333,0.47453703703703703
580072.9000000022,Move,0.4283854166666667,0.41898148148148145
580080.8000000007,Move,0.4140625,0.3761574074074074
580087.8000000007,Move,0.3997395833333333,0.34837962962962965
580096.3000000007,Move,0.3828125,0.31828703703703703
580102.3000000007,Move,0.3580729166666667,0.28703703703703703
580110.4000000022,Move,0.3424479166666667,0.27314814814814814
580117.4000000022,Move,0.3248697916666667,0.2638888888888889
580125,Move,0.3079427083333333,0.25810185185185186
580132.9000000022,Move,0.298828125,0.25810185185185186
580139.4000000022,Move,0.2903645833333333,0.26273148148148145
580148,Move,0.283203125,0.26967592592592593
580154.6000000015,Move,0.27734375,0.2789351851851852
580162.4000000022,Move,0.271484375,0.29050925925925924
580169,Move,0.2643229166666667,0.3159722222222222
580176.9000000022,Move,0.2610677083333333,0.34953703703703703
580183.9000000022,Move,0.2630208333333333,0.3854166666666667
580191.6000000015,Move,0.271484375,0.43287037037037035
580199.1000000015,Move,0.2799479166666667,0.4664351851851852
580206,Move,0.2955729166666667,0.5034722222222222
580213.9000000022,Move,0.3079427083333333,0.5300925925925926
580220.9000000022,Move,0.3248697916666667,0.5532407407407407
580228.1999999993,Move,0.34375,0.5729166666666666
580235,Move,0.3639322916666667,0.5868055555555556
580243.3000000007,Move,0.3776041666666667,0.5925925925925926
580250.5,Move,0.392578125,0.5960648148148148
580257.6000000015,Move,0.404296875,0.59375
580265,Move,0.412109375,0.5879629629629629
580271.6999999993,Move,0.4186197916666667,0.5775462962962963
580280.1000000015,Move,0.4270833333333333,0.5613425925925926
580286.8000000007,Move,0.435546875,0.5289351851851852
580294.6999999993,Move,0.443359375,0.4756944444444444
580301.8000000007,Move,0.443359375,0.4375
580309.5,Move,0.4388020833333333,0.3854166666666667
580316.4000000022,Move,0.4296875,0.34953703703703703
580323.6000000015,Move,0.4166666666666667,0.32060185185185186
580331.3000000007,Move,0.3997395833333333,0.2951388888888889
580338.3000000007,Move,0.3717447916666667,0.25810185185185186
580346.4000000022,Move,0.3444010416666667,0.2361111111111111
580352.6000000015,Move,0.302734375,0.2222222222222222
580360.8000000007,Move,0.275390625,0.2199074074074074
580367.5,Move,0.24544270833333334,0.22337962962962962
580375.8000000007,Move,0.22526041666666666,0.23726851851851852
580382.8000000007,Move,0.205078125,0.2534722222222222
580389.5,Move,0.19075520833333334,0.27199074074074076
580397.5,Move,0.18294270833333334,0.28587962962962965
580404.6999999993,Move,0.17513020833333334,0.3159722222222222
580412.1999999993,Move,0.17252604166666666,0.33449074074074076
580419,Move,0.17317708333333334,0.36342592592592593
580427.1000000015,Move,0.1796875,0.3958333333333333
580433.8000000007,Move,0.189453125,0.4212962962962963
580441.8000000007,Move,0.20768229166666666,0.44560185185185186
580448.5,Move,0.23177083333333334,0.46875
580455.4000000022,Move,0.2578125,0.49074074074074076
580463.9000000022,Move,0.2819010416666667,0.5034722222222222
580470.5,Move,0.30078125,0.5069444444444444
580478.5,Move,0.3209635416666667,0.5057870370370371
580485.1000000015,Move,0.3359375,0.5
580493.1000000015,Move,0.34765625,0.49074074074074076
580499.9000000022,Move,0.357421875,0.47685185185185186
580507.6000000015,Move,0.3665364583333333,0.4548611111111111
580515.5,Move,0.3736979166666667,0.4305555555555556
580521.8000000007,Move,0.3756510416666667,0.3912037037037037
580529.9000000022,Move,0.373046875,0.35185185185185186
580536.5,Move,0.365234375,0.3194444444444444
580544.3000000007,Move,0.3515625,0.28703703703703703
580551.1000000015,Move,0.3313802083333333,0.25810185185185186
580559.6999999993,Move,0.3040364583333333,0.22916666666666666
580565.9000000022,Move,0.2734375,0.20833333333333334
580573.1000000015,Move,0.2545572916666667,0.2013888888888889
580581.1000000015,Move,0.232421875,0.19907407407407407
580588.1000000015,Move,0.22135416666666666,0.2013888888888889
580595.3000000007,Move,0.21419270833333334,0.20717592592592593
580602.8000000007,Move,0.208984375,0.21296296296296297
580617.4000000022,Move,0.20247395833333334,0.2337962962962963
580624.1000000015,Move,0.201171875,0.26273148148148145
580631.8000000007,Move,0.20638020833333334,0.29976851851851855
580639,Move,0.21940104166666666,0.33449074074074076
580646.3000000007,Move,0.23828125,0.38425925925925924
580654,Move,0.263671875,0.4224537037037037
580668.9000000022,Move,0.3209635416666667,0.4849537037037037
580675.8000000007,Move,0.3470052083333333,0.5057870370370371
580684.1999999993,Move,0.36328125,0.5173611111111112
580690.9000000022,Move,0.3782552083333333,0.5196759259259259
580698.5,Move,0.3873697916666667,0.5196759259259259
580705.6000000015,Move,0.39453125,0.5185185185185185
580712.8000000007,Move,0.3984375,0.5138888888888888
580720.5,Move,0.4029947916666667,0.5057870370370371
580728,Move,0.4088541666666667,0.4675925925925926
580735.1000000015,Move,0.4108072916666667,0.4224537037037037
580742.1000000015,Move,0.40234375,0.36342592592592593
580750.1000000015,Move,0.3880208333333333,0.32523148148148145
580757,Move,0.3704427083333333,0.28935185185185186
580764.6000000015,Move,0.34375,0.25578703703703703
580771.6000000015,Move,0.322265625,0.23032407407407407
580778.8000000007,Move,0.2975260416666667,0.21875
580786.5,Move,0.2799479166666667,0.21643518518518517
580793.6999999993,Move,0.2708333333333333,0.2199074074074074
580801.4000000022,Move,0.2649739583333333,0.22453703703703703
580808.3000000007,Move,0.2584635416666667,0.2337962962962963
580815.6999999993,Move,0.25390625,0.24537037037037038
580823.1000000015,Move,0.24739583333333334,0.27546296296296297
580830.6000000015,Move,0.24609375,0.30787037037037035
580837.8000000007,Move,0.2506510416666667,0.35648148148148145
580845.1000000015,Move,0.2604166666666667,0.4039351851851852
580852.8000000007,Move,0.2766927083333333,0.4537037037037037
580859.9000000022,Move,0.2975260416666667,0.5081018518518519
580866.8000000007,Move,0.31640625,0.5381944444444444
580874.6000000015,Move,0.341796875,0.5763888888888888
580933.9000000022,Move,0.4322916666666667,0.5266203703703703
580940.6000000015,Move,0.4368489583333333,0.41087962962962965
580948.4000000022,Move,0.431640625,0.33101851851851855
580955.1999999993,Move,0.41796875,0.25578703703703703
580963.1000000015,Move,0.3958333333333333,0.1875
580970.3000000007,Move,0.376953125,0.1400462962962963
580977.1999999993,Move,0.35546875,0.1099537037037037
581043.6000000015,Move,0.2109375,0.1284722222222222
581051.3000000007,Move,0.20768229166666666,0.16782407407407407
581058.3000000007,Move,0.20768229166666666,0.21412037037037038
581065.9000000022,Move,0.208984375,0.24421296296296297
581072.9000000022,Move,0.220703125,0.2951388888888889
581080.5,Move,0.23111979166666666,0.3263888888888889
581088.1000000015,Move,0.24348958333333334,0.3576388888888889
581095.1000000015,Move,0.2643229166666667,0.3923611111111111
581103.1000000015,Move,0.2825520833333333,0.4236111111111111
581110.1000000015,Move,0.3040364583333333,0.44560185185185186
581117.5,Move,0.3235677083333333,0.45949074074074076
581124.6000000015,Move,0.3372395833333333,0.4652777777777778
581132.1999999993,Move,0.3470052083333333,0.4664351851851852
581139.8000000007,Move,0.3548177083333333,0.46412037037037035
581146.9000000022,Move,0.3619791666666667,0.45601851851851855
581154.1999999993,Move,0.3678385416666667,0.4444444444444444
581161.9000000022,Move,0.3743489583333333,0.42476851851851855
581169.8000000007,Move,0.376953125,0.3888888888888889
581176.1000000015,Move,0.3736979166666667,0.35300925925925924
581184.1000000015,Move,0.3671875,0.33217592592592593
581191.6000000015,Move,0.3600260416666667,0.3148148148148148
581198.5,Move,0.3463541666666667,0.2951388888888889
581205.1000000015,Move,0.3274739583333333,0.27662037037037035
581212.5,Move,0.3111979166666667,0.2662037037037037
581221.3000000007,Move,0.2897135416666667,0.26273148148148145
581227.9000000022,Move,0.2760416666666667,0.2650462962962963
581235.3000000007,Move,0.2662760416666667,0.27199074074074076
581242.6999999993,Move,0.2578125,0.2800925925925926
581249.6000000015,Move,0.2513020833333333,0.2881944444444444
581257.1000000015,Move,0.24674479166666666,0.29976851851851855
581264.3000000007,Move,0.24153645833333334,0.31828703703703703
581272,Move,0.24088541666666666,0.3414351851851852
581279.9000000022,Move,0.244140625,0.3726851851851852
581286.1999999993,Move,0.2526041666666667,0.41087962962962965
581293.5,Move,0.2630208333333333,0.4398148148148148
581301.1000000015,Move,0.2786458333333333,0.46875
581308.6000000015,Move,0.2994791666666667,0.5034722222222222
581315.8000000007,Move,0.3190104166666667,0.5300925925925926
581322.8000000007,Move,0.33984375,0.5509259259259259
581330.3000000007,Move,0.3528645833333333,0.5613425925925926
581337.6999999993,Move,0.36328125,0.5648148148148148
581345,Move,0.3717447916666667,0.5648148148148148
581352.4000000022,Move,0.3795572916666667,0.5636574074074074
581359.9000000022,Move,0.3860677083333333,0.5520833333333334
581366.8000000007,Move,0.3938802083333333,0.5324074074074074
581374.5,Move,0.408203125,0.4479166666666667
581381.5,Move,0.4095052083333333,0.3912037037037037
581388.9000000022,Move,0.4029947916666667,0.32407407407407407
581396.3000000007,Move,0.390625,0.27199074074074076
581403.9000000022,Move,0.37109375,0.21875
581411.3000000007,Move,0.3541666666666667,0.1909722222222222
581418.4000000022,Move,0.326171875,0.1574074074074074
581425.8000000007,Move,0.3001302083333333,0.13541666666666666
581433.4000000022,Move,0.2760416666666667,0.125
581440.5,Move,0.2610677083333333,0.12384259259259259
581448.3000000007,Move,0.25,0.12384259259259259
581455.1999999993,Move,0.24088541666666666,0.1284722222222222
581462.3000000007,Move,0.23567708333333334,0.13425925925925927
581469.8000000007,Move,0.23046875,0.14351851851851852
581477.3000000007,Move,0.2265625,0.16435185185185186
581485.5,Move,0.224609375,0.1840277777777778
581492,Move,0.22786458333333334,0.22453703703703703
581499.6000000015,Move,0.23697916666666666,0.26273148148148145
581506.6999999993,Move,0.24934895833333334,0.3055555555555556
581514.6999999993,Move,0.2649739583333333,0.3460648148148148
581521.6000000015,Move,0.2799479166666667,0.3738425925925926
581529.3000000007,Move,0.294921875,0.3993055555555556
581536.6999999993,Move,0.318359375,0.42476851851851855
581543.3000000007,Move,0.3365885416666667,0.44212962962962965
581551.8000000007,Move,0.349609375,0.45023148148148145
581557.9000000022,Move,0.3600260416666667,0.4548611111111111
581565.6999999993,Move,0.3723958333333333,0.45023148148148145
581572.6000000015,Move,0.3802083333333333,0.44560185185185186
581580.4000000022,Move,0.3860677083333333,0.4340277777777778
581587.9000000022,Move,0.3977864583333333,0.38310185185185186
581595.1999999993,Move,0.4016927083333333,0.3159722222222222
581602.5,Move,0.3984375,0.2638888888888889
581609.6000000015,Move,0.3860677083333333,0.21875
581616.8000000007,Move,0.3678385416666667,0.17939814814814814
581624.4000000022,Move,0.3444010416666667,0.14930555555555555
581632.4000000022,Move,0.3138020833333333,0.11921296296296297
581638.8000000007,Move,0.2805989583333333,0.10532407407407407
581661,Move,0.2265625,0.1076388888888889
581668.4000000022,Move,0.21809895833333334,0.11805555555555555
581675.4000000022,Move,0.212890625,0.125
581683,Move,0.20768229166666666,0.13657407407407407
581690.1000000015,Move,0.205078125,0.14930555555555555
581697.5,Move,0.20247395833333334,0.1724537037037037
581704.6999999993,Move,0.203125,0.20023148148148148
581712.1000000015,Move,0.20963541666666666,0.23032407407407407
581719.8000000007,Move,0.22526041666666666,0.2743055555555556
581726.6999999993,Move,0.2421875,0.3125
581734.4000000022,Move,0.2610677083333333,0.34375
581741.5,Move,0.279296875,0.3715277777777778
581749.1000000015,Move,0.3020833333333333,0.3993055555555556
581756.1000000015,Move,0.3216145833333333,0.4201388888888889
581763.6999999993,Move,0.3326822916666667,0.42939814814814814
581771.1999999993,Move,0.3450520833333333,0.4340277777777778
581778.5,Move,0.3528645833333333,0.4340277777777778
581785.6000000015,Move,0.3606770833333333,0.42824074074074076
581793.1999999993,Move,0.3665364583333333,0.4201388888888889
581800.3000000007,Move,0.373046875,0.3923611111111111
581807.6999999993,Move,0.3763020833333333,0.3472222222222222
581815.1000000015,Move,0.37109375,0.3090277777777778
581822.3000000007,Move,0.357421875,0.2604166666666667
581830.1000000015,Move,0.34375,0.22800925925925927
581837.1000000015,Move,0.322265625,0.19907407407407407
581844.6999999993,Move,0.3014322916666667,0.17592592592592593
581852.3000000007,Move,0.2740885416666667,0.15625
581859.6000000015,Move,0.2552083333333333,0.14930555555555555
581866.8000000007,Move,0.244140625,0.14930555555555555
581874.3000000007,Move,0.23372395833333334,0.1527777777777778
581881.8000000007,Move,0.22721354166666666,0.15625
581888.6000000015,Move,0.22330729166666666,0.1597222222222222
581896.1000000015,Move,0.21940104166666666,0.16782407407407407
581904,Move,0.21744791666666666,0.1840277777777778
581910.8000000007,Move,0.21875,0.20833333333333334
581918.1999999993,Move,0.22981770833333334,0.2534722222222222
581925.8000000007,Move,0.24609375,0.29976851851851855
581933.6000000015,Move,0.265625,0.33912037037037035
581940.4000000022,Move,0.2897135416666667,0.38425925925925924
581948.1999999993,Move,0.3190104166666667,0.42939814814814814
581955,Move,0.3430989583333333,0.45717592592592593
581962.6000000015,Move,0.369140625,0.4837962962962963
581969.8000000007,Move,0.3899739583333333,0.5
581977.4000000022,Move,0.4055989583333333,0.5069444444444444
581984.5,Move,0.4186197916666667,0.5104166666666666
581991.9000000022,Move,0.4309895833333333,0.5057870370370371
581999,Move,0.4388020833333333,0.5011574074074074
582006.1000000015,Move,0.4453125,0.4895833333333333
582013.8000000007,Move,0.4563802083333333,0.45023148148148145
582021,Move,0.4602864583333333,0.41087962962962965
582028.5,Move,0.4563802083333333,0.36574074074074076
582035.6999999993,Move,0.4466145833333333,0.3287037037037037
582043.4000000022,Move,0.4290364583333333,0.29282407407407407
582050.6999999993,Move,0.4036458333333333,0.2569444444444444
582057.8000000007,Move,0.3704427083333333,0.22453703703703703
582065,Move,0.3352864583333333,0.2037037037037037
582072.3000000007,Move,0.3092447916666667,0.19675925925925927
582079.9000000022,Move,0.2877604166666667,0.19907407407407407
582087.6000000015,Move,0.2688802083333333,0.2048611111111111
582094.6000000015,Move,0.2591145833333333,0.21296296296296297
582102.4000000022,Move,0.2526041666666667,0.22106481481481483
582109.6999999993,Move,0.24869791666666666,0.22685185185185186
582117,Move,0.24544270833333334,0.23842592592592593
582124.3000000007,Move,0.24153645833333334,0.25810185185185186
582131.6999999993,Move,0.24153645833333334,0.28125
582138.9000000022,Move,0.24544270833333334,0.3055555555555556
582146,Move,0.255859375,0.3425925925925926
582153.5,Move,0.26953125,0.3773148148148148
582160.6999999993,Move,0.28125,0.39814814814814814
582167.9000000022,Move,0.3046875,0.43287037037037035
582175.5,Move,0.32421875,0.4548611111111111
582183.1000000015,Move,0.3430989583333333,0.47337962962962965
582190.1000000015,Move,0.3606770833333333,0.4826388888888889
582199.1000000015,Move,0.3736979166666667,0.4837962962962963
582204.9000000022,Move,0.3860677083333333,0.47800925925925924
582205.6999999993,Move,0.3860677083333333,0.47800925925925924
582212.3000000007,Move,0.3997395833333333,0.4664351851851852
582219.6000000015,Move,0.4095052083333333,0.4479166666666667
582222,Move,0.4095052083333333,0.4479166666666667
582226.9000000022,Move,0.42578125,0.38425925925925924
582233.5,Move,0.4283854166666667,0.32060185185185186
582241.3000000007,Move,0.4225260416666667,0.26851851851851855
582248.9000000022,Move,0.41015625,0.22569444444444445
582256.4000000022,Move,0.3899739583333333,0.18055555555555555
582264.5,Move,0.36328125,0.14467592592592593
582272.1000000015,Move,0.3287760416666667,0.1111111111111111
582272.5,Move,0.3287760416666667,0.1111111111111111
582329.9000000022,Move,0.20963541666666666,0.10532407407407407
582336.6999999993,Move,0.20703125,0.11805555555555555
582344.6000000015,Move,0.20703125,0.13657407407407407
582351.6999999993,Move,0.21549479166666666,0.18981481481481483
582359.1999999993,Move,0.22786458333333334,0.2361111111111111
582366.3000000007,Move,0.244140625,0.28587962962962965
582373.9000000022,Move,0.2649739583333333,0.33217592592592593
582381.9000000022,Move,0.279296875,0.3645833333333333
582388.8000000007,Move,0.3001302083333333,0.3993055555555556
582396.1999999993,Move,0.318359375,0.4305555555555556
582403.4000000022,Move,0.3326822916666667,0.44907407407407407
582418,Move,0.349609375,0.46296296296296297
582425.1999999993,Move,0.35546875,0.4664351851851852
582433.8000000007,Move,0.3606770833333333,0.4652777777777778
582439.3000000007,Move,0.3639322916666667,0.45717592592592593
582447.5,Move,0.3717447916666667,0.4305555555555556
582454.6000000015,Move,0.3743489583333333,0.35185185185185186
582469,Move,0.3470052083333333,0.23032407407407407
582477,Move,0.330078125,0.18981481481481483
582484.1000000015,Move,0.3040364583333333,0.14583333333333334
582558.6000000015,Move,0.19921875,0.13194444444444445
582566,Move,0.21028645833333334,0.18287037037037038
582573.8000000007,Move,0.22786458333333334,0.24768518518518517
582580.8000000007,Move,0.2506510416666667,0.30671296296296297
582587.6999999993,Move,0.275390625,0.3576388888888889
582595.5,Move,0.306640625,0.41087962962962965
582602.1000000015,Move,0.333984375,0.4525462962962963
582609.5,Move,0.3665364583333333,0.48726851851851855
582616.6000000015,Move,0.3912760416666667,0.5104166666666666
582624,Move,0.4108072916666667,0.5243055555555556
582631.6999999993,Move,0.4270833333333333,0.5335648148148148
582638.5,Move,0.4388020833333333,0.53125
582645.9000000022,Move,0.4459635416666667,0.5266203703703703
582653.5,Move,0.4518229166666667,0.5162037037037037
582660.8000000007,Move,0.4654947916666667,0.4710648148148148
582668.1999999993,Move,0.4720052083333333,0.40625
582675.4000000022,Move,0.466796875,0.3425925925925926
582682.9000000022,Move,0.458984375,0.30439814814814814
582689.9000000022,Move,0.4407552083333333,0.2534722222222222
582697.6000000015,Move,0.423828125,0.22337962962962962
582704.6999999993,Move,0.4010416666666667,0.19328703703703703
582712.1999999993,Move,0.373046875,0.16898148148148148
582719.5,Move,0.3483072916666667,0.15393518518518517
582726.8000000007,Move,0.3216145833333333,0.15046296296296297
582734.3000000007,Move,0.3072916666666667,0.15046296296296297
582741.3000000007,Move,0.2897135416666667,0.15625
582748.3000000007,Move,0.2786458333333333,0.16435185185185186
582755.6000000015,Move,0.2721354166666667,0.1736111111111111
582763.4000000022,Move,0.267578125,0.1863425925925926
582770.6000000015,Move,0.2623697916666667,0.20717592592592593
582778.1000000015,Move,0.2610677083333333,0.2488425925925926
582785.1000000015,Move,0.2662760416666667,0.2974537037037037
582792.8000000007,Move,0.27734375,0.34953703703703703
582800.6000000015,Move,0.291015625,0.39814814814814814
582807.5,Move,0.3033854166666667,0.42939814814814814
582814.9000000022,Move,0.3190104166666667,0.45949074074074076
582822.1999999993,Move,0.333984375,0.48726851851851855
582829.4000000022,Move,0.3502604166666667,0.5081018518518519
582837.1000000015,Move,0.365234375,0.5208333333333334
582844.1999999993,Move,0.3736979166666667,0.5266203703703703
582851.8000000007,Move,0.3795572916666667,0.5277777777777778
582859.1999999993,Move,0.3860677083333333,0.5266203703703703
582866.4000000022,Move,0.3912760416666667,0.5185185185185185
582873.6999999993,Move,0.3984375,0.4988425925925926
582881.6000000015,Move,0.408203125,0.41782407407407407
582888.5,Move,0.4055989583333333,0.35185185185185186
582897.1000000015,Move,0.3977864583333333,0.28125
582904.9000000022,Move,0.37890625,0.21875
582911.9000000022,Move,0.35546875,0.16782407407407407
582919.1999999993,Move,0.3352864583333333,0.13657407407407407
582922.5,Move,0.3352864583333333,0.13657407407407407
582976.5,Move,0.21028645833333334,0.1087962962962963
582984.5,Move,0.205078125,0.13425925925925927
582991.4000000022,Move,0.205078125,0.17476851851851852
582999,Move,0.21549479166666666,0.22916666666666666
583013.8000000007,Move,0.228515625,0.29282407407407407
583015.6999999993,Move,0.24674479166666666,0.34837962962962965
583020.5,Move,0.2688802083333333,0.40162037037037035
583022.1999999993,Move,0.2688802083333333,0.40162037037037035
583028.1999999993,Move,0.2936197916666667,0.4525462962962963
583036,Move,0.3229166666666667,0.4976851851851852
583042.6000000015,Move,0.34765625,0.5289351851851852
583049.6999999993,Move,0.376953125,0.5578703703703703
583057.4000000022,Move,0.3958333333333333,0.5729166666666666
583064.1000000015,Move,0.4147135416666667,0.5810185185185185
583071.8000000007,Move,0.431640625,0.5775462962962963
583079.4000000022,Move,0.4420572916666667,0.5717592592592593
583086.3000000007,Move,0.4505208333333333,0.5567129629629629
583094,Move,0.4661458333333333,0.5023148148148148
583101.4000000022,Move,0.4739583333333333,0.4398148148148148
583108.6999999993,Move,0.470703125,0.3761574074074074
583115.8000000007,Move,0.462890625,0.3414351851851852
583123,Move,0.4388020833333333,0.28703703703703703
583131.5,Move,0.4166666666666667,0.2523148148148148
583139.1999999993,Move,0.3802083333333333,0.21412037037037038
583146.1999999993,Move,0.3483072916666667,0.1909722222222222
583153.1999999993,Move,0.31640625,0.17708333333333334
583160.6000000015,Move,0.294921875,0.1736111111111111
583167.9000000022,Move,0.2734375,0.1736111111111111
583174.8000000007,Move,0.2649739583333333,0.17592592592592593
583182.6999999993,Move,0.2571614583333333,0.18055555555555555
583189.1999999993,Move,0.2532552083333333,0.18518518518518517
583196.6999999993,Move,0.25,0.19560185185185186
583204.1999999993,Move,0.24609375,0.21412037037037038
583211.5,Move,0.24609375,0.24537037037037038
583219,Move,0.2532552083333333,0.2951388888888889
583226.3000000007,Move,0.2649739583333333,0.33217592592592593
583233.9000000022,Move,0.28125,0.37037037037037035
583240.6999999993,Move,0.2975260416666667,0.4027777777777778
583248.8000000007,Move,0.3229166666666667,0.4386574074074074
583255.8000000007,Move,0.3404947916666667,0.4583333333333333
583263.5,Move,0.3561197916666667,0.4756944444444444
583271.5,Move,0.3704427083333333,0.4837962962962963
583278.1999999993,Move,0.37890625,0.48726851851851855
583285.6000000015,Move,0.3860677083333333,0.48726851851851855
583292.6000000015,Move,0.3932291666666667,0.4849537037037037
583300.4000000022,Move,0.3990885416666667,0.47800925925925924
583307.3000000007,Move,0.40234375,0.46412037037037035
583314.8000000007,Move,0.404296875,0.4398148148148148
583321.8000000007,Move,0.4010416666666667,0.4027777777777778
583329.9000000022,Move,0.3880208333333333,0.3599537037037037
583337.1000000015,Move,0.37109375,0.33449074074074076
583344.4000000022,Move,0.3430989583333333,0.2974537037037037
583351.8000000007,Move,0.3079427083333333,0.2673611111111111
583359.1000000015,Move,0.2747395833333333,0.2488425925925926
583366.5,Move,0.24739583333333334,0.24189814814814814
583373.4000000022,Move,0.23307291666666666,0.24189814814814814
583380.8000000007,Move,0.224609375,0.24421296296296297
583388.3000000007,Move,0.21809895833333334,0.2465277777777778
583395.4000000022,Move,0.21354166666666666,0.2511574074074074
583403.1999999993,Move,0.21158854166666666,0.25462962962962965
583410.1999999993,Move,0.208984375,0.26273148148148145
583417.8000000007,Move,0.21028645833333334,0.2800925925925926
583424.9000000022,Move,0.21614583333333334,0.3148148148148148
583432.3000000007,Move,0.22591145833333334,0.3506944444444444
583439.6000000015,Move,0.24283854166666666,0.38657407407407407
583447,Move,0.2610677083333333,0.4201388888888889
583454.5,Move,0.2864583333333333,0.45601851851851855
583461.8000000007,Move,0.3131510416666667,0.48726851851851855
583470.1000000015,Move,0.33203125,0.5069444444444444
583476.6999999993,Move,0.3522135416666667,0.5231481481481481
583484.9000000022,Move,0.3658854166666667,0.5277777777777778
583491,Move,0.3756510416666667,0.5277777777777778
583498.8000000007,Move,0.3841145833333333,0.5196759259259259
583505.8000000007,Move,0.3938802083333333,0.5034722222222222
583514.4000000022,Move,0.4069010416666667,0.45717592592592593
583521.8000000007,Move,0.412109375,0.3993055555555556
583528.6000000015,Move,0.4075520833333333,0.3414351851851852
583535.1000000015,Move,0.396484375,0.2986111111111111
583542.8000000007,Move,0.3815104166666667,0.2638888888888889
583550,Move,0.3561197916666667,0.22800925925925927
583557.3000000007,Move,0.314453125,0.1863425925925926
583564.6000000015,Move,0.2858072916666667,0.16550925925925927
583572.1999999993,Move,0.2532552083333333,0.1550925925925926
583579.6999999993,Move,0.234375,0.14930555555555555
583586.5,Move,0.22200520833333334,0.14930555555555555
583593.9000000022,Move,0.212890625,0.1527777777777778
583602.4000000022,Move,0.20638020833333334,0.1550925925925926
583609,Move,0.20377604166666666,0.15856481481481483
583615.9000000022,Move,0.20052083333333334,0.16550925925925927
583623.6000000015,Move,0.19921875,0.17824074074074073
583630.8000000007,Move,0.20052083333333334,0.20717592592592593
583638.1999999993,Move,0.21158854166666666,0.25462962962962965
583645.5,Move,0.22591145833333334,0.2974537037037037
583653.1000000015,Move,0.248046875,0.34837962962962965
583660.1000000015,Move,0.267578125,0.38773148148148145
583667.6999999993,Move,0.296875,0.43171296296296297
583675.1000000015,Move,0.3196614583333333,0.46296296296296297
583683.4000000022,Move,0.3430989583333333,0.49074074074074076
583689.8000000007,Move,0.365234375,0.5115740740740741
583697,Move,0.3763020833333333,0.5196759259259259
583704.5,Move,0.3860677083333333,0.5219907407407407
583711.6000000015,Move,0.3977864583333333,0.5196759259259259
583718.9000000022,Move,0.4069010416666667,0.5092592592592593
583726.8000000007,Move,0.4147135416666667,0.4930555555555556
583734.1000000015,Move,0.419921875,0.4583333333333333
583741,Move,0.419921875,0.41782407407407407
583748.6000000015,Move,0.4108072916666667,0.3784722222222222
583755.6000000015,Move,0.3938802083333333,0.3368055555555556
583763.1000000015,Move,0.3671875,0.2986111111111111
583770.1999999993,Move,0.333984375,0.2604166666666667
583777.8000000007,Move,0.2994791666666667,0.2326388888888889
583784.9000000022,Move,0.267578125,0.21412037037037038
583792.4000000022,Move,0.24348958333333334,0.20601851851851852
583800,Move,0.232421875,0.2048611111111111
583807.1000000015,Move,0.22330729166666666,0.2048611111111111
583814.5,Move,0.22005208333333334,0.2048611111111111
583821.8000000007,Move,0.21614583333333334,0.20717592592592593
583829.3000000007,Move,0.21484375,0.20949074074074073
583836.5,Move,0.212890625,0.2222222222222222
583843.6999999993,Move,0.21549479166666666,0.2534722222222222
583851,Move,0.22721354166666666,0.3020833333333333
583858.6000000015,Move,0.248046875,0.3611111111111111
583866.3000000007,Move,0.2727864583333333,0.4131944444444444
583872.9000000022,Move,0.3092447916666667,0.4710648148148148
583880.8000000007,Move,0.341796875,0.5196759259259259
583888.1000000015,Move,0.375,0.5648148148148148
583946.6000000015,Move,0.484375,0.59375
583954.6000000015,Move,0.4811197916666667,0.5393518518518519
583961.6999999993,Move,0.4694010416666667,0.4988425925925926
583969.3000000007,Move,0.4427083333333333,0.4479166666666667
583976.4000000022,Move,0.4088541666666667,0.3993055555555556
583983.8000000007,Move,0.3600260416666667,0.34837962962962965
583990.6999999993,Move,0.318359375,0.3136574074074074
583998.4000000022,Move,0.2799479166666667,0.29282407407407407
584005.5,Move,0.24479166666666666,0.2789351851851852
584012.8000000007,Move,0.224609375,0.27546296296296297
584020,Move,0.21419270833333334,0.27546296296296297
584027.6999999993,Move,0.20768229166666666,0.27662037037037035
584035.3000000007,Move,0.203125,0.2789351851851852
584042.4000000022,Move,0.201171875,0.28125
584049.9000000022,Move,0.19856770833333334,0.2881944444444444
584056.9000000022,Move,0.19856770833333334,0.30787037037037035
584064.3000000007,Move,0.205078125,0.3368055555555556
584071.6999999993,Move,0.21744791666666666,0.3715277777777778
584079.1000000015,Move,0.234375,0.4097222222222222
584086.4000000022,Move,0.2532552083333333,0.44328703703703703
584093.6000000015,Move,0.2799479166666667,0.48148148148148145
584101.5,Move,0.3033854166666667,0.5092592592592593
584108.4000000022,Move,0.3274739583333333,0.5335648148148148
584116.1000000015,Move,0.3470052083333333,0.5474537037037037
584123.1000000015,Move,0.357421875,0.5509259259259259
584130.9000000022,Move,0.3684895833333333,0.5509259259259259
584138.1999999993,Move,0.37890625,0.5474537037037037
584145.8000000007,Move,0.3854166666666667,0.5405092592592593
584153.1999999993,Move,0.392578125,0.5196759259259259
584159.9000000022,Move,0.3951822916666667,0.4826388888888889
584167.4000000022,Move,0.388671875,0.4386574074074074
584174.8000000007,Move,0.375,0.3900462962962963
584182.4000000022,Move,0.3587239583333333,0.35532407407407407
584189.4000000022,Move,0.330078125,0.3159722222222222
584196.8000000007,Move,0.2884114583333333,0.2708333333333333
584204.5,Move,0.255859375,0.24537037037037038
584211.6000000015,Move,0.22526041666666666,0.22800925925925927
584219.1000000015,Move,0.20638020833333334,0.2222222222222222
584226.4000000022,Move,0.19661458333333334,0.21875
584233.6999999993,Move,0.19010416666666666,0.2222222222222222
584241.1000000015,Move,0.185546875,0.22569444444444445
584248.3000000007,Move,0.18424479166666666,0.22800925925925927
584255.5,Move,0.181640625,0.24189814814814814
584262.9000000022,Move,0.181640625,0.2650462962962963
584269.9000000022,Move,0.19075520833333334,0.30439814814814814
584277.4000000022,Move,0.20768229166666666,0.3506944444444444
584284.6999999993,Move,0.22916666666666666,0.39814814814814814
584292.1000000015,Move,0.2545572916666667,0.4444444444444444
584299.6000000015,Move,0.287109375,0.4895833333333333
584306.6000000015,Move,0.3157552083333333,0.5289351851851852
584314.1000000015,Move,0.341796875,0.5555555555555556
584321.4000000022,Move,0.3619791666666667,0.5740740740740741
584328.9000000022,Move,0.3828125,0.5810185185185185
584336,Move,0.3971354166666667,0.5810185185185185
584343.5,Move,0.4055989583333333,0.5763888888888888
584350.8000000007,Move,0.4147135416666667,0.5648148148148148
584358.4000000022,Move,0.4270833333333333,0.5335648148148148
584365.9000000022,Move,0.43359375,0.48032407407407407
584372.9000000022,Move,0.4303385416666667,0.43171296296296297
584380.6999999993,Move,0.416015625,0.375
584387.6999999993,Move,0.39453125,0.33217592592592593
584395.1999999993,Move,0.357421875,0.2777777777777778
584402.5,Move,0.318359375,0.23148148148148148
584410.3000000007,Move,0.2721354166666667,0.19675925925925927
584416.8000000007,Move,0.240234375,0.17592592592592593
584424.4000000022,Move,0.20703125,0.16203703703703703
584431.6000000015,Move,0.19205729166666666,0.15856481481481483
584438.6000000015,Move,0.18294270833333334,0.15856481481481483
584445.9000000022,Move,0.17708333333333334,0.16203703703703703
584453.5,Move,0.173828125,0.16782407407407407
584461.1000000015,Move,0.169921875,0.17939814814814814
584468.5,Move,0.16861979166666666,0.19907407407407407
584476,Move,0.171875,0.24189814814814814
584483.6999999993,Move,0.18229166666666666,0.2835648148148148
584490.5,Move,0.201171875,0.3425925925925926
584498.6999999993,Move,0.21940104166666666,0.38657407407407407
584505.4000000022,Move,0.24544270833333334,0.43287037037037035
584513,Move,0.27734375,0.47800925925925924
584520.3000000007,Move,0.3059895833333333,0.5127314814814815
584527.4000000022,Move,0.3333333333333333,0.5393518518518519
584535.1999999993,Move,0.353515625,0.5543981481481481
584542.1000000015,Move,0.3763020833333333,0.5648148148148148
584549.6999999993,Move,0.3932291666666667,0.5625
584556.6999999993,Move,0.404296875,0.5543981481481481
584564.5,Move,0.4140625,0.5405092592592593
584571.6000000015,Move,0.4283854166666667,0.4976851851851852
584579.6999999993,Move,0.439453125,0.43171296296296297
584586.4000000022,Move,0.435546875,0.3680555555555556
584593.4000000022,Move,0.42578125,0.31712962962962965
584601.6000000015,Move,0.4095052083333333,0.2673611111111111
584608.5,Move,0.384765625,0.22453703703703703
584615.8000000007,Move,0.3444010416666667,0.17708333333333334
584623,Move,0.30859375,0.14699074074074073
584630.3000000007,Move,0.2747395833333333,0.12384259259259259
584637.5,Move,0.24674479166666666,0.11226851851851852
584645.1000000015,Move,0.22005208333333334,0.11226851851851852
584652.4000000022,Move,0.20833333333333334,0.11689814814814815
584659.8000000007,Move,0.20182291666666666,0.12152777777777778
584667.1000000015,Move,0.197265625,0.13078703703703703
584674.3000000007,Move,0.193359375,0.14699074074074073
584682,Move,0.19205729166666666,0.17939814814814814
584689,Move,0.19791666666666666,0.22800925925925927
584696.8000000007,Move,0.21028645833333334,0.2743055555555556
584704.3000000007,Move,0.23307291666666666,0.3333333333333333
584711.4000000022,Move,0.251953125,0.37037037037037035
584718.6999999993,Move,0.279296875,0.4166666666666667
584725.9000000022,Move,0.3131510416666667,0.46412037037037035
584733.4000000022,Move,0.341796875,0.5011574074074074
584740.5,Move,0.369140625,0.5277777777777778
584748.6000000015,Move,0.39453125,0.5451388888888888
584755.1999999993,Move,0.4153645833333333,0.5509259259259259
584763.1000000015,Move,0.4329427083333333,0.5497685185185185
584770.1000000015,Move,0.44921875,0.5405092592592593
584777.8000000007,Move,0.4583333333333333,0.5289351851851852
584784.9000000022,Move,0.4674479166666667,0.5034722222222222
584792.1000000015,Move,0.47265625,0.4722222222222222
584799.6000000015,Move,0.4720052083333333,0.4363425925925926
584806.6000000015,Move,0.462890625,0.39814814814814814
584814.4000000022,Move,0.4446614583333333,0.3599537037037037
584821.8000000007,Move,0.4225260416666667,0.32175925925925924
584829.1999999993,Move,0.3860677083333333,0.2835648148148148
584836.3000000007,Move,0.353515625,0.25578703703703703
584843.6000000015,Move,0.3248697916666667,0.2361111111111111
584851.5,Move,0.306640625,0.22685185185185186
584858,Move,0.2936197916666667,0.22337962962962962
584865.5,Move,0.2845052083333333,0.2222222222222222
584872.9000000022,Move,0.279296875,0.22337962962962962
584880.4000000022,Move,0.27734375,0.22569444444444445
584887.6999999993,Move,0.2747395833333333,0.23032407407407407
584894.8000000007,Move,0.2734375,0.24305555555555555
584902.5,Move,0.2766927083333333,0.26273148148148145
584909.8000000007,Move,0.28515625,0.2986111111111111
584916.6999999993,Move,0.302734375,0.3402777777777778
584924.3000000007,Move,0.322265625,0.37962962962962965
584931.8000000007,Move,0.3470052083333333,0.41782407407407407
584938.8000000007,Move,0.3756510416666667,0.4548611111111111
584946.3000000007,Move,0.396484375,0.47685185185185186
584954.1000000015,Move,0.4153645833333333,0.4930555555555556
584961,Move,0.4329427083333333,0.5
584968.6999999993,Move,0.4420572916666667,0.5011574074074074
584975.8000000007,Move,0.44921875,0.4988425925925926
584983,Move,0.4537760416666667,0.49537037037037035
584990.5,Move,0.4576822916666667,0.48726851851851855
584997.4000000022,Move,0.4615885416666667,0.46875
585005.1000000015,Move,0.4602864583333333,0.4305555555555556
585012.6000000015,Move,0.447265625,0.38773148148148145
585020,Move,0.4264322916666667,0.3449074074074074
585027.4000000022,Move,0.3854166666666667,0.29282407407407407
585034.9000000022,Move,0.34375,0.24768518518518517
585041.8000000007,Move,0.302734375,0.21875
585049.4000000022,Move,0.263671875,0.19444444444444445
585056.4000000022,Move,0.24088541666666666,0.1863425925925926
585064.3000000007,Move,0.22265625,0.18518518518518517
585071.6999999993,Move,0.21419270833333334,0.18518518518518517
585078.8000000007,Move,0.20963541666666666,0.1863425925925926
585085.9000000022,Move,0.20638020833333334,0.18981481481481483
585093.1999999993,Move,0.205078125,0.19328703703703703
585100.5,Move,0.20247395833333334,0.20717592592592593
585108.1000000015,Move,0.20377604166666666,0.22916666666666666
585115.3000000007,Move,0.212890625,0.2743055555555556
585122.8000000007,Move,0.23111979166666666,0.32407407407407407
585130.8000000007,Move,0.248046875,0.36226851851851855
585137.8000000007,Move,0.2708333333333333,0.4074074074074074
585145.4000000022,Move,0.29296875,0.44675925925925924
585152.8000000007,Move,0.3131510416666667,0.4756944444444444
585159.8000000007,Move,0.333984375,0.5011574074074074
585166.8000000007,Move,0.3528645833333333,0.5150462962962963
585175.5,Move,0.3645833333333333,0.5196759259259259
585183.4000000022,Move,0.3756510416666667,0.5196759259259259
585188.9000000022,Move,0.3834635416666667,0.5150462962962963
585196.6000000015,Move,0.3899739583333333,0.5034722222222222
585203.6999999993,Move,0.3977864583333333,0.4664351851851852
585211.6999999993,Move,0.3977864583333333,0.4097222222222222
585218.5,Move,0.3893229166666667,0.35648148148148145
585225.6999999993,Move,0.369140625,0.3055555555555556
585233.4000000022,Move,0.3450520833333333,0.2650462962962963
585240.1999999993,Move,0.2994791666666667,0.2152777777777778
585247.8000000007,Move,0.263671875,0.1863425925925926
585255,Move,0.23177083333333334,0.1701388888888889
585262.5,Move,0.21354166666666666,0.16666666666666666
585270.1000000015,Move,0.19856770833333334,0.16782407407407407
585277.1999999993,Move,0.189453125,0.1736111111111111
585284.6999999993,Move,0.18294270833333334,0.18171296296296297
585291.8000000007,Move,0.1796875,0.1909722222222222
585299.4000000022,Move,0.17578125,0.20717592592592593
585306.1999999993,Move,0.17578125,0.2326388888888889
585314,Move,0.181640625,0.2789351851851852
585321.1999999993,Move,0.19140625,0.3159722222222222
585328.6000000015,Move,0.20963541666666666,0.36574074074074076
585336.1000000015,Move,0.22916666666666666,0.4050925925925926
585343.6000000015,Move,0.248046875,0.4409722222222222
585351,Move,0.2734375,0.47685185185185186
585358.1000000015,Move,0.2962239583333333,0.5046296296296297
585365.8000000007,Move,0.3170572916666667,0.5231481481481481
585372.9000000022,Move,0.333984375,0.5300925925925926
585380.3000000007,Move,0.349609375,0.5277777777777778
585387.4000000022,Move,0.365234375,0.5185185185185185
585394.8000000007,Move,0.37890625,0.4965277777777778
585402.8000000007,Move,0.3912760416666667,0.4652777777777778
585409.5,Move,0.3977864583333333,0.41782407407407407
585416.8000000007,Move,0.39453125,0.36689814814814814
585424.3000000007,Move,0.3841145833333333,0.32407407407407407
585431.8000000007,Move,0.3619791666666667,0.2847222222222222
585438.3000000007,Move,0.3268229166666667,0.24421296296296297
585446,Move,0.2819010416666667,0.2013888888888889
585453.3000000007,Move,0.23893229166666666,0.17476851851851852
585460.6000000015,Move,0.20377604166666666,0.16087962962962962
585468.3000000007,Move,0.17252604166666666,0.15856481481481483
585475.5,Move,0.14388020833333334,0.1597222222222222
585482.9000000022,Move,0.12434895833333333,0.1701388888888889
585490,Move,0.12044270833333333,0.1701388888888889
585497.6999999993,Move,0.103515625,0.1875
585505.1000000015,Move,0.09700520833333333,0.19675925925925927
585512.4000000022,Move,0.091796875,0.2048611111111111
585519.6999999993,Move,0.087890625,0.22569444444444445
585526.9000000022,Move,0.087890625,0.24421296296296297
585535.6000000015,Move,0.08984375,0.2650462962962963
585541.6999999993,Move,0.09700520833333333,0.29282407407407407
585550.3000000007,Move,0.11002604166666667,0.32175925925925924
585559.1999999993,Move,0.13216145833333334,0.3541666666666667
585564.5,Move,0.15950520833333334,0.38078703703703703
585571.3000000007,Move,0.1953125,0.40162037037037035
585573.6999999993,Move,0.1953125,0.40162037037037035
585578.3000000007,Move,0.23307291666666666,0.41087962962962965
585586,Move,0.2734375,0.41087962962962965
585593.1999999993,Move,0.3151041666666667,0.3993055555555556
585600.3000000007,Move,0.3561197916666667,0.37037037037037035
585607.8000000007,Move,0.3834635416666667,0.3414351851851852
585615.3000000007,Move,0.4055989583333333,0.3113425925925926
585622.1000000015,Move,0.4153645833333333,0.29282407407407407
585630.1999999993,Move,0.4205729166666667,0.28125
585637.6000000015,Move,0.4225260416666667,0.27314814814814814
585645,Move,0.421875,0.26273148148148145
585651.3000000007,Move,0.416015625,0.2523148148148148
585659.5,Move,0.404296875,0.23842592592592593
585666.4000000022,Move,0.365234375,0.21643518518518517
585673.3000000007,Move,0.3255208333333333,0.20717592592592593
585681.3000000007,Move,0.2916666666666667,0.21180555555555555
585688.3000000007,Move,0.2506510416666667,0.22106481481481483
585695.8000000007,Move,0.21223958333333334,0.2349537037037037
585703.6000000015,Move,0.185546875,0.24768518518518517
585711.6000000015,Move,0.18098958333333334,0.25
585718.6000000015,Move,0.14973958333333334,0.27546296296296297
585725.1999999993,Move,0.13997395833333334,0.2835648148148148
585732.8000000007,Move,0.134765625,0.29050925925925924
585739.9000000022,Move,0.1328125,0.29282407407407407
585748.1999999993,Move,0.130859375,0.2962962962962963
585754.6999999993,Move,0.130859375,0.30324074074074076
585762.8000000007,Move,0.13346354166666666,0.31828703703703703
585770,Move,0.14127604166666666,0.3333333333333333
585777.6999999993,Move,0.166015625,0.36921296296296297
585784.6999999993,Move,0.20247395833333334,0.4050925925925926
585791.4000000022,Move,0.24609375,0.44560185185185186
585799.1999999993,Move,0.2903645833333333,0.4722222222222222
585806.1999999993,Move,0.3404947916666667,0.4895833333333333
585814.6000000015,Move,0.388671875,0.49421296296296297
585821.1999999993,Move,0.4368489583333333,0.48726851851851855
585829.1999999993,Move,0.4694010416666667,0.47337962962962965
585836,Move,0.494140625,0.46412037037037035
585844,Move,0.5052083333333334,0.45601851851851855
585850.8000000007,Move,0.5091145833333334,0.4525462962962963
585857.8000000007,Move,0.51171875,0.4479166666666667
585865.4000000022,Move,0.5123697916666666,0.4409722222222222
585872.6000000015,Move,0.5065104166666666,0.4212962962962963
585880.1999999993,Move,0.4915364583333333,0.3958333333333333
585887.6000000015,Move,0.451171875,0.35185185185185186
585895.3000000007,Move,0.4029947916666667,0.3194444444444444
585902,Move,0.3561197916666667,0.29398148148148145
585909.1999999993,Move,0.3125,0.2800925925925926
585916.4000000022,Move,0.2701822916666667,0.27546296296296297
585923.6999999993,Move,0.23111979166666666,0.27546296296296297
585931.1999999993,Move,0.20377604166666666,0.2789351851851852
585938.5,Move,0.18294270833333334,0.28703703703703703
585945.9000000022,Move,0.17252604166666666,0.29050925925925924
585953.4000000022,Move,0.16666666666666666,0.29282407407407407
585960.4000000022,Move,0.16276041666666666,0.2974537037037037
585968.3000000007,Move,0.16145833333333334,0.2974537037037037
585975.3000000007,Move,0.16080729166666666,0.2986111111111111
585982.6999999993,Move,0.16080729166666666,0.30092592592592593
585989.9000000022,Move,0.16471354166666666,0.30787037037037035
585997.6000000015,Move,0.17838541666666666,0.3275462962962963
586015.6000000015,Move,0.21419270833333334,0.3587962962962963
586017.3000000007,Move,0.2532552083333333,0.3784722222222222
586027,Move,0.2962239583333333,0.3923611111111111
586034.8000000007,Move,0.4016927083333333,0.3900462962962963
586041.3000000007,Move,0.443359375,0.3738425925925926
586049,Move,0.4772135416666667,0.35532407407407407
586056.1999999993,Move,0.49609375,0.33912037037037035
586063.8000000007,Move,0.501953125,0.33449074074074076
586071.5,Move,0.5052083333333334,0.33217592592592593
586078.1000000015,Move,0.505859375,0.33217592592592593
586086.1000000015,Move,0.505859375,0.3287037037037037
586093.1999999993,Move,0.501953125,0.32523148148148145
586100.9000000022,Move,0.4798177083333333,0.3090277777777778
586107.6000000015,Move,0.435546875,0.3020833333333333
586115.1000000015,Move,0.3873697916666667,0.3055555555555556
586122.1999999993,Move,0.3411458333333333,0.3136574074074074
586130.1999999993,Move,0.2994791666666667,0.32523148148148145
586137,Move,0.2578125,0.3414351851851852
586144.4000000022,Move,0.22916666666666666,0.3599537037037037
586152,Move,0.20377604166666666,0.3761574074074074
586158.9000000022,Move,0.1875,0.3900462962962963
586167.3000000007,Move,0.181640625,0.39467592592592593
586173.8000000007,Move,0.177734375,0.39699074074074076
586181.3000000007,Move,0.17643229166666666,0.39699074074074076
586188.4000000022,Move,0.17513020833333334,0.3993055555555556
586195.9000000022,Move,0.17513020833333334,0.3993055555555556
586203.3000000007,Move,0.17447916666666666,0.40046296296296297
586210.6000000015,Move,0.17447916666666666,0.40162037037037035
586218.1000000015,Move,0.17643229166666666,0.40162037037037035
586225.1000000015,Move,0.18424479166666666,0.40046296296296297
586232.8000000007,Move,0.197265625,0.39467592592592593
586239.8000000007,Move,0.21354166666666666,0.38310185185185186
586247.6999999993,Move,0.23046875,0.36574074074074076
586254.5,Move,0.24674479166666666,0.34953703703703703
586262.6000000015,Move,0.2623697916666667,0.33101851851851855
586269.3000000007,Move,0.27734375,0.3055555555555556
586276.1999999993,Move,0.294921875,0.27199074074074076
586284,Move,0.3098958333333333,0.23726851851851852
586291.1000000015,Move,0.3216145833333333,0.21180555555555555
586298.6999999993,Move,0.330078125,0.1886574074074074
586306,Move,0.3365885416666667,0.1724537037037037
586313.6000000015,Move,0.3411458333333333,0.1597222222222222
586320.5,Move,0.345703125,0.14930555555555555
586328.1999999993,Move,0.3489583333333333,0.1412037037037037
586335.4000000022,Move,0.3522135416666667,0.13657407407407407
586343,Move,0.353515625,0.13310185185185186
586350.3000000007,Move,0.3541666666666667,0.13194444444444445
586357.3000000007,Move,0.3541666666666667,0.13194444444444445
586364.9000000022,Move,0.35546875,0.13078703703703703
586386.8000000007,Move,0.35546875,0.13541666666666666
586394.5,Move,0.3541666666666667,0.14930555555555555
586401.3000000007,Move,0.3509114583333333,0.16898148148148148
586409,Move,0.3444010416666667,0.19791666666666666
586416.1000000015,Move,0.3385416666666667,0.22453703703703703
586423.3000000007,Move,0.328125,0.2534722222222222
586431.1000000015,Move,0.318359375,0.27314814814814814
586438.6000000015,Move,0.3040364583333333,0.29050925925925924
586445.6999999993,Move,0.28515625,0.3113425925925926
586453.1000000015,Move,0.2649739583333333,0.3275462962962963
586460.1999999993,Move,0.244140625,0.3368055555555556
586467.6000000015,Move,0.22395833333333334,0.3414351851851852
586474.8000000007,Move,0.20052083333333334,0.3414351851851852
586482.5,Move,0.18424479166666666,0.33796296296296297
586489.5,Move,0.171875,0.3333333333333333
586497.1000000015,Move,0.16015625,0.32407407407407407
586504.4000000022,Move,0.154296875,0.3159722222222222
586511.6999999993,Move,0.14778645833333334,0.29976851851851855
586519.4000000022,Move,0.14322916666666666,0.2835648148148148
586526.9000000022,Move,0.14388020833333334,0.2604166666666667
586535.1000000015,Move,0.154296875,0.22106481481481483
586541.1000000015,Move,0.173828125,0.1840277777777778
586548.8000000007,Move,0.21809895833333334,0.1284722222222222
586600.6999999993,Move,0.4322916666666667,0.11689814814814815
586606.9000000022,Move,0.44921875,0.1550925925925926
586614.4000000022,Move,0.4674479166666667,0.20833333333333334
586621.8000000007,Move,0.4772135416666667,0.25925925925925924
586629,Move,0.48046875,0.2986111111111111
586636.5,Move,0.48046875,0.3368055555555556
586643.8000000007,Move,0.4752604166666667,0.37037037037037035
586651.3000000007,Move,0.4694010416666667,0.39699074074074076
586658.6000000015,Move,0.4609375,0.41898148148148145
586666.1000000015,Move,0.44921875,0.4386574074074074
586673.5,Move,0.4283854166666667,0.46064814814814814
586681.1999999993,Move,0.4069010416666667,0.4756944444444444
586688.5,Move,0.3815104166666667,0.47685185185185186
586696,Move,0.3626302083333333,0.4722222222222222
586703.1000000015,Move,0.3424479166666667,0.45601851851851855
586710.6000000015,Move,0.330078125,0.4409722222222222
586717.6999999993,Move,0.3177083333333333,0.4166666666666667
586725.1000000015,Move,0.302734375,0.3819444444444444
586732.5,Move,0.2962239583333333,0.3460648148148148
586739.6000000015,Move,0.2897135416666667,0.29976851851851855
586747.4000000022,Move,0.291015625,0.2673611111111111
586754.5,Move,0.2975260416666667,0.2361111111111111
586761.8000000007,Move,0.3079427083333333,0.1909722222222222
586769.6999999993,Move,0.3196614583333333,0.16203703703703703
586776.3000000007,Move,0.3313802083333333,0.1412037037037037
586784,Move,0.345703125,0.125
586791.5,Move,0.3580729166666667,0.11805555555555555
586798.6000000015,Move,0.3671875,0.11921296296296297
586806.1000000015,Move,0.375,0.12731481481481483
586813.3000000007,Move,0.384765625,0.15046296296296297
586821.1000000015,Move,0.4016927083333333,0.20023148148148148
586827.9000000022,Move,0.4095052083333333,0.25810185185185186
586835.1999999993,Move,0.4095052083333333,0.3090277777777778
586842.8000000007,Move,0.4055989583333333,0.36689814814814814
586849.9000000022,Move,0.396484375,0.4085648148148148
586857.1000000015,Move,0.3854166666666667,0.45023148148148145
586865.1000000015,Move,0.373046875,0.4849537037037037
586871.8000000007,Move,0.361328125,0.5034722222222222
586879.6999999993,Move,0.345703125,0.5231481481481481
586887.1999999993,Move,0.3307291666666667,0.5358796296296297
586894,Move,0.3170572916666667,0.5405092592592593
586902.3000000007,Move,0.3072916666666667,0.5405092592592593
586908.1000000015,Move,0.298828125,0.5381944444444444
586915.5,Move,0.2936197916666667,0.53125
586922.6999999993,Move,0.2877604166666667,0.5208333333333334
586930.3000000007,Move,0.28515625,0.5046296296296297
586937.8000000007,Move,0.2845052083333333,0.49189814814814814
586945.1999999993,Move,0.2858072916666667,0.47453703703703703
586952.4000000022,Move,0.2936197916666667,0.4479166666666667
586960.1999999993,Move,0.3053385416666667,0.4212962962962963
586967.3000000007,Move,0.3287760416666667,0.3888888888888889
586974.4000000022,Move,0.3600260416666667,0.3506944444444444
586982.6000000015,Move,0.396484375,0.31712962962962965
586989.1999999993,Move,0.4303385416666667,0.2962962962962963
586996.6000000015,Move,0.453125,0.28587962962962965
587003.6000000015,Move,0.462890625,0.28587962962962965
587012.6999999993,Move,0.4694010416666667,0.28587962962962965
587019.6000000015,Move,0.4752604166666667,0.28935185185185186
587026,Move,0.4772135416666667,0.2951388888888889
587033.4000000022,Move,0.4817708333333333,0.31828703703703703
587040.6000000015,Move,0.4798177083333333,0.3576388888888889
587048.1000000015,Move,0.4733072916666667,0.3923611111111111
587055,Move,0.4596354166666667,0.4270833333333333
587063.8000000007,Move,0.4407552083333333,0.4583333333333333
587071,Move,0.4095052083333333,0.49537037037037035
587077.9000000022,Move,0.373046875,0.5289351851851852
587084.9000000022,Move,0.3346354166666667,0.5451388888888888
587092.1000000015,Move,0.3014322916666667,0.5543981481481481
587100.5,Move,0.2766927083333333,0.5543981481481481
587107.1000000015,Move,0.2565104166666667,0.5474537037037037
587114.9000000022,Move,0.24348958333333334,0.5393518518518519
587121.9000000022,Move,0.234375,0.5266203703703703
587129.6999999993,Move,0.22981770833333334,0.5196759259259259
587136.5,Move,0.22526041666666666,0.5127314814814815
587144.1999999993,Move,0.22330729166666666,0.5011574074074074
587151.1000000015,Move,0.22330729166666666,0.4861111111111111
587158.8000000007,Move,0.2265625,0.4652777777777778
587166.1000000015,Move,0.23502604166666666,0.44328703703703703
587173.1000000015,Move,0.251953125,0.41782407407407407
587181,Move,0.2727864583333333,0.3900462962962963
587188.1999999993,Move,0.2962239583333333,0.3738425925925926
587195.1999999993,Move,0.3157552083333333,0.36574074074074076
587202.6999999993,Move,0.3307291666666667,0.36921296296296297
587209.6999999993,Move,0.349609375,0.38425925925925924
587217.4000000022,Move,0.3658854166666667,0.4074074074074074
587224.9000000022,Move,0.3828125,0.44907407407407407
587232.5,Move,0.3984375,0.5069444444444444
587239.3000000007,Move,0.41015625,0.5636574074074074
587343.1999999993,Move,0.2897135416666667,0.5706018518518519
587350.1000000015,Move,0.2845052083333333,0.5092592592592593
587356.6999999993,Move,0.2845052083333333,0.4340277777777778
587364.6999999993,Move,0.291015625,0.3761574074074074
587371.6999999993,Move,0.30078125,0.32523148148148145
587379.4000000022,Move,0.3125,0.28587962962962965
587386.5,Move,0.3216145833333333,0.2650462962962963
587393.9000000022,Move,0.3326822916666667,0.2511574074074074
587401.5,Move,0.3430989583333333,0.23958333333333334
587408.6000000015,Move,0.3580729166666667,0.23842592592592593
587415.6999999993,Move,0.3717447916666667,0.24305555555555555
587422.9000000022,Move,0.3828125,0.25810185185185186
587431.6000000015,Move,0.396484375,0.2847222222222222
587438,Move,0.4134114583333333,0.33449074074074076
587445.1000000015,Move,0.4244791666666667,0.38773148148148145
587452.6999999993,Move,0.4290364583333333,0.4363425925925926
587459.6999999993,Move,0.4303385416666667,0.48148148148148145
587467.5,Move,0.4270833333333333,0.5208333333333334
587474.5,Move,0.421875,0.5439814814814815
587481.6999999993,Move,0.4134114583333333,0.5717592592592593
587488.6999999993,Move,0.400390625,0.59375
587533.5,Move,0.20572916666666666,0.5752314814814815
587540.8000000007,Move,0.17578125,0.5381944444444444
587548.5,Move,0.15364583333333334,0.5034722222222222
587555.5,Move,0.13151041666666666,0.45023148148148145
587563,Move,0.11588541666666667,0.3923611111111111
587570.6000000015,Move,0.10872395833333333,0.3460648148148148
587577.3000000007,Move,0.109375,0.2881944444444444
587585.4000000022,Move,0.11848958333333333,0.2523148148148148
587592.4000000022,Move,0.13606770833333334,0.20833333333333334
587599.9000000022,Move,0.154296875,0.17476851851851852
587606.8000000007,Move,0.19466145833333334,0.13541666666666666
587614.6999999993,Move,0.23828125,0.11921296296296297
587621.9000000022,Move,0.2740885416666667,0.11226851851851852
587629.4000000022,Move,0.3190104166666667,0.12384259259259259
587636.4000000022,Move,0.3509114583333333,0.1400462962962963
587643.6999999993,Move,0.3763020833333333,0.16087962962962962
587651.6000000015,Move,0.3958333333333333,0.1840277777777778
587659,Move,0.40625,0.2037037037037037
587666.1999999993,Move,0.4205729166666667,0.24421296296296297
587673.1999999993,Move,0.4303385416666667,0.28587962962962965
587680.8000000007,Move,0.4322916666666667,0.32175925925925924
587687.9000000022,Move,0.4303385416666667,0.35185185185185186
587695,Move,0.423828125,0.3761574074074074
587703.4000000022,Move,0.4153645833333333,0.3912037037037037
587709.8000000007,Move,0.3958333333333333,0.41550925925925924
587717.3000000007,Move,0.3619791666666667,0.4409722222222222
587724.4000000022,Move,0.3268229166666667,0.45717592592592593
587732.4000000022,Move,0.2877604166666667,0.45949074074074076
587739.1999999993,Move,0.2545572916666667,0.44907407407407407
587746.5,Move,0.22721354166666666,0.4375
587754.3000000007,Move,0.20703125,0.42476851851851855
587761.4000000022,Move,0.19270833333333334,0.40625
587768.8000000007,Move,0.17708333333333334,0.3680555555555556
587775.8000000007,Move,0.16796875,0.3263888888888889
587783.9000000022,Move,0.162109375,0.27662037037037035
587790.6999999993,Move,0.166015625,0.23958333333333334
587798.8000000007,Move,0.17643229166666666,0.19444444444444445
587805.5,Move,0.19401041666666666,0.1527777777777778
587812.6000000015,Move,0.21549479166666666,0.12152777777777778
587849.1000000015,Move,0.3294270833333333,0.10532407407407407
587856.9000000022,Move,0.3450520833333333,0.13310185185185186
587864.1000000015,Move,0.359375,0.16203703703703703
587871.6999999993,Move,0.37109375,0.2048611111111111
587879.1999999993,Move,0.376953125,0.24189814814814814
587886.6000000015,Move,0.3782552083333333,0.2777777777777778
587894,Move,0.3763020833333333,0.3101851851851852
587901.4000000022,Move,0.369140625,0.33449074074074076
587908,Move,0.3619791666666667,0.35300925925925924
587916,Move,0.3489583333333333,0.375
587923.1000000015,Move,0.326171875,0.39814814814814814
587931.1000000015,Move,0.2981770833333333,0.41087962962962965
587937.8000000007,Move,0.271484375,0.41087962962962965
587944.9000000022,Move,0.24739583333333334,0.40162037037037035
587952.6999999993,Move,0.232421875,0.3888888888888889
587960.1999999993,Move,0.21744791666666666,0.36689814814814814
587967.1999999993,Move,0.19986979166666666,0.32523148148148145
587974.4000000022,Move,0.19075520833333334,0.2835648148148148
587982.3000000007,Move,0.18619791666666666,0.24305555555555555
587989.1000000015,Move,0.18684895833333334,0.20833333333333334
587996.6000000015,Move,0.19401041666666666,0.1701388888888889
588003.9000000022,Move,0.20247395833333334,0.14814814814814814
588011.1000000015,Move,0.20833333333333334,0.13657407407407407
588018.6999999993,Move,0.220703125,0.12384259259259259
588025.6999999993,Move,0.23828125,0.11458333333333333
588033.6000000015,Move,0.2584635416666667,0.11805555555555555
588040.4000000022,Move,0.287109375,0.13773148148148148
588048,Move,0.30859375,0.16550925925925927
588055.5,Move,0.3248697916666667,0.19791666666666666
588062.6999999993,Move,0.3470052083333333,0.2488425925925926
588070.4000000022,Move,0.3619791666666667,0.30092592592592593
588076.9000000022,Move,0.3717447916666667,0.3460648148148148
588084.6999999993,Move,0.375,0.3784722222222222
588091.6999999993,Move,0.3756510416666667,0.41087962962962965
588099,Move,0.3743489583333333,0.4351851851851852
588106.4000000022,Move,0.37109375,0.4548611111111111
588114.4000000022,Move,0.3658854166666667,0.46296296296296297
588121.5,Move,0.3587239583333333,0.47337962962962965
588128.9000000022,Move,0.3444010416666667,0.4826388888888889
588136,Move,0.3229166666666667,0.4826388888888889
588143.5,Move,0.3001302083333333,0.4710648148148148
588151.3000000007,Move,0.2740885416666667,0.4444444444444444
588158.4000000022,Move,0.25390625,0.41203703703703703
588165.4000000022,Move,0.234375,0.3738425925925926
588172.8000000007,Move,0.212890625,0.3113425925925926
588180.1999999993,Move,0.20182291666666666,0.2662037037037037
588188.1000000015,Move,0.197265625,0.22916666666666666
588195.3000000007,Move,0.197265625,0.19791666666666666
588202.5,Move,0.19986979166666666,0.17592592592592593
588209.5,Move,0.20638020833333334,0.15162037037037038
588217.1000000015,Move,0.21158854166666666,0.14467592592592593
588224.1000000015,Move,0.21940104166666666,0.13657407407407407
588232.5,Move,0.23958333333333334,0.13425925925925927
588239,Move,0.2610677083333333,0.14583333333333334
588247,Move,0.2903645833333333,0.17592592592592593
588253.4000000022,Move,0.3125,0.2152777777777778
588261.1999999993,Move,0.3359375,0.2662037037037037
588268.8000000007,Move,0.357421875,0.33217592592592593
588275.6999999993,Move,0.3704427083333333,0.38310185185185186
588283.5,Move,0.3802083333333333,0.4340277777777778
588290.3000000007,Move,0.384765625,0.4675925925925926
588297.8000000007,Move,0.384765625,0.4965277777777778
588304.9000000022,Move,0.3834635416666667,0.5138888888888888
588312.5,Move,0.3802083333333333,0.5266203703703703
588319.9000000022,Move,0.3756510416666667,0.5358796296296297
588327.3000000007,Move,0.36328125,0.5474537037037037
588334.6000000015,Move,0.34375,0.5578703703703703
588342,Move,0.3209635416666667,0.5578703703703703
588349.4000000022,Move,0.2955729166666667,0.5405092592592593
588356.5,Move,0.2701822916666667,0.5173611111111112
588364.1000000015,Move,0.2506510416666667,0.49421296296296297
588371.6999999993,Move,0.22981770833333334,0.4548611111111111
588378.9000000022,Move,0.21549479166666666,0.4201388888888889
588386,Move,0.20442708333333334,0.36342592592592593
588393.4000000022,Move,0.20182291666666666,0.32175925925925924
588401,Move,0.205078125,0.2847222222222222
588408.1999999993,Move,0.21549479166666666,0.2488425925925926
588415.4000000022,Move,0.228515625,0.22453703703703703
588422.8000000007,Move,0.2584635416666667,0.1875
588430.1999999993,Move,0.28515625,0.1724537037037037
588437.6000000015,Move,0.3209635416666667,0.1701388888888889
588444.6999999993,Move,0.349609375,0.17592592592592593
588452.1000000015,Move,0.3834635416666667,0.19675925925925927
588459.4000000022,Move,0.4029947916666667,0.21643518518518517
588467,Move,0.4225260416666667,0.24189814814814814
588474.1999999993,Move,0.4342447916666667,0.26273148148148145
588481.6999999993,Move,0.4453125,0.29282407407407407
588488.9000000022,Move,0.451171875,0.3229166666666667
588496.5,Move,0.4524739583333333,0.3460648148148148
588503.6000000015,Move,0.4498697916666667,0.3611111111111111
588510.9000000022,Move,0.4446614583333333,0.3784722222222222
588518.6999999993,Move,0.4329427083333333,0.39467592592592593
588525.4000000022,Move,0.4075520833333333,0.4166666666666667
588533.1000000015,Move,0.3723958333333333,0.43287037037037035
588540.1000000015,Move,0.3346354166666667,0.44212962962962965
588547.6000000015,Move,0.2942708333333333,0.44212962962962965
588554.8000000007,Move,0.2604166666666667,0.4386574074074074
588562,Move,0.232421875,0.42939814814814814
588569.6000000015,Move,0.20638020833333334,0.41435185185185186
588576.4000000022,Move,0.18880208333333334,0.39467592592592593
588583.9000000022,Move,0.18033854166666666,0.3819444444444444
588591.1999999993,Move,0.17317708333333334,0.3680555555555556
588599,Move,0.166015625,0.33796296296296297
588605.6999999993,Move,0.16471354166666666,0.32060185185185186
588614,Move,0.166015625,0.30671296296296297
588620.6000000015,Move,0.17252604166666666,0.28935185185185186
588627.9000000022,Move,0.18684895833333334,0.26851851851851855
588635.3000000007,Move,0.22200520833333334,0.23032407407407407
588642.9000000022,Move,0.2662760416666667,0.20601851851851852
588650,Move,0.3020833333333333,0.19907407407407407
588657.3000000007,Move,0.3391927083333333,0.19907407407407407
588664.6999999993,Move,0.361328125,0.20717592592592593
588671.9000000022,Move,0.38671875,0.22569444444444445
588679.5,Move,0.4010416666666667,0.24421296296296297
588686.4000000022,Move,0.4108072916666667,0.2673611111111111
588694.1000000015,Move,0.4225260416666667,0.30092592592592593
588701.1999999993,Move,0.4290364583333333,0.33564814814814814
588708.8000000007,Move,0.4309895833333333,0.36921296296296297
588716,Move,0.4290364583333333,0.3923611111111111
588723.4000000022,Move,0.4283854166666667,0.40046296296296297
588730.9000000022,Move,0.4192708333333333,0.41898148148148145
588738.6000000015,Move,0.4010416666666667,0.44560185185185186
588745.8000000007,Move,0.376953125,0.4664351851851852
588753.4000000022,Move,0.3444010416666667,0.47800925925925924
588760.5,Move,0.3118489583333333,0.4756944444444444
588768.4000000022,Move,0.28125,0.4699074074074074
588775.5,Move,0.2578125,0.4548611111111111
588782.8000000007,Move,0.234375,0.4363425925925926
588789.9000000022,Move,0.216796875,0.41435185185185186
588797.6000000015,Move,0.20442708333333334,0.39351851851851855
588804.8000000007,Move,0.19596354166666666,0.3680555555555556
588812.1000000015,Move,0.18619791666666666,0.3263888888888889
588819.6999999993,Move,0.185546875,0.29398148148148145
588826.9000000022,Move,0.19010416666666666,0.2604166666666667
588834.5,Move,0.19986979166666666,0.22106481481481483
588841.5,Move,0.21484375,0.19560185185185186
588849.1999999993,Move,0.24609375,0.15856481481481483
588856,Move,0.283203125,0.13773148148148148
588863.4000000022,Move,0.3170572916666667,0.13310185185185186
588871.3000000007,Move,0.35546875,0.1412037037037037
588878.1000000015,Move,0.3854166666666667,0.16203703703703703
588885.6999999993,Move,0.412109375,0.19328703703703703
588893.5,Move,0.4290364583333333,0.22106481481481483
588900.8000000007,Move,0.4498697916666667,0.2743055555555556
588907.9000000022,Move,0.4654947916666667,0.3263888888888889
588915.3000000007,Move,0.4739583333333333,0.3773148148148148
588922.4000000022,Move,0.478515625,0.41435185185185186
588930.3000000007,Move,0.478515625,0.44560185185185186
588937.1999999993,Move,0.474609375,0.4710648148148148
588944.4000000022,Move,0.4694010416666667,0.49074074074074076
588951.6000000015,Move,0.4609375,0.5057870370370371
588959,Move,0.4466145833333333,0.5219907407407407
588966.3000000007,Move,0.4303385416666667,0.5335648148148148
588973.3000000007,Move,0.408203125,0.5370370370370371
588980.9000000022,Move,0.390625,0.5358796296296297
588988.5,Move,0.3704427083333333,0.5196759259259259
588995.5,Move,0.353515625,0.4965277777777778
589003.1999999993,Move,0.3359375,0.46064814814814814
589010.4000000022,Move,0.3177083333333333,0.4039351851851852
589017.6000000015,Move,0.306640625,0.3599537037037037
589024.9000000022,Move,0.3014322916666667,0.2951388888888889
589032.4000000022,Move,0.302734375,0.2569444444444444
589039.3000000007,Move,0.3079427083333333,0.21296296296296297
589047.1000000015,Move,0.3196614583333333,0.17708333333333334
589054.1999999993,Move,0.3326822916666667,0.15046296296296297
589062.5,Move,0.3502604166666667,0.1284722222222222
589069.3000000007,Move,0.3671875,0.11574074074074074
589077.4000000022,Move,0.3776041666666667,0.11574074074074074
589084.3000000007,Move,0.390625,0.12268518518518519
589091.6000000015,Move,0.4055989583333333,0.14814814814814814
589099,Move,0.421875,0.1909722222222222
589106.1999999993,Move,0.4375,0.2523148148148148
589116.3000000007,Move,0.4388020833333333,0.2604166666666667
589120.8000000007,Move,0.4505208333333333,0.3726851851851852
589128.6999999993,Move,0.4505208333333333,0.4039351851851852
589135.3000000007,Move,0.4485677083333333,0.44907407407407407
589142.9000000022,Move,0.4446614583333333,0.47453703703703703
589150.8000000007,Move,0.4427083333333333,0.48032407407407407
589157.9000000022,Move,0.4342447916666667,0.5
589165.3000000007,Move,0.423828125,0.5104166666666666
589172.1000000015,Move,0.4088541666666667,0.5219907407407407
589180,Move,0.3932291666666667,0.5219907407407407
589187.1000000015,Move,0.3736979166666667,0.5138888888888888
589194.5,Move,0.3600260416666667,0.4988425925925926
589201.5,Move,0.3391927083333333,0.4618055555555556
589208.9000000022,Move,0.3177083333333333,0.4166666666666667
589216.3000000007,Move,0.298828125,0.34953703703703703
589223.6999999993,Move,0.2890625,0.30439814814814814
589231.1999999993,Move,0.2845052083333333,0.2488425925925926
589238.8000000007,Move,0.2845052083333333,0.22106481481481483
589246,Move,0.2858072916666667,0.1909722222222222
589253.3000000007,Move,0.2890625,0.1712962962962963
589260.5,Move,0.2942708333333333,0.1597222222222222
589268.3000000007,Move,0.2981770833333333,0.1527777777777778
589275.5,Move,0.3046875,0.15046296296296297
589283.1000000015,Move,0.314453125,0.15625
589289.9000000022,Move,0.330078125,0.1701388888888889
589297.6999999993,Move,0.34375,0.19212962962962962
589305.1000000015,Move,0.361328125,0.23958333333333334
589312,Move,0.3763020833333333,0.2881944444444444
589320.4000000022,Move,0.3893229166666667,0.35185185185185186
589326.4000000022,Move,0.396484375,0.3923611111111111
589335.1999999993,Move,0.3997395833333333,0.4386574074074074
589341.3000000007,Move,0.3997395833333333,0.4699074074074074
589349.1000000015,Move,0.3984375,0.4849537037037037
589355.9000000022,Move,0.3958333333333333,0.4976851851851852
589363.5,Move,0.3938802083333333,0.5034722222222222
589371,Move,0.390625,0.5104166666666666
589378,Move,0.3841145833333333,0.5150462962962963
589385.6000000015,Move,0.3717447916666667,0.5196759259259259
589393,Move,0.357421875,0.5138888888888888
589400.1999999993,Move,0.3424479166666667,0.4988425925925926
589407.8000000007,Move,0.3209635416666667,0.4537037037037037
589415.3000000007,Move,0.3001302083333333,0.40046296296296297
589422,Move,0.2819010416666667,0.32175925925925924
589430.1999999993,Move,0.2740885416666667,0.25
589436.6999999993,Move,0.2740885416666667,0.1909722222222222
589444.3000000007,Move,0.275390625,0.16435185185185186
589452,Move,0.2766927083333333,0.14351851851851852
589459,Move,0.2799479166666667,0.13194444444444445
589466.4000000022,Move,0.2819010416666667,0.1284722222222222
589473.4000000022,Move,0.2845052083333333,0.125
589481.6000000015,Move,0.2890625,0.12152777777777778
589488.1999999993,Move,0.2981770833333333,0.1261574074074074
589495.6000000015,Move,0.3072916666666667,0.13657407407407407
589503.1000000015,Move,0.3157552083333333,0.15162037037037038
589512,Move,0.3294270833333333,0.1886574074074074
589517.8000000007,Move,0.33984375,0.22800925925925927
589525,Move,0.3483072916666667,0.27199074074074076
589532.5,Move,0.3515625,0.3148148148148148
589539.5,Move,0.3515625,0.3402777777777778
589547.1999999993,Move,0.3502604166666667,0.36342592592592593
589554.6999999993,Move,0.349609375,0.3715277777777778
589562,Move,0.3411458333333333,0.3958333333333333
589569.5,Move,0.333984375,0.40625
589576.8000000007,Move,0.3196614583333333,0.4212962962962963
589584.3000000007,Move,0.3072916666666667,0.4270833333333333
589591.1999999993,Move,0.294921875,0.4270833333333333
589598.6999999993,Move,0.2819010416666667,0.4201388888888889
589605.9000000022,Move,0.2682291666666667,0.4039351851851852
589613.4000000022,Move,0.2578125,0.3854166666666667
589620.8000000007,Move,0.24609375,0.35648148148148145
589628.1000000015,Move,0.23893229166666666,0.3159722222222222
589635.1999999993,Move,0.236328125,0.2916666666666667
589642.5,Move,0.23697916666666666,0.2743055555555556
589649.6000000015,Move,0.2421875,0.2511574074074074
589657,Move,0.248046875,0.2349537037037037
589664.3000000007,Move,0.2552083333333333,0.22453703703703703
589671.9000000022,Move,0.2701822916666667,0.21180555555555555
589679.1000000015,Move,0.2897135416666667,0.2025462962962963
589686.4000000022,Move,0.3118489583333333,0.2037037037037037
589693.5,Move,0.3313802083333333,0.2152777777777778
589701.3000000007,Move,0.3502604166666667,0.2337962962962963
589708.5,Move,0.3645833333333333,0.2511574074074074
589715.8000000007,Move,0.3743489583333333,0.26967592592592593
589723,Move,0.3873697916666667,0.2986111111111111
589730.6000000015,Move,0.3951822916666667,0.3229166666666667
589738.1000000015,Move,0.4010416666666667,0.34375
589745.1999999993,Move,0.4029947916666667,0.36226851851851855
589752.8000000007,Move,0.404296875,0.37962962962962965
589760.4000000022,Move,0.4036458333333333,0.3923611111111111
589768.1000000015,Move,0.4010416666666667,0.3993055555555556
589774.4000000022,Move,0.3958333333333333,0.4074074074074074
589782.6000000015,Move,0.3873697916666667,0.4166666666666667
589789.1000000015,Move,0.3684895833333333,0.42476851851851855
589797,Move,0.3502604166666667,0.42592592592592593
589804.4000000022,Move,0.330078125,0.4224537037037037
589811.5,Move,0.3053385416666667,0.40625
589818.8000000007,Move,0.2838541666666667,0.38310185185185186
589826.3000000007,Move,0.2649739583333333,0.3611111111111111
589834.1000000015,Move,0.24674479166666666,0.33912037037037035
589841.6000000015,Move,0.23502604166666666,0.3159722222222222
589848.6999999993,Move,0.22330729166666666,0.28935185185185186
589855.5,Move,0.216796875,0.27546296296296297
589863.4000000022,Move,0.212890625,0.2662037037037037
589870.4000000022,Move,0.21028645833333334,0.2604166666666667
589877.8000000007,Move,0.208984375,0.25810185185185186
589885.4000000022,Move,0.208984375,0.25578703703703703
589892.5,Move,0.20768229166666666,0.25578703703703703
589907,Move,0.20963541666666666,0.25462962962962965
589914.8000000007,Move,0.21744791666666666,0.25578703703703703
589921.8000000007,Move,0.22981770833333334,0.2662037037037037
589929.6000000015,Move,0.2506510416666667,0.2881944444444444
589936.4000000022,Move,0.2747395833333333,0.3148148148148148
589943.8000000007,Move,0.2962239583333333,0.3425925925925926
589951.6000000015,Move,0.314453125,0.36342592592592593
589960.1999999993,Move,0.330078125,0.38310185185185186
589966.1999999993,Move,0.3391927083333333,0.3923611111111111
589973.1000000015,Move,0.3450520833333333,0.40046296296296297
589981.1999999993,Move,0.3509114583333333,0.4039351851851852
589988.1999999993,Move,0.3548177083333333,0.4074074074074074
589995.3000000007,Move,0.3561197916666667,0.4085648148148148
590002.8000000007,Move,0.3561197916666667,0.4085648148148148
590010,Move,0.3567708333333333,0.40625
590017.3000000007,Move,0.3567708333333333,0.39814814814814814
590025,Move,0.3548177083333333,0.3819444444444444
590032.1999999993,Move,0.3483072916666667,0.36226851851851855
590039.6000000015,Move,0.3326822916666667,0.3275462962962963
590046.9000000022,Move,0.318359375,0.30439814814814814
590054.8000000007,Move,0.298828125,0.2800925925925926
590062.1999999993,Move,0.2825520833333333,0.26157407407407407
590069.6000000015,Move,0.265625,0.2465277777777778
590076.1999999993,Move,0.2552083333333333,0.24189814814814814
590083.8000000007,Move,0.2513020833333333,0.24074074074074073
590090.9000000022,Move,0.24283854166666666,0.23958333333333334
590098.6000000015,Move,0.240234375,0.23958333333333334
590105.5,Move,0.23567708333333334,0.24305555555555555
590113.3000000007,Move,0.23177083333333334,0.2465277777777778
590120.6000000015,Move,0.22981770833333334,0.2488425925925926
590127.6999999993,Move,0.228515625,0.2638888888888889
590135.5,Move,0.22916666666666666,0.28125
590142.4000000022,Move,0.232421875,0.2974537037037037
590150.5,Move,0.24283854166666666,0.32523148148148145
590157,Move,0.26171875,0.35648148148148145
590164.8000000007,Move,0.296875,0.40046296296296297
590172.1999999993,Move,0.3274739583333333,0.4270833333333333
590179.6000000015,Move,0.361328125,0.44560185185185186
590186.9000000022,Move,0.3873697916666667,0.4583333333333333
590193.9000000022,Move,0.408203125,0.46412037037037035
590201.1999999993,Move,0.423828125,0.46412037037037035
590208.6000000015,Move,0.4361979166666667,0.46064814814814814
590216.3000000007,Move,0.4459635416666667,0.4513888888888889
590223.3000000007,Move,0.4518229166666667,0.4398148148148148
590231.1000000015,Move,0.4583333333333333,0.4166666666666667
590238.1000000015,Move,0.4583333333333333,0.38425925925925924
590245.3000000007,Move,0.4505208333333333,0.3460648148148148
590253.1000000015,Move,0.435546875,0.3136574074074074
590260.4000000022,Move,0.404296875,0.2743055555555556
590267.5,Move,0.35546875,0.23032407407407407
590275.1999999993,Move,0.3118489583333333,0.20833333333333334
590282.4000000022,Move,0.2740885416666667,0.2037037037037037
590289.3000000007,Move,0.240234375,0.21064814814814814
590296.5,Move,0.21549479166666666,0.22337962962962962
590304.6000000015,Move,0.1953125,0.2349537037037037
590312.3000000007,Move,0.19075520833333334,0.23842592592592593
590319.3000000007,Move,0.17903645833333334,0.25578703703703703
590327,Move,0.17317708333333334,0.26967592592592593
590333.8000000007,Move,0.17122395833333334,0.28125
590340.8000000007,Move,0.17122395833333334,0.2974537037037037
590348.4000000022,Move,0.17838541666666666,0.3275462962962963
590355.5,Move,0.19205729166666666,0.3541666666666667
590363.3000000007,Move,0.224609375,0.3993055555555556
590370.6000000015,Move,0.2727864583333333,0.44560185185185186
590377.5,Move,0.3131510416666667,0.4791666666666667
590384.9000000022,Move,0.3515625,0.5011574074074074
590392.4000000022,Move,0.3828125,0.5115740740740741
590400.1999999993,Move,0.4114583333333333,0.5104166666666666
590407,Move,0.4348958333333333,0.4930555555555556
590414.8000000007,Move,0.4524739583333333,0.4722222222222222
590422.1999999993,Move,0.4713541666666667,0.4305555555555556
590429.5,Move,0.4830729166666667,0.36689814814814814
590436.6000000015,Move,0.4778645833333333,0.30324074074074076
590443.8000000007,Move,0.462890625,0.2511574074074074
590451.3000000007,Move,0.4368489583333333,0.2048611111111111
590458.5,Move,0.392578125,0.14699074074074073
590466.1000000015,Move,0.3463541666666667,0.1087962962962963
590503.1999999993,Move,0.232421875,0.11226851851851852
590509.6999999993,Move,0.22005208333333334,0.13657407407407407
590517.3000000007,Move,0.20768229166666666,0.18518518518518517
590524.5,Move,0.20182291666666666,0.24074074074074073
590532,Move,0.20182291666666666,0.2974537037037037
590539.1000000015,Move,0.20768229166666666,0.35532407407407407
590546.5,Move,0.2265625,0.4166666666666667
590553.9000000022,Move,0.24544270833333334,0.4618055555555556
590561.3000000007,Move,0.2838541666666667,0.5104166666666666
590569,Move,0.3203125,0.5497685185185185
590576.1999999993,Move,0.3619791666666667,0.5868055555555556
590598.8000000007,Move,0.447265625,0.5868055555555556
590605.3000000007,Move,0.470703125,0.5543981481481481
590613.1999999993,Move,0.49609375,0.49074074074074076
590620.4000000022,Move,0.5084635416666666,0.42476851851851855
590627.6999999993,Move,0.5045572916666666,0.3645833333333333
590635.1000000015,Move,0.4837239583333333,0.29398148148148145
590642.5,Move,0.4602864583333333,0.25810185185185186
590649.9000000022,Move,0.4153645833333333,0.21296296296296297
590656.6000000015,Move,0.3815104166666667,0.19212962962962962
590664.5,Move,0.3541666666666667,0.1863425925925926
590672.1000000015,Move,0.3313802083333333,0.1863425925925926
590679.1999999993,Move,0.3170572916666667,0.1909722222222222
590686.1000000015,Move,0.3131510416666667,0.1909722222222222
590694,Move,0.302734375,0.20717592592592593
590701.3000000007,Move,0.2936197916666667,0.22685185185185186
590708.1999999993,Move,0.2845052083333333,0.2488425925925926
590715.6999999993,Move,0.279296875,0.27199074074074076
590722.8000000007,Move,0.271484375,0.3020833333333333
590730.9000000022,Move,0.2682291666666667,0.32060185185185186
590737.6999999993,Move,0.2662760416666667,0.33912037037037035
590744.5,Released,0.2662760416666667,0.33912037037037035
592355.4000000022,Released,0.2975260416666667,0.6041666666666666