resolution:1536,864
26955.400000002235,Pressed,0.4615885416666667,0.18055555555555555
27102.10000000149,Move,0.4518229166666667,0.17708333333333334
27108.199999999255,Move,0.4264322916666667,0.1724537037037037
27130.60000000149,Move,0.369140625,0.18518518518518517
27145.699999999255,Move,0.349609375,0.19791666666666666
27160,Move,0.3365885416666667,0.22106481481481483
27175.199999999255,Move,0.328125,0.27199074074074076
27196.699999999255,Move,0.3509114583333333,0.4039351851851852
27211.199999999255,Move,0.388671875,0.49189814814814814
27226,Move,0.439453125,0.5740740740740741
27292.60000000149,Move,0.6204427083333334,0.5277777777777778
27313.60000000149,Move,0.6555989583333334,0.3715277777777778
27328.5,Move,0.65234375,0.2881944444444444
27343.10000000149,Move,0.6373697916666666,0.22569444444444445
27364.60000000149,Move,0.5944010416666666,0.15046296296296297
27379.199999999255,Move,0.5462239583333334,0.11689814814814815
27409,Move,0.44921875,0.11226851851851852
27431.199999999255,Move,0.4036458333333333,0.1400462962962963
27446.199999999255,Move,0.384765625,0.16550925925925927
27461.10000000149,Move,0.3626302083333333,0.22569444444444445
27475.60000000149,Move,0.34765625,0.3113425925925926
27497.400000002235,Move,0.357421875,0.4340277777777778
27512.60000000149,Move,0.3821614583333333,0.5081018518518519
27526.800000000745,Move,0.421875,0.5729166666666666
27592.800000000745,Move,0.5944010416666666,0.5787037037037037
27607.699999999255,Move,0.62109375,0.5034722222222222
27630,Move,0.6380208333333334,0.35300925925925924
27644.199999999255,Move,0.6334635416666666,0.24421296296296297
27659.300000000745,Move,0.61328125,0.1400462962962963
27814.400000002235,Move,0.396484375,0.16087962962962962
27828.5,Move,0.4069010416666667,0.22337962962962962
27842.800000000745,Move,0.4348958333333333,0.30671296296296297
27858,Move,0.4720052083333333,0.3819444444444444
27879.900000002235,Move,0.5475260416666666,0.4895833333333333
27894.699999999255,Move,0.595703125,0.53125
27909.199999999255,Move,0.6328125,0.5381944444444444
27930.699999999255,Move,0.6725260416666666,0.5104166666666666
27945.800000000745,Move,0.6888020833333334,0.4664351851851852
27960.900000002235,Move,0.697265625,0.3784722222222222
27975.300000000745,Move,0.6868489583333334,0.28587962962962965
27997.5,Move,0.6419270833333334,0.16898148148148148
28107.900000002235,Move,0.380859375,0.1087962962962963
28129.199999999255,Move,0.380859375,0.2152777777777778
28144.199999999255,Move,0.4016927083333333,0.29976851851851855
28159,Move,0.431640625,0.38657407407407407
28180.800000000745,Move,0.4837239583333333,0.48148148148148145
28195.60000000149,Move,0.513671875,0.5138888888888888
28210.5,Move,0.5384114583333334,0.5254629629629629
28225.300000000745,Move,0.5572916666666666,0.5150462962962963
28247.199999999255,Move,0.5970052083333334,0.4039351851851852
28261.300000000745,Move,0.607421875,0.3020833333333333
28276.5,Move,0.599609375,0.22800925925925927
28291.199999999255,Move,0.5787760416666666,0.16087962962962962
28312.800000000745,Move,0.5397135416666666,0.11574074074074074
28328,Move,0.4967447916666667,0.10416666666666667
28342.199999999255,Move,0.4498697916666667,0.1076388888888889
28364.699999999255,Move,0.4088541666666667,0.13194444444444445
28379.400000002235,Move,0.396484375,0.14583333333333334
28393.900000002235,Move,0.3919270833333333,0.15856481481481483
28408.900000002235,Move,0.388671875,0.18055555555555555
28430.699999999255,Move,0.3997395833333333,0.2349537037037037
28445.300000000745,Move,0.4231770833333333,0.2916666666666667
28460.10000000149,Move,0.4622395833333333,0.35532407407407407
28475,Move,0.5052083333333334,0.41435185185185186
28496.60000000149,Move,0.5618489583333334,0.4548611111111111
28511.699999999255,Move,0.58984375,0.45717592592592593
28526.10000000149,Move,0.6106770833333334,0.4363425925925926
28548.10000000149,Move,0.63671875,0.33796296296296297
28563.300000000745,Move,0.63671875,0.2534722222222222
28577.60000000149,Move,0.62109375,0.19907407407407407
28592.400000002235,Move,0.5970052083333334,0.15162037037037038
28629,Move,0.474609375,0.10532407407407407
28643.400000002235,Move,0.4264322916666667,0.13541666666666666
28658,Move,0.388671875,0.1701388888888889
28680.199999999255,Move,0.3587239583333333,0.22106481481481483
28695.199999999255,Move,0.3444010416666667,0.26967592592592593
28709.699999999255,Move,0.3391927083333333,0.3263888888888889
28731.699999999255,Move,0.353515625,0.4236111111111111
28747,Move,0.3756510416666667,0.49189814814814814
28753.199999999255,Move,0.3873697916666667,0.5127314814814815
28775.300000000745,Move,0.4446614583333333,0.5798611111111112
28812.60000000149,Move,0.5377604166666666,0.5729166666666666
28827.300000000745,Move,0.5703125,0.5162037037037037
28842,Move,0.595703125,0.42476851851851855
28863.5,Move,0.5970052083333334,0.28935185185185186
28878.800000000745,Move,0.58203125,0.21296296296296297
28893.699999999255,Move,0.560546875,0.16898148148148148
28908.10000000149,Move,0.5221354166666666,0.1284722222222222
28930.199999999255,Move,0.4576822916666667,0.125
28944.400000002235,Move,0.4231770833333333,0.14467592592592593
28959.199999999255,Move,0.400390625,0.16898148148148148
28973.400000002235,Move,0.388671875,0.1909722222222222
28996.300000000745,Move,0.3782552083333333,0.24074074074074073
29010.800000000745,Move,0.3815104166666667,0.2824074074074074
29025.800000000745,Move,0.3977864583333333,0.3449074074074074
29047.699999999255,Move,0.4361979166666667,0.42476851851851855
29062.300000000745,Move,0.4733072916666667,0.4664351851851852
29077,Move,0.5188802083333334,0.48842592592592593
29091.699999999255,Move,0.5618489583333334,0.48726851851851855
29113.800000000745,Move,0.6009114583333334,0.4548611111111111
29128.5,Move,0.6165364583333334,0.4097222222222222
29143.400000002235,Move,0.6276041666666666,0.3298611111111111
29157.800000000745,Move,0.6178385416666666,0.23958333333333334
29180,Move,0.5826822916666666,0.14583333333333334
29194.5,Move,0.5475260416666666,0.1087962962962963
29231.699999999255,Move,0.4388020833333333,0.11689814814814815
29245.900000002235,Move,0.4095052083333333,0.14699074074074073
29260.60000000149,Move,0.3977864583333333,0.16319444444444445
29275.10000000149,Move,0.3893229166666667,0.19791666666666666
29296.699999999255,Move,0.392578125,0.2789351851851852
29311.300000000745,Move,0.4095052083333333,0.33912037037037035
29326.800000000745,Move,0.431640625,0.39699074074074076
29341.300000000745,Move,0.462890625,0.44212962962962965
29363.300000000745,Move,0.5149739583333334,0.47453703703703703
29378,Move,0.5462239583333334,0.4699074074074074
29392.699999999255,Move,0.568359375,0.4479166666666667
29407.300000000745,Move,0.5911458333333334,0.3900462962962963
29429.400000002235,Move,0.6028645833333334,0.23842592592592593
29444.5,Move,0.5891927083333334,0.15856481481481483
29458.199999999255,Move,0.5690104166666666,0.1076388888888889
29510.199999999255,Move,0.4479166666666667,0.11342592592592593
29525,Move,0.4147135416666667,0.1412037037037037
29546.800000000745,Move,0.3977864583333333,0.1736111111111111
29561.60000000149,Move,0.390625,0.21180555555555555
29576.199999999255,Move,0.3938802083333333,0.2662037037037037
29598.300000000745,Move,0.4192708333333333,0.35300925925925924
29612.900000002235,Move,0.4446614583333333,0.4039351851851852
29627.800000000745,Move,0.482421875,0.4525462962962963
29642.60000000149,Move,0.5299479166666666,0.48032407407407407
29664.400000002235,Move,0.5865885416666666,0.4618055555555556
29679.300000000745,Move,0.611328125,0.43287037037037035
29694.10000000149,Move,0.62890625,0.38310185185185186
29708.800000000745,Move,0.634765625,0.33101851851851855
29730.800000000745,Move,0.6119791666666666,0.24074074074074073
29745.300000000745,Move,0.5807291666666666,0.18287037037037038
29760.199999999255,Move,0.5397135416666666,0.14930555555555555
29775,Move,0.5013020833333334,0.1423611111111111
29796.60000000149,Move,0.443359375,0.1701388888888889
29811.400000002235,Move,0.416015625,0.19328703703703703
29825.900000002235,Move,0.4049479166666667,0.20717592592592593
29847.900000002235,Move,0.3951822916666667,0.25578703703703703
29863.199999999255,Move,0.3984375,0.30787037037037035
29877.5,Move,0.4127604166666667,0.3645833333333333
29892.10000000149,Move,0.4342447916666667,0.4270833333333333
29914.400000002235,Move,0.4791666666666667,0.49421296296296297
29928.699999999255,Move,0.5143229166666666,0.5208333333333334
29943.300000000745,Move,0.548828125,0.5243055555555556
29957.900000002235,Move,0.5813802083333334,0.5034722222222222
29980.400000002235,Move,0.6087239583333334,0.4479166666666667
29995.10000000149,Move,0.6197916666666666,0.38773148148148145
30010,Move,0.6171875,0.3194444444444444
30031.699999999255,Move,0.587890625,0.22569444444444445
30046.10000000149,Move,0.548828125,0.1840277777777778
30061.199999999255,Move,0.4928385416666667,0.17939814814814814
30075.800000000745,Move,0.4290364583333333,0.21064814814814814
30097.900000002235,Move,0.3541666666666667,0.29050925925925924
30112.5,Move,0.333984375,0.32060185185185186
30126.900000002235,Move,0.3235677083333333,0.3472222222222222
30142.10000000149,Move,0.3209635416666667,0.3761574074074074
30164.10000000149,Move,0.3326822916666667,0.4270833333333333
30178.60000000149,Move,0.3671875,0.47337962962962965
30193.300000000745,Move,0.423828125,0.5196759259259259
30208,Move,0.4817708333333333,0.5370370370370371
30230.300000000745,Move,0.5540364583333334,0.5173611111111112
30245.10000000149,Move,0.5826822916666666,0.4930555555555556
30259.5,Move,0.5983072916666666,0.4652777777777778
30281.5,Move,0.607421875,0.38310185185185186
30296.800000000745,Move,0.5963541666666666,0.3125
30310.199999999255,Move,0.5709635416666666,0.25462962962962965
30325.699999999255,Move,0.5227864583333334,0.20601851851851852
30348,Move,0.4205729166666667,0.21412037037037038
30361.699999999255,Move,0.3678385416666667,0.25810185185185186
30376.800000000745,Move,0.3430989583333333,0.2916666666666667
30391.900000002235,Move,0.3326822916666667,0.31828703703703703
30413.300000000745,Move,0.3326822916666667,0.36226851851851855
30428.400000002235,Move,0.3463541666666667,0.3923611111111111
30442.900000002235,Move,0.3919270833333333,0.44328703703703703
30464.800000000745,Move,0.4869791666666667,0.48842592592592593
30479.300000000745,Move,0.544921875,0.4756944444444444
30495,Move,0.583984375,0.44328703703703703
30509.300000000745,Move,0.6022135416666666,0.39699074074074076
30531.300000000745,Move,0.5970052083333334,0.2986111111111111
30545.699999999255,Move,0.5690104166666666,0.23958333333333334
30560.60000000149,Move,0.5104166666666666,0.1863425925925926
30575.5,Move,0.4641927083333333,0.1840277777777778
30597.300000000745,Move,0.423828125,0.2175925925925926
30611.900000002235,Move,0.412109375,0.24537037037037038
30626.699999999255,Move,0.4088541666666667,0.29282407407407407
30648.10000000149,Move,0.4270833333333333,0.3715277777777778
30655.800000000745,Move,0.4407552083333333,0.3958333333333333
30677.699999999255,Move,0.5,0.47453703703703703
30692.400000002235,Move,0.537109375,0.4930555555555556
30714.699999999255,Move,0.5774739583333334,0.4756944444444444
30729.800000000745,Move,0.591796875,0.44328703703703703
30744.300000000745,Move,0.599609375,0.37962962962962965
30759,Move,0.5833333333333334,0.31712962962962965
30780.800000000745,Move,0.5305989583333334,0.24421296296296297
30795.60000000149,Move,0.4869791666666667,0.22800925925925927
30810,Move,0.4602864583333333,0.2326388888888889
30825.300000000745,Move,0.44921875,0.24537037037037038
30846.900000002235,Move,0.439453125,0.3055555555555556
30861.400000002235,Move,0.4446614583333333,0.36342592592592593
30876.5,Move,0.462890625,0.42939814814814814
30898.199999999255,Move,0.4934895833333333,0.4861111111111111
30912.800000000745,Move,0.5240885416666666,0.5127314814814815
30927.699999999255,Move,0.5598958333333334,0.5034722222222222
30942.60000000149,Move,0.6002604166666666,0.44328703703703703
30964.300000000745,Move,0.6341145833333334,0.2824074074074074
30979.5,Move,0.6223958333333334,0.17476851851851852
31045.5,Move,0.4453125,0.11689814814814815
31059.800000000745,Move,0.4147135416666667,0.2013888888888889
31074.60000000149,Move,0.4029947916666667,0.2824074074074074
31096.699999999255,Move,0.4114583333333333,0.3819444444444444
31111.199999999255,Move,0.4270833333333333,0.4201388888888889
31126.300000000745,Move,0.4446614583333333,0.44907407407407407
31148.199999999255,Move,0.470703125,0.46412037037037035
31162.800000000745,Move,0.5006510416666666,0.4375
31177.800000000745,Move,0.537109375,0.3402777777777778
31192.5,Move,0.5540364583333334,0.22569444444444445
31295,Move,0.3834635416666667,0.1550925925925926
31309.199999999255,Move,0.3860677083333333,0.21412037037037038
31331.800000000745,Move,0.416015625,0.30324074074074076
31346.60000000149,Move,0.4498697916666667,0.3599537037037037
31361,Move,0.49609375,0.39699074074074076
31376,Move,0.548828125,0.3923611111111111
31397.800000000745,Move,0.6119791666666666,0.3402777777777778
31412.5,Move,0.6321614583333334,0.28935185185185186
31426.900000002235,Move,0.6393229166666666,0.22337962962962962
31442,Move,0.6256510416666666,0.16435185185185186
31529.199999999255,Move,0.455078125,0.13310185185185186
31544.400000002235,Move,0.453125,0.18518518518518517
31559.5,Move,0.4615885416666667,0.2326388888888889
31581.300000000745,Move,0.4928385416666667,0.2974537037037037
31595.60000000149,Move,0.5345052083333334,0.32523148148148145
31610.800000000745,Move,0.576171875,0.3287037037037037
31625.300000000745,Move,0.6048177083333334,0.3148148148148148
31647.5,Move,0.62109375,0.27546296296296297
31662.300000000745,Move,0.619140625,0.23148148148148148
31676.699999999255,Move,0.5989583333333334,0.19907407407407407
31691.400000002235,Move,0.5475260416666666,0.1724537037037037
31714.10000000149,Move,0.4817708333333333,0.2048611111111111
31727.60000000149,Move,0.4524739583333333,0.2465277777777778
31745.60000000149,Move,0.43359375,0.29398148148148145
31764.400000002235,Move,0.4290364583333333,0.35185185185185186
31779,Move,0.4348958333333333,0.3819444444444444
31794.60000000149,Move,0.4427083333333333,0.4085648148148148
31809.199999999255,Move,0.45703125,0.43287037037037035
31830,Move,0.4889322916666667,0.4444444444444444
31846,Move,0.517578125,0.42592592592592593
31860.900000002235,Move,0.5345052083333334,0.3923611111111111
31875.5,Move,0.5455729166666666,0.3368055555555556
31897.400000002235,Move,0.5423177083333334,0.28587962962962965
31912.10000000149,Move,0.525390625,0.2511574074074074
31926.60000000149,Move,0.505859375,0.23032407407407407
31948.199999999255,Move,0.4811197916666667,0.2349537037037037
31963.300000000745,Move,0.4700520833333333,0.2488425925925926
31977.800000000745,Move,0.4615885416666667,0.26273148148148145
31992.300000000745,Move,0.4557291666666667,0.2916666666666667
32007.699999999255,Move,0.4563802083333333,0.32523148148148145
32029.400000002235,Move,0.466796875,0.3715277777777778
32044.199999999255,Move,0.4778645833333333,0.39467592592592593
32059.10000000149,Move,0.494140625,0.4097222222222222
32080.300000000745,Move,0.5442708333333334,0.40625
32095.5,Move,0.5625,0.38078703703703703
32110.300000000745,Move,0.5709635416666666,0.35532407407407407
32125.10000000149,Move,0.5735677083333334,0.3136574074074074
32146.60000000149,Move,0.5546875,0.27199074074074076
32161.699999999255,Move,0.50390625,0.2361111111111111
32176.400000002235,Move,0.4563802083333333,0.24074074074074073
32198.10000000149,Move,0.4010416666666667,0.2824074074074074
32213,Move,0.3834635416666667,0.30787037037037035
32227.699999999255,Move,0.3743489583333333,0.33449074074074076
32242.5,Move,0.37109375,0.36342592592592593
32264.5,Move,0.380859375,0.41087962962962965
32279,Move,0.396484375,0.44328703703703703
32293.60000000149,Move,0.40234375,0.45601851851851855
32300.199999999255,Released,0.40234375,0.45601851851851855
33007.699999999255,Pressed,0.4329427083333333,0.5277777777777778
33160.900000002235,Move,0.4283854166666667,0.5150462962962963
33167.800000000745,Move,0.4186197916666667,0.48726851851851855
33189.900000002235,Move,0.390625,0.3900462962962963
33204.699999999255,Move,0.3795572916666667,0.33796296296296297
33219.5,Move,0.3763020833333333,0.3055555555555556
33234,Move,0.3763020833333333,0.28125
33256.60000000149,Move,0.3821614583333333,0.25462962962962965
33271,Move,0.3912760416666667,0.24074074074074073
33285.5,Move,0.4186197916666667,0.22337962962962962
33300.400000002235,Move,0.447265625,0.2222222222222222
33321.699999999255,Move,0.498046875,0.2326388888888889
33336.800000000745,Move,0.525390625,0.24421296296296297
33351.60000000149,Move,0.5462239583333334,0.25810185185185186
33366.199999999255,Move,0.560546875,0.28125
33388.5,Move,0.5787760416666666,0.3506944444444444
33403.400000002235,Move,0.58203125,0.39814814814814814
33417.699999999255,Move,0.5807291666666666,0.44675925925925924
33439.699999999255,Move,0.5572916666666666,0.5219907407407407
33454.300000000745,Move,0.5299479166666666,0.5706018518518519
33549.60000000149,Move,0.38671875,0.5590277777777778
33572.300000000745,Move,0.3834635416666667,0.49421296296296297
33586.400000002235,Move,0.3938802083333333,0.42824074074074076
33601.800000000745,Move,0.416015625,0.35532407407407407
33615.900000002235,Move,0.4446614583333333,0.2847222222222222
33638.10000000149,Move,0.5,0.21412037037037038
33652.800000000745,Move,0.5390625,0.19212962962962962
33667.5,Move,0.5592447916666666,0.19328703703703703
33689.199999999255,Move,0.578125,0.21064814814814814
33704.400000002235,Move,0.5891927083333334,0.24421296296296297
33718.699999999255,Move,0.5944010416666666,0.2962962962962963
33734.10000000149,Move,0.5930989583333334,0.3576388888888889
33755.300000000745,Move,0.5690104166666666,0.4479166666666667
33770.5,Move,0.5540364583333334,0.4791666666666667
33785.10000000149,Move,0.53125,0.5057870370370371
33799.699999999255,Move,0.515625,0.5115740740740741
33821.5,Move,0.490234375,0.4965277777777778
33836.5,Move,0.47265625,0.4675925925925926
33850.800000000745,Move,0.447265625,0.4039351851851852
33873,Move,0.4290364583333333,0.2916666666666667
33887.699999999255,Move,0.4283854166666667,0.21643518518518517
33902.699999999255,Move,0.439453125,0.14699074074074073
33983.900000002235,Move,0.5670572916666666,0.15625
34004.800000000745,Move,0.5826822916666666,0.3368055555555556
34019.900000002235,Move,0.5755208333333334,0.4270833333333333
34034.5,Move,0.5625,0.4976851851851852
34056.699999999255,Move,0.5397135416666666,0.5509259259259259
34071.400000002235,Move,0.5234375,0.5636574074074074
34086.10000000149,Move,0.50390625,0.5590277777777778
34100.10000000149,Move,0.482421875,0.5381944444444444
34122.800000000745,Move,0.451171875,0.4756944444444444
34137.5,Move,0.4407552083333333,0.4375
34151.900000002235,Move,0.435546875,0.40046296296296297
34166.800000000745,Move,0.4401041666666667,0.36921296296296297
34189,Move,0.4791666666666667,0.30671296296296297
34203.699999999255,Move,0.537109375,0.2662037037037037
34218.199999999255,Move,0.58203125,0.25925925925925924
34233,Move,0.6178385416666666,0.2800925925925926
34254.800000000745,Move,0.6490885416666666,0.3576388888888889
34269.699999999255,Move,0.65625,0.41898148148148145
34284.199999999255,Move,0.6490885416666666,0.4722222222222222
34306,Move,0.6243489583333334,0.5150462962962963
34320.5,Move,0.583984375,0.5347222222222222
34335.60000000149,Move,0.5455729166666666,0.5335648148148148
34350.300000000745,Move,0.513671875,0.5150462962962963
34372.400000002235,Move,0.4733072916666667,0.4675925925925926
34387.400000002235,Move,0.453125,0.4236111111111111
34401.900000002235,Move,0.4446614583333333,0.3958333333333333
34416.5,Move,0.4453125,0.36921296296296297
34438.5,Move,0.4661458333333333,0.31828703703703703
34453.400000002235,Move,0.5162760416666666,0.27546296296296297
34468,Move,0.5618489583333334,0.2650462962962963
34490,Move,0.60546875,0.2881944444444444
34505.10000000149,Move,0.619140625,0.31828703703703703
34519.800000000745,Move,0.6282552083333334,0.3773148148148148
34534.300000000745,Move,0.625,0.4166666666666667
34548.60000000149,Move,0.6087239583333334,0.4664351851851852
34570.400000002235,Move,0.5618489583333334,0.5150462962962963
34585.5,Move,0.53125,0.5243055555555556
34600.300000000745,Move,0.4973958333333333,0.5162037037037037
34622.199999999255,Move,0.455078125,0.47337962962962965
34636.5,Move,0.4368489583333333,0.4398148148148148
34651.199999999255,Move,0.4251302083333333,0.40046296296296297
34666.10000000149,Move,0.4231770833333333,0.3645833333333333
34688.5,Move,0.4375,0.3090277777777778
34703.300000000745,Move,0.474609375,0.2569444444444444
34717.300000000745,Move,0.5149739583333334,0.22453703703703703
34740.10000000149,Move,0.57421875,0.2511574074074074
34754.400000002235,Move,0.599609375,0.29282407407407407
34770.10000000149,Move,0.623046875,0.3888888888888889
34784,Move,0.6282552083333334,0.48726851851851855
34806.10000000149,Move,0.6041666666666666,0.59375
34887,Move,0.4694010416666667,0.5474537037037037
34901.5,Move,0.451171875,0.4583333333333333
34915.699999999255,Move,0.4479166666666667,0.38078703703703703
34937.800000000745,Move,0.47265625,0.2881944444444444
34953,Move,0.501953125,0.23726851851851852
34967.10000000149,Move,0.548828125,0.19675925925925927
34989.800000000745,Move,0.5970052083333334,0.2013888888888889
35004.10000000149,Move,0.6204427083333334,0.2326388888888889
35018.900000002235,Move,0.6412760416666666,0.32407407407407407
35033.699999999255,Move,0.642578125,0.4166666666666667
35055.699999999255,Move,0.6204427083333334,0.4849537037037037
35070.699999999255,Move,0.58984375,0.5219907407407407
35084.800000000745,Move,0.5651041666666666,0.5347222222222222
35106.900000002235,Move,0.5319010416666666,0.5208333333333334
35121.800000000745,Move,0.5110677083333334,0.49421296296296297
35136.10000000149,Move,0.4934895833333333,0.45949074074074076
35151.199999999255,Move,0.4856770833333333,0.42939814814814814
35172.900000002235,Move,0.4889322916666667,0.39467592592592593
35187.60000000149,Move,0.505859375,0.3726851851851852
35202.900000002235,Move,0.5559895833333334,0.3449074074074074
35217.10000000149,Move,0.6041666666666666,0.34375
35239.60000000149,Move,0.6497395833333334,0.37037037037037035
35253.800000000745,Move,0.6595052083333334,0.39351851851851855
35268.400000002235,Move,0.666015625,0.42939814814814814
35283.400000002235,Move,0.6647135416666666,0.4652777777777778
35304.699999999255,Move,0.63671875,0.4988425925925926
35320.199999999255,Move,0.5944010416666666,0.5104166666666666
35334.800000000745,Move,0.5520833333333334,0.5011574074074074
35348.900000002235,Move,0.513671875,0.47337962962962965
35371.400000002235,Move,0.478515625,0.4166666666666667
35386.400000002235,Move,0.4557291666666667,0.35185185185185186
35400.699999999255,Move,0.4505208333333333,0.3055555555555556
35423,Move,0.4563802083333333,0.2662037037037037
35437.60000000149,Move,0.4752604166666667,0.2488425925925926
35452.199999999255,Move,0.515625,0.24074074074074073
35466.800000000745,Move,0.552734375,0.25925925925925924
35488.800000000745,Move,0.5983072916666666,0.31828703703703703
35503.60000000149,Move,0.6171875,0.3611111111111111
35518.10000000149,Move,0.626953125,0.4097222222222222
35540.199999999255,Move,0.6197916666666666,0.47685185185185186
35555,Move,0.599609375,0.5104166666666666
35569.400000002235,Move,0.5553385416666666,0.5474537037037037
35584.10000000149,Move,0.5279947916666666,0.5555555555555556
35606.199999999255,Move,0.4934895833333333,0.5381944444444444
35620.900000002235,Move,0.48046875,0.5185185185185185
35635.800000000745,Move,0.46875,0.48148148148148145
35650.199999999255,Move,0.466796875,0.45023148148148145
35672.60000000149,Move,0.4817708333333333,0.39467592592592593
35686.800000000745,Move,0.51171875,0.34953703703703703
35701.900000002235,Move,0.5514322916666666,0.3113425925925926
35716.199999999255,Move,0.5774739583333334,0.30671296296296297
35738.400000002235,Move,0.6009114583333334,0.32175925925925924
35753.300000000745,Move,0.609375,0.3449074074074074
35767.800000000745,Move,0.61328125,0.39814814814814814
35782.800000000745,Move,0.60546875,0.45023148148148145
35797.10000000149,Move,0.5891927083333334,0.4826388888888889
35819,Move,0.5345052083333334,0.5219907407407407
35834.400000002235,Move,0.5071614583333334,0.5254629629629629
35856.300000000745,Move,0.4772135416666667,0.5046296296296297
35870.699999999255,Move,0.4563802083333333,0.4722222222222222
35885.300000000745,Move,0.443359375,0.4305555555555556
35900.400000002235,Move,0.4407552083333333,0.38657407407407407
35922.199999999255,Move,0.4602864583333333,0.3125
35936.900000002235,Move,0.4967447916666667,0.25810185185185186
35951.300000000745,Move,0.5592447916666666,0.2037037037037037
35973.10000000149,Move,0.6236979166666666,0.19328703703703703
35988.400000002235,Move,0.642578125,0.20949074074074073
36002.5,Move,0.6490885416666666,0.22106481481481483
36018.300000000745,Move,0.650390625,0.24189814814814814
36039.5,Move,0.6334635416666666,0.2835648148148148
36054.300000000745,Move,0.591796875,0.32060185185185186
36069.199999999255,Move,0.5533854166666666,0.33796296296296297
36083.60000000149,Move,0.513671875,0.33912037037037035
36105.800000000745,Move,0.4654947916666667,0.3125
36120.60000000149,Move,0.4498697916666667,0.28935185185185186
36135.10000000149,Move,0.443359375,0.2650462962962963
36150.300000000745,Move,0.4440104166666667,0.23032407407407407
36171.900000002235,Move,0.4641927083333333,0.1840277777777778
36186.900000002235,Move,0.5052083333333334,0.14583333333333334
36201.5,Move,0.541015625,0.1412037037037037
36223.199999999255,Move,0.5833333333333334,0.2025462962962963
36237.60000000149,Move,0.6080729166666666,0.3287037037037037
36252.300000000745,Move,0.6100260416666666,0.44907407407407407
36266.800000000745,Move,0.6022135416666666,0.5474537037037037
36289.10000000149,Move,0.5852864583333334,0.5960648148148148
36340.300000000745,Move,0.5423177083333334,0.5625
36355.199999999255,Move,0.5279947916666666,0.49537037037037035
36369.60000000149,Move,0.5247395833333334,0.4305555555555556
36385.199999999255,Move,0.5286458333333334,0.3715277777777778
36399.400000002235,Move,0.5403645833333334,0.3368055555555556
36421.60000000149,Move,0.5611979166666666,0.3113425925925926
36436.400000002235,Move,0.578125,0.3125
36450.5,Move,0.5891927083333334,0.33796296296296297
36473,Move,0.6009114583333334,0.48032407407407407
36487.699999999255,Move,0.5904947916666666,0.5474537037037037
36502.199999999255,Move,0.5735677083333334,0.5891203703703703
36568.5,Move,0.494140625,0.5949074074074074
36590.5,Move,0.490234375,0.5543981481481481
36605.199999999255,Move,0.4973958333333333,0.5289351851851852
36620,Move,0.5266927083333334,0.4988425925925926
36634.900000002235,Move,0.5748697916666666,0.4699074074074074
36656.400000002235,Move,0.619140625,0.4675925925925926
36671.699999999255,Move,0.6321614583333334,0.47685185185185186
36686.199999999255,Move,0.6380208333333334,0.4976851851851852
36701,Move,0.6354166666666666,0.5231481481481481
36722.800000000745,Move,0.6100260416666666,0.5578703703703703
36737.199999999255,Move,0.5709635416666666,0.5787037037037037
36752.5,Move,0.5397135416666666,0.5763888888888888
36767.300000000745,Move,0.505859375,0.5555555555555556
36788.800000000745,Move,0.4733072916666667,0.5127314814814815
36803.800000000745,Move,0.455078125,0.46296296296296297
36817.800000000745,Move,0.4505208333333333,0.41550925925925924
36840.300000000745,Move,0.462890625,0.3611111111111111
36854.900000002235,Move,0.4850260416666667,0.3263888888888889
36869.400000002235,Move,0.5188802083333334,0.2962962962962963
36884.400000002235,Move,0.544921875,0.29282407407407407
36906.400000002235,Move,0.5638020833333334,0.3275462962962963
36921.400000002235,Move,0.5813802083333334,0.42592592592592593
36935.900000002235,Move,0.580078125,0.5173611111111112
36950.199999999255,Move,0.5696614583333334,0.5740740740740741
37016.10000000149,Move,0.50390625,0.59375
37038.199999999255,Move,0.4772135416666667,0.5081018518518519
37053.199999999255,Move,0.4752604166666667,0.4479166666666667
37067.60000000149,Move,0.484375,0.3993055555555556
37089.699999999255,Move,0.525390625,0.3229166666666667
37104.699999999255,Move,0.5703125,0.29398148148148145
37119.199999999255,Move,0.5885416666666666,0.2951388888888889
37134.300000000745,Move,0.6041666666666666,0.3113425925925926
37156,Move,0.6145833333333334,0.36226851851851855
37171,Move,0.6087239583333334,0.39467592592592593
37185.5,Move,0.5924479166666666,0.41898148148148145
37200.199999999255,Move,0.5559895833333334,0.43171296296296297
37222.300000000745,Move,0.5006510416666666,0.4236111111111111
37236.5,Move,0.4635416666666667,0.3900462962962963
37250.900000002235,Move,0.4453125,0.36689814814814814
37266,Move,0.4303385416666667,0.3287037037037037
37288,Move,0.4309895833333333,0.2986111111111111
37302.60000000149,Move,0.44921875,0.27546296296296297
37317.800000000745,Move,0.4993489583333333,0.25462962962962965
37339.699999999255,Move,0.5794270833333334,0.26851851851851855
37354.400000002235,Move,0.615234375,0.30324074074074076
37368.800000000745,Move,0.6341145833333334,0.3414351851851852
37384.199999999255,Move,0.6432291666666666,0.38657407407407407
37405.5,Move,0.634765625,0.41898148148148145
37420.199999999255,Move,0.6067708333333334,0.4409722222222222
37435.10000000149,Move,0.576171875,0.44212962962962965
37449.5,Move,0.541015625,0.42592592592592593
37471.800000000745,Move,0.498046875,0.3761574074074074
37486.5,Move,0.4811197916666667,0.3287037037037037
37501.300000000745,Move,0.474609375,0.2974537037037037
37523.199999999255,Move,0.4798177083333333,0.2673611111111111
37537.5,Move,0.4973958333333333,0.24768518518518517
37552.300000000745,Move,0.5397135416666666,0.23958333333333334
37567.10000000149,Move,0.5631510416666666,0.25578703703703703
37589.300000000745,Move,0.580078125,0.2881944444444444
37603.699999999255,Move,0.5826822916666666,0.32407407407407407
37618.5,Move,0.5735677083333334,0.35185185185185186
37633.400000002235,Move,0.5514322916666666,0.3773148148148148
37655.300000000745,Move,0.50390625,0.38773148148148145
37669.699999999255,Move,0.48046875,0.3761574074074074
37684.699999999255,Move,0.466796875,0.36574074074074076
37706.800000000745,Move,0.4563802083333333,0.3449074074074074
37721.5,Move,0.45703125,0.3287037037037037
37735.900000002235,Move,0.4641927083333333,0.3159722222222222
37751.10000000149,Move,0.49609375,0.30092592592592593
37772.400000002235,Move,0.560546875,0.3113425925925926
37787.800000000745,Move,0.5930989583333334,0.3414351851851852
37802.199999999255,Move,0.6028645833333334,0.3576388888888889
37817,Move,0.609375,0.3854166666666667
37839.400000002235,Move,0.6028645833333334,0.4201388888888889
37854.10000000149,Move,0.58203125,0.44212962962962965
37868.5,Move,0.5494791666666666,0.4537037037037037
37883.10000000149,Move,0.515625,0.4444444444444444
37904.300000000745,Move,0.4817708333333333,0.4131944444444444
37920.199999999255,Move,0.4641927083333333,0.3784722222222222
37934.5,Move,0.4537760416666667,0.33217592592592593
37956.300000000745,Move,0.4596354166666667,0.28587962962962965
37970.900000002235,Move,0.4772135416666667,0.24189814814814814
37987.699999999255,Move,0.515625,0.19907407407407407
38000.60000000149,Move,0.5559895833333334,0.17708333333333334
38022.699999999255,Move,0.58203125,0.1909722222222222
38037.300000000745,Move,0.603515625,0.25925925925925924
38051.699999999255,Move,0.6106770833333334,0.35300925925925924
38066.60000000149,Move,0.5983072916666666,0.4340277777777778
38088.900000002235,Move,0.5787760416666666,0.48842592592592593
38103.699999999255,Move,0.564453125,0.5046296296296297
38117.800000000745,Move,0.548828125,0.5081018518518519
38140.199999999255,Move,0.5247395833333334,0.49074074074074076
38154.5,Move,0.5084635416666666,0.44907407407407407
38169.300000000745,Move,0.501953125,0.41087962962962965
38184.5,Move,0.5052083333333334,0.36689814814814814
38206.400000002235,Move,0.5384114583333334,0.31828703703703703
38220.900000002235,Move,0.5944010416666666,0.2916666666666667
38235.699999999255,Move,0.63671875,0.2962962962962963
38250.60000000149,Move,0.650390625,0.3136574074074074
38272.199999999255,Move,0.6595052083333334,0.3587962962962963
38287,Move,0.6549479166666666,0.3854166666666667
38301.400000002235,Move,0.6412760416666666,0.4050925925925926
38316.5,Move,0.6061197916666666,0.4201388888888889
38338.10000000149,Move,0.5514322916666666,0.4074074074074074
38353.199999999255,Move,0.5227864583333334,0.38078703703703703
38367.5,Move,0.498046875,0.3425925925925926
38390,Move,0.4798177083333333,0.2777777777777778
38404.699999999255,Move,0.4837239583333333,0.2523148148148148
38419.10000000149,Move,0.4954427083333333,0.2326388888888889
38434.10000000149,Move,0.5260416666666666,0.21296296296296297
38455.800000000745,Move,0.5735677083333334,0.23148148148148148
38470.800000000745,Move,0.591796875,0.2650462962962963
38485.199999999255,Move,0.615234375,0.3587962962962963
38507.10000000149,Move,0.6139322916666666,0.46875
38521.900000002235,Move,0.599609375,0.5115740740740741
38536.199999999255,Move,0.578125,0.5358796296296297
38551.300000000745,Move,0.55078125,0.5462962962962963
38573.699999999255,Move,0.5208333333333334,0.5231481481481481
38588.300000000745,Move,0.4993489583333333,0.48726851851851855
38602.900000002235,Move,0.4850260416666667,0.4305555555555556
38617.300000000745,Move,0.4830729166666667,0.38773148148148145
38639.199999999255,Move,0.498046875,0.3425925925925926
38654.10000000149,Move,0.5390625,0.2951388888888889
38668.699999999255,Move,0.5755208333333334,0.2789351851851852
38684,Move,0.6028645833333334,0.28587962962962965
38705.699999999255,Move,0.6217447916666666,0.3159722222222222
38720.5,Move,0.626953125,0.3506944444444444
38735.199999999255,Move,0.6204427083333334,0.37962962962962965
38757,Move,0.5696614583333334,0.4270833333333333
38772.199999999255,Move,0.5279947916666666,0.4351851851851852
38786.5,Move,0.4830729166666667,0.4212962962962963
38801,Move,0.453125,0.39699074074074076
38823.10000000149,Move,0.4322916666666667,0.3576388888888889
38837.900000002235,Move,0.427734375,0.33449074074074076
38852.60000000149,Move,0.4329427083333333,0.3136574074074074
38867.10000000149,Move,0.451171875,0.2962962962962963
38889.199999999255,Move,0.5384114583333334,0.2847222222222222
38903.900000002235,Move,0.591796875,0.31712962962962965
38918.5,Move,0.6165364583333334,0.3472222222222222
38933.699999999255,Move,0.630859375,0.38310185185185186
38955.199999999255,Move,0.6321614583333334,0.4270833333333333
38970.199999999255,Move,0.623046875,0.44675925925925924
38984.800000000745,Move,0.59375,0.4652777777777778
39006.5,Move,0.5305989583333334,0.4513888888888889
39020.699999999255,Move,0.49609375,0.4166666666666667
39035.800000000745,Move,0.4635416666666667,0.36342592592592593
39051.300000000745,Move,0.4440104166666667,0.3020833333333333
39072.60000000149,Move,0.4440104166666667,0.24421296296296297
39087.5,Move,0.4563802083333333,0.22106481481481483
39102.10000000149,Move,0.4895833333333333,0.18518518518518517
39116.60000000149,Move,0.521484375,0.17476851851851852
39138.60000000149,Move,0.556640625,0.20949074074074073
39153.699999999255,Move,0.583984375,0.30324074074074076
39168.10000000149,Move,0.5911458333333334,0.3912037037037037
39190.5,Move,0.5755208333333334,0.48148148148148145
39204.900000002235,Move,0.55859375,0.5092592592592593
39219.5,Move,0.5423177083333334,0.5208333333333334
39234.400000002235,Move,0.517578125,0.5173611111111112
39256.300000000745,Move,0.4915364583333333,0.48726851851851855
39271,Move,0.474609375,0.4479166666666667
39285.400000002235,Move,0.466796875,0.4027777777777778
39300.400000002235,Move,0.470703125,0.3715277777777778
39322.60000000149,Move,0.5071614583333334,0.3090277777777778
39337,Move,0.5598958333333334,0.2789351851851852
39351.699999999255,Move,0.5885416666666666,0.28587962962962965
39373.800000000745,Move,0.619140625,0.33449074074074076
39388.400000002235,Move,0.6282552083333334,0.3854166666666667
39403.10000000149,Move,0.6223958333333334,0.41782407407407407
39417.60000000149,Move,0.609375,0.44328703703703703
39440.5,Move,0.5579427083333334,0.46875
39454.5,Move,0.521484375,0.45949074074074076
39469.5,Move,0.4850260416666667,0.42939814814814814
39484.5,Move,0.462890625,0.39467592592592593
39505.900000002235,Move,0.4446614583333333,0.3298611111111111
39520.5,Move,0.4485677083333333,0.29398148148148145
39535,Move,0.4609375,0.26851851851851855
39556.800000000745,Move,0.5299479166666666,0.21875
39571.10000000149,Move,0.5670572916666666,0.22800925925925927
39585.900000002235,Move,0.591796875,0.26273148148148145
39600.699999999255,Move,0.6236979166666666,0.36689814814814814
39622.400000002235,Move,0.6263020833333334,0.5127314814814815
39637,Move,0.615234375,0.5706018518518519
39703.900000002235,Move,0.5423177083333334,0.5833333333333334
39718.199999999255,Move,0.5240885416666666,0.5115740740740741
39733.800000000745,Move,0.517578125,0.4386574074074074
39755.800000000745,Move,0.533203125,0.3449074074074074
39770.800000000745,Move,0.556640625,0.3020833333333333
39785.199999999255,Move,0.603515625,0.25578703703703703
39799.800000000745,Move,0.6302083333333334,0.24421296296296297
39822.199999999255,Move,0.6497395833333334,0.2604166666666667
39836.199999999255,Move,0.65234375,0.3055555555555556
39851.199999999255,Move,0.6334635416666666,0.3726851851851852
39873.199999999255,Move,0.556640625,0.4525462962962963
39887.800000000745,Move,0.5123697916666666,0.47685185185185186
39902.5,Move,0.482421875,0.47337962962962965
39917.300000000745,Move,0.4583333333333333,0.45717592592592593
39939.60000000149,Move,0.443359375,0.43171296296296297
39954,Move,0.4427083333333333,0.4050925925925926
39968.699999999255,Move,0.4524739583333333,0.3738425925925926
39983.699999999255,Move,0.4869791666666667,0.3298611111111111
40005.300000000745,Move,0.5716145833333334,0.2673611111111111
40019.60000000149,Move,0.611328125,0.2650462962962963
40034.5,Move,0.6256510416666666,0.2789351851851852
40056.5,Move,0.642578125,0.3576388888888889
40071,Move,0.6380208333333334,0.4305555555555556
40085.900000002235,Move,0.6217447916666666,0.4826388888888889
40100.900000002235,Move,0.6009114583333334,0.5150462962962963
40123,Move,0.5611979166666666,0.5381944444444444
40137.300000000745,Move,0.5358072916666666,0.53125
40152.300000000745,Move,0.5208333333333334,0.5150462962962963
40167.300000000745,Move,0.505859375,0.48148148148148145
40188.699999999255,Move,0.4928385416666667,0.39699074074074076
40203.60000000149,Move,0.5013020833333334,0.33217592592592593
40218.400000002235,Move,0.5286458333333334,0.2662037037037037
40240.199999999255,Move,0.580078125,0.2037037037037037
40255,Move,0.5983072916666666,0.19907407407407407
40269.699999999255,Move,0.6139322916666666,0.2175925925925926
40284.800000000745,Move,0.630859375,0.2835648148148148
40305.5,Move,0.6204427083333334,0.4097222222222222
40320.800000000745,Move,0.6015625,0.46064814814814814
40335.699999999255,Move,0.572265625,0.4988425925925926
40350.900000002235,Move,0.5384114583333334,0.5173611111111112
40372.699999999255,Move,0.4947916666666667,0.5034722222222222
40387.199999999255,Move,0.4772135416666667,0.4849537037037037
40401.800000000745,Move,0.4557291666666667,0.4409722222222222
40416.199999999255,Move,0.4401041666666667,0.37037037037037035
40438.5,Move,0.4485677083333333,0.2800925925925926
40453.300000000745,Move,0.4654947916666667,0.2326388888888889
40468,Move,0.5065104166666666,0.18287037037037038
40489.900000002235,Move,0.57421875,0.16435185185185186
40504.5,Move,0.595703125,0.18981481481481483
40519.800000000745,Move,0.62109375,0.27546296296296297
40534.300000000745,Move,0.6295572916666666,0.3599537037037037
40556.10000000149,Move,0.6197916666666666,0.4351851851851852
40571,Move,0.6080729166666666,0.4583333333333333
40585.5,Move,0.5865885416666666,0.47685185185185186
40600.5,Move,0.5592447916666666,0.47800925925925924
40622.5,Move,0.51171875,0.44560185185185186
40637,Move,0.4837239583333333,0.4039351851851852
40651.5,Move,0.4557291666666667,0.33912037037037035
40666.300000000745,Move,0.4446614583333333,0.2789351851851852
40688.199999999255,Move,0.4485677083333333,0.19907407407407407
40703.10000000149,Move,0.46484375,0.1597222222222222
40717.60000000149,Move,0.486328125,0.13657407407407407
40740.199999999255,Move,0.5345052083333334,0.14814814814814814
40754.199999999255,Move,0.560546875,0.18518518518518517
40769.400000002235,Move,0.595703125,0.27314814814814814
40784,Move,0.611328125,0.3738425925925926
40805.800000000745,Move,0.6022135416666666,0.47685185185185186
40820.5,Move,0.5904947916666666,0.5138888888888888
40835.10000000149,Move,0.5735677083333334,0.5358796296296297
40857.10000000149,Move,0.53515625,0.5405092592592593
40871.699999999255,Move,0.515625,0.5266203703703703
40886.699999999255,Move,0.4928385416666667,0.48842592592592593
40901.60000000149,Move,0.470703125,0.4236111111111111
40923.300000000745,Move,0.4635416666666667,0.32407407407407407
40938.400000002235,Move,0.4759114583333333,0.26273148148148145
40952.699999999255,Move,0.498046875,0.20833333333333334
40967.400000002235,Move,0.5403645833333334,0.16319444444444445
40989.699999999255,Move,0.59765625,0.1597222222222222
41004.300000000745,Move,0.6158854166666666,0.1886574074074074
41018.5,Move,0.62890625,0.27314814814814814
41033.699999999255,Move,0.62109375,0.35532407407407407
41055.800000000745,Move,0.591796875,0.42939814814814814
41070.400000002235,Move,0.5625,0.46064814814814814
41085,Move,0.5325520833333334,0.4699074074074074
41107,Move,0.484375,0.4479166666666667
41121.699999999255,Move,0.4615885416666667,0.41898148148148145
41136.60000000149,Move,0.447265625,0.3888888888888889
41150.800000000745,Move,0.44140625,0.3576388888888889
41173,Move,0.4524739583333333,0.3159722222222222
41187.900000002235,Move,0.4895833333333333,0.28125
41202.300000000745,Move,0.5416666666666666,0.26273148148148145
41217.400000002235,Move,0.5748697916666666,0.26851851851851855
41239.199999999255,Move,0.6048177083333334,0.3194444444444444
41254,Move,0.6145833333333334,0.3912037037037037
41268.5,Move,0.607421875,0.4386574074074074
41290.699999999255,Move,0.587890625,0.47685185185185186
41304.800000000745,Move,0.5579427083333334,0.4976851851851852
41319.699999999255,Move,0.5305989583333334,0.4976851851851852
41334.60000000149,Move,0.505859375,0.4849537037037037
41356.60000000149,Move,0.478515625,0.45717592592592593
41371.300000000745,Move,0.466796875,0.43287037037037035
41385.800000000745,Move,0.45703125,0.3993055555555556
41400.699999999255,Move,0.4576822916666667,0.3715277777777778
41422.60000000149,Move,0.4733072916666667,0.33564814814814814
41437.5,Move,0.4993489583333333,0.3113425925925926
41452.199999999255,Move,0.5169270833333334,0.30671296296296297
41467.10000000149,Move,0.533203125,0.32060185185185186
41488.800000000745,Move,0.5481770833333334,0.3888888888888889
41503.60000000149,Move,0.541015625,0.4525462962962963
41518.5,Move,0.5260416666666666,0.5046296296296297
41540,Move,0.4954427083333333,0.5428240740740741
41555,Move,0.4765625,0.5567129629629629
41569.400000002235,Move,0.4615885416666667,0.5555555555555556
41584.5,Move,0.4576822916666667,0.5555555555555556
41606,Move,0.4303385416666667,0.4988425925925926
41620.900000002235,Move,0.423828125,0.44328703703703703
41635.800000000745,Move,0.4264322916666667,0.40162037037037035
41650.60000000149,Move,0.4401041666666667,0.35300925925925924
41672.5,Move,0.4915364583333333,0.2835648148148148
41687.5,Move,0.5240885416666666,0.2638888888888889
41702.199999999255,Move,0.548828125,0.2673611111111111
41716.300000000745,Move,0.5625,0.28703703703703703
41738.400000002235,Move,0.5846354166666666,0.40046296296296297
41753,Move,0.58203125,0.4525462962962963
41767.900000002235,Move,0.5709635416666666,0.5
41790.10000000149,Move,0.552734375,0.5300925925925926
41804.800000000745,Move,0.5266927083333334,0.5405092592592593
41819.199999999255,Move,0.4993489583333333,0.5324074074074074
41834.199999999255,Move,0.4694010416666667,0.5057870370370371
41856.199999999255,Move,0.4381510416666667,0.45023148148148145
41870.60000000149,Move,0.4270833333333333,0.4027777777777778
41885.10000000149,Move,0.4231770833333333,0.34953703703703703
41906.5,Move,0.4420572916666667,0.2789351851851852
41922.400000002235,Move,0.48046875,0.22685185185185186
41936.300000000745,Move,0.5325520833333334,0.19560185185185186
41951.10000000149,Move,0.576171875,0.19791666666666666
41972.800000000745,Move,0.6217447916666666,0.2523148148148148
41987.800000000745,Move,0.6438802083333334,0.34837962962962965
42003,Move,0.646484375,0.4363425925925926
42017.199999999255,Move,0.63671875,0.5069444444444444
42039.199999999255,Move,0.6165364583333334,0.5648148148148148
42053.900000002235,Move,0.60546875,0.5821759259259259
42068.800000000745,Move,0.5872395833333334,0.5902777777777778
42083.800000000745,Move,0.57421875,0.5868055555555556
42106,Move,0.556640625,0.5497685185185185
42119.900000002235,Move,0.544921875,0.5081018518518519
42135.300000000745,Move,0.5397135416666666,0.4710648148148148
42149.199999999255,Move,0.5358072916666666,0.4479166666666667
42171.400000002235,Move,0.533203125,0.43171296296296297
42187.5,Move,0.5319010416666666,0.42824074074074076
42193,Move,0.53125,0.4270833333333333
42215.5,Released,0.53125,0.4270833333333333
43303.800000000745,Pressed,0.447265625,0.4340277777777778
43435.300000000745,Move,0.451171875,0.4409722222222222
43464.800000000745,Move,0.5032552083333334,0.4826388888888889
43486.400000002235,Move,0.548828125,0.4849537037037037
43501.300000000745,Move,0.5826822916666666,0.46412037037037035
43515.60000000149,Move,0.607421875,0.42592592592592593
43530.900000002235,Move,0.6373697916666666,0.34375
43552.699999999255,Move,0.6412760416666666,0.22685185185185186
43567.5,Move,0.6184895833333334,0.15625
43633.199999999255,Move,0.3255208333333333,0.1111111111111111
43647.800000000745,Move,0.29296875,0.1423611111111111
43670,Move,0.2805989583333333,0.16319444444444445
43685,Move,0.2779947916666667,0.18981481481481483
43699.300000000745,Move,0.2897135416666667,0.23726851851851852
43714,Move,0.3125,0.28587962962962965
43736.10000000149,Move,0.3860677083333333,0.3854166666666667
43750.900000002235,Move,0.4303385416666667,0.4270833333333333
43765.800000000745,Move,0.4654947916666667,0.4444444444444444
43780.199999999255,Move,0.4908854166666667,0.44328703703703703
43802.300000000745,Move,0.509765625,0.40625
43816.800000000745,Move,0.517578125,0.31712962962962965
43831.699999999255,Move,0.50390625,0.2175925925925926
43846.60000000149,Move,0.47265625,0.13657407407407407
43919.800000000745,Move,0.2916666666666667,0.16550925925925927
43934.400000002235,Move,0.2858072916666667,0.2175925925925926
43949.10000000149,Move,0.2942708333333333,0.27199074074074076
43964.10000000149,Move,0.3216145833333333,0.3275462962962963
43986.10000000149,Move,0.400390625,0.41898148148148145
44000.800000000745,Move,0.4537760416666667,0.45949074074074076
44015.800000000745,Move,0.494140625,0.48148148148148145
44029.60000000149,Move,0.51171875,0.47800925925925924
44051.900000002235,Move,0.529296875,0.4409722222222222
44066.900000002235,Move,0.53125,0.3784722222222222
44081.400000002235,Move,0.513671875,0.3055555555555556
44103.400000002235,Move,0.435546875,0.21875
44117.800000000745,Move,0.3795572916666667,0.19560185185185186
44132.60000000149,Move,0.349609375,0.20023148148148148
44147.300000000745,Move,0.33203125,0.21296296296296297
44169.5,Move,0.318359375,0.2650462962962963
44184,Move,0.328125,0.33912037037037035
44198.699999999255,Move,0.353515625,0.4074074074074074
44213.800000000745,Move,0.396484375,0.4837962962962963
44235.699999999255,Move,0.4713541666666667,0.5844907407407407
44279.800000000745,Move,0.5279947916666666,0.5821759259259259
44301.5,Move,0.5462239583333334,0.44907407407407407
44316.199999999255,Move,0.533203125,0.3460648148148148
44330.5,Move,0.5045572916666666,0.26273148148148145
44345.800000000745,Move,0.4602864583333333,0.2048611111111111
44367.60000000149,Move,0.3932291666666667,0.17939814814814814
44382.300000000745,Move,0.3704427083333333,0.19560185185185186
44397.400000002235,Move,0.3561197916666667,0.23032407407407407
44419.10000000149,Move,0.3470052083333333,0.32407407407407407
44434.300000000745,Move,0.3626302083333333,0.3888888888888889
44448.900000002235,Move,0.3919270833333333,0.4513888888888889
44463.800000000745,Move,0.4440104166666667,0.5208333333333334
44485.400000002235,Move,0.5006510416666666,0.5671296296296297
44500.5,Move,0.5319010416666666,0.5555555555555556
44515,Move,0.5546875,0.5069444444444444
44536.300000000745,Move,0.5729166666666666,0.35185185185185186
44551.5,Move,0.5572916666666666,0.2638888888888889
44566.199999999255,Move,0.53125,0.2048611111111111
44580.699999999255,Move,0.4817708333333333,0.14814814814814814
44602.800000000745,Move,0.4225260416666667,0.1284722222222222
44616.699999999255,Move,0.4055989583333333,0.14467592592592593
44632.300000000745,Move,0.3919270833333333,0.18055555555555555
44647.400000002235,Move,0.38671875,0.25578703703703703
44669,Move,0.4036458333333333,0.38078703703703703
44683.800000000745,Move,0.4303385416666667,0.4444444444444444
44698.300000000745,Move,0.4733072916666667,0.5081018518518519
44713.199999999255,Move,0.513671875,0.5451388888888888
44734.60000000149,Move,0.5611979166666666,0.5509259259259259
44749.699999999255,Move,0.5872395833333334,0.5127314814814815
44764.800000000745,Move,0.611328125,0.41087962962962965
44786.400000002235,Move,0.5865885416666666,0.2511574074074074
44801.10000000149,Move,0.5462239583333334,0.17939814814814814
44815.60000000149,Move,0.4837239583333333,0.13078703703703703
44830.199999999255,Move,0.4361979166666667,0.1261574074074074
44845.199999999255,Move,0.4114583333333333,0.14583333333333334
44867,Move,0.384765625,0.21412037037037038
44881.800000000745,Move,0.3821614583333333,0.2743055555555556
44896.900000002235,Move,0.3932291666666667,0.35185185185185186
44918.400000002235,Move,0.435546875,0.4618055555555556
44933.400000002235,Move,0.478515625,0.5185185185185185
44948,Move,0.5188802083333334,0.5486111111111112
44970,Move,0.5670572916666666,0.5324074074074074
44984.199999999255,Move,0.59375,0.48032407407407407
44999.400000002235,Move,0.6080729166666666,0.38657407407407407
45014.10000000149,Move,0.6002604166666666,0.3136574074074074
45035.699999999255,Move,0.556640625,0.2361111111111111
45043.400000002235,Move,0.5364583333333334,0.2175925925925926
45065.900000002235,Move,0.4765625,0.2037037037037037
45080.400000002235,Move,0.4537760416666667,0.22106481481481483
45102.300000000745,Move,0.4322916666666667,0.2800925925925926
45116.60000000149,Move,0.42578125,0.3472222222222222
45131.10000000149,Move,0.4290364583333333,0.4039351851851852
45146,Move,0.4420572916666667,0.4537037037037037
45168.10000000149,Move,0.4791666666666667,0.5069444444444444
45182.800000000745,Move,0.5110677083333334,0.5254629629629629
45197.699999999255,Move,0.541015625,0.5243055555555556
45219.5,Move,0.578125,0.48032407407407407
45234.5,Move,0.6022135416666666,0.3923611111111111
45249.300000000745,Move,0.603515625,0.2951388888888889
45263.800000000745,Move,0.5852864583333334,0.22337962962962962
45286.10000000149,Move,0.5397135416666666,0.17708333333333334
45300.300000000745,Move,0.5013020833333334,0.1712962962962963
45315.10000000149,Move,0.4752604166666667,0.1886574074074074
45330,Move,0.4557291666666667,0.21412037037037038
45351.699999999255,Move,0.4303385416666667,0.2962962962962963
45366.60000000149,Move,0.4244791666666667,0.36226851851851855
45381.199999999255,Move,0.4283854166666667,0.41898148148148145
45403.400000002235,Move,0.4401041666666667,0.4583333333333333
45417.699999999255,Move,0.4641927083333333,0.4826388888888889
45432.60000000149,Move,0.4928385416666667,0.4861111111111111
45447.5,Move,0.52734375,0.4618055555555556
45469.300000000745,Move,0.5625,0.3900462962962963
45484,Move,0.5729166666666666,0.32407407407407407
45498.60000000149,Move,0.5670572916666666,0.2708333333333333
45513.699999999255,Move,0.548828125,0.23726851851851852
45535.400000002235,Move,0.48046875,0.19212962962962962
45550,Move,0.447265625,0.19444444444444445
45564.5,Move,0.4283854166666667,0.21412037037037038
45579.400000002235,Move,0.4134114583333333,0.24305555555555555
45601.60000000149,Move,0.3958333333333333,0.34375
45616.199999999255,Move,0.3997395833333333,0.3993055555555556
45630.699999999255,Move,0.4108072916666667,0.44675925925925924
45652.699999999255,Move,0.4440104166666667,0.5057870370370371
45667.5,Move,0.4798177083333333,0.5277777777777778
45682.5,Move,0.5110677083333334,0.5231481481481481
45697.199999999255,Move,0.5462239583333334,0.48726851851851855
45719,Move,0.5891927083333334,0.3761574074074074
45734.10000000149,Move,0.5904947916666666,0.30324074074074076
45748.300000000745,Move,0.5735677083333334,0.23958333333333334
45770.199999999255,Move,0.52734375,0.18518518518518517
45785.400000002235,Move,0.4947916666666667,0.1736111111111111
45800,Move,0.4765625,0.17939814814814814
45814.400000002235,Move,0.4635416666666667,0.19560185185185186
45836.5,Move,0.4479166666666667,0.2673611111111111
45850.900000002235,Move,0.4498697916666667,0.33564814814814814
45865.699999999255,Move,0.4602864583333333,0.38425925925925924
45880.60000000149,Move,0.4765625,0.41550925925925924
45902,Move,0.5279947916666666,0.4537037037037037
45917.300000000745,Move,0.5631510416666666,0.4375
45932.300000000745,Move,0.5944010416666666,0.3912037037037037
45947,Move,0.6223958333333334,0.29282407407407407
45969.10000000149,Move,0.6197916666666666,0.1736111111111111
45983.400000002235,Move,0.6015625,0.12384259259259259
46034.5,Move,0.4856770833333333,0.11689814814814815
46049.400000002235,Move,0.46484375,0.1712962962962963
46064.199999999255,Move,0.451171875,0.2638888888888889
46086.400000002235,Move,0.4563802083333333,0.38310185185185186
46100.800000000745,Move,0.4720052083333333,0.44328703703703703
46115.699999999255,Move,0.4915364583333333,0.4791666666666667
46130.800000000745,Move,0.521484375,0.5034722222222222
46152.300000000745,Move,0.57421875,0.4756944444444444
46166.900000002235,Move,0.6100260416666666,0.4085648148148148
46181.60000000149,Move,0.6302083333333334,0.32407407407407407
46196.699999999255,Move,0.6243489583333334,0.25810185185185186
46218.199999999255,Move,0.578125,0.18981481481481483
46232.900000002235,Move,0.5266927083333334,0.1597222222222222
46248,Move,0.4967447916666667,0.16435185185185186
46269.900000002235,Move,0.4733072916666667,0.1886574074074074
46284.800000000745,Move,0.462890625,0.22916666666666666
46299,Move,0.4602864583333333,0.29050925925925924
46314.10000000149,Move,0.4654947916666667,0.33101851851851855
46335.699999999255,Move,0.4908854166666667,0.38310185185185186
46351,Move,0.5260416666666666,0.4097222222222222
46365.800000000745,Move,0.56640625,0.4027777777777778
46380,Move,0.607421875,0.36689814814814814
46402.199999999255,Move,0.630859375,0.2881944444444444
46416.300000000745,Move,0.619140625,0.22453703703703703
46431.800000000745,Move,0.5865885416666666,0.16898148148148148
46497.300000000745,Move,0.4524739583333333,0.11689814814814815
46519.60000000149,Move,0.443359375,0.2175925925925926
46534.300000000745,Move,0.4498697916666667,0.27314814814814814
46549.199999999255,Move,0.4680989583333333,0.33449074074074076
46564,Move,0.4921875,0.3773148148148148
46585.800000000745,Move,0.560546875,0.4074074074074074
46600.400000002235,Move,0.6022135416666666,0.3773148148148148
46615.10000000149,Move,0.6328125,0.3275462962962963
46637,Move,0.6412760416666666,0.22685185185185186
46651.900000002235,Move,0.6197916666666666,0.17476851851851852
46666.300000000745,Move,0.5690104166666666,0.12268518518518519
46703.400000002235,Move,0.4622395833333333,0.11226851851851852
46717.5,Move,0.4505208333333333,0.13078703703703703
46732.300000000745,Move,0.4270833333333333,0.21412037037037038
46747,Move,0.419921875,0.2881944444444444
46769.400000002235,Move,0.4283854166666667,0.35532407407407407
46783.800000000745,Move,0.443359375,0.3900462962962963
46798.699999999255,Move,0.4661458333333333,0.41782407407407407
46813.5,Move,0.5006510416666666,0.42939814814814814
46835.199999999255,Move,0.541015625,0.39699074074074076
46849.900000002235,Move,0.5520833333333334,0.3576388888888889
46864.900000002235,Move,0.5501302083333334,0.3229166666666667
46879.400000002235,Move,0.5384114583333334,0.2986111111111111
46901.5,Move,0.50390625,0.27199074074074076
46908.5,Move,0.5013020833333334,0.2708333333333333
46915.199999999255,Released,0.5013020833333334,0.2708333333333333
47899.900000002235,Released,0.48046875,0.6030092592592593