resolution:1536,864
820292.8000000007,Pressed,728,417
820296.5999999978,Move,734,416
820347.1999999993,Move,734,416
820360.8000000007,Move,734,416
820460.8000000007,Move,739,416
820511.0999999978,Move,739,416
820611.5,Move,745,415
820778.6999999993,Move,749,413
820933.8000000007,Move,755,411
821083.3000000007,Move,760,410
821250.5999999978,Move,765,406
821405.8999999985,Move,769,403
821555.8000000007,Move,774,400
821722.5,Move,778,396
821878,Move,782,392
822044.5,Move,786,388
822216.3000000007,Move,790,384
822366.5,Move,794,380
822533.3000000007,Move,797,375
822671.6999999993,Move,799,369
822845.6999999993,Move,802,364
823012.3999999985,Move,805,359
823167.5999999978,Move,807,354
823334.3000000007,Move,808,348
823472.8000000007,Move,810,342
823647.6999999993,Move,811,336
823814.3000000007,Move,811,330
823969.5,Move,812,324
824136.3999999985,Move,812,318
824291.3999999985,Move,811,312
824458.1999999993,Move,810,307
824613.5999999978,Move,809,301
824763.5,Move,809,295
824930.1999999993,Move,808,289
825085.3000000007,Move,805,284
825235.6999999993,Move,803,278
825402.1999999993,Move,800,274
825557.1999999993,Move,797,268
825724.3999999985,Move,794,264
825879.3999999985,Move,790,260
826028.3999999985,Move,786,256
826196.5,Move,783,252
826368,Move,778,248
826518.0999999978,Move,774,244
826668.0999999978,Move,770,241
826834.8000000007,Move,766,238
826990.0999999978,Move,761,234
827140,Move,756,232
827307.0999999978,Move,751,230
827462.1999999993,Move,746,230
827628.5,Move,741,228
827783.8999999985,Move,735,228
827934,Move,730,229
828100.8999999985,Move,725,230
828256,Move,719,229
828422.8999999985,Move,714,230
828577.8999999985,Move,709,232
828744.5999999978,Move,704,233
828900,Move,699,235
829066.6999999993,Move,694,238
829221.8999999985,Move,689,240
829389,Move,685,242
829543.8999999985,Move,680,245
829693.8000000007,Move,675,248
829844.0999999978,Move,671,252
829994.0999999978,Move,667,255
830160.5999999978,Move,663,259
830332.6999999993,Move,659,264
830482.6999999993,Move,656,269
830649.3999999985,Move,654,274
830804.6999999993,Move,652,280
830971.3000000007,Move,650,285
831126.5,Move,647,290
831293.5,Move,645,296
831432.1999999993,Move,644,302
831582,Move,643,308
831748.3999999985,Move,642,313
831904,Move,641,319
832053.8999999985,Move,641,325
832220.8999999985,Move,641,331
832376,Move,641,337
832542.3999999985,Move,641,343
832697.8999999985,Move,643,349
832847.8999999985,Move,645,355
832997.3000000007,Move,647,360
833172.3999999985,Move,650,365
833339,Move,652,370
833494.1999999993,Move,656,375
833660.5,Move,659,379
833816,Move,663,384
833983,Move,666,388
834138.0999999978,Move,670,392
834288.1999999993,Move,674,396
834454.8999999985,Move,678,400
834610.0999999978,Move,683,403
834760.1999999993,Move,687,406
834926.8000000007,Move,692,408
835082.3000000007,Move,697,410
835249.0999999978,Move,702,411
835403.8999999985,Move,707,412
835553.8999999985,Move,713,414
835720.5999999978,Move,718,415
835859.5999999978,Move,723,416
836026.0999999978,Move,728,416
836172.8000000007,Released,728,416
836236.6999999993,Released,748,547
