resolution:1536,864
344426.59999999776,Pressed,694,300
344434.69999999925,Move,693,302
344461,Move,693,302
344469.69999999925,Move,693,302
344485.30000000075,Move,693,304
344551.3999999985,Move,691,305
344618.3999999985,Move,690,306
344652.3999999985,Move,690,306
344668.80000000075,Move,689,308
344735.5,Move,688,310
344819.3999999985,Move,688,311
344869.30000000075,Move,687,313
344954.5,Move,687,315
345003.19999999925,Move,686,316
345086.09999999776,Move,686,318
345134.3999999985,Move,685,320
345219.69999999925,Move,685,321
345269.59999999776,Move,685,323
345352.69999999925,Move,684,325
345402.8999999985,Move,684,326
345485.80000000075,Move,684,328
345552.59999999776,Move,683,330
345601.8999999985,Move,684,332
345686.30000000075,Move,684,333
345752.80000000075,Move,684,335
345802.8999999985,Move,684,336
345886.30000000075,Move,685,338
345953,Move,685,340
346003,Move,686,341
346086.30000000075,Move,686,343
346153.80000000075,Move,687,344
346202.69999999925,Move,687,346
346286.30000000075,Move,688,347
346369.59999999776,Move,689,348
346419.5,Move,690,350
346468.8999999985,Move,691,351
346536.19999999925,Move,692,352
346586.19999999925,Move,693,354
346669.69999999925,Move,694,354
346720.09999999776,Move,695,356
346769.80000000075,Move,697,357
346852.8999999985,Move,698,358
346902.80000000075,Move,700,358
346986.3999999985,Move,701,359
347069.69999999925,Move,703,359
347120.30000000075,Move,705,360
347169.69999999925,Move,706,360
347252.8999999985,Move,708,361
347302.80000000075,Move,709,362
347369.80000000075,Move,711,362
347452.5,Move,713,363
347503,Move,714,364
347569.69999999925,Move,716,364
347652.80000000075,Move,718,364
347703.19999999925,Move,719,364
347769.69999999925,Move,721,364
347852.80000000075,Move,723,364
347902.3999999985,Move,725,364
347969.80000000075,Move,727,363
348053,Move,729,362
348103,Move,731,362
348169.80000000075,Move,732,361
348252.8999999985,Move,734,361
348303.09999999776,Move,736,360
348369.5,Move,738,359
348435.69999999925,Move,739,358
348519.80000000075,Move,741,358
348569.5,Move,743,357
348653.09999999776,Move,745,356
348702.8999999985,Move,746,355
348769.69999999925,Move,747,354
348853.5,Move,749,352
348902.80000000075,Move,751,351
348969.5,Move,752,350
349053.09999999776,Move,753,349
349103,Move,755,348
349169.8999999985,Move,756,346
349253.09999999776,Move,757,344
349303.09999999776,Move,758,343
349369.8999999985,Move,759,342
349452.3999999985,Move,761,340
349503,Move,761,338
349569.5,Move,762,337
349652.69999999925,Move,763,336
349703,Move,764,334
349786.59999999776,Move,765,332
349836.3999999985,Move,765,330
349902.80000000075,Move,766,329
349953,Move,767,327
350019.69999999925,Move,767,326
350069.5,Move,768,324
350153,Move,768,322
350203,Move,768,320
350286.3999999985,Move,769,319
350336.3999999985,Move,769,317
350419.3999999985,Move,769,316
350468.8999999985,Move,769,314
350552.30000000075,Move,769,312
350602.3999999985,Move,769,310
350686.69999999925,Move,769,309
350736.30000000075,Move,769,307
350819.80000000075,Move,769,306
350869.69999999925,Move,768,304
350953.09999999776,Move,767,303
351003,Move,767,301
351086.5,Move,766,300
351136.3999999985,Move,765,298
351186.3999999985,Move,764,297
351270,Move,763,296
351319.8999999985,Move,762,294
351403.09999999776,Move,761,294
351453.19999999925,Move,760,292
351519.69999999925,Move,759,291
351569.69999999925,Move,757,290
351653.09999999776,Move,756,289
351703.19999999925,Move,755,288
351786.59999999776,Move,754,287
351836.3999999985,Move,752,287
351886.69999999925,Move,751,286
351969.59999999776,Move,749,286
352019.59999999776,Move,748,284
352103.30000000075,Move,747,284
352170,Move,745,283
352219.8999999985,Move,743,283
352303.30000000075,Move,741,283
352352.8999999985,Move,740,283
352436.30000000075,Move,738,283
352486.30000000075,Move,736,282
352569.59999999776,Move,735,282
352619.80000000075,Move,733,282
352703.19999999925,Move,731,282
352753.09999999776,Move,729,283
352836.59999999776,Move,728,283
352886.5,Move,726,283
352969.5,Move,724,284
353019.80000000075,Move,723,284
353103.59999999776,Move,721,284
353170.3999999985,Move,719,285
353219.8999999985,Move,717,286
353303.3999999985,Move,716,286
353369.80000000075,Move,714,287
353419.69999999925,Move,713,288
353502.80000000075,Move,711,289
353570.09999999776,Move,710,290
353620,Move,708,291
353703.59999999776,Move,707,292
353770.09999999776,Move,705,293
353836.80000000075,Move,704,294
353886.5,Move,702,295
353969.3999999985,Move,701,296
354019.3999999985,Move,699,297
354086.3999999985,Move,698,298
354136.69999999925,Move,697,300
354186.69999999925,Move,695,301
354252,Released,695,301
354316.09999999776,Released,748,547
