resolution:1536,864
879524.1999999993,Pressed,809,343
879532.8000000007,Move,809,348
879594.1999999993,Move,807,352
879628.3000000007,Move,806,357
879661,Move,804,361
879694.3999999985,Move,803,365
879727.6999999993,Move,800,369
879745.3000000007,Move,797,372
879778,Move,794,375
879812.5999999978,Move,791,378
879845.5,Move,788,382
879878.3999999985,Move,784,384
879911.6999999993,Move,781,387
879928.3000000007,Move,777,389
879944.6999999993,Move,773,391
879961.0999999978,Move,768,392
879977.6999999993,Move,764,394
879994.5999999978,Move,760,395
880011.5,Move,755,396
880028.0999999978,Move,750,397
880045,Move,745,398
880061.5,Move,741,398
880078.3000000007,Move,735,398
880095,Move,731,396
880111.6999999993,Move,725,396
880129.0999999978,Move,720,395
880145.8000000007,Move,715,394
880163.3000000007,Move,705,390
880178.5,Move,700,388
880195.3000000007,Move,696,385
880211.8000000007,Move,691,382
880229.3999999985,Move,687,379
880245.3000000007,Move,682,376
880262.3000000007,Move,678,372
880278.5999999978,Move,674,369
880295.6999999993,Move,671,365
880312,Move,667,360
880328.8000000007,Move,664,356
880345.1999999993,Move,662,352
880362.5999999978,Move,659,348
880380,Move,657,343
880395.8000000007,Move,652,334
880412.6999999993,Move,651,329
880428.8999999985,Move,649,325
880445.3999999985,Move,649,320
880462.0999999978,Move,649,315
880478.8000000007,Move,648,311
880495.8000000007,Move,649,306
880512.3000000007,Move,649,302
880529.1999999993,Move,650,298
880545.6999999993,Move,651,294
880562.1999999993,Move,652,289
880578.8999999985,Move,654,286
880595.5,Move,655,282
880613.5,Move,657,278
880629.6999999993,Move,662,271
880645.1999999993,Move,664,267
880662.0999999978,Move,667,264
880678.8999999985,Move,670,261
880695.6999999993,Move,673,258
880712.3999999985,Move,677,256
880729.0999999978,Move,681,255
880745.6999999993,Move,685,252
880762.3000000007,Move,689,251
880779,Move,694,250
880795.8000000007,Move,699,250
880812.5,Move,703,249
880829.3000000007,Move,708,249
880845.8999999985,Move,713,248
880862.0999999978,Move,717,248
880878.8000000007,Move,723,249
880896.3000000007,Move,732,250
880912.3999999985,Move,737,251
880928.8000000007,Move,742,252
880945.5999999978,Move,747,254
880962.3000000007,Move,753,256
880978.6999999993,Move,757,258
880994.8000000007,Move,762,261
881012,Move,767,264
881028.6999999993,Move,771,267
881045.5999999978,Move,775,271
881062.3999999985,Move,779,274
881079,Move,783,279
881095.5,Move,786,283
881112.3000000007,Move,789,287
881129.0999999978,Move,793,291
881145.6999999993,Move,795,296
881163,Move,801,304
881178.5999999978,Move,803,309
881195.5999999978,Move,804,314
881212.0999999978,Move,806,319
881229,Move,807,324
881246,Move,808,328
881262.3999999985,Move,809,334
881279.1999999993,Move,808,338
881295.8000000007,Move,808,343
881301.8999999985,Released,808,343
881365.5,Released,748,547
