resolution:1536,864
406855.69999999925,Pressed,760,296
406866.69999999925,Move,759,295
406900.8999999985,Move,759,294
406916.59999999776,Move,759,294
406951.3999999985,Move,758,292
407000.19999999925,Move,757,292
407051.09999999776,Move,757,290
407084.5,Move,756,289
407100.3999999985,Move,755,288
407134.30000000075,Move,754,287
407167.3999999985,Move,753,286
407200.30000000075,Move,752,286
407233.69999999925,Move,751,284
407267.8999999985,Move,749,284
407301.3999999985,Move,748,283
407334.3999999985,Move,747,283
407351.09999999776,Move,746,282
407384.69999999925,Move,744,282
407418.19999999925,Move,743,282
407451.19999999925,Move,741,282
407485,Move,740,282
407501.30000000075,Move,739,282
407534.30000000075,Move,737,282
407566.69999999925,Move,736,282
407600.69999999925,Move,734,282
407634.09999999776,Move,733,282
407650.19999999925,Move,731,282
407667.19999999925,Move,730,282
407700.5,Move,728,282
407717.09999999776,Move,727,283
407733.5,Move,725,284
407750.09999999776,Move,723,285
407767.09999999776,Move,722,285
407783.5,Move,720,286
407800,Move,719,286
407817.09999999776,Move,717,287
407833.5,Move,716,288
407850.5,Move,714,289
407867.30000000075,Move,713,290
407883.8999999985,Move,711,291
407900.3999999985,Move,710,293
407917,Move,709,294
407933.80000000075,Move,707,295
407950.30000000075,Move,706,296
407966.80000000075,Move,705,298
407983.80000000075,Move,703,299
408000.3999999985,Move,701,302
408017,Move,700,303
408034,Move,698,305
408050.5,Move,697,306
408067.19999999925,Move,696,308
408083.59999999776,Move,696,310
408100.3999999985,Move,695,312
408117,Move,694,313
408133.69999999925,Move,693,315
408150.3999999985,Move,693,316
408167,Move,693,318
408184.09999999776,Move,692,320
408200.59999999776,Move,691,322
408217.59999999776,Move,691,323
408234.80000000075,Move,689,327
408250.80000000075,Move,689,328
408267.30000000075,Move,689,330
408284.19999999925,Move,688,332
408300.69999999925,Move,688,334
408317.59999999776,Move,688,336
408334.19999999925,Move,687,337
408350.69999999925,Move,687,339
408367.80000000075,Move,687,341
408384.69999999925,Move,688,344
408400.8999999985,Move,689,345
408417.19999999925,Move,689,347
408434.19999999925,Move,690,348
408450.59999999776,Move,691,351
408467.59999999776,Move,691,352
408484,Move,692,354
408501,Move,693,355
408517.3999999985,Move,693,356
408534.30000000075,Move,694,358
408551,Move,695,359
408567.5,Move,696,360
408584,Move,697,361
408601,Move,700,363
408617.3999999985,Move,701,363
408634.30000000075,Move,702,364
408650.59999999776,Move,703,365
408667.30000000075,Move,705,366
408684.19999999925,Move,707,366
408700.69999999925,Move,708,366
408717.69999999925,Move,710,366
408734.19999999925,Move,711,366
408750.80000000075,Move,713,366
408767.59999999776,Move,715,366
408784,Move,716,366
408801,Move,718,366
408817.5,Move,719,366
408833.80000000075,Move,721,365
408851.30000000075,Move,723,365
408867.8999999985,Move,726,364
408884.09999999776,Move,728,363
408900.8999999985,Move,730,363
408917.30000000075,Move,731,362
408934.19999999925,Move,733,362
408950.8999999985,Move,735,361
408967.80000000075,Move,737,360
408984.3999999985,Move,738,358
409000.8999999985,Move,739,357
409017.3999999985,Move,741,356
409034.19999999925,Move,743,355
409052.09999999776,Move,745,354
409068.5,Move,747,351
409084.3999999985,Move,749,350
409100.8999999985,Move,750,348
409118,Move,752,347
409134.59999999776,Move,753,345
409150.8999999985,Move,754,343
409167.3999999985,Move,755,342
409184.09999999776,Move,756,340
409200.80000000075,Move,757,338
409234.59999999776,Move,758,336
409267.69999999925,Move,759,335
409301.09999999776,Move,760,333
409317.80000000075,Move,761,331
409351.09999999776,Move,762,329
409384.30000000075,Move,763,328
409418,Move,763,326
409434.5,Move,764,324
409467.5,Move,765,322
409501.19999999925,Move,765,320
409534.80000000075,Move,765,318
409568.09999999776,Move,765,317
409601.59999999776,Move,765,315
409634.80000000075,Move,765,313
409668.5,Move,765,312
409701.19999999925,Move,765,310
409717.3999999985,Move,765,308
409751.19999999925,Move,765,307
409801.19999999925,Move,765,305
409818.09999999776,Move,765,303
409850.59999999776,Move,765,302
409900.80000000075,Move,765,300
409934.19999999925,Move,765,298
409984.5,Move,764,297
410034.80000000075,Move,763,295
410084.80000000075,Move,763,294
410119.8999999985,Released,763,294
410181.3999999985,Released,748,547
