resolution:1536,864
690555.5,Pressed,670,284
690562.5999999978,Move,659,299
690602.5999999978,Move,651,316
690611.3999999985,Move,651,316
690627.8000000007,Move,645,332
690661.3999999985,Move,645,348
690694.6999999993,Move,647,363
690729.0999999978,Move,653,376
690745,Move,662,386
690761.5999999978,Move,673,394
690778.8999999985,Move,703,400
690794.8000000007,Move,720,398
690811.5999999978,Move,737,393
690828.3999999985,Move,754,384
690845.0999999978,Move,769,373
690861.8000000007,Move,793,344
690878.1999999993,Move,801,328
690895.0999999978,Move,806,312
690911.1999999993,Move,807,296
690928.3000000007,Move,806,281
690945.1999999993,Move,801,268
690961.8000000007,Move,791,257
690978.3999999985,Move,779,249
690995.3999999985,Move,765,244
691011.8000000007,Move,750,243
691028.5,Move,733,245
691062,Move,716,250
691095.5999999978,Move,699,258
691128.8000000007,Move,683,270
691177.8999999985,Move,669,284
691213,Released,669,284
691240.6999999993,Released,748,547
