resolution:1536,864
3223252.6999999993,Pressed,638,375
3223261.5,Move,635,369
3223277.8000000007,Move,634,366
3223304.6999999993,Move,632,364
3223312.5,Move,631,360
3223327.8000000007,Move,629,358
3223344.8000000007,Move,627,355
3223361.1999999993,Move,626,352
3223377.8000000007,Move,625,350
3223394.3999999985,Move,622,347
3223411.0999999978,Move,621,344
3223427.8000000007,Move,618,338
3223444.8000000007,Move,618,335
3223461.5,Move,616,332
3223478.8000000007,Move,614,330
3223495,Move,614,327
3223511.8999999985,Move,613,324
3223529.0999999978,Move,611,321
3223545.8000000007,Move,609,318
3223561.8000000007,Move,608,315
3223578.5,Move,607,312
3223595.3000000007,Move,606,309
3223611.8999999985,Move,605,306
3223628.5,Move,605,303
3223645.1999999993,Move,603,300
3223662,Move,603,297
3223678.5,Move,604,294
3223695.1999999993,Move,604,289
3223711.5999999978,Move,603,286
3223728.6999999993,Move,603,283
3223745.1999999993,Move,603,280
3223761.8999999985,Move,603,277
3223778.5,Move,603,274
3223795.5,Move,604,272
3223811.8999999985,Move,605,269
3223828.6999999993,Move,606,267
3223844.5999999978,Move,608,264
3223861.5999999978,Move,608,262
3223878.3000000007,Move,609,260
3223894.8000000007,Move,610,257
3223911.1999999993,Move,612,255
3223927.8000000007,Move,615,251
3223945.0999999978,Move,615,248
3223962,Move,616,246
3223978.0999999978,Move,617,243
3223994.6999999993,Move,618,241
3224011.5,Move,620,239
3224028.3999999985,Move,622,238
3224045.5999999978,Move,623,236
3224061.8999999985,Move,625,234
3224078.8000000007,Move,626,231
3224095,Move,627,229
3224112.1999999993,Move,628,226
3224129.0999999978,Move,631,222
3224145.0999999978,Move,634,222
3224161.8999999985,Move,636,220
3224178.5999999978,Move,639,219
3224195.1999999993,Move,641,218
3224211.6999999993,Move,643,216
3224228.6999999993,Move,645,214
3224245.3000000007,Move,647,212
3224261.5,Move,650,212
3224278.3999999985,Move,653,212
3224295.3000000007,Move,655,211
3224312,Move,658,210
3224328.5,Move,661,210
3224345.3999999985,Move,664,210
3224362,Move,667,210
3224378.6999999993,Move,670,210
3224395.8999999985,Move,675,208
3224411.8999999985,Move,677,208
3224428.5,Move,681,208
3224445.1999999993,Move,683,208
3224462.0999999978,Move,686,208
3224478.5,Move,689,207
3224495.5999999978,Move,692,208
3224512.1999999993,Move,697,208
3224528.5999999978,Move,700,209
3224545.3000000007,Move,703,209
3224561.8000000007,Move,706,210
3224578.8000000007,Move,709,210
3224595.0999999978,Move,712,211
3224611.8000000007,Move,715,212
3224628.5999999978,Move,718,213
3224645.3999999985,Move,721,214
3224662,Move,724,215
3224678.6999999993,Move,727,216
3224695.3000000007,Move,729,216
3224712.0999999978,Move,733,216
3224728.5,Move,735,218
3224745.5999999978,Move,741,221
3224761.6999999993,Move,744,222
3224778.6999999993,Move,747,223
3224795.1999999993,Move,749,225
3224812,Move,752,227
3224828.3999999985,Move,755,229
3224845.3999999985,Move,758,230
3224861.8000000007,Move,761,231
3224878.6999999993,Move,763,232
3224895.0999999978,Move,766,233
3224911.8999999985,Move,769,235
3224928.5,Move,772,236
3224945.3999999985,Move,775,238
3224962,Move,777,240
3224978.5999999978,Move,783,243
3224995.3000000007,Move,786,245
3225012.0999999978,Move,789,246
3225028.6999999993,Move,791,249
3225045.1999999993,Move,793,251
3225061.8999999985,Move,795,254
3225078.8999999985,Move,798,256
3225095.1999999993,Move,800,259
3225112,Move,802,261
3225128.5,Move,804,264
3225145.5,Move,806,266
3225162.1999999993,Move,808,269
3225178.5,Move,809,272
3225195.5,Move,812,274
3225211.8999999985,Move,814,276
3225229,Move,818,281
3225245.3000000007,Move,820,284
3225262.1999999993,Move,821,287
3225279,Move,824,289
3225295.8000000007,Move,826,292
3225312.3999999985,Move,827,295
3225329.1999999993,Move,829,297
3225345.6999999993,Move,830,300
3225362.5,Move,830,303
3225379.3999999985,Move,831,306
3225395.6999999993,Move,833,309
3225412.3999999985,Move,835,311
3225429.3000000007,Move,836,314
3225445.8000000007,Move,837,317
3225462.3000000007,Move,838,320
3225479,Move,839,323
3225496.5,Move,841,328
3225511.8999999985,Move,842,331
3225528.8999999985,Move,842,334
3225545.6999999993,Move,843,337
3225562.3000000007,Move,843,340
3225579.3000000007,Move,842,342
3225595.6999999993,Move,842,345
3225612.8000000007,Move,842,348
3225629.0999999978,Move,842,350
3225645.8000000007,Move,843,353
3225662.5,Move,842,356
3225679.0999999978,Move,842,358
3225695.6999999993,Move,841,361
3225712.1999999993,Move,840,363
3225729.6999999993,Move,840,368
3225745.5999999978,Move,838,370
3225762.3999999985,Move,837,373
3225779,Move,837,375
3225795.8000000007,Move,837,378
3225812.1999999993,Move,837,380
3225829.0999999978,Move,836,383
3225846,Move,835,385
3225862.5999999978,Move,835,388
3225879.1999999993,Move,833,390
3225896,Move,833,392
3225912.5,Move,832,395
3225929.0999999978,Move,831,397
3225945.8999999985,Move,831,400
3225962.8000000007,Move,830,402
3225979.1999999993,Move,827,406
3225995.3999999985,Move,825,408
3226012.5,Move,824,410
3226029.0999999978,Move,823,412
3226045.6999999993,Move,821,414
3226062.5,Move,818,414
3226079.1999999993,Move,816,416
3226096,Move,814,417
3226112.5,Move,812,418
3226129.3000000007,Move,811,420
3226145.8000000007,Move,808,421
3226162.5,Move,805,422
3226179.1999999993,Move,803,422
3226195.8000000007,Move,801,424
3226212.0999999978,Move,798,424
3226228.8999999985,Move,795,425
3226245.0999999978,Move,793,426
3226262.0999999978,Move,789,427
3226278.1999999993,Move,787,429
3226295.1999999993,Move,784,430
3226312.1999999993,Move,781,430
3226329.0999999978,Move,779,430
3226345.8000000007,Move,776,431
3226362.3999999985,Move,774,432
3226379.3999999985,Move,772,433
3226395.8999999985,Move,769,434
3226412.5999999978,Move,767,435
3226429.1999999993,Move,764,434
3226445.8999999985,Move,761,433
3226462.3000000007,Move,757,432
3226479.0999999978,Move,755,432
3226495.6999999993,Move,752,431
3226513.3000000007,Move,746,432
3226528.8000000007,Move,743,432
3226545.6999999993,Move,741,432
3226562.3999999985,Move,738,431
3226579.1999999993,Move,735,430
3226595.8999999985,Move,732,430
3226612.5,Move,729,429
3226629.1999999993,Move,726,429
3226645.8999999985,Move,723,429
3226662.5999999978,Move,720,428
3226679.3999999985,Move,717,426
3226696,Move,715,425
3226712.5,Move,712,424
3226729.1999999993,Move,709,422
3226745.8000000007,Move,706,421
3226762.6999999993,Move,703,421
3226779.3000000007,Move,697,418
3226795.6999999993,Move,694,417
3226812.3999999985,Move,691,416
3226829.1999999993,Move,688,415
3226845.8999999985,Move,685,413
3226862.3999999985,Move,683,411
3226879.3999999985,Move,679,410
3226896,Move,677,408
3226912.5,Move,674,406
3226929.3999999985,Move,672,404
3226945.8999999985,Move,669,401
3226962.5999999978,Move,667,399
3226979.0999999978,Move,665,396
3226995.8999999985,Move,663,394
3227012.3000000007,Move,660,392
3227029.3000000007,Move,657,390
3227045.8999999985,Move,655,388
3227063,Move,650,383
3227079.0999999978,Move,647,381
3227095.8000000007,Move,644,379
3227112.3999999985,Move,643,376
3227129.3000000007,Move,641,374
3227140,Released,641,374
3227202.3000000007,Released,748,547
