resolution:1536,864
257962.80000000075,Pressed,689,343
257970.59999999776,Move,692,347
257982.5,Move,693,350
257999.09999999776,Move,694,352
258019.59999999776,Move,695,354
258032.69999999925,Move,697,356
258049.19999999925,Move,699,358
258066.5,Move,701,359
258082.5,Move,703,360
258099.19999999925,Move,705,361
258115.80000000075,Move,707,362
258132.59999999776,Move,709,364
258149.19999999925,Move,711,364
258166.09999999776,Move,713,365
258183.3999999985,Move,718,366
258201.19999999925,Move,720,366
258216.19999999925,Move,723,366
258233.30000000075,Move,725,366
258249.59999999776,Move,727,366
258266.5,Move,730,365
258283.09999999776,Move,732,364
258299.3999999985,Move,735,363
258316.19999999925,Move,737,362
258333,Move,739,361
258349.69999999925,Move,741,360
258366.3999999985,Move,744,358
258382.59999999776,Move,746,357
258399.69999999925,Move,748,355
258416.30000000075,Move,750,353
258432.59999999776,Move,754,349
258449.30000000075,Move,756,347
258466.09999999776,Move,757,345
258482.8999999985,Move,759,342
258499.5,Move,760,340
258516.3999999985,Move,761,337
258532.5,Move,762,334
258549.3999999985,Move,763,331
258566.5,Move,764,329
258583,Move,764,326
258599.59999999776,Move,764,323
258615.8999999985,Move,765,320
258632.3999999985,Move,765,318
258649,Move,765,315
258666.30000000075,Move,765,312
258683.3999999985,Move,765,309
258699.59999999776,Move,764,306
258716.5,Move,763,301
258732.80000000075,Move,762,299
258749.59999999776,Move,761,297
258766.19999999925,Move,759,295
258783,Move,758,293
258799.59999999776,Move,757,290
258816.09999999776,Move,755,288
258833,Move,754,286
258849.59999999776,Move,752,285
258866,Move,750,284
258882.8999999985,Move,748,282
258899.59999999776,Move,746,281
258916.30000000075,Move,744,280
258933,Move,742,279
258949.80000000075,Move,739,279
258966.5,Move,737,278
258983.30000000075,Move,732,278
258999.30000000075,Move,730,278
259016.19999999925,Move,728,278
259032.69999999925,Move,725,278
259049.30000000075,Move,723,279
259066.30000000075,Move,721,280
259083.80000000075,Move,718,281
259100.5,Move,716,282
259117.5,Move,711,284
259133.69999999925,Move,709,286
259150.3999999985,Move,707,287
259167,Move,705,289
259183.80000000075,Move,703,291
259200.8999999985,Move,701,292
259217.30000000075,Move,699,295
259234.5,Move,697,297
259251,Move,695,302
259267.09999999776,Move,693,304
259283.80000000075,Move,692,307
259300.69999999925,Move,691,310
259317.19999999925,Move,691,312
259334,Move,690,315
259350.59999999776,Move,689,318
259367.30000000075,Move,689,321
259383.8999999985,Move,689,323
259400.69999999925,Move,688,326
259417.3999999985,Move,688,329
259433.80000000075,Move,688,332
259450.80000000075,Move,689,334
259467.5,Move,689,340
259483.69999999925,Move,690,342
259497.09999999776,Released,690,342
259564,Released,748,547
