resolution:1536,864
1336871.0999999978,Pressed,759,401
1336877.0999999978,Move,774,382
1336909.8000000007,Move,787,360
1336943.1999999993,Move,797,337
1336959.5999999978,Move,797,337
1336976.8000000007,Move,805,312
1337009.5999999978,Move,809,288
1337043.0999999978,Move,809,265
1337059.6999999993,Move,807,244
1337076.8000000007,Move,799,228
1337094.0999999978,Move,776,206
1337110.3999999985,Move,761,202
1337126.8000000007,Move,744,205
1337143.3000000007,Move,727,213
1337160,Move,709,224
1337176.8999999985,Move,677,260
1337193.5999999978,Move,663,282
1337210.3000000007,Move,653,306
1337226.6999999993,Move,646,332
1337243.5999999978,Move,643,356
1337259.6999999993,Move,643,379
1337276.6999999993,Move,646,400
1337293.3999999985,Move,653,416
1337310.0999999978,Move,663,430
1337326.6999999993,Move,677,438
1337360.3999999985,Move,692,440
1337376.5999999978,Move,709,438
1337410.0999999978,Move,726,432
1337444.0999999978,Move,744,420
1337477.3000000007,Move,761,404
1337521.8000000007,Released,761,404
1337550.5999999978,Released,748,547
