resolution:1536,864
755524.8000000007,Pressed,706,263
755530.5,Move,701,266
755595.3999999985,Move,701,266
755612.1999999993,Move,701,266
755678.5,Move,695,268
755762.5999999978,Move,695,268
755778.8999999985,Move,695,268
755795.5999999978,Move,689,272
755879.3000000007,Move,684,276
755963.1999999993,Move,679,279
756046.3999999985,Move,675,284
756096.3999999985,Move,670,288
756163.3000000007,Move,666,292
756228.5,Move,663,297
756312.8000000007,Move,659,302
756380.0999999978,Move,656,307
756413.1999999993,Move,654,312
756463.0999999978,Move,653,317
756513.0999999978,Move,652,322
756563.5,Move,651,328
756596.5999999978,Move,650,332
756646.6999999993,Move,650,338
756696.5,Move,651,342
756746.6999999993,Move,652,347
756796.8999999985,Move,653,351
756846.8999999985,Move,655,355
756879.8999999985,Move,658,359
756929.8999999985,Move,661,363
756963.3999999985,Move,663,367
757013.3000000007,Move,667,370
757063.3999999985,Move,670,374
757080,Move,674,377
757113.0999999978,Move,679,379
757146.5,Move,683,381
757180,Move,688,383
757212.8999999985,Move,693,384
757246.6999999993,Move,699,385
757279.5,Move,704,386
757313.1999999993,Move,710,386
757346.8999999985,Move,716,386
757363.5,Move,722,386
757396.3999999985,Move,728,385
757429.8000000007,Move,734,383
757463.1999999993,Move,740,381
757496.5,Move,746,379
757530.0999999978,Move,751,376
757563.6999999993,Move,757,374
757596.8999999985,Move,763,371
757630.5999999978,Move,768,367
757646.8000000007,Move,773,363
757680.1999999993,Move,777,360
757713.3999999985,Move,782,355
757746.8999999985,Move,786,351
757780.0999999978,Move,790,346
757813.1999999993,Move,794,342
757847.0999999978,Move,796,336
757863.6999999993,Move,799,332
757896.8000000007,Move,801,326
757929.8999999985,Move,803,321
757963.1999999993,Move,804,316
757996.5999999978,Move,804,311
758029.8999999985,Move,804,306
758063.5,Move,804,301
758096.6999999993,Move,804,296
758113.1999999993,Move,802,292
758146.8000000007,Move,800,287
758180.3000000007,Move,798,283
758213,Move,795,278
758246.3000000007,Move,792,275
758280,Move,788,272
758296.1999999993,Move,785,268
758329.5999999978,Move,781,265
758363.0999999978,Move,777,262
758396.3000000007,Move,771,260
758430.1999999993,Move,767,258
758463.6999999993,Move,761,256
758497.0999999978,Move,755,255
758513.3999999985,Move,749,255
758546.5,Move,743,255
758580.0999999978,Move,737,254
758613.3000000007,Move,731,255
758647,Move,725,255
758680.0999999978,Move,718,257
758696.3999999985,Move,712,259
758730,Move,706,261
758751,Released,706,261
758814.1999999993,Released,748,547
