resolution:1536,864
357001.59999999776,Pressed,759,353
357003,Move,758,354
357054.19999999925,Move,758,354
357069.3999999985,Move,758,354
357185.8999999985,Move,757,354
357219.59999999776,Move,757,354
357236.09999999776,Move,757,354
357370.69999999925,Move,755,355
357536.80000000075,Move,754,356
357707.09999999776,Move,753,356
357892.30000000075,Move,751,357
358059,Move,749,357
358230.8999999985,Move,748,357
358397.5,Move,747,358
358569.19999999925,Move,745,358
358736.30000000075,Move,743,358
358890.69999999925,Move,741,358
359058.19999999925,Move,740,358
359213.5,Move,738,358
359363.30000000075,Move,736,358
359512.3999999985,Move,734,358
359663.69999999925,Move,733,358
359813.5,Move,731,357
359963.5,Move,729,357
360097,Move,727,357
360230.19999999925,Move,725,356
360363.69999999925,Move,723,356
360496.5,Move,721,355
360630.3999999985,Move,719,354
360763.59999999776,Move,717,354
360880.19999999925,Move,715,353
360996.8999999985,Move,713,352
361130.30000000075,Move,711,351
361230.19999999925,Move,709,350
361347,Move,708,349
361446.59999999776,Move,706,348
361546.80000000075,Move,705,346
361647,Move,703,345
361746.69999999925,Move,701,344
361846.80000000075,Move,700,342
361946.8999999985,Move,699,341
362046.59999999776,Move,697,340
362130.5,Move,696,338
362196.80000000075,Move,694,337
362280.3999999985,Move,693,335
362380.3999999985,Move,691,334
362463.59999999776,Move,690,332
362513.5,Move,689,331
362596.3999999985,Move,688,329
362646.30000000075,Move,687,328
362730.5,Move,686,326
362779.80000000075,Move,685,325
362863.59999999776,Move,685,323
362897.30000000075,Move,684,322
362947.09999999776,Move,684,320
362997.19999999925,Move,683,318
363046.8999999985,Move,683,317
363080.09999999776,Move,682,316
363113.69999999925,Move,682,314
363146.8999999985,Move,682,313
363179.8999999985,Move,682,311
363213.59999999776,Move,682,310
363247.09999999776,Move,682,308
363280.19999999925,Move,682,307
363313.69999999925,Move,683,306
363330.3999999985,Move,683,303
363346.80000000075,Move,683,302
363363.30000000075,Move,683,300
363379.8999999985,Move,684,299
363396.59999999776,Move,685,298
363413.69999999925,Move,685,297
363430.09999999776,Move,686,296
363447,Move,687,295
363463.59999999776,Move,688,294
363480.30000000075,Move,689,293
363497,Move,690,292
363513.30000000075,Move,691,291
363529.5,Move,692,291
363546.3999999985,Move,695,290
363563.30000000075,Move,696,289
363580.59999999776,Move,699,288
363596.69999999925,Move,701,288
363613.30000000075,Move,702,287
363630.30000000075,Move,703,286
363646.8999999985,Move,705,286
363663.69999999925,Move,706,286
363680.09999999776,Move,708,286
363697.09999999776,Move,710,286
363713.59999999776,Move,711,286
363730.3999999985,Move,713,286
363747.09999999776,Move,715,286
363763.59999999776,Move,717,286
363780.30000000075,Move,719,286
363814.3999999985,Move,720,287
363830.5,Move,722,287
363863.30000000075,Move,724,288
363897.09999999776,Move,726,288
363930,Move,728,288
363964,Move,730,289
363996.69999999925,Move,731,290
364030.30000000075,Move,733,290
364080.3999999985,Move,735,291
364130.5,Move,737,292
364180.59999999776,Move,739,293
364230.5,Move,741,294
364280.30000000075,Move,743,295
364330.3999999985,Move,744,296
364414,Move,746,297
364497,Move,748,298
364547,Move,750,299
364614,Move,751,300
364697.19999999925,Move,753,301
364780.09999999776,Move,754,303
364863.8999999985,Move,756,304
364947.09999999776,Move,757,306
365030.5,Move,759,307
365130.5,Move,760,308
365230.59999999776,Move,761,310
365330.69999999925,Move,762,311
365430.59999999776,Move,764,313
365530.19999999925,Move,765,314
365629.5,Move,766,316
365730.5,Move,767,317
365847.3999999985,Move,768,319
365964.09999999776,Move,769,320
366080.5,Move,770,322
366197.09999999776,Move,771,324
366314,Move,771,325
366447.3999999985,Move,771,327
366580.59999999776,Move,772,328
366713.8999999985,Move,773,330
366847.19999999925,Move,773,332
366980.69999999925,Move,773,333
367114,Move,774,335
367263.8999999985,Move,773,336
367414,Move,773,338
367563.3999999985,Move,773,339
367714,Move,773,340
367863.8999999985,Move,773,342
368013.8999999985,Move,773,343
368163.8999999985,Move,772,344
368337.8999999985,Move,772,346
368504.69999999925,Move,771,347
368676.59999999776,Move,771,348
368843.5,Move,769,350
368998.5,Move,769,350
369171,Move,767,352
369337.69999999925,Move,767,352
369526.30000000075,Move,765,353
369693,Move,764,354
369881.59999999776,Move,763,355
370056.3999999985,Move,761,356
370235.09999999776,Released,761,356
370299,Released,748,547
