resolution:1536,864
15145.5,Pressed,706,353
15155.800000000745,Move,720,358
15190.5,Move,749,349
15207.199999999255,Move,759,337
15222.800000000745,Move,764,322
15239.89999999851,Move,761,307
15255.89999999851,Move,753,294
15272.599999997765,Move,740,287
15289.5,Move,725,285
15305.89999999851,Move,710,290
15322.599999997765,Move,697,300
15340.800000000745,Move,689,330
15356.199999999255,Move,694,344
15373.39999999851,Move,705,354
15402.199999999255,Released,705,354
15426.39999999851,Released,748,547
