resolution:1536,864
691272,Pressed,787,394
691277.8999999985,Move,765,410
691294.5,Move,751,411
691331.1999999993,Move,721,403
691345.0999999978,Move,706,394
691361.0999999978,Move,691,382
691378.1999999993,Move,679,367
691395,Move,668,350
691411.3999999985,Move,660,331
691428,Move,655,312
691444.6999999993,Move,653,294
691461.3000000007,Move,654,277
691479.5999999978,Move,659,262
691495.3999999985,Move,665,250
691511.1999999993,Move,675,240
691527.8000000007,Move,701,233
691544.8999999985,Move,716,234
691561.6999999993,Move,731,240
691578.0999999978,Move,747,249
691594.6999999993,Move,761,262
691611.3000000007,Move,773,278
691628.0999999978,Move,783,295
691645.1999999993,Move,791,313
691661.6999999993,Move,797,331
691678.0999999978,Move,799,349
691695,Move,799,366
691711.5999999978,Move,795,382
691728,Move,787,394
691729.5999999978,Released,787,394
691752.5999999978,Released,748,547
