resolution:1536,864
354346.80000000075,Pressed,739,356
354355.30000000075,Move,741,354
354419.3999999985,Move,742,354
354435.59999999776,Move,742,354
354452.69999999925,Move,745,353
354485.80000000075,Move,746,352
354519,Move,748,350
354553,Move,750,349
354586.5,Move,751,348
354602.3999999985,Move,753,346
354635.80000000075,Move,754,345
354669.3999999985,Move,756,344
354702.5,Move,757,342
354736.09999999776,Move,759,341
354752.59999999776,Move,761,339
354769.30000000075,Move,762,338
354785.8999999985,Move,763,336
354802.3999999985,Move,765,335
354819.5,Move,765,333
354836.19999999925,Move,767,330
354852.5,Move,768,328
354869.19999999925,Move,768,326
354885.69999999925,Move,769,325
354902.5,Move,769,323
354919.30000000075,Move,770,322
354936,Move,770,320
354952.59999999776,Move,770,318
354968.80000000075,Move,771,317
354986,Move,772,315
355002.5,Move,772,314
355019.30000000075,Move,772,312
355036.5,Move,773,310
355051.80000000075,Move,773,309
355068.8999999985,Move,772,306
355086,Move,771,304
355102.5,Move,771,303
355119,Move,770,302
355136,Move,770,300
355152.59999999776,Move,769,299
355169.3999999985,Move,769,298
355186,Move,768,297
355202.3999999985,Move,767,296
355219.3999999985,Move,767,294
355235.8999999985,Move,766,293
355252.80000000075,Move,765,292
355269.3999999985,Move,764,291
355285.69999999925,Move,763,290
355303.30000000075,Move,762,288
355320,Move,759,287
355336.19999999925,Move,758,286
355352.69999999925,Move,757,286
355369.8999999985,Move,755,285
355386.59999999776,Move,753,284
355403.19999999925,Move,752,284
355420,Move,751,283
355436.69999999925,Move,749,283
355453.19999999925,Move,747,283
355469.59999999776,Move,745,283
355486.59999999776,Move,743,282
355503.09999999776,Move,741,282
355519.80000000075,Move,740,282
355536.8999999985,Move,738,282
355553.5,Move,734,283
355569.69999999925,Move,732,283
355586.3999999985,Move,730,284
355603.09999999776,Move,728,284
355620,Move,726,285
355636.5,Move,724,286
355653.19999999925,Move,722,286
355669.80000000075,Move,720,286
355686.3999999985,Move,718,287
355703.19999999925,Move,716,288
355719.69999999925,Move,715,289
355736.69999999925,Move,713,290
355753.19999999925,Move,711,290
355769.59999999776,Move,709,291
355786.8999999985,Move,707,292
355803.3999999985,Move,705,293
355820.3999999985,Move,702,296
355836.3999999985,Move,700,297
355852.8999999985,Move,699,299
355870.09999999776,Move,697,300
355886.30000000075,Move,695,302
355903.09999999776,Move,694,303
355920.09999999776,Move,693,304
355936.69999999925,Move,691,306
355952.80000000075,Move,691,308
355970,Move,689,309
355986.80000000075,Move,688,311
356003.59999999776,Move,687,312
356020.09999999776,Move,686,314
356037,Move,686,316
356053.3999999985,Move,684,319
356069.80000000075,Move,683,320
356086.5,Move,683,322
356103.19999999925,Move,683,324
356119.8999999985,Move,682,325
356136.5,Move,682,327
356153,Move,682,328
356169.69999999925,Move,682,330
356186.69999999925,Move,681,332
356203.19999999925,Move,681,333
356219.8999999985,Move,681,334
356236.69999999925,Move,682,336
356253.69999999925,Move,682,337
356269.8999999985,Move,682,339
356287.09999999776,Move,683,342
356303.19999999925,Move,683,343
356319.69999999925,Move,684,344
356336.3999999985,Move,685,345
356353.3999999985,Move,685,346
356369.80000000075,Move,686,348
356386.59999999776,Move,687,349
356403.19999999925,Move,687,350
356419.80000000075,Move,688,352
356436.80000000075,Move,689,352
356453.3999999985,Move,691,353
356469.80000000075,Move,692,354
356486.30000000075,Move,693,354
356503.09999999776,Move,695,355
356519.8999999985,Move,697,356
356536.19999999925,Move,699,357
356553.19999999925,Move,701,357
356570.19999999925,Move,702,358
356586.8999999985,Move,704,358
356603.59999999776,Move,705,358
356619.8999999985,Move,707,358
356637,Move,709,358
356653.69999999925,Move,711,358
356670,Move,712,358
356686.8999999985,Move,714,358
356703.5,Move,716,359
356720.59999999776,Move,717,359
356736.8999999985,Move,719,358
356753.80000000075,Move,721,358
356771,Move,725,358
356786.8999999985,Move,727,357
356803.19999999925,Move,729,357
356820,Move,731,356
356837,Move,732,356
356853.30000000075,Move,734,355
356870.19999999925,Move,736,354
356887,Move,738,353
356894.09999999776,Released,738,353
356956.59999999776,Released,748,547
