resolution:1536,864
655861.3999999985,Pressed,649,298
655888.8000000007,Move,654,268
655904.3999999985,Move,654,268
656054.5,Move,672,246
656088.5999999978,Move,672,246
656104.3000000007,Move,672,246
656205.5999999978,Move,699,238
656305.8000000007,Move,731,243
656389.3999999985,Move,762,263
656422.1999999993,Move,788,292
656438.1999999993,Move,803,328
656454.8999999985,Move,805,363
656471.5,Move,794,391
656489.1999999993,Move,770,408
656538,Move,739,408
656604.8000000007,Move,705,394
656721.8999999985,Move,675,368
656889.0999999978,Move,654,334
657077.8000000007,Move,646,297
657319.6999999993,Released,646,297
657382.5999999978,Released,748,547
