resolution:1536,864
2272166,Pressed,823,332
2272169.5999999978,Move,823,336
2272226.6999999993,Move,823,336
2272235.1999999993,Move,823,336
2272285.0999999978,Move,823,341
2272385.8000000007,Move,823,341
2272402.8000000007,Move,822,345
2272553.5,Move,821,348
2272669.8000000007,Move,821,352
2272802.3999999985,Move,821,357
2272919.1999999993,Move,819,360
2273053.1999999993,Move,818,364
2273169.5999999978,Move,817,368
2273302.8999999985,Move,815,371
2273419.8000000007,Move,813,374
2273536.5,Move,811,378
2273653.3000000007,Move,809,381
2273770,Move,807,384
2273903.0999999978,Move,805,387
2274019.8000000007,Move,802,390
2274136.5,Move,800,392
2274236.5999999978,Move,797,396
2274353.3000000007,Move,795,399
2274469.8999999985,Move,792,401
2274603.3000000007,Move,789,403
2274720.0999999978,Move,786,405
2274836.5999999978,Move,783,408
2274936.8000000007,Move,780,410
2275053.1999999993,Move,777,412
2275153.3000000007,Move,774,414
2275253.3999999985,Move,771,417
2275353.1999999993,Move,767,418
2275453.3000000007,Move,763,420
2275553.1999999993,Move,760,421
2275653.3000000007,Move,756,422
2275752.8000000007,Move,752,422
2275853.5,Move,748,422
2275953.5,Move,743,422
2276053.3000000007,Move,739,423
2276136.5999999978,Move,735,422
2276220,Move,731,422
2276303.3999999985,Move,727,422
2276386.6999999993,Move,723,420
2276470.0999999978,Move,719,419
2276553.3000000007,Move,715,419
2276636.6999999993,Move,711,418
2276719.8000000007,Move,707,417
2276770.0999999978,Move,703,416
2276853.3000000007,Move,698,415
2276903.3999999985,Move,694,414
2276987,Move,690,412
2277036.6999999993,Move,686,410
2277086.8999999985,Move,682,408
2277119.8000000007,Move,678,405
2277169.8999999985,Move,675,402
2277220.1999999993,Move,671,400
2277269.6999999993,Move,667,397
2277320.0999999978,Move,664,394
2277352.8999999985,Move,661,391
2277386.5,Move,658,388
2277420,Move,655,384
2277453.0999999978,Move,652,380
2277486.5,Move,650,376
2277520.0999999978,Move,647,373
2277553.3000000007,Move,645,369
2277586.6999999993,Move,643,365
2277603.3999999985,Move,641,361
2277620.0999999978,Move,639,356
2277636.5,Move,638,352
2277653.5,Move,634,344
2277669.8999999985,Move,633,340
2277686.5,Move,632,336
2277703.1999999993,Move,631,332
2277719.6999999993,Move,629,328
2277737.3000000007,Move,628,324
2277752.8000000007,Move,628,319
2277768.8999999985,Move,628,315
2277786,Move,628,307
2277802.5,Move,627,302
2277819.3000000007,Move,627,298
2277835.8000000007,Move,628,294
2277852.5,Move,629,290
2277869.1999999993,Move,629,286
2277886,Move,630,282
2277902.6999999993,Move,631,278
2277919.1999999993,Move,634,270
2277935.6999999993,Move,636,267
2277952.8000000007,Move,637,263
2277969.3000000007,Move,640,260
2277986.0999999978,Move,642,257
2278019.5999999978,Move,644,253
2278052.5999999978,Move,647,251
2278086.1999999993,Move,650,248
2278119.5,Move,653,246
2278153.8000000007,Move,657,244
2278170.1999999993,Move,660,242
2278203.3999999985,Move,663,240
2278236.5,Move,666,238
2278286.6999999993,Move,670,236
2278336.5999999978,Move,673,234
2278386.8999999985,Move,676,232
2278436.8000000007,Move,679,230
2278486.8000000007,Move,683,229
2278536.5999999978,Move,687,228
2278586.5,Move,690,226
2278669.8000000007,Move,694,226
2278719.8000000007,Move,698,226
2278803.3999999985,Move,702,225
2278886.8000000007,Move,706,225
2278970.1999999993,Move,710,224
2279053.5,Move,713,223
2279136.8999999985,Move,718,224
2279220,Move,721,223
2279303.5999999978,Move,726,224
2279403.6999999993,Move,730,224
2279503.5999999978,Move,734,224
2279603.5,Move,738,226
2279703.6999999993,Move,742,227
2279803.5,Move,746,228
2279904.5999999978,Move,750,229
2280003.5999999978,Move,754,230
2280103.5,Move,758,233
2280203.5999999978,Move,762,234
2280303.5,Move,766,236
2280403.6999999993,Move,769,239
2280503.3999999985,Move,773,241
2280620.3000000007,Move,777,243
2280736.6999999993,Move,781,245
2280853.8000000007,Move,784,248
2280970.3999999985,Move,787,251
2281086.8000000007,Move,790,255
2281220.3999999985,Move,793,258
2281320.3999999985,Move,796,261
2281437,Move,799,265
2281553.5999999978,Move,801,268
2281670.3000000007,Move,804,272
2281787,Move,806,276
2281920.5,Move,809,280
2282037.1999999993,Move,811,283
2282153.3000000007,Move,813,287
2282270.3999999985,Move,815,291
2282420.3000000007,Move,816,295
2282553.3000000007,Move,817,300
2282687.1999999993,Move,818,304
2282820.3000000007,Move,819,308
2282954,Move,820,312
2283070.3999999985,Move,821,316
2283220.5,Move,821,320
2283353.6999999993,Move,823,324
2283470.5,Move,822,328
2283620.5,Move,822,332
2283741.5,Released,822,332
2283794.5,Released,748,547
