resolution:1536,864
2548029.8000000007,Pressed,671,206
2548042.3999999985,Move,676,205
2548056.3999999985,Move,679,205
2548093,Move,685,203
2548106.3999999985,Move,687,202
2548123,Move,690,202
2548140.3000000007,Move,693,202
2548156.3000000007,Move,696,201
2548172.8999999985,Move,699,202
2548189.5999999978,Move,702,200
2548206.1999999993,Move,705,201
2548225.0999999978,Move,708,201
2548240.1999999993,Move,711,202
2548257.3000000007,Move,714,201
2548274.0999999978,Move,721,203
2548290,Move,724,204
2548306.5999999978,Move,727,205
2548323,Move,730,205
2548340,Move,733,205
2548357,Move,736,207
2548373.1999999993,Move,739,207
2548390,Move,742,208
2548406.8000000007,Move,745,209
2548423.1999999993,Move,748,211
2548440.0999999978,Move,751,212
2548456.6999999993,Move,754,213
2548473.3000000007,Move,757,216
2548490,Move,760,216
2548506.8000000007,Move,763,216
2548523.3999999985,Move,766,219
2548539.8000000007,Move,769,220
2548556.8000000007,Move,774,224
2548573.8999999985,Move,777,226
2548590.1999999993,Move,779,228
2548607,Move,782,230
2548623.3999999985,Move,785,231
2548639.5999999978,Move,788,233
2548657.0999999978,Move,790,235
2548673.3999999985,Move,793,236
2548690,Move,796,238
2548706.5999999978,Move,799,240
2548723.3000000007,Move,801,242
2548740.8000000007,Move,804,245
2548758.3000000007,Move,807,246
2548774.5,Move,809,248
2548791.0999999978,Move,814,254
2548807.3999999985,Move,815,256
2548824.3999999985,Move,817,259
2548841.6999999993,Move,819,262
2548858.6999999993,Move,821,265
2548874.3000000007,Move,822,268
2548891.0999999978,Move,824,270
2548907,Move,826,273
2548924,Move,827,276
2548939.8999999985,Move,829,279
2548956.8000000007,Move,831,282
2548973.6999999993,Move,833,284
2548990.3000000007,Move,835,287
2549007.6999999993,Move,837,290
2549024.3999999985,Move,839,292
2549040.8999999985,Move,843,298
2549057.3999999985,Move,845,301
2549074.1999999993,Move,846,304
2549090.5999999978,Move,847,307
2549107.5,Move,849,310
2549123.5999999978,Move,849,314
2549141.0999999978,Move,849,317
2549157.5,Move,848,320
2549174.3000000007,Move,849,323
2549190.8999999985,Move,849,326
2549207.5999999978,Move,849,329
2549224.1999999993,Move,849,332
2549241,Move,850,335
2549257.5999999978,Move,851,338
2549274.3999999985,Move,851,341
2549290.8999999985,Move,851,344
2549307.5999999978,Move,851,347
2549324.3000000007,Move,851,353
2549340.5999999978,Move,850,356
2549357.3999999985,Move,850,359
2549374,Move,849,362
2549390.5999999978,Move,848,364
2549407.5,Move,848,367
2549424.3000000007,Move,848,370
2549440.8999999985,Move,847,374
2549457.8999999985,Move,848,377
2549474.3000000007,Move,847,379
2549490.8999999985,Move,847,382
2549507.6999999993,Move,846,385
2549524.1999999993,Move,846,388
2549540.8999999985,Move,845,392
2549557.3000000007,Move,844,394
2549573.3999999985,Move,844,398
2549590.1999999993,Move,842,403
2549606.6999999993,Move,841,406
2549623.5,Move,840,409
2549640.0999999978,Move,837,411
2549657.1999999993,Move,836,414
2549673.5999999978,Move,834,416
2549690.1999999993,Move,833,419
2549706.8999999985,Move,832,422
2549723.3999999985,Move,829,424
2549740.0999999978,Move,827,426
2549757.0999999978,Move,825,428
2549773.5,Move,823,430
2549791.1999999993,Move,820,432
2549808,Move,819,434
2549824.3000000007,Move,814,438
2549840.8000000007,Move,811,438
2549857.5,Move,807,439
2549874.1999999993,Move,805,441
2549890.6999999993,Move,801,442
2549907.5999999978,Move,799,443
2549924.1999999993,Move,797,445
2549940.8999999985,Move,794,448
2549957.5,Move,792,449
2549974.1999999993,Move,789,450
2549990.8999999985,Move,785,451
2550007.5999999978,Move,783,452
2550024.1999999993,Move,779,453
2550040.8999999985,Move,777,455
2550057.8999999985,Move,770,455
2550073.8999999985,Move,767,456
2550090.5999999978,Move,763,456
2550107.5999999978,Move,760,457
2550124,Move,757,456
2550140.8999999985,Move,754,458
2550157.5,Move,750,458
2550174.3999999985,Move,747,459
2550190.5999999978,Move,744,460
2550208.1999999993,Move,740,460
2550224.3999999985,Move,737,459
2550240.8999999985,Move,730,461
2550257.3999999985,Move,726,460
2550274.3000000007,Move,723,458
2550290.8000000007,Move,719,458
2550307.5,Move,715,456
2550324,Move,712,454
2550340.8999999985,Move,708,454
2550357.6999999993,Move,705,452
2550374.3000000007,Move,701,450
2550390.6999999993,Move,698,449
2550407.3999999985,Move,695,448
2550424.3999999985,Move,691,446
2550440.8000000007,Move,688,444
2550457.5999999978,Move,684,443
2550474.3999999985,Move,681,442
2550491.0999999978,Move,678,439
2550508.0999999978,Move,671,436
2550524,Move,668,434
2550540.8000000007,Move,665,432
2550557.3000000007,Move,662,429
2550574.1999999993,Move,659,427
2550590.8000000007,Move,655,425
2550607.6999999993,Move,652,423
2550623.8999999985,Move,650,420
2550641,Move,646,418
2550657.3999999985,Move,643,416
2550674.3999999985,Move,639,414
2550691,Move,636,412
2550707.5,Move,634,408
2550724.1999999993,Move,631,406
2550741.3999999985,Move,626,400
2550757.5,Move,623,398
2550773.8000000007,Move,619,395
2550790.6999999993,Move,616,393
2550807.6999999993,Move,613,390
2550824.3000000007,Move,609,388
2550841.0999999978,Move,607,385
2550857.3999999985,Move,604,382
2550874.0999999978,Move,601,378
2550890.8000000007,Move,598,376
2550907.5999999978,Move,595,372
2550924.0999999978,Move,592,369
2550941.1999999993,Move,589,366
2550957.5999999978,Move,588,362
2550974.1999999993,Move,587,358
2550991,Move,585,350
2551007.5,Move,585,346
2551024.0999999978,Move,584,343
2551040.6999999993,Move,582,339
2551057.6999999993,Move,581,336
2551074.3000000007,Move,579,332
2551091,Move,577,328
2551107.5999999978,Move,576,324
2551124.3000000007,Move,575,320
2551141.0999999978,Move,575,317
2551157.5999999978,Move,575,313
2551174.1999999993,Move,573,309
2551190.8000000007,Move,573,305
2551207.8000000007,Move,571,302
2551224.3999999985,Move,571,298
2551241.1999999993,Move,573,294
2551257.8999999985,Move,572,286
2551274.3000000007,Move,571,283
2551291,Move,571,279
2551307.5,Move,573,276
2551324.3999999985,Move,573,272
2551341,Move,572,268
2551357.6999999993,Move,573,264
2551373.8999999985,Move,575,261
2551391.1999999993,Move,577,258
2551407.5,Move,579,255
2551424.1999999993,Move,581,252
2551441.1999999993,Move,581,248
2551458.3999999985,Move,581,244
2551474.6999999993,Move,585,238
2551490.8000000007,Move,587,236
2551507.5,Move,590,234
2551524,Move,592,231
2551540.8999999985,Move,594,228
2551557.3000000007,Move,595,225
2551574,Move,597,222
2551590.3000000007,Move,599,219
2551607.0999999978,Move,601,217
2551624,Move,604,215
2551640.3999999985,Move,605,212
2551657.3999999985,Move,609,210
2551673.8999999985,Move,611,208
2551690.5999999978,Move,614,206
2551707.3999999985,Move,617,204
2551723.8000000007,Move,620,202
2551740.5999999978,Move,626,199
2551757.1999999993,Move,628,197
2551773.8999999985,Move,632,196
2551790.5999999978,Move,635,194
2551807.0999999978,Move,637,192
2551823.8000000007,Move,639,190
2551840.5,Move,643,189
2551857.1999999993,Move,646,187
2551873.6999999993,Move,648,184
2551890.5999999978,Move,651,183
2551907.0999999978,Move,654,181
2551923.8999999985,Move,657,179
2551930.1999999993,Released,657,179
2551969.8000000007,Released,748,547
