resolution:1536,864
2758431.1999999993,Pressed,857,379
2758453.3000000007,Move,867,360
2758488.8000000007,Move,871,350
2758503.1999999993,Move,871,350
2758519.8000000007,Move,872,340
2758553.5999999978,Move,872,330
2758569.8999999985,Move,874,320
2758586.5999999978,Move,872,310
2758603.3000000007,Move,871,300
2758620,Move,869,290
2758637,Move,865,280
2758654.3999999985,Move,855,262
2758670.1999999993,Move,849,254
2758686.5999999978,Move,842,246
2758703.8000000007,Move,835,238
2758720.1999999993,Move,827,232
2758737.0999999978,Move,819,225
2758753.3999999985,Move,810,219
2758770.3000000007,Move,801,214
2758787,Move,790,210
2758803.5999999978,Move,780,206
2758820.8000000007,Move,769,203
2758837.1999999993,Move,759,200
2758854,Move,748,199
2758870.5999999978,Move,737,198
2758887.3000000007,Move,726,198
2758904.3000000007,Move,704,200
2758920.6999999993,Move,693,202
2758937.3000000007,Move,683,204
2758953.8000000007,Move,672,207
2758970.8999999985,Move,662,212
2758987.8999999985,Move,644,223
2759003.8000000007,Move,635,228
2759020.6999999993,Move,626,234
2759037.5,Move,618,242
2759054,Move,612,250
2759070.6999999993,Move,607,258
2759087.0999999978,Move,598,277
2759103.6999999993,Move,594,286
2759120.3999999985,Move,591,295
2759137.0999999978,Move,588,304
2759153.5999999978,Move,588,314
2759170.3000000007,Move,587,324
2759187.0999999978,Move,587,333
2759203.5,Move,589,343
2759220.5,Move,590,352
2759238.0999999978,Move,592,362
2759254.8000000007,Move,602,380
2759270.6999999993,Move,608,388
2759287.0999999978,Move,613,396
2759304.0999999978,Move,621,403
2759320.8000000007,Move,628,410
2759337.3000000007,Move,636,417
2759353.5999999978,Move,644,423
2759370.5,Move,654,428
2759387.5,Move,663,432
2759403.8000000007,Move,673,436
2759420.6999999993,Move,684,439
2759437.5,Move,695,441
2759454.0999999978,Move,705,443
2759470.8999999985,Move,716,445
2759487.3999999985,Move,727,446
2759504.0999999978,Move,738,444
2759520.6999999993,Move,749,444
2759538,Move,771,440
2759554.3000000007,Move,781,438
2759570.8999999985,Move,791,433
2759587.5999999978,Move,801,428
2759604.5,Move,809,422
2759620.8999999985,Move,819,416
2759637.6999999993,Move,826,408
2759671.1999999993,Move,834,402
2759704.8000000007,Move,841,394
2759738.6999999993,Move,847,385
2759754.3000000007,Move,852,377
2759783.3000000007,Released,852,377
2759818.5999999978,Released,748,547
