resolution:1536,864
70223,Pressed,708,277
70231.09999999776,Move,712,276
70280.89999999851,Move,712,276
70298.19999999925,Move,712,276
70465.09999999776,Move,712,276
70498.09999999776,Move,717,275
70761,Move,721,275
71010.39999999851,Move,726,276
71239.59999999776,Move,731,277
71461.19999999925,Move,736,279
71662.80000000075,Move,741,282
71863,Move,745,286
72041.30000000075,Move,749,290
72207.89999999851,Move,753,295
72374.59999999776,Move,756,300
72496.39999999851,Move,759,305
72613.19999999925,Move,761,311
72713.19999999925,Move,763,316
72795.59999999776,Move,764,322
72879.80000000075,Move,765,328
72946.39999999851,Move,765,334
73029.80000000075,Move,764,340
73079.89999999851,Move,763,345
73096.5,Move,762,350
73130,Move,759,354
73146.5,Move,756,358
73162.89999999851,Move,753,362
73179.69999999925,Move,749,365
73196.5,Move,741,368
73212.89999999851,Move,736,369
73229.69999999925,Move,731,369
73246.30000000075,Move,727,368
73263.19999999925,Move,721,367
73296.59999999776,Move,717,365
73330.19999999925,Move,712,362
73363.09999999776,Move,708,358
73413.19999999925,Move,704,354
73479.80000000075,Move,700,349
73546.59999999776,Move,696,344
73646.30000000075,Move,693,339
73730,Move,691,333
73846.5,Move,689,327
73979.80000000075,Move,688,321
74130,Move,687,315
74296.5,Move,687,310
74485.30000000075,Move,688,304
74685.89999999851,Move,689,298
74886.5,Move,691,293
75102.5,Move,693,288
75333.69999999925,Move,696,284
75587.39999999851,Move,699,280
75851.19999999925,Move,703,278
76120.59999999776,Move,707,276
76399.39999999851,Released,707,276
76462.19999999925,Released,748,547
