resolution:1536,864
737888.0999999978,Pressed,746,260
737900.1999999993,Move,763,267
737939.0999999978,Move,778,278
737950.3000000007,Move,785,284
737967.1999999993,Move,790,291
737984,Move,794,299
738000.5,Move,797,307
738017.1999999993,Move,799,315
738033.6999999993,Move,800,324
738050.3000000007,Move,800,332
738067.5999999978,Move,799,340
738083.8999999985,Move,796,348
738100.8000000007,Move,793,355
738118.3000000007,Move,783,368
738134.0999999978,Move,777,374
738150.6999999993,Move,770,380
738167.5,Move,762,383
738184.0999999978,Move,753,386
738201.0999999978,Move,744,388
738217.0999999978,Move,735,389
738234.0999999978,Move,725,389
738250.5,Move,716,387
738267.3000000007,Move,707,385
738284.3999999985,Move,698,382
738301.1999999993,Move,689,377
738317.3999999985,Move,682,372
738334.5,Move,675,366
738351.3999999985,Move,663,352
738367.5999999978,Move,660,344
738384.5,Move,657,336
738401.0999999978,Move,654,328
738417.5999999978,Move,653,320
738434.6999999993,Move,653,312
738451.0999999978,Move,654,304
738467.5,Move,657,296
738484.3000000007,Move,660,289
738500.8999999985,Move,665,282
738517.8000000007,Move,671,276
738534.5999999978,Move,677,270
738550.6999999993,Move,683,265
738568.0999999978,Move,691,262
738584.1999999993,Move,700,259
738601,Move,709,257
738617.6999999993,Move,718,256
738634.1999999993,Move,737,256
738650.8999999985,Move,746,258
738665.8999999985,Released,746,258
738706.3000000007,Released,748,547
