resolution:1536,864
2007509.3999999985,Pressed,815,236
2007513.5999999978,Move,801,228
2007581.3999999985,Move,801,228
2007596,Move,801,228
2007612.0999999978,Move,786,223
2007695.3000000007,Move,771,218
2007729.3999999985,Move,771,218
2007762.3999999985,Move,755,216
2007829.3999999985,Move,738,214
2007862.3000000007,Move,721,216
2007912.5999999978,Move,705,219
2007979.8000000007,Move,689,223
2008013.0999999978,Move,673,228
2008062.8000000007,Move,659,235
2008113,Move,645,242
2008146.3000000007,Move,631,251
2008179.5999999978,Move,621,262
2008213.5,Move,612,274
2008229.5999999978,Move,605,287
2008262,Move,599,299
2008295.8000000007,Move,595,312
2008329.0999999978,Move,595,326
2008363.3000000007,Move,595,339
2008379.5999999978,Move,597,352
2008413.0999999978,Move,601,365
2008446.3999999985,Move,609,377
2008479.3999999985,Move,618,387
2008496,Move,629,397
2008529.5999999978,Move,640,406
2008563.0999999978,Move,654,413
2008596.3000000007,Move,668,419
2008629.8999999985,Move,683,423
2008663.1999999993,Move,699,426
2008697,Move,715,427
2008729.0999999978,Move,731,427
2008764.0999999978,Move,748,424
2008779.8999999985,Move,764,421
2008813.3000000007,Move,780,416
2008846.3999999985,Move,795,410
2008880,Move,809,402
2008913.5999999978,Move,823,393
2008946.8999999985,Move,834,382
2008980.0999999978,Move,844,371
2009013.8999999985,Move,851,358
2009030.0999999978,Move,856,345
2009063.3000000007,Move,859,331
2009096.5999999978,Move,860,318
2009130.3000000007,Move,858,304
2009163.6999999993,Move,857,291
2009180.1999999993,Move,853,278
2009197,Move,845,266
2009214.1999999993,Move,825,246
2009229.8999999985,Move,812,238
2009244.3999999985,Released,812,238
2009309.3999999985,Released,748,547
