resolution:1536,864
2237393,Pressed,639,241
2237399.5999999978,Move,643,239
2237456.3000000007,Move,643,239
2237467.0999999978,Move,643,239
2237480.8000000007,Move,643,239
2237547.3000000007,Move,647,236
2237631.1999999993,Move,647,236
2237647.5999999978,Move,647,236
2237714.6999999993,Move,651,233
2237882,Move,655,230
2238053.8000000007,Move,659,228
2238204,Move,663,225
2238370,Move,669,223
2238525.3999999985,Move,674,222
2238699.0999999978,Move,679,220
2238865.6999999993,Move,683,218
2239021.1999999993,Move,688,216
2239187.6999999993,Move,694,216
2239342.8999999985,Move,699,215
2239509.3999999985,Move,704,214
2239665,Move,709,213
2239815,Move,715,212
2239981.5999999978,Move,720,210
2240137,Move,725,211
2240287,Move,731,211
2240437.0999999978,Move,737,212
2240587,Move,742,213
2240737.0999999978,Move,747,214
2240887.0999999978,Move,752,216
2241037,Move,758,216
2241187,Move,763,217
2241337,Move,769,218
2241487.1999999993,Move,774,219
2241637,Move,779,222
2241787,Move,785,223
2241937.0999999978,Move,789,225
2242086.3999999985,Move,794,228
2242219.3999999985,Move,798,231
2242353.8000000007,Move,803,234
2242487.0999999978,Move,807,237
2242620.3000000007,Move,811,240
2242753.8999999985,Move,816,243
2242887,Move,820,246
2243020.3999999985,Move,823,250
2243120.3000000007,Move,826,254
2243236.8999999985,Move,829,258
2243353.8000000007,Move,833,262
2243470.5999999978,Move,836,266
2243587,Move,840,269
2243687.0999999978,Move,843,273
2243787.3999999985,Move,847,277
2243887.0999999978,Move,849,281
2243987.0999999978,Move,852,285
2244087.1999999993,Move,854,290
2244170.5,Move,856,294
2244253.8999999985,Move,859,299
2244337.1999999993,Move,861,304
2244420.5,Move,862,308
2244504,Move,861,313
2244552.8000000007,Move,861,318
2244637.1999999993,Move,859,323
2244687.0999999978,Move,859,328
2244737.1999999993,Move,861,332
2244787.3000000007,Move,861,337
2244836.8999999985,Move,861,342
2244870.1999999993,Move,860,347
2244903.5999999978,Move,858,351
2244937,Move,858,356
2244970.1999999993,Move,857,361
2245004.0999999978,Move,855,365
2245037.3999999985,Move,853,370
2245054.0999999978,Move,849,374
2245070.3000000007,Move,846,378
2245087.5999999978,Move,843,381
2245104,Move,840,385
2245121.1999999993,Move,837,389
2245137.1999999993,Move,834,393
2245154.5999999978,Move,827,400
2245170.3999999985,Move,823,404
2245187,Move,815,410
2245204.0999999978,Move,809,412
2245220.5999999978,Move,805,414
2245237.0999999978,Move,800,417
2245253.8999999985,Move,795,418
2245270.6999999993,Move,790,420
2245287.1999999993,Move,785,422
2245304.1999999993,Move,780,424
2245320.6999999993,Move,775,426
2245337.1999999993,Move,770,427
2245354.0999999978,Move,765,428
2245387.3000000007,Move,760,430
2245421.0999999978,Move,754,431
2245437.1999999993,Move,749,432
2245470.8000000007,Move,744,433
2245503.8000000007,Move,738,434
2245553.5,Move,733,434
2245603.1999999993,Move,727,434
2245654.0999999978,Move,722,434
2245704,Move,716,434
2245754,Move,711,433
2245837.3000000007,Move,705,432
2245887.3999999985,Move,699,431
2245970.3999999985,Move,694,431
2246054,Move,689,429
2246137.1999999993,Move,683,428
2246220.6999999993,Move,677,427
2246320.6999999993,Move,673,424
2246420.5999999978,Move,667,422
2246520.5999999978,Move,663,419
2246620.6999999993,Move,659,416
2246720.8999999985,Move,654,413
2246820.6999999993,Move,649,410
2246937.3000000007,Move,645,407
2247054.0999999978,Move,641,404
2247170.8000000007,Move,637,401
2247286.0999999978,Move,633,398
2247420.6999999993,Move,628,395
2247553.6999999993,Move,624,392
2247670.5999999978,Move,619,388
2247804.1999999993,Move,616,384
2247937.5,Move,612,380
2248070.8999999985,Move,609,376
2248204,Move,606,372
2248337.5,Move,603,368
2248487.5999999978,Move,602,363
2248620.3000000007,Move,600,358
2248770.8999999985,Move,599,354
2248920.8000000007,Move,598,349
2249070.8000000007,Move,597,344
2249220.6999999993,Move,596,340
2249370.6999999993,Move,595,335
2249520.6999999993,Move,594,330
2249670.6999999993,Move,593,326
2249837.3999999985,Move,591,321
2249976.1999999993,Move,592,316
2250126.3000000007,Move,591,311
2250292.8000000007,Move,591,306
2250448.3000000007,Move,593,302
2250614,Move,593,297
2250769.3999999985,Move,594,292
2250936.8000000007,Move,596,288
2251092.0999999978,Move,596,283
2251242,Move,597,278
2251408.8999999985,Move,600,274
2251564.3000000007,Move,601,269
2251714.0999999978,Move,605,265
2251880.8000000007,Move,608,261
2252036.1999999993,Move,610,257
2252202.6999999993,Move,614,253
2252357.8999999985,Move,617,249
2252508,Move,620,245
2252674.5999999978,Move,624,242
2252829.8999999985,Move,628,238
2252996.8000000007,Move,631,234
2253158.1999999993,Released,631,234
2253219.3000000007,Released,748,547
