resolution:1536,864
249065.3999999985,Pressed,709,291
249077.19999999925,Move,707,292
249116.3999999985,Move,707,292
249142.19999999925,Move,707,292
249240.8999999985,Move,705,294
249291.80000000075,Move,705,294
249307.80000000075,Move,705,294
249409,Move,703,296
249584.30000000075,Move,701,298
249733.5,Move,700,301
249884.30000000075,Move,698,303
250034.09999999776,Move,697,306
250184.19999999925,Move,696,308
250317.3999999985,Move,695,311
250450.69999999925,Move,694,313
250584.19999999925,Move,693,316
250700.8999999985,Move,693,318
250817.59999999776,Move,692,321
250951,Move,691,324
251050.69999999925,Move,691,326
251150.80000000075,Move,690,329
251250.80000000075,Move,689,331
251334.09999999776,Move,689,334
251417.69999999925,Move,689,336
251500.80000000075,Move,690,339
251584.30000000075,Move,690,341
251667.59999999776,Move,691,344
251717.59999999776,Move,691,346
251800.80000000075,Move,692,348
251851,Move,693,350
251934.30000000075,Move,695,352
251984.30000000075,Move,695,354
252017.3999999985,Move,697,355
252067.3999999985,Move,699,356
252117.5,Move,700,358
252151.09999999776,Move,702,359
252184.09999999776,Move,704,360
252217.3999999985,Move,706,361
252251,Move,707,362
252284.69999999925,Move,709,362
252317.59999999776,Move,712,363
252334.19999999925,Move,714,363
252350.59999999776,Move,716,363
252367.3999999985,Move,718,363
252384.09999999776,Move,721,362
252400.80000000075,Move,723,362
252417.5,Move,725,361
252434,Move,727,361
252450.8999999985,Move,730,360
252467.69999999925,Move,732,359
252484,Move,734,358
252501,Move,736,356
252517.59999999776,Move,739,355
252534.19999999925,Move,741,353
252550.8999999985,Move,745,350
252567.5,Move,746,348
252584.80000000075,Move,749,344
252600.80000000075,Move,751,341
252617.69999999925,Move,752,339
252634.3999999985,Move,754,337
252650.80000000075,Move,755,334
252667.80000000075,Move,756,332
252684.19999999925,Move,757,330
252701,Move,758,327
252717.69999999925,Move,759,325
252734.3999999985,Move,759,322
252751.19999999925,Move,760,320
252784.19999999925,Move,760,318
252817.30000000075,Move,760,315
252851.30000000075,Move,760,313
252867.80000000075,Move,760,311
252901,Move,760,308
252934.19999999925,Move,759,306
252967.69999999925,Move,759,304
253017.59999999776,Move,759,302
253067.3999999985,Move,758,300
253117.30000000075,Move,757,298
253150,Move,757,296
253234.3999999985,Move,755,295
253284.5,Move,754,293
253334.5,Move,753,292
253417.59999999776,Move,752,290
253501,Move,750,289
253583.8999999985,Move,749,288
253667.59999999776,Move,747,287
253751.30000000075,Move,745,286
253851.19999999925,Move,744,285
253951.19999999925,Move,742,285
254051,Move,740,285
254151.19999999925,Move,738,284
254267.69999999925,Move,736,284
254384.69999999925,Move,734,284
254501,Move,732,285
254651.30000000075,Move,729,285
254784.5,Move,727,286
254917.8999999985,Move,725,286
255067.69999999925,Move,723,287
255217.8999999985,Move,721,287
255367.59999999776,Move,719,288
255534.59999999776,Move,717,290
255706.69999999925,Move,715,291
255873.30000000075,Move,713,293
256061.5,Move,711,294
256225.8999999985,Released,711,294
256288.80000000075,Released,748,547
