resolution:1536,864
2105630.8000000007,Pressed,803,192
2105639.8999999985,Move,796,189
2105693.1999999993,Move,796,189
2105706.8000000007,Move,796,189
2105724.5,Move,789,187
2105823.8000000007,Move,781,185
2105857.5,Move,781,185
2105873.5,Move,781,185
2105907.3999999985,Move,773,185
2105974.5,Move,765,186
2106058.0999999978,Move,757,186
2106141.5999999978,Move,748,188
2106192.1999999993,Move,739,192
2106274.8999999985,Move,731,194
2106326.0999999978,Move,722,198
2106407.5999999978,Move,713,202
2106458.0999999978,Move,705,208
2106508.3999999985,Move,697,214
2106558.3000000007,Move,689,222
2106607.5999999978,Move,681,230
2106657.8999999985,Move,674,238
2106691.1999999993,Move,667,246
2106724.3999999985,Move,660,255
2106757.5999999978,Move,654,265
2106791.1999999993,Move,647,274
2106824.3000000007,Move,643,284
2106857.6999999993,Move,637,294
2106891.1999999993,Move,634,305
2106924.5,Move,628,325
2106941.1999999993,Move,626,335
2106957.5,Move,624,346
2106974.3000000007,Move,623,355
2106990.8000000007,Move,623,365
2107007.8000000007,Move,623,374
2107024.5,Move,623,383
2107041.1999999993,Move,625,391
2107057.6999999993,Move,627,399
2107074.5,Move,630,407
2107091.0999999978,Move,633,414
2107107.5999999978,Move,637,420
2107124.3999999985,Move,641,426
2107141.3000000007,Move,646,431
2107158.0999999978,Move,652,435
2107174.3000000007,Move,664,442
2107191.5999999978,Move,676,447
2107207.8000000007,Move,683,449
2107224.3000000007,Move,691,449
2107241.1999999993,Move,699,447
2107257.6999999993,Move,707,445
2107274.3000000007,Move,715,442
2107291.3000000007,Move,722,440
2107307.8999999985,Move,730,436
2107324.3000000007,Move,738,432
2107341.3000000007,Move,746,427
2107358,Move,753,420
2107374.6999999993,Move,761,414
2107390.8000000007,Move,769,407
2107407.8000000007,Move,776,401
2107424.5999999978,Move,783,393
2107440.8999999985,Move,789,385
2107474.3999999985,Move,796,376
2107507.8000000007,Move,802,367
2107541.8000000007,Move,807,358
2107574.8000000007,Move,812,348
2107608,Move,816,338
2107641,Move,819,328
2107691.6999999993,Move,823,318
2107741.6999999993,Move,825,308
2107791.6999999993,Move,828,298
2107841.8000000007,Move,828,289
2107891.8000000007,Move,829,280
2107941.5999999978,Move,829,270
2108024.8999999985,Move,828,261
2108075,Move,827,252
2108158.5,Move,825,245
2108241.8000000007,Move,822,238
2108308.5,Move,819,231
2108391.8000000007,Move,815,224
2108474.8999999985,Move,811,219
2108558.3999999985,Move,807,212
2108658.3999999985,Move,802,207
2108758.3999999985,Move,797,203
2108848.0999999978,Released,797,203
2108908.6999999993,Released,748,547
