resolution:1536,864
329458.19999999925,Pressed,764,306
329468.30000000075,Move,765,307
329517.80000000075,Move,765,307
329534.5,Move,765,307
329567.69999999925,Move,766,309
329650.59999999776,Move,767,311
329684.80000000075,Move,767,311
329701.09999999776,Move,767,311
329718,Move,769,312
329768.09999999776,Move,769,314
329817.59999999776,Move,770,316
329867.80000000075,Move,771,318
329918.69999999925,Move,771,319
329969,Move,771,321
330002.80000000075,Move,772,323
330052.80000000075,Move,772,324
330085.30000000075,Move,772,326
330118.59999999776,Move,772,328
330151.80000000075,Move,772,330
330184.30000000075,Move,772,331
330217.8999999985,Move,772,333
330251.09999999776,Move,771,334
330284.5,Move,771,336
330318.69999999925,Move,771,338
330351.59999999776,Move,771,339
330385.3999999985,Move,771,341
330418.69999999925,Move,771,342
330451.59999999776,Move,770,344
330485.09999999776,Move,770,346
330501.8999999985,Move,769,347
330552.19999999925,Move,769,348
330567.8999999985,Move,768,350
330601.30000000075,Move,767,351
330634.80000000075,Move,766,352
330668.09999999776,Move,765,354
330684.69999999925,Move,764,355
330717.8999999985,Move,763,356
330752.5,Move,761,357
330768.69999999925,Move,760,358
330802.19999999925,Move,759,359
330835.3999999985,Move,757,360
330868.69999999925,Move,755,360
330902.30000000075,Move,754,360
330935.5,Move,752,361
330968.8999999985,Move,750,362
330985.30000000075,Move,749,362
331018.3999999985,Move,747,362
331052.09999999776,Move,745,363
331085,Move,743,364
331118.8999999985,Move,742,364
331135.59999999776,Move,740,364
331152.59999999776,Move,738,364
331169.3999999985,Move,736,364
331185.69999999925,Move,732,364
331202.3999999985,Move,730,364
331218.80000000075,Move,728,363
331235.19999999925,Move,726,363
331252.09999999776,Move,724,362
331268.5,Move,722,362
331285.3999999985,Move,720,360
331302.30000000075,Move,718,360
331318.8999999985,Move,716,359
331335.30000000075,Move,715,358
331352.09999999776,Move,713,357
331368.59999999776,Move,711,356
331385.80000000075,Move,709,356
331402.19999999925,Move,707,355
331418.69999999925,Move,705,353
331436,Move,702,351
331451.8999999985,Move,701,349
331468.59999999776,Move,699,348
331485.19999999925,Move,698,346
331502.19999999925,Move,697,345
331518.59999999776,Move,695,344
331535.59999999776,Move,694,342
331552.19999999925,Move,692,341
331568.69999999925,Move,691,339
331585.3999999985,Move,690,338
331602.09999999776,Move,688,336
331618.5,Move,687,334
331635.5,Move,687,333
331652.09999999776,Move,686,331
331669.19999999925,Move,685,329
331685.8999999985,Move,685,328
331702.3999999985,Move,683,324
331718.3999999985,Move,682,322
331735.59999999776,Move,681,321
331752.19999999925,Move,681,319
331769.19999999925,Move,681,318
331785.3999999985,Move,681,316
331802.3999999985,Move,681,314
331819,Move,682,313
331835.69999999925,Move,682,311
331852.09999999776,Move,682,310
331868.80000000075,Move,682,308
331885.5,Move,683,306
331902.59999999776,Move,683,305
331919.69999999925,Move,684,304
331936.19999999925,Move,685,301
331951.80000000075,Move,685,299
331968.59999999776,Move,686,298
331985.5,Move,687,297
332001.59999999776,Move,688,296
332018.5,Move,689,295
332034.5,Move,690,294
332051.8999999985,Move,691,292
332068.30000000075,Move,692,292
332085,Move,693,290
332102.09999999776,Move,695,290
332118.69999999925,Move,696,289
332135.80000000075,Move,697,288
332152.80000000075,Move,699,288
332169.59999999776,Move,700,287
332185.59999999776,Move,703,285
332201.8999999985,Move,704,285
332218.80000000075,Move,706,284
332235.5,Move,707,284
332252.09999999776,Move,709,284
332268.59999999776,Move,711,284
332285.5,Move,713,284
332302.5,Move,714,284
332318.8999999985,Move,716,284
332335.3999999985,Move,718,284
332352.30000000075,Move,720,285
332368.69999999925,Move,721,284
332385.30000000075,Move,723,285
332401.5,Move,725,285
332418.19999999925,Move,727,286
332435.30000000075,Move,730,286
332451.3999999985,Move,732,286
332468,Move,734,286
332484.8999999985,Move,736,287
332501.5,Move,737,288
332518.09999999776,Move,739,289
332534.3999999985,Move,741,290
332551.59999999776,Move,743,291
332568.19999999925,Move,744,292
332584.8999999985,Move,746,292
332601.30000000075,Move,747,294
332618,Move,749,295
332635,Move,751,296
332651.69999999925,Move,753,299
332667.8999999985,Move,755,300
332684.59999999776,Move,756,301
332701.69999999925,Move,757,302
332718.09999999776,Move,759,304
332734.69999999925,Move,760,306
332751,Move,761,307
332759.19999999925,Released,761,307
332789.30000000075,Released,748,547
