resolution:1536,864
2900229.5,Pressed,690,442
2900237,Move,695,442
2900277.5999999978,Move,695,442
2900285.8000000007,Move,695,442
2900302.5999999978,Move,695,442
2900335.8000000007,Move,701,441
2900453,Move,706,440
2900469,Move,706,440
2900552.5,Move,711,438
2900653.0999999978,Move,717,437
2900769.6999999993,Move,722,436
2900869.6999999993,Move,727,434
2900985.5,Move,733,432
2901103.3000000007,Move,738,430
2901203.1999999993,Move,743,429
2901303,Move,749,427
2901403.3999999985,Move,754,424
2901503.5,Move,759,422
2901603.5999999978,Move,764,420
2901703.3999999985,Move,769,417
2901803.5999999978,Move,774,413
2901903.3000000007,Move,779,410
2902003.5,Move,783,407
2902103.3999999985,Move,789,404
2902203.3000000007,Move,793,400
2902303.3000000007,Move,798,397
2902403.3999999985,Move,803,394
2902503.5999999978,Move,807,389
2902603.5999999978,Move,811,385
2902703.3999999985,Move,816,381
2902803.3999999985,Move,819,377
2902903.5,Move,823,373
2903003.3999999985,Move,827,368
2903103.3000000007,Move,830,363
2903203.3999999985,Move,834,359
2903303.5,Move,837,354
2903403.3999999985,Move,839,349
2903502.3999999985,Move,841,344
2903603.3999999985,Move,843,339
2903703.3999999985,Move,846,334
2903803.6999999993,Move,848,329
2903903.3999999985,Move,849,324
2904003.5,Move,851,319
2904103.5,Move,853,314
2904203.5999999978,Move,853,309
2904303.5999999978,Move,854,304
2904403.5,Move,855,299
2904503.6999999993,Move,855,294
2904603.6999999993,Move,855,290
2904703.5,Move,855,285
2904803.5999999978,Move,854,280
2904903.5999999978,Move,853,276
2905003.3999999985,Move,851,272
2905103.3999999985,Move,851,267
2905203.5,Move,849,263
2905303.5,Move,848,259
2905403.5,Move,847,254
2905503.5,Move,845,250
2905603.3999999985,Move,843,247
2905703.3999999985,Move,841,243
2905803.6999999993,Move,839,239
2905903.5,Move,837,235
2906020,Move,833,233
2906120.1999999993,Move,831,229
2906220.3999999985,Move,828,226
2906320.1999999993,Move,824,224
2906436.8000000007,Move,821,220
2906537,Move,818,217
2906653.6999999993,Move,814,215
2906753.5999999978,Move,810,212
2906869.6999999993,Move,805,212
2906970.3999999985,Move,800,211
2907086.1999999993,Move,796,209
2907186.8999999985,Move,791,208
2907320.1999999993,Move,786,208
2907420.3000000007,Move,781,207
2907520.3000000007,Move,777,207
2907620.3999999985,Move,772,206
2907720.1999999993,Move,767,205
2907820.0999999978,Move,762,206
2907920,Move,757,206
2908020.1999999993,Move,752,206
2908120.5,Move,747,207
2908219.8999999985,Move,741,208
2908336.8000000007,Move,736,210
2908436.8999999985,Move,731,211
2908537,Move,725,212
2908637.0999999978,Move,720,213
2908737,Move,715,216
2908837.5,Move,710,218
2908937.1999999993,Move,705,219
2909037,Move,700,221
2909136.8999999985,Move,694,223
2909236.8000000007,Move,689,226
2909337.0999999978,Move,684,228
2909437.1999999993,Move,679,231
2909537.1999999993,Move,675,234
2909637.0999999978,Move,671,238
2909737.0999999978,Move,666,242
2909837.0999999978,Move,662,246
2909937.0999999978,Move,658,250
2910037.1999999993,Move,654,254
2910137.3000000007,Move,651,258
2910237,Move,647,262
2910337.3000000007,Move,643,266
2910436.5999999978,Move,639,270
2910537.1999999993,Move,637,275
2910637.3999999985,Move,633,279
2910737.3999999985,Move,631,284
2910837.3999999985,Move,627,288
2910937.3999999985,Move,624,292
2911037.1999999993,Move,620,296
2911137.1999999993,Move,617,301
2911237.3999999985,Move,615,306
2911337.1999999993,Move,613,310
2911437.1999999993,Move,611,315
2911537.3999999985,Move,608,320
2911637.1999999993,Move,608,324
2911737.1999999993,Move,606,329
2911837.1999999993,Move,604,334
2911937.3000000007,Move,604,339
2912037.1999999993,Move,603,344
2912137.5,Move,604,348
2912237.3000000007,Move,605,352
2912337.1999999993,Move,605,356
2912437.0999999978,Move,605,361
2912537.1999999993,Move,606,366
2912654.0999999978,Move,607,370
2912753.8000000007,Move,609,374
2912869.5,Move,610,377
2912970.5999999978,Move,611,382
2913087.3000000007,Move,611,386
2913187.0999999978,Move,613,390
2913287.3000000007,Move,615,393
2913387.3999999985,Move,617,397
2913504,Move,618,401
2913603.8999999985,Move,621,404
2913737.3000000007,Move,623,408
2913837.3000000007,Move,626,411
2913937,Move,628,415
2914037.3999999985,Move,632,417
2914137.3000000007,Move,635,420
2914237.5999999978,Move,638,423
2914337.5999999978,Move,642,425
2914437.5999999978,Move,645,428
2914537.5999999978,Move,649,430
2914637.5,Move,653,432
2914737.1999999993,Move,658,433
2914837.3000000007,Move,663,434
2914937.3999999985,Move,667,435
2915053.8000000007,Move,672,435
2915154.0999999978,Move,677,436
2915254,Move,682,435
2915354.0999999978,Move,687,436
2915454,Move,692,436
2915540.5,Released,692,436
2915600.3999999985,Released,748,547
