resolution:1536,864
1157600.6999999993,Pressed,814,307
1157613.3000000007,Move,815,305
1157633.5999999978,Move,815,305
1157644.3999999985,Move,815,305
1157711,Move,814,303
1157794.5999999978,Move,815,301
1157828.3000000007,Move,815,301
1157844.3000000007,Move,815,299
1157911.5999999978,Move,816,297
1157961.5999999978,Move,816,295
1158011.8999999985,Move,816,293
1158078.8999999985,Move,816,291
1158112,Move,815,290
1158145.5,Move,816,287
1158195,Move,815,286
1158228.8000000007,Move,814,284
1158262.0999999978,Move,814,282
1158294.0999999978,Move,814,280
1158327.3999999985,Move,813,279
1158360.8999999985,Move,812,277
1158394.1999999993,Move,812,276
1158428,Move,811,274
1158461.1999999993,Move,810,272
1158495.3000000007,Move,809,271
1158528.6999999993,Move,808,270
1158562,Move,807,268
1158595.5,Move,807,267
1158628.8999999985,Move,806,265
1158662,Move,804,264
1158695.5999999978,Move,803,263
1158729.3999999985,Move,803,262
1158745.6999999993,Move,801,260
1158778.8000000007,Move,800,259
1158812,Move,800,257
1158845.5999999978,Move,799,256
1158878.8999999985,Move,797,255
1158912.1999999993,Move,795,255
1158945.8999999985,Move,794,254
1158961.8999999985,Move,792,253
1158995.0999999978,Move,791,252
1159028.3999999985,Move,789,252
1159061.6999999993,Move,788,250
1159095.3999999985,Move,787,249
1159111.8000000007,Move,786,248
1159145.0999999978,Move,785,247
1159161.5,Move,783,246
1159178.3000000007,Move,782,245
1159195,Move,781,243
1159228.3999999985,Move,779,242
1159245.1999999993,Move,777,242
1159261.6999999993,Move,776,240
1159278.5,Move,774,240
1159311.6999999993,Move,770,240
1159328.0999999978,Move,769,239
1159344.8000000007,Move,767,238
1159361.5999999978,Move,765,238
1159378.0999999978,Move,763,238
1159394.8999999985,Move,761,237
1159411.5,Move,759,238
1159428.3000000007,Move,757,238
1159444.8999999985,Move,754,239
1159461.5,Move,752,239
1159478.3999999985,Move,750,238
1159494.6999999993,Move,748,238
1159511.5,Move,746,238
1159528.3000000007,Move,744,238
1159544.8999999985,Move,741,238
1159561.8000000007,Move,739,238
1159578.6999999993,Move,735,240
1159595.0999999978,Move,733,240
1159611.8999999985,Move,730,240
1159628.6999999993,Move,728,241
1159645.0999999978,Move,725,243
1159662.3000000007,Move,723,243
1159678.5,Move,721,244
1159695.5,Move,719,245
1159712.1999999993,Move,716,246
1159729,Move,714,248
1159745.5,Move,712,248
1159762.1999999993,Move,709,248
1159778.6999999993,Move,707,250
1159795.3000000007,Move,705,252
1159812.1999999993,Move,703,253
1159828.6999999993,Move,701,255
1159845.5999999978,Move,699,256
1159863.0999999978,Move,694,258
1159878.5999999978,Move,692,260
1159895.3000000007,Move,690,261
1159911.8999999985,Move,688,263
1159928.6999999993,Move,686,265
1159945.3999999985,Move,683,266
1159961.8999999985,Move,681,267
1159978.5,Move,679,269
1159994.6999999993,Move,677,270
1160011.1999999993,Move,675,272
1160028.1999999993,Move,673,274
1160044.6999999993,Move,671,275
1160061.0999999978,Move,668,277
1160078.1999999993,Move,667,279
1160094.8000000007,Move,665,281
1160111.3999999985,Move,662,282
1160127.8999999985,Move,659,287
1160144.5999999978,Move,657,289
1160161.1999999993,Move,656,291
1160177.8000000007,Move,655,293
1160194.5999999978,Move,653,295
1160211.3000000007,Move,652,298
1160228.1999999993,Move,651,300
1160244.5999999978,Move,650,302
1160261.5,Move,650,304
1160278.8000000007,Move,648,306
1160295.5,Move,647,308
1160312.1999999993,Move,645,311
1160328.8000000007,Move,645,313
1160345.3000000007,Move,644,315
1160362.5,Move,642,320
1160378.5,Move,641,322
1160395.1999999993,Move,639,324
1160411.8999999985,Move,639,326
1160428.5,Move,638,328
1160445.1999999993,Move,637,330
1160461.8999999985,Move,637,332
1160478.5,Move,637,334
1160495.5999999978,Move,636,337
1160511.8999999985,Move,635,339
1160528.6999999993,Move,635,341
1160545.5999999978,Move,634,343
1160562.1999999993,Move,634,345
1160578.8000000007,Move,634,347
1160595.3999999985,Move,634,349
1160612,Move,635,351
1160629.0999999978,Move,635,355
1160645.0999999978,Move,635,357
1160661.8999999985,Move,635,359
1160678.6999999993,Move,635,361
1160695.1999999993,Move,634,364
1160711.8999999985,Move,635,365
1160728.6999999993,Move,636,367
1160745.1999999993,Move,637,368
1160762.1999999993,Move,637,370
1160778.8000000007,Move,638,372
1160795.3000000007,Move,639,373
1160812.3999999985,Move,639,376
1160828.3999999985,Move,640,377
1160845.3999999985,Move,641,378
1160862.3999999985,Move,644,380
1160878.5999999978,Move,645,382
1160895.3000000007,Move,647,383
1160911.8999999985,Move,648,384
1160928.5,Move,649,385
1160945.3000000007,Move,651,386
1160961.8000000007,Move,652,387
1160978.1999999993,Move,653,389
1160994.8999999985,Move,653,390
1161011.3999999985,Move,655,391
1161027.8999999985,Move,657,392
1161045.6999999993,Move,658,393
1161062.0999999978,Move,660,394
1161078.8000000007,Move,661,394
1161096,Move,665,396
1161111.8000000007,Move,666,397
1161128.5999999978,Move,667,398
1161145.6999999993,Move,669,399
1161162,Move,670,400
1161178.8999999985,Move,672,400
1161195.3000000007,Move,674,401
1161212.3999999985,Move,675,402
1161228.8000000007,Move,677,402
1161245.3999999985,Move,679,402
1161262.3999999985,Move,681,403
1161278.8000000007,Move,683,403
1161295.5,Move,685,404
1161312.1999999993,Move,687,404
1161328.6999999993,Move,689,404
1161345.8000000007,Move,691,405
1161362.1999999993,Move,692,405
1161379,Move,696,406
1161395.3000000007,Move,699,404
1161412.0999999978,Move,701,405
1161428.5999999978,Move,703,406
1161445.3999999985,Move,705,404
1161462.3000000007,Move,707,404
1161478.8999999985,Move,709,404
1161495.6999999993,Move,711,404
1161512.5,Move,714,404
1161529,Move,716,404
1161545.5999999978,Move,718,404
1161562.0999999978,Move,720,404
1161578.8999999985,Move,723,404
1161595.3999999985,Move,725,404
1161612.3000000007,Move,727,403
1161628.8999999985,Move,730,402
1161645.6999999993,Move,732,401
1161662.1999999993,Move,734,400
1161679.5999999978,Move,739,399
1161695.3999999985,Move,741,398
1161712,Move,744,397
1161728.8000000007,Move,746,396
1161745.6999999993,Move,749,395
1161762.3000000007,Move,751,393
1161778.8000000007,Move,753,391
1161795.5,Move,755,389
1161812.3000000007,Move,757,388
1161828.8999999985,Move,759,386
1161845.3999999985,Move,761,384
1161862.3000000007,Move,763,382
1161878.8999999985,Move,765,380
1161895.5,Move,767,379
1161912.3000000007,Move,769,377
1161928.6999999993,Move,771,375
1161945.8000000007,Move,773,374
1161962.8000000007,Move,776,370
1161978.5999999978,Move,778,368
1161995.5999999978,Move,779,366
1162012.1999999993,Move,782,364
1162028.8000000007,Move,783,363
1162045.5999999978,Move,786,361
1162062.1999999993,Move,788,360
1162079,Move,790,358
1162095.8999999985,Move,792,356
1162112.3000000007,Move,793,354
1162129.0999999978,Move,796,352
1162145.6999999993,Move,797,350
1162162.3000000007,Move,799,348
1162179.0999999978,Move,800,346
1162195.6999999993,Move,801,344
1162212.3000000007,Move,803,342
1162228.8999999985,Move,803,339
1162245.6999999993,Move,805,337
1162262.8000000007,Move,808,333
1162278.3999999985,Move,809,331
1162295.3999999985,Move,811,329
1162312.1999999993,Move,812,326
1162328.8999999985,Move,812,324
1162345.3999999985,Move,813,322
1162362,Move,814,320
1162378.8999999985,Move,814,318
1162395.5999999978,Move,814,316
1162412.1999999993,Move,815,313
1162428.8999999985,Move,815,311
1162445.6999999993,Move,815,309
1162462.1999999993,Move,815,307
1162464.5999999978,Released,815,307
1162528.5999999978,Released,748,547
