resolution:1536,864
2296312,Pressed,824,305
2296320.3000000007,Move,824,300
2296374.8000000007,Move,824,300
2296387,Move,824,300
2296503.0999999978,Move,823,295
2296554.0999999978,Move,823,295
2296569.6999999993,Move,823,295
2296671.0999999978,Move,823,290
2296850.0999999978,Move,824,285
2297031.5,Move,824,280
2297200,Move,824,276
2297366.3999999985,Move,822,271
2297538.3999999985,Move,821,267
2297705.1999999993,Move,820,263
2297877,Move,819,258
2298027.1999999993,Move,818,254
2298193.8000000007,Move,817,250
2298349,Move,816,246
2298515.8000000007,Move,813,242
2298670.8999999985,Move,811,239
2298821.0999999978,Move,809,236
2298970.5999999978,Move,807,232
2299121.1999999993,Move,805,229
2299254.5999999978,Move,803,226
2299404.3999999985,Move,801,222
2299537.6999999993,Move,798,219
2299671.1999999993,Move,795,217
2299804.5999999978,Move,792,215
2299937.5999999978,Move,790,212
2300054.5,Move,787,208
2300171.0999999978,Move,783,208
2300287.8999999985,Move,780,207
2300404.3000000007,Move,776,206
2300521.0999999978,Move,773,206
2300637.6999999993,Move,769,205
2300737.8000000007,Move,765,203
2300837.8000000007,Move,762,203
2300937.5,Move,758,203
2301036.8999999985,Move,754,204
2301137.8000000007,Move,750,202
2301237.8000000007,Move,746,202
2301321.1999999993,Move,743,202
2301404,Move,739,204
2301504.6999999993,Move,735,204
2301587.8999999985,Move,731,205
2301671.0999999978,Move,727,207
2301754.5999999978,Move,723,208
2301804.5,Move,718,210
2301887.8000000007,Move,714,211
2301937.8000000007,Move,710,213
2302021.1999999993,Move,706,215
2302071.1999999993,Move,702,217
2302121.1999999993,Move,698,220
2302171.1999999993,Move,694,222
2302221.0999999978,Move,691,226
2302271.0999999978,Move,687,228
2302321.1999999993,Move,683,232
2302354.0999999978,Move,679,236
2302404.3999999985,Move,676,240
2302438,Move,673,244
2302471.3000000007,Move,669,248
2302504.5999999978,Move,666,252
2302537.6999999993,Move,663,256
2302570.5999999978,Move,659,260
2302604.0999999978,Move,653,269
2302620.8000000007,Move,651,274
2302637.3999999985,Move,649,278
2302654.3999999985,Move,646,283
2302670.3999999985,Move,643,288
2302687.8999999985,Move,642,293
2302704,Move,639,298
2302720.8000000007,Move,638,303
2302737.8999999985,Move,636,308
2302754.3000000007,Move,635,313
2302771.3000000007,Move,632,318
2302787.8999999985,Move,632,323
2302804.5,Move,631,328
2302820.8999999985,Move,630,334
2302837.8999999985,Move,629,344
2302854.3999999985,Move,628,349
2302871.0999999978,Move,627,354
2302888,Move,627,359
2302904.8999999985,Move,627,369
2302921.1999999993,Move,628,374
2302937.5,Move,629,378
2302954.3999999985,Move,631,382
2302970.0999999978,Move,631,387
2302987.5999999978,Move,632,392
2303004.5,Move,633,396
2303020.8999999985,Move,635,400
2303037.8000000007,Move,636,404
2303054.3999999985,Move,639,407
2303071.3000000007,Move,641,411
2303104.6999999993,Move,643,414
2303138,Move,647,416
2303171.5,Move,649,418
2303204.1999999993,Move,653,420
2303221.0999999978,Move,655,423
2303254.5,Move,659,424
2303287.8000000007,Move,662,426
2303338,Move,665,429
2303387.8999999985,Move,667,432
2303437,Move,670,434
2303487.1999999993,Move,673,436
2303520.6999999993,Move,677,437
2303571.0999999978,Move,681,437
2303654.6999999993,Move,685,437
2303704.5999999978,Move,688,437
2303788.0999999978,Move,692,439
2303838,Move,696,438
2303921.3000000007,Move,699,438
2304004.5999999978,Move,703,437
2304087.8999999985,Move,707,437
2304171.5,Move,711,436
2304254.8999999985,Move,715,435
2304338.1999999993,Move,719,433
2304421.3000000007,Move,723,432
2304521.3000000007,Move,726,432
2304604.8000000007,Move,730,431
2304704.8000000007,Move,734,429
2304804.8000000007,Move,738,427
2304904.6999999993,Move,742,425
2305004.5,Move,745,422
2305121.5,Move,749,420
2305238,Move,753,417
2305371.3999999985,Move,756,414
2305488.1999999993,Move,760,411
2305604.8000000007,Move,763,407
2305721.5999999978,Move,767,405
2305871.5,Move,770,402
2306003.8999999985,Move,773,398
2306138,Move,776,394
2306288.3999999985,Move,779,390
2306438.0999999978,Move,783,387
2306571.5,Move,785,383
2306721.3999999985,Move,788,379
2306871.3999999985,Move,790,374
2307021.3999999985,Move,793,370
2307171.5,Move,795,366
2307337.3999999985,Move,798,362
2307493.5999999978,Move,800,357
2307660.1999999993,Move,803,353
2307815.3000000007,Move,805,348
2307989.3000000007,Move,806,344
2308155.5,Move,808,339
2308328.3000000007,Move,809,334
2308494.8999999985,Move,811,330
2308683.6999999993,Move,812,325
2308850.0999999978,Move,813,320
2309022.1999999993,Move,814,316
2309207.6999999993,Move,815,311
2309392.1999999993,Move,815,306
2309570.8999999985,Released,815,306
2309632.6999999993,Released,748,547
