resolution:1536,864
1220540.1999999993,Pressed,658,344
1220564.3000000007,Move,658,349
1220602.5,Move,658,356
1220614.5,Move,658,358
1220631.1999999993,Move,659,360
1220648.3999999985,Move,660,361
1220664.3000000007,Move,660,363
1220681.0999999978,Move,661,365
1220697.8000000007,Move,661,367
1220714.3999999985,Move,662,369
1220731,Move,663,371
1220749.5999999978,Move,663,373
1220765.1999999993,Move,664,375
1220781.0999999978,Move,665,376
1220798.0999999978,Move,666,378
1220815.3000000007,Move,667,380
1220832.3000000007,Move,668,382
1220848.6999999993,Move,669,383
1220865.8000000007,Move,670,385
1220882.5999999978,Move,671,388
1220898.5,Move,673,390
1220915.0999999978,Move,673,392
1220931.8000000007,Move,675,393
1220948.5,Move,677,393
1220965.8000000007,Move,679,397
1220981.8999999985,Move,680,398
1220998.3999999985,Move,681,400
1221015.0999999978,Move,683,400
1221031.8000000007,Move,684,402
1221048.6999999993,Move,686,403
1221065.5999999978,Move,688,405
1221081.3999999985,Move,690,406
1221099.0999999978,Move,691,407
1221115.0999999978,Move,693,407
1221131.8000000007,Move,695,407
1221148.5,Move,697,408
1221165.5999999978,Move,698,409
1221182.0999999978,Move,700,409
1221198.3999999985,Move,702,409
1221215.6999999993,Move,703,409
1221231.1999999993,Move,705,410
1221247.5999999978,Move,707,411
1221264.3000000007,Move,709,410
1221281.5,Move,711,410
1221298,Move,712,411
1221315.3000000007,Move,716,411
1221331.3000000007,Move,717,411
1221348.0999999978,Move,719,410
1221364.8000000007,Move,721,410
1221381,Move,723,410
1221398.0999999978,Move,725,410
1221414.5999999978,Move,726,411
1221431.5,Move,728,410
1221448.1999999993,Move,730,410
1221465.0999999978,Move,732,410
1221481.3000000007,Move,734,410
1221498.1999999993,Move,735,409
1221514.8999999985,Move,737,409
1221531.0999999978,Move,739,408
1221548.3000000007,Move,741,408
1221566.0999999978,Move,745,406
1221582.0999999978,Move,746,405
1221598.8999999985,Move,748,404
1221615.5999999978,Move,750,403
1221632.5999999978,Move,752,402
1221648.8000000007,Move,753,401
1221665.8999999985,Move,755,400
1221682.3999999985,Move,757,398
1221699.0999999978,Move,758,396
1221716,Move,760,396
1221732.3000000007,Move,761,394
1221749.1999999993,Move,763,392
1221766,Move,764,390
1221783,Move,765,388
1221799.3999999985,Move,768,385
1221815.5999999978,Move,770,384
1221832.5,Move,771,382
1221849,Move,773,381
1221865.8999999985,Move,774,379
1221882.5,Move,775,377
1221899.1999999993,Move,777,375
1221915.8999999985,Move,777,373
1221932.3000000007,Move,778,370
1221949.1999999993,Move,779,368
1221965.8999999985,Move,780,366
1221982.8999999985,Move,781,365
1221999.3000000007,Move,783,363
1222016.5,Move,785,359
1222032,Move,786,358
1222049,Move,787,355
1222066.5,Move,788,353
1222082.8999999985,Move,789,349
1222099.6999999993,Move,790,347
1222116,Move,791,342
1222132,Move,791,340
1222148.8999999985,Move,791,338
1222166.3999999985,Move,792,336
1222182.6999999993,Move,793,332
1222199.5999999978,Move,795,327
1222215.3999999985,Move,795,325
1222232,Move,795,323
1222249,Move,795,320
1222265.8000000007,Move,795,318
1222282.5,Move,795,316
1222299.0999999978,Move,795,314
1222316,Move,796,312
1222332.3999999985,Move,795,310
1222349.0999999978,Move,796,307
1222366.0999999978,Move,796,305
1222382.5999999978,Move,796,303
1222399.5,Move,795,301
1222416.0999999978,Move,795,299
1222433,Move,794,297
1222449.6999999993,Move,794,293
1222465.5999999978,Move,793,291
1222482.3000000007,Move,793,289
1222499.0999999978,Move,791,288
1222516.5,Move,791,286
1222532.8000000007,Move,791,282
1222548.8999999985,Move,789,280
1222565.6999999993,Move,789,278
1222582.5,Move,788,276
1222599,Move,788,274
1222616,Move,787,272
1222632.5,Move,787,270
1222649.1999999993,Move,786,269
1222666.0999999978,Move,785,268
1222682.8000000007,Move,784,265
1222699.0999999978,Move,783,264
1222715.8000000007,Move,782,263
1222732.8000000007,Move,781,262
1222749.0999999978,Move,779,260
1222766.5999999978,Move,777,258
1222782.1999999993,Move,776,257
1222798.8999999985,Move,774,256
1222815.8999999985,Move,773,254
1222832.5,Move,772,253
1222849.0999999978,Move,771,252
1222865.8000000007,Move,769,251
1222882.5,Move,768,250
1222899.1999999993,Move,767,248
1222915.8000000007,Move,765,248
1222932.5,Move,764,247
1222948.8999999985,Move,763,246
1222965.5,Move,761,245
1222982.5999999978,Move,760,244
1222999.5999999978,Move,757,243
1223015.6999999993,Move,755,242
1223032.1999999993,Move,754,242
1223049.3000000007,Move,752,242
1223065.8000000007,Move,751,242
1223082.3999999985,Move,749,241
1223099.3000000007,Move,747,240
1223116.1999999993,Move,746,241
1223132.5,Move,744,240
1223149.1999999993,Move,741,241
1223165.3999999985,Move,739,242
1223182.5,Move,738,242
1223199.0999999978,Move,736,242
1223216.0999999978,Move,734,242
1223232.3999999985,Move,733,242
1223248.8999999985,Move,731,241
1223265.8999999985,Move,730,241
1223282.5999999978,Move,728,242
1223299.5,Move,727,242
1223316.1999999993,Move,723,244
1223332.5,Move,722,245
1223348.8000000007,Move,720,245
1223365.3999999985,Move,719,246
1223381.8999999985,Move,717,246
1223398,Move,715,248
1223415.0999999978,Move,714,248
1223431.5,Move,712,249
1223448.5,Move,711,249
1223466,Move,709,250
1223482.5,Move,708,251
1223499.0999999978,Move,706,252
1223515.8999999985,Move,705,253
1223532.3999999985,Move,703,254
1223549.3999999985,Move,701,254
1223566.0999999978,Move,700,255
1223582.8999999985,Move,697,257
1223599.3000000007,Move,695,258
1223615.6999999993,Move,694,260
1223632.3000000007,Move,693,261
1223649.3000000007,Move,691,262
1223665.6999999993,Move,690,263
1223682.5999999978,Move,688,264
1223699,Move,687,266
1223715.8999999985,Move,686,267
1223732.0999999978,Move,685,269
1223749.0999999978,Move,684,271
1223766.0999999978,Move,683,272
1223782.5,Move,682,274
1223799.1999999993,Move,680,276
1223816.3000000007,Move,679,278
1223833,Move,678,282
1223849.3999999985,Move,677,284
1223865.8999999985,Move,677,285
1223882.5,Move,676,287
1223899.0999999978,Move,675,289
1223915.8000000007,Move,674,290
1223932.3000000007,Move,673,292
1223949.1999999993,Move,672,294
1223966.0999999978,Move,671,296
1223982.3999999985,Move,671,298
1223999.5999999978,Move,670,300
1224015.6999999993,Move,670,302
1224032.3000000007,Move,669,304
1224049.3999999985,Move,668,306
1224066.6999999993,Move,667,309
1224082.0999999978,Move,667,311
1224099,Move,667,313
1224115.8999999985,Move,667,315
1224133.3000000007,Move,667,317
1224149.3000000007,Move,667,319
1224166,Move,666,321
1224183.1999999993,Move,665,325
1224199.0999999978,Move,665,327
1224215.8999999985,Move,665,329
1224232.5,Move,664,331
1224249.0999999978,Move,665,333
1224265.8999999985,Move,665,334
1224282.5999999978,Move,665,336
1224299.1999999993,Move,665,338
1224315.8999999985,Move,665,340
1224332.5999999978,Move,665,342
1224338.3000000007,Released,665,342
1224402.1999999993,Released,748,547
