resolution:1536,864
21115.800000000745,Pressed,762,291
21120.099999997765,Move,757,286
21186.800000000745,Move,757,286
21203.39999999851,Move,757,286
21269.800000000745,Move,750,282
21354,Move,750,282
21387.199999999255,Move,743,280
21470.300000000745,Move,735,280
21554.300000000745,Move,726,282
21638.099999997765,Move,717,286
21703.699999999255,Move,709,291
21786.800000000745,Move,702,297
21836.89999999851,Move,695,304
21886.599999997765,Move,690,313
21971.199999999255,Move,687,322
22004.800000000745,Move,685,330
22054.099999997765,Move,685,339
22104.39999999851,Move,687,347
22154.699999999255,Move,690,353
22187.599999997765,Move,695,359
22237.699999999255,Move,702,363
22287.5,Move,709,364
22337.89999999851,Move,718,365
22387.800000000745,Move,727,363
22420.5,Move,736,359
22470.89999999851,Move,744,354
22503.800000000745,Move,751,347
22554.099999997765,Move,758,339
22587.5,Move,763,331
22637.39999999851,Move,767,322
22654,Move,769,313
22687.800000000745,Move,769,304
22721.599999997765,Move,767,296
22754.300000000745,Move,763,290
22785.599999997765,Released,763,290
22845.800000000745,Released,748,547
