resolution:1536,864
2717635.8000000007,Pressed,810,400
2717644.0999999978,Move,817,390
2717694.3000000007,Move,817,390
2717711.3000000007,Move,817,390
2717844.0999999978,Move,823,380
2717861.3000000007,Move,823,380
2717877.5999999978,Move,823,380
2718045.3000000007,Move,829,369
2718261.1999999993,Move,834,358
2718445.1999999993,Move,839,347
2718644.5,Move,844,336
2718845.3999999985,Move,846,324
2719023.3999999985,Move,849,312
2719206.5,Move,849,301
2719378.5999999978,Move,850,290
2719545.3999999985,Move,850,278
2719717.3999999985,Move,849,268
2719867.3999999985,Move,846,258
2720017.3999999985,Move,843,248
2720149.8000000007,Move,841,238
2720284.0999999978,Move,839,229
2720401.0999999978,Move,835,220
2720517.0999999978,Move,830,212
2720650.8000000007,Move,824,205
2720750.8000000007,Move,819,197
2720850.5999999978,Move,812,191
2720950.6999999993,Move,804,187
2721050.5999999978,Move,797,182
2721150.6999999993,Move,789,178
2721234.0999999978,Move,779,176
2721317.3000000007,Move,771,174
2721367.0999999978,Move,761,173
2721417.0999999978,Move,751,174
2721467.5,Move,742,176
2721517.1999999993,Move,732,177
2721533.6999999993,Move,722,180
2721566.6999999993,Move,712,184
2721600,Move,693,196
2721616.5,Move,684,202
2721633.3999999985,Move,675,208
2721650,Move,665,215
2721666.8999999985,Move,658,225
2721683.6999999993,Move,650,234
2721699.8999999985,Move,637,254
2721716.8000000007,Move,631,265
2721733.3000000007,Move,626,276
2721750.1999999993,Move,619,286
2721766.6999999993,Move,615,297
2721783.5,Move,612,308
2721800.5,Move,610,320
2721817.0999999978,Move,609,331
2721833.3999999985,Move,607,342
2721867.5999999978,Move,606,353
2721900.6999999993,Move,606,364
2721950.5999999978,Move,605,375
2722000.6999999993,Move,608,385
2722050.6999999993,Move,609,395
2722133.8000000007,Move,612,405
2722184.1999999993,Move,614,415
2722267.5,Move,618,424
2722350.8000000007,Move,623,432
2722434,Move,629,439
2722517.3999999985,Move,634,446
2722617.3999999985,Move,641,452
2722734.1999999993,Move,649,457
2722867.5999999978,Move,657,460
2722984,Move,665,464
2723117.5,Move,674,466
2723267.5,Move,683,467
2723417.3999999985,Move,693,467
2723567.5999999978,Move,702,467
2723734.1999999993,Move,711,465
2723889.3000000007,Move,721,462
2724063.6999999993,Move,731,460
2724242,Move,740,458
2724425.3000000007,Move,750,454
2724614,Move,759,448
2724796.3000000007,Move,769,442
2724996.8000000007,Move,778,435
2725197.3999999985,Move,786,427
2725397.8999999985,Move,794,418
2725597.8999999985,Move,802,409
2725814.3000000007,Move,810,400
2726023.3000000007,Released,810,400
2726087.3000000007,Released,748,547
