resolution:1536,864
96196.09999999776,Pressed,735,367
96197.69999999925,Move,732,366
96239.09999999776,Move,732,366
96263.19999999925,Move,732,366
96346.59999999776,Move,729,365
96414.19999999925,Move,729,365
96430.5,Move,729,365
96497.89999999851,Move,727,364
96664.80000000075,Move,724,363
96837,Move,721,361
96985.69999999925,Move,719,360
97153.5,Move,716,358
97308.59999999776,Move,713,356
97458.80000000075,Move,711,353
97625.39999999851,Move,709,350
97780.59999999776,Move,707,347
97930.19999999925,Move,705,344
98097.30000000075,Move,703,341
98252.80000000075,Move,701,338
98419.5,Move,699,335
98574.59999999776,Move,697,332
98741.39999999851,Move,696,328
98896.59999999776,Move,695,324
99046.59999999776,Move,693,321
99213.39999999851,Move,693,318
99368.69999999925,Move,692,314
99518.80000000075,Move,691,310
99685.30000000075,Move,691,307
99840.80000000075,Move,691,304
100007.39999999851,Move,691,300
100162.59999999776,Move,692,297
100312.5,Move,692,294
100479.30000000075,Move,693,291
100645.89999999851,Move,695,288
100801.19999999925,Move,696,286
100950.80000000075,Move,697,284
101118,Move,699,282
101273.39999999851,Move,701,280
101423.39999999851,Move,703,278
101589.69999999925,Move,705,277
101745.30000000075,Move,707,276
101912.09999999776,Move,710,276
102067.39999999851,Move,712,276
102217.19999999925,Move,715,276
102384.09999999776,Move,718,276
102539.09999999776,Move,721,276
102705.80000000075,Move,723,277
102861.30000000075,Move,726,277
103027.89999999851,Move,729,278
103183.19999999925,Move,732,280
103350,Move,735,282
103505.09999999776,Move,737,284
103671.89999999851,Move,740,286
103810.5,Move,743,289
103976.69999999925,Move,745,292
104148.80000000075,Move,747,295
104315.89999999851,Move,750,298
104471.19999999925,Move,752,301
104637.89999999851,Move,754,304
104776.30000000075,Move,756,308
104949.80000000075,Move,757,312
105116.80000000075,Move,759,315
105272,Move,760,319
105438.59999999776,Move,761,323
105577.09999999776,Move,761,326
105751.80000000075,Move,762,330
105918.59999999776,Move,763,334
106073.80000000075,Move,763,337
106223.69999999925,Move,763,341
106373.89999999851,Move,762,344
106540.39999999851,Move,761,347
106695.5,Move,761,350
106862.30000000075,Move,760,353
107017.19999999925,Move,759,356
107167.59999999776,Move,757,358
107334.5,Move,755,360
107489.69999999925,Move,754,362
107639.5,Move,752,364
107806.30000000075,Move,750,365
107961.80000000075,Move,748,366
108128.5,Move,745,367
108283.69999999925,Move,743,368
108433.5,Move,740,368
108600.39999999851,Move,738,368
108772.39999999851,Move,735,367
108917.30000000075,Released,735,367
108979.59999999776,Released,748,547
