resolution:1536,864
2602145.0999999978,Pressed,730,448
2602153.3000000007,Move,699,442
2602187.3999999985,Move,699,442
2602205.3999999985,Move,699,442
2602303.0999999978,Move,669,430
2602370.3999999985,Move,669,430
2602453.5999999978,Move,642,413
2602603.5,Move,618,393
2602769.8000000007,Move,599,369
2602919.8999999985,Move,585,344
2603069.5999999978,Move,577,316
2603252.8999999985,Move,577,290
2603402.8999999985,Move,583,264
2603569.6999999993,Move,594,241
2603725.0999999978,Move,612,222
2603875,Move,635,207
2604041.6999999993,Move,662,197
2604213.6999999993,Move,692,193
2604363.5999999978,Move,723,194
2604530.3000000007,Move,755,200
2604685.5999999978,Move,785,211
2604852.3000000007,Move,813,228
2605007.5999999978,Move,837,249
2605158,Move,857,273
2605324.8000000007,Move,871,300
2605480.0999999978,Move,876,327
2605630.0999999978,Move,877,354
2605796.8999999985,Move,873,380
2605952.1999999993,Move,861,404
2606118.8000000007,Move,842,423
2606274,Move,819,438
2606424.0999999978,Move,791,448
2606590.6999999993,Move,762,453
2606729.5,Move,730,453
2606889.5999999978,Released,730,453
2606910.8999999985,Released,748,547
