resolution:1536,864
2993428.6999999993,Pressed,775,427
2993439.0999999978,Move,779,424
2993478,Move,783,420
2993489.0999999978,Move,783,420
2993522.8999999985,Move,788,418
2993572.3999999985,Move,792,415
2993622.6999999993,Move,796,411
2993656.6999999993,Move,799,407
2993672.8999999985,Move,799,407
2993705.8000000007,Move,803,404
2993739.3999999985,Move,808,401
2993773.0999999978,Move,811,398
2993806.1999999993,Move,815,393
2993840.0999999978,Move,819,390
2993873.5,Move,821,385
2993906.8999999985,Move,824,381
2993940.3000000007,Move,828,377
2993973.8000000007,Move,831,373
2994007.1999999993,Move,833,368
2994040.0999999978,Move,835,363
2994073.3000000007,Move,836,358
2994106.3999999985,Move,838,354
2994139.5999999978,Move,839,349
2994155.8999999985,Move,840,344
2994189.8000000007,Move,843,339
2994222.6999999993,Move,845,334
2994257.0999999978,Move,845,330
2994291,Move,846,324
2994306.8999999985,Move,846,320
2994340.6999999993,Move,846,314
2994374.1999999993,Move,847,304
2994390.0999999978,Move,847,300
2994407,Move,847,294
2994423.8999999985,Move,845,290
2994439.6999999993,Move,845,285
2994456.3000000007,Move,843,280
2994473,Move,841,276
2994490,Move,839,271
2994506.3000000007,Move,838,267
2994523.0999999978,Move,835,263
2994539.6999999993,Move,831,259
2994556.8000000007,Move,829,255
2994573.3999999985,Move,827,251
2994589.8000000007,Move,825,246
2994606.8999999985,Move,819,239
2994623.6999999993,Move,816,235
2994640.3000000007,Move,813,232
2994657.0999999978,Move,809,229
2994673.8999999985,Move,806,225
2994690.3000000007,Move,802,222
2994707.1999999993,Move,798,220
2994723.8000000007,Move,794,217
2994740.3999999985,Move,789,215
2994757,Move,785,212
2994773.8999999985,Move,781,210
2994790.0999999978,Move,776,209
2994807.1999999993,Move,771,207
2994824.3999999985,Move,767,205
2994840.5,Move,762,205
2994857.3000000007,Move,752,204
2994873.5999999978,Move,747,202
2994890.3999999985,Move,742,203
2994907.1999999993,Move,737,202
2994923.8999999985,Move,732,201
2994940.3999999985,Move,727,201
2994957.0999999978,Move,722,202
2994974,Move,717,203
2994990.5,Move,712,205
2995007.3999999985,Move,707,205
2995023.8000000007,Move,701,206
2995040.5,Move,696,206
2995057.8000000007,Move,691,208
2995074.6999999993,Move,686,208
2995091,Move,671,216
2995107.0999999978,Move,666,218
2995123.8000000007,Move,661,220
2995140.1999999993,Move,657,223
2995157.5,Move,651,226
2995174,Move,647,229
2995190.6999999993,Move,643,233
2995207.5,Move,640,238
2995224,Move,636,241
2995240.5,Move,633,246
2995257.3999999985,Move,629,250
2995273.8000000007,Move,625,254
2995291.0999999978,Move,622,259
2995307.5999999978,Move,619,263
2995323.8999999985,Move,617,268
2995341.3999999985,Move,613,278
2995356.8999999985,Move,609,283
2995373.5999999978,Move,608,288
2995390.5999999978,Move,608,293
2995407.0999999978,Move,606,298
2995423.5,Move,605,304
2995440.1999999993,Move,605,309
2995457,Move,604,314
2995474,Move,605,319
2995490.5,Move,605,324
2995507.3000000007,Move,603,329
2995523.8999999985,Move,603,334
2995540.6999999993,Move,603,340
2995557.5999999978,Move,603,344
2995574.5999999978,Move,603,350
2995591.3999999985,Move,605,360
2995606.8999999985,Move,607,364
2995623.6999999993,Move,609,369
2995640.6999999993,Move,611,374
2995657,Move,611,379
2995674.0999999978,Move,615,383
2995690.5999999978,Move,617,387
2995707.1999999993,Move,620,391
2995723.5999999978,Move,623,395
2995740.5999999978,Move,625,399
2995756.8999999985,Move,627,404
2995773.8999999985,Move,630,408
2995791.3000000007,Move,633,412
2995807.8999999985,Move,635,417
2995824.5999999978,Move,640,419
2995840.8000000007,Move,643,423
2995857.3999999985,Move,648,426
2995890.1999999993,Move,653,427
2995923.8999999985,Move,656,431
2995957.5,Move,661,432
2995990.3999999985,Move,666,434
2996023.3000000007,Move,670,436
2996057,Move,675,439
2996090.5999999978,Move,680,440
2996107,Move,684,443
2996140.5999999978,Move,689,444
2996174,Move,695,444
2996207.3999999985,Move,700,445
2996240.5999999978,Move,705,446
2996274,Move,710,447
2996307.3000000007,Move,715,448
2996323.3999999985,Move,720,448
2996357.0999999978,Move,726,448
2996390.0999999978,Move,731,448
2996423.8999999985,Move,737,447
2996456.8000000007,Move,742,448
2996490.5,Move,747,445
2996539.8000000007,Move,753,444
2996573.5,Move,758,442
2996606.6999999993,Move,763,441
2996640.3000000007,Move,769,440
2996690.3000000007,Move,774,438
2996740.5,Move,779,435
2996774.5999999978,Released,779,435
2996836.8000000007,Released,748,547
