resolution:1536,864
120982.09999999776,Pressed,759,318
120990.59999999776,Move,759,322
121047.30000000075,Move,759,322
121055,Move,759,322
121088.69999999925,Move,759,324
121205.89999999851,Move,760,328
121305.30000000075,Move,760,330
121406.30000000075,Move,759,333
121506.39999999851,Move,759,336
121623,Move,759,339
121722,Move,758,342
121838.80000000075,Move,757,344
121939.19999999925,Move,756,347
122056.30000000075,Move,755,349
122155.5,Move,754,351
122256.30000000075,Move,752,353
122373.09999999776,Move,750,355
122473,Move,749,356
122589.5,Move,746,358
122706.30000000075,Move,744,359
122806.09999999776,Move,742,360
122906.30000000075,Move,739,361
123006.30000000075,Move,737,361
123106,Move,734,361
123206.30000000075,Move,732,361
123306.59999999776,Move,729,361
123406.89999999851,Move,726,360
123506.19999999925,Move,723,359
123606.39999999851,Move,721,358
123706.5,Move,718,356
123806.5,Move,716,355
123906.5,Move,713,354
124006.5,Move,711,352
124106.59999999776,Move,708,350
124206.69999999925,Move,706,348
124306.5,Move,704,345
124406.59999999776,Move,702,343
124506.59999999776,Move,700,340
124606.59999999776,Move,698,337
124706.59999999776,Move,697,334
124806.59999999776,Move,695,331
124906.5,Move,695,328
125006.39999999851,Move,694,325
125106.39999999851,Move,693,322
125206,Move,693,319
125306.59999999776,Move,693,316
125406.59999999776,Move,692,313
125506.59999999776,Move,692,310
125606.5,Move,693,307
125706.5,Move,693,304
125806.30000000075,Move,693,301
125906.59999999776,Move,694,298
126023.30000000075,Move,695,296
126123.30000000075,Move,697,294
126222.80000000075,Move,698,291
126323.30000000075,Move,699,289
126423.39999999851,Move,701,287
126523.39999999851,Move,703,286
126623.19999999925,Move,706,284
126723.09999999776,Move,708,284
126823.30000000075,Move,711,283
126923.30000000075,Move,713,283
127023.39999999851,Move,716,282
127123.39999999851,Move,719,282
127222.59999999776,Move,721,282
127323.19999999925,Move,724,282
127423.39999999851,Move,727,283
127523.5,Move,729,284
127623.30000000075,Move,732,285
127723.30000000075,Move,735,286
127823.09999999776,Move,737,288
127940.09999999776,Move,740,289
128039.69999999925,Move,742,291
128140,Move,745,294
128256.59999999776,Move,747,296
128356.69999999925,Move,749,298
128473.30000000075,Move,751,301
128573.5,Move,753,303
128673.69999999925,Move,755,306
128773.5,Move,757,309
128890.09999999776,Move,758,312
128990.09999999776,Move,759,315
129123.30000000075,Move,760,318
129209.89999999851,Released,760,318
129272.69999999925,Released,748,547
