resolution:1536,864
2490960.3000000007,Pressed,803,236
2490967,Move,801,234
2491010.0999999978,Move,801,234
2491017.3000000007,Move,799,233
2491033.6999999993,Move,799,233
2491067,Move,798,232
2491100.3999999985,Move,797,230
2491133.5999999978,Move,795,228
2491167.3999999985,Move,793,226
2491185.0999999978,Move,791,226
2491200.5,Move,791,226
2491218.0999999978,Move,789,224
2491251,Move,788,222
2491283.8999999985,Move,786,222
2491317.1999999993,Move,784,221
2491351.6999999993,Move,782,219
2491368.5999999978,Move,781,218
2491385.3999999985,Move,778,218
2491401.8000000007,Move,776,218
2491419.0999999978,Move,772,215
2491435,Move,770,213
2491451.5999999978,Move,768,212
2491468.3999999985,Move,766,212
2491484.8000000007,Move,764,211
2491502.0999999978,Move,761,212
2491518.5,Move,759,211
2491535,Move,757,211
2491551.3000000007,Move,755,211
2491567.5999999978,Move,752,211
2491584.5999999978,Move,749,212
2491601,Move,747,210
2491617.6999999993,Move,745,210
2491634.3000000007,Move,743,211
2491651.6999999993,Move,740,210
2491669.8999999985,Move,738,210
2491685.3000000007,Move,735,210
2491700.8000000007,Move,731,209
2491717.3000000007,Move,728,211
2491734.0999999978,Move,726,211
2491750.5999999978,Move,723,212
2491767.8999999985,Move,721,213
2491784.1999999993,Move,718,213
2491800.8999999985,Move,716,214
2491817.3000000007,Move,713,216
2491834.3999999985,Move,711,216
2491851.6999999993,Move,709,218
2491867.8999999985,Move,706,219
2491884.8000000007,Move,703,220
2491901.5,Move,701,221
2491918.3000000007,Move,699,224
2491935,Move,697,225
2491951.8000000007,Move,692,229
2491967.5999999978,Move,689,230
2491984.5,Move,687,231
2492001.3000000007,Move,685,232
2492018.0999999978,Move,682,234
2492034.5999999978,Move,679,235
2492051.3999999985,Move,677,237
2492067.6999999993,Move,675,239
2492084.5,Move,673,242
2492101.5999999978,Move,671,244
2492118.1999999993,Move,669,246
2492134.6999999993,Move,668,249
2492151.1999999993,Move,666,252
2492168.1999999993,Move,664,254
2492184.5999999978,Move,662,256
2492202,Move,660,258
2492218.1999999993,Move,657,263
2492234.1999999993,Move,655,266
2492251,Move,654,268
2492267.8000000007,Move,652,271
2492284.3000000007,Move,650,273
2492300.8999999985,Move,649,276
2492317.5999999978,Move,648,279
2492334.3000000007,Move,647,282
2492350.8999999985,Move,646,284
2492367.6999999993,Move,644,287
2492384.5,Move,643,290
2492401.0999999978,Move,641,292
2492417.5999999978,Move,640,295
2492434.1999999993,Move,638,300
2492450.3999999985,Move,636,303
2492467.6999999993,Move,635,306
2492484.3999999985,Move,634,308
2492501.0999999978,Move,632,311
2492517.1999999993,Move,631,314
2492534.3999999985,Move,630,317
2492551.6999999993,Move,630,320
2492568.5999999978,Move,629,323
2492585.1999999993,Move,628,326
2492601.3999999985,Move,627,329
2492618.1999999993,Move,626,332
2492635.0999999978,Move,625,334
2492651.8000000007,Move,626,337
2492668.6999999993,Move,626,340
2492685.8999999985,Move,627,343
2492702.3999999985,Move,625,349
2492718.3999999985,Move,625,352
2492734.5999999978,Move,625,355
2492751.8000000007,Move,625,358
2492768.3000000007,Move,625,360
2492785.0999999978,Move,626,363
2492802.3999999985,Move,626,366
2492819,Move,627,371
2492835,Move,629,373
2492851.5,Move,630,375
2492868.3000000007,Move,631,378
2492885.1999999993,Move,631,381
2492901.5999999978,Move,631,384
2492918.3999999985,Move,631,387
2492934.8999999985,Move,631,389
2492952,Move,632,392
2492968.1999999993,Move,634,394
2492984.8999999985,Move,635,396
2493001.6999999993,Move,635,398
2493018.3000000007,Move,637,401
2493035,Move,638,403
2493052,Move,639,405
2493069.1999999993,Move,641,407
2493085.5,Move,643,408
2493102,Move,647,411
2493118,Move,648,413
2493134.5999999978,Move,650,414
2493151.5,Move,651,417
2493168.1999999993,Move,653,419
2493184.8000000007,Move,654,420
2493201.8999999985,Move,655,423
2493218.8999999985,Move,657,424
2493235.6999999993,Move,660,428
2493251.0999999978,Move,662,430
2493267.6999999993,Move,665,430
2493284.6999999993,Move,667,432
2493301.1999999993,Move,669,433
2493317.8000000007,Move,671,434
2493334.3000000007,Move,673,435
2493351.3000000007,Move,675,435
2493367.8999999985,Move,678,435
2493384.6999999993,Move,681,435
2493401.3999999985,Move,683,436
2493418,Move,685,436
2493434.6999999993,Move,687,437
2493451.8000000007,Move,690,437
2493468,Move,692,438
2493485.0999999978,Move,695,438
2493501.8000000007,Move,699,439
2493517.8999999985,Move,702,438
2493534.3999999985,Move,705,438
2493551.0999999978,Move,707,438
2493567.6999999993,Move,709,437
2493584.1999999993,Move,712,437
2493601.3000000007,Move,715,436
2493617.8999999985,Move,717,435
2493634.3999999985,Move,719,435
2493651.3000000007,Move,722,436
2493668.0999999978,Move,725,434
2493684.5999999978,Move,727,434
2493701.5999999978,Move,730,434
2493718.3000000007,Move,732,434
2493734.3999999985,Move,735,432
2493751.5999999978,Move,740,429
2493768,Move,742,429
2493784.6999999993,Move,745,428
2493801.3000000007,Move,747,426
2493817.8000000007,Move,750,425
2493834.8000000007,Move,752,423
2493850.8999999985,Move,755,422
2493868.1999999993,Move,757,422
2493884.5,Move,760,420
2493901.0999999978,Move,762,419
2493917.8000000007,Move,765,418
2493934.6999999993,Move,767,416
2493951.5,Move,770,414
2493968.3000000007,Move,774,410
2493984.6999999993,Move,777,408
2494001.1999999993,Move,779,407
2494017.5999999978,Move,781,405
2494034.5,Move,784,403
2494051.3000000007,Move,787,402
2494067.8999999985,Move,788,399
2494084.6999999993,Move,791,396
2494101.3000000007,Move,793,395
2494117.8000000007,Move,795,392
2494134.6999999993,Move,797,389
2494151.3000000007,Move,799,387
2494167.8999999985,Move,800,384
2494184.8000000007,Move,801,381
2494201.6999999993,Move,806,376
2494217.8999999985,Move,808,374
2494234.1999999993,Move,810,371
2494251.0999999978,Move,811,368
2494267.3000000007,Move,813,366
2494284.1999999993,Move,815,363
2494301,Move,815,360
2494317.6999999993,Move,817,357
2494334.5,Move,819,354
2494351.8999999985,Move,821,351
2494368.5,Move,822,348
2494385.5999999978,Move,824,342
2494402,Move,824,339
2494418.1999999993,Move,825,336
2494435,Move,826,333
2494452,Move,826,330
2494468.3999999985,Move,827,327
2494485.0999999978,Move,827,324
2494501.8999999985,Move,827,321
2494518.3000000007,Move,828,318
2494535.1999999993,Move,829,315
2494552.3000000007,Move,829,312
2494568.3999999985,Move,829,309
2494585.1999999993,Move,830,306
2494601.6999999993,Move,831,303
2494618.6999999993,Move,831,300
2494635.8000000007,Move,830,297
2494652.6999999993,Move,829,291
2494668.6999999993,Move,830,288
2494685.0999999978,Move,830,285
2494701.8999999985,Move,829,283
2494718.5,Move,829,280
2494735.1999999993,Move,829,277
2494751.8000000007,Move,829,274
2494768.5999999978,Move,827,272
2494785.3999999985,Move,827,269
2494802,Move,827,266
2494818.6999999993,Move,826,264
2494835.0999999978,Move,824,262
2494851.8999999985,Move,823,259
2494868.8999999985,Move,823,256
2494885.5999999978,Move,821,254
2494902.6999999993,Move,820,249
2494918.1999999993,Move,819,247
2494935,Move,817,245
2494952,Move,815,243
2494968.5,Move,814,241
2494985,Move,813,239
2495001.8999999985,Move,813,236
2495018.3999999985,Move,811,234
2495035.3999999985,Move,810,232
2495051.8000000007,Move,808,231
2495058.8999999985,Released,808,231
2495121.8000000007,Released,748,547
