resolution:1536,864
1282746.8000000007,Pressed,797,301
1282752.6999999993,Move,797,297
1282771.3000000007,Move,798,295
1282785.1999999993,Move,797,293
1282821.6999999993,Move,799,288
1282835.3000000007,Move,798,286
1282851.8000000007,Move,798,284
1282869,Move,799,282
1282885.0999999978,Move,799,280
1282901.6999999993,Move,798,278
1282918.3000000007,Move,797,276
1282935.0999999978,Move,797,275
1282951.6999999993,Move,796,273
1282969.6999999993,Move,795,271
1282986.3999999985,Move,796,269
1283002.3000000007,Move,795,267
1283018.6999999993,Move,794,266
1283035.1999999993,Move,793,262
1283052.5,Move,793,260
1283069,Move,792,259
1283085.6999999993,Move,791,258
1283102.0999999978,Move,790,256
1283119,Move,789,255
1283135.5,Move,788,254
1283152.1999999993,Move,788,252
1283168.6999999993,Move,787,250
1283185.5,Move,787,248
1283202.1999999993,Move,785,247
1283218.8999999985,Move,785,246
1283235.5,Move,783,245
1283252.0999999978,Move,781,244
1283268.8000000007,Move,781,243
1283286,Move,779,240
1283302,Move,777,240
1283319.8000000007,Move,775,240
1283335.3999999985,Move,775,238
1283351.8000000007,Move,773,237
1283368.6999999993,Move,772,237
1283385.5,Move,770,237
1283402.5,Move,768,237
1283418.8999999985,Move,767,236
1283434.8000000007,Move,766,234
1283451.5999999978,Move,764,235
1283468.8000000007,Move,763,235
1283485.6999999993,Move,761,235
1283502.1999999993,Move,759,234
1283518.8999999985,Move,758,234
1283536.3999999985,Move,755,233
1283552.3999999985,Move,753,232
1283569.0999999978,Move,752,233
1283585.8999999985,Move,750,234
1283602.5999999978,Move,748,234
1283619.1999999993,Move,746,234
1283635.5999999978,Move,745,234
1283652.5999999978,Move,743,235
1283669.3000000007,Move,741,236
1283686.0999999978,Move,739,236
1283702.5999999978,Move,737,237
1283719.0999999978,Move,736,238
1283735.8999999985,Move,734,239
1283752.3999999985,Move,732,239
1283769.3000000007,Move,729,240
1283786,Move,727,240
1283802.3999999985,Move,725,240
1283819.3999999985,Move,723,242
1283835.5,Move,722,243
1283852.3000000007,Move,720,245
1283869.3000000007,Move,718,246
1283885.8999999985,Move,717,247
1283902.3000000007,Move,715,249
1283919,Move,713,250
1283935.8999999985,Move,712,252
1283953.3000000007,Move,709,254
1283968.6999999993,Move,707,256
1283985.8999999985,Move,705,257
1284002.5999999978,Move,704,258
1284019,Move,702,260
1284035.8999999985,Move,701,261
1284052.6999999993,Move,697,264
1284069.0999999978,Move,696,266
1284086.0999999978,Move,695,268
1284102.1999999993,Move,693,270
1284119.1999999993,Move,692,271
1284136.1999999993,Move,689,274
1284152.5999999978,Move,687,276
1284169.1999999993,Move,686,278
1284185.8000000007,Move,684,280
1284202.3000000007,Move,683,282
1284219.1999999993,Move,682,284
1284235.8999999985,Move,681,286
1284252.5999999978,Move,680,288
1284269.1999999993,Move,678,289
1284285.8999999985,Move,678,292
1284302.6999999993,Move,676,293
1284319.3999999985,Move,675,295
1284335.8999999985,Move,675,298
1284352.8000000007,Move,673,300
1284369.5,Move,673,302
1284385.8000000007,Move,672,304
1284402.8999999985,Move,671,308
1284419.3000000007,Move,669,310
1284436.3999999985,Move,667,314
1284452.5999999978,Move,667,316
1284469.3000000007,Move,666,318
1284485.8999999985,Move,665,320
1284502.5999999978,Move,664,322
1284519.3999999985,Move,663,324
1284535.8999999985,Move,663,326
1284552.5,Move,662,329
1284569.8999999985,Move,662,333
1284585.8999999985,Move,661,335
1284602.3999999985,Move,660,337
1284619.3999999985,Move,661,339
1284635.8999999985,Move,660,341
1284652.5,Move,660,343
1284669.1999999993,Move,660,345
1284686.5999999978,Move,659,349
1284702.5,Move,659,352
1284719,Move,658,354
1284736,Move,659,356
1284752.6999999993,Move,658,358
1284769.1999999993,Move,659,359
1284785.8999999985,Move,659,361
1284802.5999999978,Move,660,362
1284819.3000000007,Move,659,365
1284835.5999999978,Move,660,366
1284852.5999999978,Move,661,368
1284869.3999999985,Move,661,370
1284885.8000000007,Move,661,371
1284902.5999999978,Move,661,374
1284919.5999999978,Move,661,376
1284936,Move,662,380
1284952.5999999978,Move,663,381
1284969.6999999993,Move,663,384
1284986,Move,664,386
1285002.5,Move,665,387
1285019.1999999993,Move,666,388
1285036.3999999985,Move,669,390
1285052.5999999978,Move,670,391
1285069.3000000007,Move,671,392
1285085.5999999978,Move,672,393
1285102.6999999993,Move,673,394
1285119.3000000007,Move,674,396
1285135.8999999985,Move,675,397
1285152.5999999978,Move,676,398
1285169.5999999978,Move,678,399
1285185.8999999985,Move,680,400
1285202.6999999993,Move,681,400
1285219.3000000007,Move,683,401
1285235.8000000007,Move,684,402
1285252.8000000007,Move,685,402
1285269.6999999993,Move,688,402
1285285.8000000007,Move,690,403
1285302.5999999978,Move,691,403
1285319.1999999993,Move,693,404
1285335.8999999985,Move,694,404
1285352.6999999993,Move,695,404
1285369.8000000007,Move,699,404
1285385.8999999985,Move,700,404
1285402.5,Move,701,404
1285419.1999999993,Move,703,404
1285436.5999999978,Move,707,402
1285452.3999999985,Move,708,402
1285469.8999999985,Move,710,402
1285486.6999999993,Move,711,402
1285503,Move,713,401
1285519.8000000007,Move,715,400
1285536.5,Move,716,399
1285553.3999999985,Move,718,399
1285569.8999999985,Move,719,399
1285586.5999999978,Move,721,398
1285603.1999999993,Move,723,396
1285620.3999999985,Move,724,396
1285636.8999999985,Move,726,396
1285653.1999999993,Move,727,395
1285670.1999999993,Move,731,392
1285686.5999999978,Move,732,392
1285703.1999999993,Move,734,392
1285720,Move,735,392
1285736.6999999993,Move,737,390
1285753.3999999985,Move,739,389
1285769.5999999978,Move,740,388
1285786.5999999978,Move,741,386
1285802.8999999985,Move,743,384
1285820,Move,745,384
1285836.8000000007,Move,746,382
1285853,Move,747,380
1285869.6999999993,Move,749,379
1285886.5,Move,750,378
1285903.1999999993,Move,753,375
1285919.1999999993,Move,755,373
1285936.1999999993,Move,756,372
1285952.8000000007,Move,757,370
1285969.5,Move,759,369
1285986.0999999978,Move,760,367
1286003,Move,761,366
1286019.5999999978,Move,763,364
1286036.1999999993,Move,764,362
1286052.8999999985,Move,765,360
1286069.8000000007,Move,766,358
1286086.1999999993,Move,767,357
1286102.8000000007,Move,769,355
1286119.8999999985,Move,770,354
1286136.3999999985,Move,771,352
1286153.1999999993,Move,771,350
1286169.6999999993,Move,772,348
1286186.8000000007,Move,774,344
1286202.5,Move,775,342
1286219.6999999993,Move,777,340
1286236.3000000007,Move,777,339
1286253,Move,778,337
1286269.8999999985,Move,779,335
1286286.3999999985,Move,779,333
1286303.1999999993,Move,780,331
1286320,Move,780,329
1286336.6999999993,Move,781,327
1286353.3000000007,Move,781,325
1286370.0999999978,Move,782,323
1286386.3000000007,Move,783,321
1286403.3000000007,Move,783,320
1286419,Move,784,318
1286436.1999999993,Move,785,316
1286452.8999999985,Move,786,312
1286469.0999999978,Move,786,310
1286485.8999999985,Move,786,308
1286503.0999999978,Move,786,304
1286517.8000000007,Released,786,304
1286552.5,Released,748,547
