resolution:1536,864
1954806.5,Pressed,825,323
1954815.1999999993,Move,806,397
1954851.0999999978,Move,734,423
1954865.5,Move,692,409
1954882.0999999978,Move,632,342
1954899.0999999978,Move,625,300
1954915.3000000007,Move,636,262
1954932.3000000007,Move,661,234
1954948.6999999993,Move,699,222
1954965.3000000007,Move,740,228
1954981.8999999985,Move,779,249
1954999.0999999978,Move,809,282
1955015.5999999978,Move,824,323
1955024.8999999985,Released,824,323
1955048.1999999993,Released,748,547
