resolution:1536,864
41060,Pressed,759,316
41082.800000000745,Move,752,299
41109.099999997765,Move,747,295
41132.89999999851,Move,735,291
41150.699999999255,Move,728,290
41166.300000000745,Move,721,292
41182.89999999851,Move,715,294
41199.800000000745,Move,709,298
41216.099999997765,Move,704,302
41232.800000000745,Move,699,308
41249.699999999255,Move,697,314
41268.599999997765,Move,695,327
41284,Move,696,333
41299.599999997765,Move,698,339
41316.699999999255,Move,701,344
41333.5,Move,706,348
41350,Move,712,351
41367,Move,718,353
41383.39999999851,Move,725,353
41399.89999999851,Move,731,352
41416.699999999255,Move,738,349
41433.300000000745,Move,744,346
41450.39999999851,Move,749,341
41467.099999997765,Move,753,336
41483.599999997765,Move,757,330
41500.300000000745,Move,758,323
41516.89999999851,Move,759,316
41518.39999999851,Released,759,316
41542.699999999255,Released,748,547
