resolution:1536,864
813021.8999999985,Pressed,800,379
813026.8999999985,Move,796,383
813063.8000000007,Move,796,383
813079.5,Move,796,383
813110.6999999993,Move,792,389
813193.5,Move,787,393
813244.3999999985,Move,787,393
813260.5999999978,Move,782,397
813276.6999999993,Move,782,397
813344.1999999993,Move,777,401
813428.3999999985,Move,771,404
813511.1999999993,Move,765,407
813577.5,Move,759,408
813627.3999999985,Move,753,410
813710.3999999985,Move,747,412
813760.1999999993,Move,739,412
813794.3000000007,Move,733,412
813844,Move,726,412
813894.8999999985,Move,719,410
813945.0999999978,Move,712,409
813995,Move,705,407
814044.6999999993,Move,699,404
814078.5,Move,692,401
814111.5,Move,686,397
814128.6999999993,Move,679,393
814161.3999999985,Move,674,388
814194.8999999985,Move,669,382
814228.3000000007,Move,664,377
814261.8000000007,Move,659,371
814278.3000000007,Move,655,364
814294.6999999993,Move,651,358
814311.5999999978,Move,648,352
814328.0999999978,Move,645,345
814344.8999999985,Move,643,338
814361.5,Move,641,331
814378.0999999978,Move,641,324
814395.0999999978,Move,641,317
814412,Move,640,303
814428,Move,640,296
814444.8000000007,Move,641,289
814461.3999999985,Move,643,282
814478,Move,646,276
814494.5999999978,Move,648,270
814513.5999999978,Move,655,259
814528,Move,660,254
814544.5,Move,664,249
814561,Move,670,245
814577.8999999985,Move,675,242
814594.6999999993,Move,681,239
814611.3999999985,Move,687,236
814628.3999999985,Move,693,234
814644.5999999978,Move,700,232
814661.8000000007,Move,706,231
814678.8999999985,Move,720,232
814694.5,Move,727,233
814711.1999999993,Move,734,235
814728.0999999978,Move,741,236
814744.8999999985,Move,747,239
814761.5999999978,Move,753,242
814794.8000000007,Move,760,245
814828.3999999985,Move,765,250
814861.8000000007,Move,771,254
814895.0999999978,Move,777,258
814928.3999999985,Move,782,264
814945,Move,787,269
814978.3000000007,Move,791,274
815028.1999999993,Move,796,280
815078.3999999985,Move,800,286
815128.1999999993,Move,803,292
815161.6999999993,Move,805,299
815211.6999999993,Move,807,306
815260.8999999985,Move,808,313
815344.5,Move,809,320
815394.8000000007,Move,811,327
815478.3000000007,Move,811,334
815528.1999999993,Move,811,340
815611,Move,811,347
815694.8999999985,Move,809,354
815778.1999999993,Move,808,360
815861.5999999978,Move,805,366
815945,Move,801,372
816028.5,Move,799,377
816120.8000000007,Released,799,377
816184.5999999978,Released,748,547
