resolution:1536,864
5207,Pressed,770,306
5216.800000000745,Move,765,292
5266,Move,765,292
5266.800000000745,Move,765,292
5283.699999999255,Move,765,292
5433.800000000745,Move,765,292
5449.5,Move,765,292
5466.800000000745,Move,753,283
5667.699999999255,Move,736,281
5807,Move,718,285
5889.599999997765,Move,701,296
5938.199999999255,Move,689,312
5972.199999999255,Move,684,345
5988.5,Move,693,358
6022.199999999255,Move,707,364
6072.5,Move,725,362
6172.89999999851,Move,744,354
6306.199999999255,Move,759,340
6509.800000000745,Move,768,323
6772.89999999851,Move,770,306
7088.800000000745,Released,770,306
7151.199999999255,Released,748,547
