resolution:1536,864
816224,Pressed,801,315
816227.3999999985,Move,802,327
816243.8999999985,Move,802,333
816278.0999999978,Move,801,345
816293.6999999993,Move,799,350
816310.5,Move,796,355
816327.5999999978,Move,794,360
816343.8999999985,Move,791,365
816360.3999999985,Move,788,370
816377.0999999978,Move,785,374
816393.8000000007,Move,781,378
816410.5,Move,777,382
816428.3000000007,Move,773,386
816444.8999999985,Move,769,388
816461.5999999978,Move,763,391
816478.3000000007,Move,753,393
816494.3999999985,Move,747,395
816511.3999999985,Move,742,395
816528.3000000007,Move,736,395
816544.5999999978,Move,730,395
816561.0999999978,Move,725,394
816578.0999999978,Move,719,394
816594.1999999993,Move,713,392
816611.3999999985,Move,708,390
816628,Move,702,388
816644.3999999985,Move,697,384
816661.3000000007,Move,692,381
816678.0999999978,Move,687,378
816695,Move,683,374
816711.8999999985,Move,679,369
816728.5999999978,Move,674,365
816745.5,Move,667,356
816762.1999999993,Move,664,350
816778.8000000007,Move,661,345
816794.6999999993,Move,660,339
816811.3000000007,Move,658,334
816828.3999999985,Move,657,328
816845.1999999993,Move,656,322
816861.6999999993,Move,655,317
816878.0999999978,Move,655,311
816894.8999999985,Move,656,306
816911.3999999985,Move,657,300
816928.0999999978,Move,658,295
816943.8000000007,Move,660,290
816960.6999999993,Move,661,285
816976.8999999985,Move,663,280
816994,Move,666,275
817010.8999999985,Move,670,271
817027.5999999978,Move,678,264
817044.0999999978,Move,682,261
817061,Move,686,258
817077.3999999985,Move,691,256
817094.0999999978,Move,696,255
817110.8000000007,Move,701,253
817127.5999999978,Move,706,252
817144,Move,712,251
817160.5999999978,Move,717,250
817177.5999999978,Move,723,250
817195,Move,728,251
817211.5999999978,Move,733,252
817228.5,Move,739,254
817245.8000000007,Move,745,255
817262.1999999993,Move,755,260
817278.1999999993,Move,760,263
817294.8999999985,Move,765,267
817311.5999999978,Move,769,271
817328.3999999985,Move,773,275
817345.1999999993,Move,777,279
817361.8000000007,Move,781,284
817378.0999999978,Move,785,289
817394.8999999985,Move,788,294
817411.5999999978,Move,790,299
817429,Move,795,310
817445,Move,797,316
817459.6999999993,Released,797,316
817517.3000000007,Released,748,547
