resolution:1536,864
3036789.8000000007,Pressed,621,395
3036800.5999999978,Move,623,396
3036850.1999999993,Move,623,396
3036950.3999999985,Move,625,398
3037017.8000000007,Move,625,398
3037033.8000000007,Move,625,398
3037068.0999999978,Move,627,400
3037168.5999999978,Move,629,402
3037251.6999999993,Move,631,404
3037335.6999999993,Move,634,405
3037401.1999999993,Move,636,407
3037451.8999999985,Move,638,409
3037534,Move,641,410
3037618.3000000007,Move,642,412
3037668.1999999993,Move,645,414
3037701.5999999978,Move,647,416
3037751.3000000007,Move,649,417
3037801.6999999993,Move,651,420
3037851.1999999993,Move,654,421
3037901.6999999993,Move,657,422
3037951.3000000007,Move,660,422
3037984.8999999985,Move,662,424
3038035,Move,665,425
3038085.0999999978,Move,668,425
3038135.1999999993,Move,671,426
3038185,Move,674,427
3038235.3000000007,Move,677,427
3038268.5,Move,680,428
3038301.6999999993,Move,683,430
3038335.5,Move,686,429
3038368.3999999985,Move,689,429
3038401.8000000007,Move,692,429
3038434.8999999985,Move,695,428
3038468.1999999993,Move,699,428
3038501.8999999985,Move,702,429
3038551.8000000007,Move,705,428
3038568,Move,708,429
3038601.8000000007,Move,711,429
3038635.0999999978,Move,714,429
3038668.5,Move,717,428
3038701.8000000007,Move,720,427
3038735.3000000007,Move,723,426
3038768.8999999985,Move,726,426
3038784.8999999985,Move,729,426
3038818.6999999993,Move,732,426
3038852.0999999978,Move,735,426
3038885.0999999978,Move,738,425
3038918.5,Move,741,425
3038952,Move,744,424
3038985.6999999993,Move,747,423
3039001.8999999985,Move,750,423
3039035.0999999978,Move,753,422
3039068.5999999978,Move,756,421
3039102,Move,759,420
3039135.3000000007,Move,762,419
3039168.5999999978,Move,765,418
3039202.5999999978,Move,768,418
3039218.5999999978,Move,771,416
3039252,Move,775,416
3039301.5999999978,Move,777,414
3039318.3999999985,Move,779,412
3039351.8000000007,Move,782,410
3039385.1999999993,Move,785,408
3039418.5,Move,788,407
3039451.8999999985,Move,791,406
3039485.0999999978,Move,793,404
3039518.5999999978,Move,796,403
3039551.8000000007,Move,799,401
3039568.6999999993,Move,801,400
3039601.8999999985,Move,803,397
3039635.5,Move,806,395
3039651.6999999993,Move,808,393
3039684.5,Move,811,391
3039718.5999999978,Move,812,389
3039751.8999999985,Move,815,387
3039786.3000000007,Move,817,384
3039801.8999999985,Move,819,382
3039835.1999999993,Move,821,380
3039868.5999999978,Move,822,377
3039885.0999999978,Move,825,375
3039918.5,Move,827,373
3039951.8999999985,Move,830,371
3039985.1999999993,Move,832,369
3040018.5,Move,833,366
3040051.8999999985,Move,835,364
3040085.3000000007,Move,836,361
3040101.8000000007,Move,837,358
3040135.1999999993,Move,840,356
3040168.5,Move,841,354
3040202,Move,843,351
3040235.8000000007,Move,845,348
3040251.6999999993,Move,845,346
3040284.8000000007,Move,847,343
3040318.3000000007,Move,847,340
3040351.5999999978,Move,847,337
3040385.1999999993,Move,848,334
3040418.5999999978,Move,849,332
3040434.8999999985,Move,849,329
3040469.0999999978,Move,849,326
3040485.3000000007,Move,851,324
3040518.6999999993,Move,852,321
3040551.5999999978,Move,852,318
3040585.3000000007,Move,853,315
3040618.5,Move,853,312
3040635.3999999985,Move,853,310
3040652.1999999993,Move,853,307
3040669.3000000007,Move,853,304
3040685.8999999985,Move,854,301
3040701.5,Move,854,298
3040718.5999999978,Move,852,296
3040735.3000000007,Move,852,293
3040751.5999999978,Move,852,290
3040768.5,Move,851,288
3040785.0999999978,Move,850,285
3040801.1999999993,Move,850,282
3040818.0999999978,Move,850,280
3040834.5999999978,Move,848,277
3040851.3999999985,Move,848,274
3040884.5,Move,846,272
3040901.3999999985,Move,845,267
3040917.6999999993,Move,844,264
3040935.0999999978,Move,842,262
3040951.6999999993,Move,840,260
3040968.3999999985,Move,838,258
3040984.8999999985,Move,836,256
3041001.8999999985,Move,834,254
3041018.5,Move,834,251
3041035,Move,832,249
3041052,Move,829,248
3041068.5,Move,828,245
3041085.3000000007,Move,825,244
3041101.8999999985,Move,823,242
3041118.5,Move,820,241
3041135.0999999978,Move,817,240
3041152,Move,815,239
3041168.5,Move,810,236
3041185,Move,807,235
3041201.6999999993,Move,804,234
3041218.3999999985,Move,802,233
3041235.1999999993,Move,799,232
3041252,Move,796,232
3041268.5,Move,794,230
3041285.1999999993,Move,791,229
3041301.8000000007,Move,788,229
3041318.3999999985,Move,785,229
3041335.1999999993,Move,783,227
3041351.8000000007,Move,781,225
3041368.5999999978,Move,778,224
3041385.1999999993,Move,775,224
3041401.5999999978,Move,772,224
3041418.5,Move,767,223
3041434.8999999985,Move,764,223
3041451.5999999978,Move,761,222
3041468.3999999985,Move,758,223
3041485.0999999978,Move,755,222
3041501.8000000007,Move,752,222
3041518.3000000007,Move,750,222
3041535.3999999985,Move,747,220
3041552,Move,744,221
3041568.6999999993,Move,741,220
3041585.1999999993,Move,739,220
3041601.8999999985,Move,735,220
3041618.5999999978,Move,733,221
3041635.3000000007,Move,730,221
3041651.8000000007,Move,727,222
3041668.5,Move,721,224
3041684.8999999985,Move,718,224
3041701.6999999993,Move,715,224
3041718.1999999993,Move,712,224
3041735.3999999985,Move,709,224
3041751.5999999978,Move,707,225
3041768.5999999978,Move,704,227
3041785.1999999993,Move,701,227
3041801.8999999985,Move,698,228
3041818.3999999985,Move,696,230
3041834.6999999993,Move,693,231
3041851.3999999985,Move,691,233
3041868.1999999993,Move,688,234
3041885.0999999978,Move,683,236
3041901.5,Move,681,238
3041918.5,Move,678,240
3041935.0999999978,Move,675,240
3041951.5999999978,Move,673,243
3041968.5999999978,Move,671,244
3041985.1999999993,Move,669,246
3042001.8999999985,Move,667,248
3042018.3999999985,Move,664,249
3042035.3000000007,Move,661,251
3042051.8000000007,Move,659,252
3042068.3999999985,Move,658,255
3042085.1999999993,Move,656,257
3042102,Move,654,259
3042118.5,Move,653,261
3042135.3999999985,Move,648,264
3042152.8000000007,Move,646,266
3042168.5,Move,645,268
3042185.1999999993,Move,643,270
3042201.8999999985,Move,641,272
3042218.3999999985,Move,639,274
3042235.0999999978,Move,637,276
3042251.6999999993,Move,637,279
3042268.5999999978,Move,636,281
3042285.1999999993,Move,634,283
3042302,Move,633,286
3042318.5,Move,631,288
3042335.3999999985,Move,629,290
3042351.6999999993,Move,627,292
3042368.1999999993,Move,627,294
3042385.6999999993,Move,625,299
3042401.6999999993,Move,623,301
3042418.3000000007,Move,623,304
3042435.1999999993,Move,621,306
3042451.8000000007,Move,619,308
3042468.5,Move,619,310
3042485.0999999978,Move,618,313
3042501.8999999985,Move,618,315
3042518.5,Move,616,318
3042535.1999999993,Move,615,320
3042551.8999999985,Move,615,323
3042568.8000000007,Move,613,325
3042585.0999999978,Move,614,328
3042601.6999999993,Move,613,330
3042618.5999999978,Move,613,333
3042635.5999999978,Move,612,338
3042652,Move,611,340
3042668,Move,611,343
3042685.1999999993,Move,611,346
3042701.8999999985,Move,611,348
3042718.3000000007,Move,612,350
3042735.3000000007,Move,612,353
3042751.8999999985,Move,612,356
3042768.5,Move,612,358
3042785.0999999978,Move,614,360
3042802.0999999978,Move,615,362
3042818.5,Move,616,365
3042834.8999999985,Move,617,367
3042851.6999999993,Move,617,370
3042868.8999999985,Move,619,374
3042885.0999999978,Move,621,376
3042901.8999999985,Move,623,378
3042918.0999999978,Move,624,380
3042934.8999999985,Move,625,383
3042951.5999999978,Move,626,385
3042968.5999999978,Move,628,386
3042985.3000000007,Move,630,388
3042992.3999999985,Released,630,388
3043058.3000000007,Released,748,547
