resolution:1536,864
2752595.0999999978,Pressed,587,308
2752603.1999999993,Move,587,318
2752637.0999999978,Move,587,318
2752652.8000000007,Move,587,318
2752687.1999999993,Move,586,326
2752769.3999999985,Move,586,336
2752820.3000000007,Move,586,336
2752836.5999999978,Move,586,336
2752855.3999999985,Move,587,344
2752921,Move,591,353
2753004.1999999993,Move,594,361
2753087.5,Move,597,370
2753137,Move,600,378
2753204.0999999978,Move,605,386
2753269.5999999978,Move,611,392
2753336.8000000007,Move,617,400
2753387.3999999985,Move,625,406
2753437.5999999978,Move,633,411
2753487.6999999993,Move,642,416
2753537.6999999993,Move,650,422
2753587.5,Move,659,426
2753620.8999999985,Move,670,429
2753654.3999999985,Move,680,431
2753671,Move,691,432
2753704.1999999993,Move,701,434
2753737.5999999978,Move,712,436
2753770.5,Move,723,437
2753803.5999999978,Move,734,436
2753837.8999999985,Move,745,435
2753871.3999999985,Move,767,430
2753887.8000000007,Move,777,426
2753904.3000000007,Move,787,421
2753920.5999999978,Move,797,417
2753937.8999999985,Move,807,412
2753954.3000000007,Move,815,406
2753971,Move,824,400
2753987.6999999993,Move,831,393
2754004.8999999985,Move,838,385
2754021.0999999978,Move,850,370
2754037.3999999985,Move,856,362
2754054.3999999985,Move,859,353
2754070.8999999985,Move,862,344
2754087.6999999993,Move,867,326
2754104.1999999993,Move,869,317
2754121.3999999985,Move,868,308
2754137.5999999978,Move,868,299
2754154.3000000007,Move,865,290
2754171,Move,862,282
2754187.3999999985,Move,858,273
2754204.8000000007,Move,853,266
2754221.1999999993,Move,847,259
2754238.5,Move,833,245
2754254.0999999978,Move,826,239
2754270.8000000007,Move,819,234
2754287.5999999978,Move,810,228
2754304.1999999993,Move,801,224
2754321,Move,792,220
2754337.6999999993,Move,782,216
2754371,Move,772,213
2754404.3999999985,Move,762,212
2754437.8999999985,Move,751,211
2754471.1999999993,Move,741,211
2754504.3999999985,Move,730,211
2754520.3999999985,Move,719,211
2754554.1999999993,Move,708,211
2754604,Move,697,212
2754654.3999999985,Move,687,216
2754704.5,Move,676,218
2754754.3999999985,Move,666,222
2754787.5999999978,Move,656,227
2754837.3999999985,Move,647,233
2754904.3000000007,Move,639,239
2754987.5999999978,Move,630,245
2755037.5999999978,Move,622,251
2755121.0999999978,Move,615,258
2755187.5999999978,Move,608,266
2755271.3999999985,Move,603,274
2755354.5,Move,598,282
2755437.8000000007,Move,593,291
2755537.5,Move,591,300
2755637.8000000007,Move,589,309
2755725.6999999993,Released,589,309
2755789.3000000007,Released,748,547
