resolution:1536,864
112295.89999999851,Pressed,698,344
112304.80000000075,Move,695,342
112354.59999999776,Move,695,342
112371.59999999776,Move,695,342
112504.80000000075,Move,693,339
112521.80000000075,Move,693,339
112538.39999999851,Move,693,339
112705.89999999851,Move,691,337
112888.89999999851,Move,689,334
113088.5,Move,687,331
113271.39999999851,Move,686,328
113454.19999999925,Move,685,326
113635.09999999776,Move,684,322
113820,Move,684,320
113986.59999999776,Move,684,317
114158.59999999776,Move,684,314
114325.30000000075,Move,685,311
114497.19999999925,Move,685,308
114663.89999999851,Move,685,306
114802.19999999925,Move,686,303
114952.39999999851,Move,687,300
115102.30000000075,Move,689,298
115219.09999999776,Move,691,296
115352.5,Move,693,294
115485.89999999851,Move,695,292
115602.59999999776,Move,697,291
115702.5,Move,700,290
115802.5,Move,703,288
115885.89999999851,Move,705,286
115969.30000000075,Move,708,286
116052.30000000075,Move,711,286
116102.39999999851,Move,715,285
116186,Move,718,284
116235.69999999925,Move,721,285
116285.69999999925,Move,725,285
116335.89999999851,Move,728,285
116385.89999999851,Move,731,286
116402.59999999776,Move,735,286
116435.69999999925,Move,742,289
116452.19999999925,Move,745,290
116468.69999999925,Move,748,292
116485.39999999851,Move,751,294
116502.19999999925,Move,754,296
116519.09999999776,Move,760,301
116535.59999999776,Move,762,304
116552.39999999851,Move,763,306
116569.09999999776,Move,765,309
116585.89999999851,Move,767,312
116602.39999999851,Move,768,315
116619.09999999776,Move,769,318
116652.39999999851,Move,770,321
116685.80000000075,Move,771,324
116702.5,Move,770,327
116752.39999999851,Move,770,330
116802.39999999851,Move,770,333
116868.80000000075,Move,769,336
116936,Move,769,338
116985.80000000075,Move,767,341
117068.80000000075,Move,765,343
117135.30000000075,Move,764,345
117219.09999999776,Move,762,348
117319.09999999776,Move,761,350
117419.30000000075,Move,758,351
117536,Move,756,353
117652.59999999776,Move,753,355
117786.09999999776,Move,751,356
117919.30000000075,Move,747,357
118051.89999999851,Move,745,358
118202.39999999851,Move,741,358
118352.59999999776,Move,738,359
118502.19999999925,Move,735,359
118668.5,Move,732,360
118835,Move,728,359
119006.59999999776,Move,725,359
119185.09999999776,Move,721,358
119362.80000000075,Move,718,357
119548.89999999851,Move,714,356
119733.09999999776,Move,711,355
119918.09999999776,Move,708,353
120103,Move,705,351
120302.59999999776,Move,702,350
120503.80000000075,Move,699,347
120704.59999999776,Move,696,345
120899,Released,696,345
120959.80000000075,Released,748,547
