resolution:1536,864
43141.599999997765,Pressed,701,339
43149.89999999851,Move,694,324
43167.099999997765,Move,693,316
43204.300000000745,Move,694,301
43216.099999997765,Move,697,295
43233,Move,701,290
43249.800000000745,Move,707,287
43266.39999999851,Move,713,284
43283,Move,719,284
43299.599999997765,Move,727,285
43316.300000000745,Move,733,288
43333.39999999851,Move,740,292
43349.89999999851,Move,746,298
43368.099999997765,Move,755,312
43383.099999997765,Move,759,320
43399.5,Move,760,328
43416.39999999851,Move,760,335
43433,Move,759,342
43450.199999999255,Move,755,348
43466.699999999255,Move,751,354
43483.39999999851,Move,746,357
43500.099999997765,Move,740,359
43516.39999999851,Move,733,360
43533.099999997765,Move,726,359
43550.099999997765,Move,719,356
43567,Move,713,352
43583.800000000745,Move,706,346
43600.5,Move,701,340
43603.5,Released,701,340
43653.89999999851,Released,748,547
