resolution:1536,864
1306225.5,Pressed,767,208
1306228.8000000007,Move,719,217
1306242.8000000007,Move,673,246
1306259.8000000007,Move,636,286
1306292.6999999993,Move,613,377
1306309.1999999993,Move,632,412
1306326.5999999978,Move,665,431
1306342.5999999978,Move,710,430
1306359.1999999993,Move,757,412
1306375.8000000007,Move,799,378
1306392.8000000007,Move,829,334
1306409.5,Move,842,288
1306426.8000000007,Move,835,246
1306442.8000000007,Move,767,208
1306458.0999999978,Released,767,208
1306482.0999999978,Released,748,547
