resolution:1536,864
37490,Pressed,714,285
37497.800000000745,Move,705,290
37553.300000000745,Move,697,296
37566.199999999255,Move,697,296
37597.5,Move,691,304
37630.699999999255,Move,685,312
37663.89999999851,Move,683,320
37697.199999999255,Move,681,329
37714.89999999851,Move,681,338
37747.800000000745,Move,683,345
37781.099999997765,Move,688,352
37813.89999999851,Move,694,357
37847.099999997765,Move,702,361
37880.89999999851,Move,710,363
37897.39999999851,Move,719,363
37913.89999999851,Move,729,361
37930.39999999851,Move,738,358
37947.099999997765,Move,747,353
37963.89999999851,Move,755,347
37981.099999997765,Move,761,339
37997.300000000745,Move,766,332
38013.89999999851,Move,769,323
38030.5,Move,771,315
38047.300000000745,Move,770,307
38064.099999997765,Move,767,300
38080.39999999851,Move,763,293
38097.39999999851,Move,757,288
38114.599999997765,Move,750,284
38131.5,Move,742,282
38147.800000000745,Move,733,281
38165.199999999255,Move,715,286
38180,Released,715,286
38226.099999997765,Released,748,547
