resolution:1536,864
157470.09999999776,Pressed,709,290
157479.5,Move,713,289
157507.59999999776,Move,716,289
157513.69999999925,Move,719,288
157529.69999999925,Move,721,289
157547.3999999985,Move,724,289
157563.59999999776,Move,727,290
157579.80000000075,Move,730,291
157596.3999999985,Move,733,292
157613.09999999776,Move,735,293
157629.69999999925,Move,738,294
157646.30000000075,Move,741,296
157663.30000000075,Move,743,297
157680.19999999925,Move,746,299
157697.69999999925,Move,748,301
157713.80000000075,Move,752,306
157730,Move,754,308
157746.80000000075,Move,755,310
157763.5,Move,757,313
157780.30000000075,Move,758,315
157796.59999999776,Move,759,318
157813.3999999985,Move,760,320
157830.3999999985,Move,761,323
157846.59999999776,Move,762,326
157863.3999999985,Move,762,328
157880.09999999776,Move,762,330
157896.69999999925,Move,761,333
157913.3999999985,Move,761,336
157930.09999999776,Move,760,338
157946.69999999925,Move,759,340
157963.5,Move,758,342
157980.09999999776,Move,756,346
157996.09999999776,Move,754,347
158013.5,Move,752,348
158030.19999999925,Move,750,350
158046.3999999985,Move,748,351
158063,Move,746,352
158080.30000000075,Move,744,353
158096.80000000075,Move,741,353
158113.30000000075,Move,739,354
158129.8999999985,Move,736,354
158146.19999999925,Move,734,354
158162.8999999985,Move,731,354
158180.19999999925,Move,728,353
158196.80000000075,Move,726,353
158213.3999999985,Move,723,352
158230.3999999985,Move,720,351
158247.19999999925,Move,718,350
158264.19999999925,Move,713,347
158280.30000000075,Move,710,345
158297.30000000075,Move,708,344
158313.69999999925,Move,706,342
158330.5,Move,704,340
158347.19999999925,Move,702,337
158363.80000000075,Move,701,335
158380.80000000075,Move,699,333
158397.19999999925,Move,697,330
158413.69999999925,Move,697,328
158430.5,Move,696,326
158446.8999999985,Move,695,323
158463.5,Move,694,321
158480.09999999776,Move,694,318
158497.30000000075,Move,694,316
158514,Move,694,314
158530.8999999985,Move,694,309
158547.30000000075,Move,694,307
158563.8999999985,Move,695,305
158580.09999999776,Move,696,303
158597.19999999925,Move,697,301
158614,Move,699,300
158630.59999999776,Move,700,298
158647.30000000075,Move,702,296
158663.80000000075,Move,704,295
158680.59999999776,Move,706,294
158697.59999999776,Move,708,293
158714,Move,710,292
158715.30000000075,Released,710,292
158760.3999999985,Released,748,547
