resolution:1536,864
1258702.3999999985,Pressed,652,322
1258711.6999999993,Move,652,320
1258761.6999999993,Move,652,320
1258912,Move,651,319
1258929,Move,651,319
1258944.6999999993,Move,651,319
1259096.5,Move,650,317
1259296.3000000007,Move,650,315
1259496.3000000007,Move,650,313
1259698.0999999978,Move,650,311
1259883.1999999993,Move,649,309
1260068.0999999978,Move,649,308
1260253.3999999985,Move,650,306
1260438.3999999985,Move,651,304
1260617,Move,651,302
1260800.3999999985,Move,651,300
1260972.5,Move,650,298
1261139,Move,651,297
1261311,Move,652,296
1261477.5999999978,Move,653,294
1261649.5999999978,Move,653,292
1261816.1999999993,Move,653,290
1261966.3999999985,Move,653,289
1262116.0999999978,Move,654,287
1262283.1999999993,Move,655,285
1262421.8000000007,Move,656,284
1262571.5,Move,657,282
1262720.8000000007,Move,657,281
1262871.6999999993,Move,659,280
1263005.0999999978,Move,659,278
1263154.6999999993,Move,659,276
1263288.0999999978,Move,660,275
1263404.8000000007,Move,661,273
1263555,Move,663,272
1263688.3999999985,Move,664,271
1263804.6999999993,Move,665,270
1263955.0999999978,Move,667,270
1264071.8000000007,Move,668,268
1264188.3000000007,Move,669,266
1264288.3999999985,Move,670,265
1264405,Move,671,264
1264521.5999999978,Move,673,264
1264655,Move,674,262
1264771.5999999978,Move,675,261
1264871.6999999993,Move,677,260
1264971.6999999993,Move,678,259
1265071.5999999978,Move,680,259
1265172,Move,681,258
1265271.8000000007,Move,683,257
1265371.8000000007,Move,685,257
1265471.6999999993,Move,686,256
1265571.5999999978,Move,688,256
1265655.0999999978,Move,689,255
1265754.1999999993,Move,691,255
1265855.0999999978,Move,693,254
1265955.1999999993,Move,694,253
1266055.1999999993,Move,696,252
1266138.5999999978,Move,697,251
1266222,Move,699,251
1266305.0999999978,Move,701,251
1266388.1999999993,Move,703,251
1266471.6999999993,Move,705,250
1266538.5,Move,706,250
1266621.6999999993,Move,708,250
1266672,Move,710,250
1266738.3000000007,Move,712,250
1266821.8000000007,Move,713,249
1266871.8000000007,Move,715,249
1266938.3000000007,Move,717,250
1267021.8000000007,Move,719,249
1267071.3999999985,Move,721,249
1267138.5,Move,723,250
1267188.3000000007,Move,725,250
1267221.6999999993,Move,727,251
1267271.6999999993,Move,729,252
1267321.6999999993,Move,731,251
1267372.0999999978,Move,732,252
1267405.1999999993,Move,734,252
1267455.3000000007,Move,736,254
1267505.0999999978,Move,738,254
1267555,Move,740,255
1267588.3999999985,Move,741,256
1267638.5999999978,Move,743,256
1267671.3999999985,Move,745,257
1267705.0999999978,Move,747,258
1267738.1999999993,Move,749,258
1267771.3000000007,Move,750,260
1267804.6999999993,Move,752,260
1267838.0999999978,Move,754,261
1267871.5999999978,Move,756,262
1267905.1999999993,Move,758,262
1267921.5999999978,Move,759,264
1267954.8000000007,Move,761,264
1267988.5,Move,763,265
1268021.5,Move,765,266
1268055.0999999978,Move,767,268
1268088.6999999993,Move,768,269
1268105.0999999978,Move,769,270
1268121.8999999985,Move,771,272
1268138.8999999985,Move,773,273
1268155.5,Move,774,274
1268172.6999999993,Move,778,276
1268188.5999999978,Move,779,278
1268205.0999999978,Move,781,280
1268221.6999999993,Move,782,281
1268238.5999999978,Move,783,283
1268255.1999999993,Move,784,284
1268271.8999999985,Move,785,286
1268288.5,Move,786,288
1268305.3000000007,Move,787,290
1268322,Move,788,291
1268338.3000000007,Move,789,293
1268355.3999999985,Move,790,295
1268371.6999999993,Move,792,296
1268388.5999999978,Move,793,298
1268405.6999999993,Move,793,300
1268422.5,Move,796,303
1268438.3999999985,Move,797,305
1268455,Move,797,307
1268472.0999999978,Move,798,308
1268488.5999999978,Move,799,310
1268505.1999999993,Move,800,312
1268522.0999999978,Move,801,314
1268538.8000000007,Move,802,316
1268555.3000000007,Move,802,318
1268572,Move,803,320
1268588.8000000007,Move,803,323
1268605.1999999993,Move,804,325
1268622.5,Move,803,327
1268638.8999999985,Move,803,329
1268655.8000000007,Move,804,331
1268672.6999999993,Move,803,334
1268688.3999999985,Move,803,336
1268705.3999999985,Move,803,338
1268722,Move,804,340
1268738.5,Move,803,342
1268754.8000000007,Move,803,344
1268771.5,Move,803,345
1268788,Move,802,347
1268804.6999999993,Move,801,348
1268821.1999999993,Move,801,350
1268837.5999999978,Move,799,351
1268854.5,Move,800,353
1268871.1999999993,Move,800,355
1268887.8000000007,Move,800,357
1268904.8999999985,Move,798,360
1268921.1999999993,Move,797,362
1268937.8000000007,Move,797,364
1268954.1999999993,Move,796,365
1268971.1999999993,Move,796,367
1268987.8000000007,Move,794,368
1269004.6999999993,Move,794,370
1269021.1999999993,Move,792,371
1269038,Move,791,372
1269054.8000000007,Move,790,373
1269071.1999999993,Move,789,374
1269087.6999999993,Move,788,376
1269121.0999999978,Move,786,377
1269155.6999999993,Move,785,378
1269172,Move,783,379
1269205.0999999978,Move,782,380
1269238.6999999993,Move,781,381
1269271.6999999993,Move,779,382
1269305.0999999978,Move,778,383
1269338.3999999985,Move,777,384
1269371.8999999985,Move,775,385
1269404.8999999985,Move,774,386
1269421.8999999985,Move,773,388
1269455.3999999985,Move,771,388
1269488.8999999985,Move,770,390
1269522,Move,769,391
1269572.1999999993,Move,767,392
1269622.3000000007,Move,766,393
1269671.8999999985,Move,764,394
1269705.3000000007,Move,762,394
1269755.1999999993,Move,760,394
1269805,Move,759,395
1269855.0999999978,Move,757,396
1269904.5999999978,Move,755,396
1269954.6999999993,Move,753,396
1270004.8000000007,Move,751,397
1270054.6999999993,Move,749,397
1270121.3999999985,Move,747,396
1270205.1999999993,Move,745,396
1270255.3000000007,Move,743,396
1270338.6999999993,Move,742,396
1270388.5999999978,Move,740,397
1270471.8999999985,Move,738,398
1270521.8999999985,Move,736,397
1270605.1999999993,Move,734,396
1270655.3999999985,Move,732,396
1270738.3999999985,Move,730,396
1270822,Move,728,395
1270905.3000000007,Move,726,395
1270988.6999999993,Move,724,394
1271072.0999999978,Move,722,394
1271155.5999999978,Move,720,393
1271238.5999999978,Move,718,393
1271322,Move,717,392
1271404.3999999985,Move,715,392
1271488.3000000007,Move,713,391
1271572.3000000007,Move,711,390
1271672.0999999978,Move,709,389
1271772,Move,707,388
1271871.5999999978,Move,705,387
1271972,Move,703,386
1272072.0999999978,Move,702,386
1272172.3000000007,Move,700,385
1272272.1999999993,Move,698,384
1272372.0999999978,Move,697,383
1272488.8000000007,Move,695,381
1272605.5,Move,693,380
1272705.5,Move,692,378
1272821.8000000007,Move,690,378
1272939,Move,689,376
1273072.3999999985,Move,687,375
1273188.8999999985,Move,685,374
1273322.3999999985,Move,684,372
1273438.8999999985,Move,683,370
1273572.1999999993,Move,682,369
1273705.5999999978,Move,680,368
1273837.8000000007,Move,679,367
1273972.1999999993,Move,677,365
1274122.1999999993,Move,677,363
1274255.5999999978,Move,675,362
1274405.8000000007,Move,674,360
1274555.5,Move,673,358
1274705.5999999978,Move,672,357
1274855.5999999978,Move,671,356
1275005.6999999993,Move,669,354
1275155.5999999978,Move,669,352
1275322.3999999985,Move,667,351
1275494.3000000007,Move,667,349
1275660.8999999985,Move,665,348
1275832.8000000007,Move,665,346
1275999.8999999985,Move,663,344
1276188.0999999978,Move,663,343
1276355,Move,662,341
1276543.5999999978,Move,662,339
1276728.0999999978,Move,661,338
1276912.8999999985,Move,661,336
1277097.0999999978,Move,660,334
1277282.8000000007,Move,660,332
1277483.3000000007,Move,660,331
1277683.5999999978,Move,659,329
1277883.6999999993,Move,659,327
1278084.6999999993,Move,658,326
1278285.5999999978,Move,658,324
1278486.1999999993,Move,658,322
1278503,Move,658,322
1278681.8999999985,Released,658,322
1278742.0999999978,Released,748,547
