resolution:1536,864
658470.0999999978,Pressed,667,372
658476.5,Move,646,340
658527.6999999993,Move,638,304
658543.3000000007,Move,638,304
658576.3999999985,Move,647,272
658609.3999999985,Move,668,248
658642.5999999978,Move,700,237
658676.3999999985,Move,736,240
658693.0999999978,Move,736,240
658709.3999999985,Move,771,258
658743.3999999985,Move,799,287
658760.6999999993,Move,814,322
658792.5999999978,Move,813,357
658827.1999999993,Move,799,386
658843.5999999978,Move,771,405
658860.1999999993,Move,735,408
658876.8999999985,Move,698,398
658893.5999999978,Move,665,373
658903.8000000007,Released,665,373
658950.1999999993,Released,748,547
