resolution:1536,864
1363156.8000000007,Pressed,808,376
1363163.5,Move,801,383
1363214.1999999993,Move,801,383
1363230,Move,801,383
1363380.6999999993,Move,801,383
1363396.5999999978,Move,801,383
1363431,Move,793,389
1363707.8999999985,Move,783,394
1363958,Move,773,398
1364185.6999999993,Move,762,400
1364408.6999999993,Move,751,401
1364609.6999999993,Move,740,401
1364808.6999999993,Move,728,400
1364987.1999999993,Move,717,398
1365154.8999999985,Move,706,394
1365309.5,Move,695,389
1365443.6999999993,Move,684,384
1365560.1999999993,Move,674,377
1365660.5,Move,665,370
1365760.3999999985,Move,657,362
1365843.5999999978,Move,649,353
1365893.5999999978,Move,644,344
1365977.0999999978,Move,639,334
1366010.1999999993,Move,635,324
1366043.6999999993,Move,635,314
1366077.3000000007,Move,635,304
1366093.3999999985,Move,635,295
1366110.3000000007,Move,638,286
1366127.0999999978,Move,641,277
1366143.5999999978,Move,655,263
1366160.3999999985,Move,662,256
1366177,Move,671,252
1366193.3999999985,Move,681,248
1366210.5,Move,691,246
1366243.8999999985,Move,702,244
1366260.5,Move,713,243
1366310.1999999993,Move,725,244
1366360.3999999985,Move,736,246
1366443.6999999993,Move,747,249
1366509.8999999985,Move,759,253
1366610.3000000007,Move,770,258
1366710.3999999985,Move,780,265
1366827.1999999993,Move,790,272
1366960.3999999985,Move,797,281
1367127.1999999993,Move,805,290
1367277.1999999993,Move,811,299
1367463.3000000007,Move,816,309
1367663.5,Move,820,319
1367864.0999999978,Move,821,330
1368080.3000000007,Move,822,340
1368318.6999999993,Move,821,350
1368566.1999999993,Move,818,359
1368820,Move,813,368
1369099,Move,808,376
1369376.5999999978,Released,808,376
1369416.6999999993,Released,748,547
