resolution:1536,864
940048.1999999993,Pressed,783,251
940057.3999999985,Move,781,249
940117.0999999978,Move,781,249
940126.5,Move,781,249
940141.0999999978,Move,781,249
940207.3000000007,Move,778,247
940274.8000000007,Move,778,247
940324.3000000007,Move,775,245
940407.8999999985,Move,773,243
940508.8999999985,Move,769,242
940592.0999999978,Move,766,241
940642.1999999993,Move,763,240
940708.5999999978,Move,759,240
940775.5999999978,Move,756,240
940857.5,Move,753,238
940908,Move,749,238
940958.5,Move,746,238
941008.5,Move,743,239
941058.3999999985,Move,739,239
941108.8999999985,Move,735,240
941141.5999999978,Move,732,240
941192.0999999978,Move,729,240
941242,Move,725,240
941292.3000000007,Move,722,242
941342.1999999993,Move,718,242
941392,Move,715,244
941425.3999999985,Move,711,245
941492.0999999978,Move,708,246
941524.3999999985,Move,705,247
941558.3000000007,Move,701,249
941591.6999999993,Move,698,250
941624.8999999985,Move,695,252
941658.3000000007,Move,692,255
941691.5999999978,Move,689,257
941725,Move,686,258
941758.5,Move,683,261
941791.5999999978,Move,680,264
941824.8999999985,Move,678,267
941858.3000000007,Move,675,269
941891.6999999993,Move,673,272
941941.5,Move,670,274
941958.5,Move,667,277
941991.6999999993,Move,666,280
942024.8000000007,Move,663,283
942058.3000000007,Move,661,286
942091.5,Move,660,289
942125,Move,658,292
942158.6999999993,Move,657,296
942192.1999999993,Move,655,299
942225.5999999978,Move,654,302
942258.6999999993,Move,652,305
942292,Move,652,309
942325.5,Move,651,312
942359,Move,650,315
942392.1999999993,Move,649,318
942425.8999999985,Move,647,322
942442.3000000007,Move,647,325
942474.8999999985,Move,646,328
942508.3000000007,Move,646,332
942541.5,Move,646,335
942574.8000000007,Move,647,338
942608.3000000007,Move,647,342
942641.8000000007,Move,648,345
942675.0999999978,Move,649,348
942708.3999999985,Move,649,351
942741.8999999985,Move,649,354
942775.3999999985,Move,650,357
942791.6999999993,Move,651,360
942824.8000000007,Move,652,363
942858.3999999985,Move,654,366
942875,Move,656,368
942908.6999999993,Move,657,371
942942,Move,659,373
942975.3999999985,Move,660,376
943008.8999999985,Move,662,378
943042.1999999993,Move,664,380
943075.3999999985,Move,666,382
943108.5999999978,Move,669,384
943125.3999999985,Move,671,386
943158.8999999985,Move,674,387
943192.3000000007,Move,677,388
943225.6999999993,Move,679,391
943259,Move,682,392
943292,Move,684,394
943325.1999999993,Move,687,396
943341.5,Move,689,397
943375.5,Move,692,398
943391.3999999985,Move,695,398
943424.8999999985,Move,699,398
943458.5,Move,702,399
943491.6999999993,Move,705,399
943525.6999999993,Move,708,400
943558.8999999985,Move,711,400
943592.3000000007,Move,715,400
943625.5,Move,718,400
943642.1999999993,Move,721,399
943675.3999999985,Move,724,399
943708.8000000007,Move,727,398
943742.3999999985,Move,731,397
943759,Move,734,396
943792.3999999985,Move,737,395
943808.5999999978,Move,740,393
943842.3999999985,Move,743,392
943858.8999999985,Move,747,391
943892.3999999985,Move,749,389
943908.8999999985,Move,753,388
943925.3999999985,Move,755,386
943942,Move,758,384
943959,Move,761,382
943975.5,Move,764,380
943992.3000000007,Move,766,378
944009,Move,769,375
944025.5,Move,772,373
944041.8999999985,Move,774,371
944058.8999999985,Move,779,366
944075.1999999993,Move,781,363
944092,Move,782,360
944108.5999999978,Move,784,357
944125.3000000007,Move,787,355
944142.0999999978,Move,788,352
944158.8999999985,Move,790,349
944175.5,Move,791,346
944192.1999999993,Move,793,343
944208.8999999985,Move,794,340
944225.3999999985,Move,795,337
944242.1999999993,Move,797,334
944258.8999999985,Move,798,331
944275.3999999985,Move,798,328
944292.1999999993,Move,799,325
944308.8999999985,Move,801,322
944325.3999999985,Move,801,319
944342.0999999978,Move,802,316
944358.8000000007,Move,802,312
944376.3000000007,Move,801,306
944392,Move,801,303
944408.6999999993,Move,801,300
944425.3000000007,Move,801,297
944441.8999999985,Move,801,294
944458.8999999985,Move,800,291
944475.5,Move,799,288
944492.1999999993,Move,798,286
944508.5999999978,Move,797,282
944525.1999999993,Move,796,280
944542.3999999985,Move,794,278
944558.8000000007,Move,793,275
944575.3999999985,Move,791,272
944592,Move,790,270
944608.6999999993,Move,788,268
944626.0999999978,Move,785,263
944642.3000000007,Move,783,261
944658.8000000007,Move,781,258
944675.3000000007,Move,779,256
944686.5999999978,Released,779,256
944752,Released,748,547
