resolution:1536,864
1539076.3999999985,Pressed,664,404
1539082.1999999993,Move,651,394
1539098.5,Move,645,388
1539130.1999999993,Move,640,382
1539133,Move,635,376
1539148.3999999985,Move,631,370
1539165.0999999978,Move,626,364
1539182.3000000007,Move,623,356
1539198.3000000007,Move,620,350
1539215.0999999978,Move,616,343
1539231.8000000007,Move,613,336
1539248.3999999985,Move,610,329
1539266,Move,608,322
1539282,Move,607,314
1539299.6999999993,Move,607,300
1539315.1999999993,Move,606,293
1539332.1999999993,Move,606,286
1539348.5999999978,Move,608,280
1539365.3999999985,Move,610,273
1539381.8999999985,Move,612,267
1539398.6999999993,Move,613,260
1539415.5,Move,615,253
1539432.3000000007,Move,619,248
1539448.8000000007,Move,623,242
1539465.6999999993,Move,628,238
1539482.5999999978,Move,633,233
1539499.1999999993,Move,638,228
1539515.8999999985,Move,644,226
1539532.5,Move,650,222
1539549.3999999985,Move,656,219
1539566.3999999985,Move,662,216
1539583,Move,675,212
1539598.8000000007,Move,682,210
1539615.5,Move,689,208
1539632.1999999993,Move,695,207
1539648.8000000007,Move,703,206
1539665.3000000007,Move,711,206
1539681.8000000007,Move,718,208
1539698.5999999978,Move,726,209
1539715.5999999978,Move,733,210
1539731.8999999985,Move,741,212
1539748.8000000007,Move,748,215
1539765.8000000007,Move,756,217
1539781.5,Move,763,221
1539798.5,Move,777,228
1539815.5999999978,Move,785,232
1539832.0999999978,Move,791,237
1539848.3999999985,Move,797,243
1539865.8000000007,Move,803,249
1539882.1999999993,Move,808,255
1539899.1999999993,Move,814,260
1539915.8999999985,Move,820,266
1539932.5,Move,824,273
1539949,Move,829,279
1539965.8000000007,Move,832,286
1539982.1999999993,Move,835,294
1539999.0999999978,Move,839,300
1540015.8000000007,Move,841,308
1540032.3999999985,Move,844,315
1540049.0999999978,Move,845,322
1540066.1999999993,Move,847,336
1540082.3999999985,Move,849,344
1540098.8000000007,Move,848,351
1540115.8999999985,Move,848,358
1540132.5,Move,848,365
1540149.1999999993,Move,847,372
1540165.5999999978,Move,843,378
1540182.3999999985,Move,841,385
1540199.0999999978,Move,839,391
1540216,Move,836,398
1540232.5,Move,832,403
1540249.0999999978,Move,828,408
1540265.8000000007,Move,823,413
1540282.6999999993,Move,817,417
1540299,Move,811,420
1540315.6999999993,Move,806,425
1540332.5999999978,Move,793,432
1540349.0999999978,Move,787,434
1540365.5999999978,Move,779,436
1540382.5999999978,Move,772,436
1540399.0999999978,Move,765,437
1540415.8000000007,Move,757,438
1540432.3999999985,Move,750,439
1540449.0999999978,Move,743,440
1540465.5,Move,735,440
1540482.3000000007,Move,727,439
1540499.0999999978,Move,719,439
1540516,Move,711,437
1540532.5,Move,703,434
1540549.1999999993,Move,695,432
1540565.6999999993,Move,688,428
1540582.1999999993,Move,680,425
1540599.1999999993,Move,673,420
1540616.3000000007,Move,658,411
1540631.3999999985,Released,658,411
1540696.3999999985,Released,748,547
