resolution:1536,864
2601875.0999999978,Pressed,670,182
2601886.5999999978,Move,778,185
2601921.1999999993,Move,852,277
2601937.3000000007,Move,859,340
2601953.0999999978,Move,843,400
2601970.1999999993,Move,808,448
2601986.5999999978,Move,757,474
2602003.0999999978,Move,701,473
2602019.8000000007,Move,649,445
2602036.5,Move,610,398
2602053.0999999978,Move,597,272
2602069.8000000007,Move,625,217
2602086.5,Move,669,180
2602101.3000000007,Released,669,180
2602125.5,Released,748,547
