resolution:1536,864
267510.69999999925,Pressed,740,282
267517.59999999776,Move,738,282
267533.19999999925,Move,735,282
267566.8999999985,Move,733,282
267582.8999999985,Move,733,282
267599.69999999925,Move,730,282
267633.30000000075,Move,727,283
267649.80000000075,Move,725,284
267683.09999999776,Move,722,284
267716.80000000075,Move,719,286
267733.80000000075,Move,719,286
267750.69999999925,Move,717,287
267783.59999999776,Move,714,288
267817.30000000075,Move,712,290
267834.09999999776,Move,709,291
267850.5,Move,707,292
267867.30000000075,Move,704,294
267884.30000000075,Move,700,298
267900.3999999985,Move,698,300
267917.3999999985,Move,696,302
267933.80000000075,Move,694,304
267950.59999999776,Move,693,307
267967.19999999925,Move,691,309
267984,Move,690,312
268000.3999999985,Move,689,314
268017.30000000075,Move,687,316
268033.69999999925,Move,686,319
268050.69999999925,Move,685,322
268067.30000000075,Move,685,324
268083.59999999776,Move,685,326
268099.8999999985,Move,685,329
268117.19999999925,Move,685,331
268134,Move,685,336
268150.59999999776,Move,685,338
268167,Move,685,340
268183.59999999776,Move,687,342
268200.3999999985,Move,688,344
268216.80000000075,Move,689,346
268233.69999999925,Move,690,348
268250.19999999925,Move,691,350
268267,Move,693,351
268283.8999999985,Move,695,352
268300.30000000075,Move,696,354
268316.80000000075,Move,698,355
268333.30000000075,Move,700,356
268350.3999999985,Move,702,357
268366.8999999985,Move,704,358
268383.19999999925,Move,709,359
268400.09999999776,Move,711,359
268417.09999999776,Move,716,360
268433.59999999776,Move,718,359
268450.09999999776,Move,721,359
268466.8999999985,Move,723,359
268483.5,Move,726,358
268500.09999999776,Move,728,358
268517,Move,731,358
268533.3999999985,Move,733,357
268550.09999999776,Move,736,356
268566.69999999925,Move,738,355
268583.5,Move,741,353
268600.19999999925,Move,743,352
268617,Move,745,350
268633.69999999925,Move,749,346
268650.19999999925,Move,752,345
268667,Move,753,343
268683.3999999985,Move,755,340
268700.3999999985,Move,757,338
268716.80000000075,Move,759,336
268733.69999999925,Move,760,334
268750.30000000075,Move,762,332
268766.8999999985,Move,763,329
268783.80000000075,Move,764,327
268800.09999999776,Move,765,325
268816.8999999985,Move,766,322
268833.30000000075,Move,767,320
268850.30000000075,Move,768,315
268867.09999999776,Move,768,312
268883.5,Move,768,310
268900.30000000075,Move,768,308
268917.09999999776,Move,767,306
268933.59999999776,Move,767,303
268950.19999999925,Move,766,301
268966.8999999985,Move,765,299
268983.59999999776,Move,764,298
269000.19999999925,Move,762,296
269016.8999999985,Move,761,294
269033.69999999925,Move,760,292
269050.19999999925,Move,758,291
269084.5,Move,757,290
269117.5,Move,755,288
269134.19999999925,Move,753,287
269167.80000000075,Move,751,286
269201.09999999776,Move,749,285
269234,Move,747,284
269267.69999999925,Move,745,284
269301.19999999925,Move,742,284
269334.3999999985,Move,740,284
269350.59999999776,Released,740,284
269404.3999999985,Released,748,547
