resolution:1536,864
2589884.6999999993,Pressed,851,332
2589895.8999999985,Move,854,385
2589921.3999999985,Move,854,385
2589946.5999999978,Move,854,385
2590045.8000000007,Move,835,427
2590112.8999999985,Move,835,427
2590128.8999999985,Move,835,427
2590145.8999999985,Move,799,452
2590262.8999999985,Move,749,454
2590346.0999999978,Move,695,433
2590429.5,Move,645,393
2590479.6999999993,Move,610,340
2590562.3000000007,Move,594,283
2590613.3000000007,Move,602,233
2590697.0999999978,Move,631,198
2590747,Move,677,185
2590796.8999999985,Move,731,197
2590846.5,Move,784,229
2590913.8999999985,Move,827,276
2590947.5999999978,Move,852,332
2590993.8999999985,Released,852,332
2591047,Released,748,547
