resolution:1536,864
2694884.8000000007,Pressed,619,305
2694893.8999999985,Move,616,317
2694942.5999999978,Move,616,317
2695042.6999999993,Move,614,329
2695110.0999999978,Move,614,329
2695125.8000000007,Move,614,329
2695142.8000000007,Move,613,341
2695261,Move,612,353
2695343.5999999978,Move,612,366
2695427.8999999985,Move,613,377
2695476.8000000007,Move,616,388
2695543.8999999985,Move,618,399
2695609,Move,620,410
2695693.3000000007,Move,624,420
2695743.1999999993,Move,628,430
2695794,Move,633,438
2695844,Move,638,447
2695893.5,Move,644,456
2695943.5,Move,651,462
2695976.5999999978,Move,658,467
2696027,Move,666,471
2696077.1999999993,Move,674,474
2696127.1999999993,Move,683,475
2696177.3999999985,Move,691,476
2696227.1999999993,Move,700,476
2696260.5999999978,Move,709,475
2696310.5,Move,718,474
2696360.3000000007,Move,727,472
2696393.5999999978,Move,735,470
2696427.0999999978,Move,744,465
2696460.5999999978,Move,753,460
2696493.5999999978,Move,761,456
2696527.1999999993,Move,769,448
2696560.5,Move,777,440
2696594,Move,785,433
2696627.0999999978,Move,792,425
2696660.3000000007,Move,799,415
2696694.0999999978,Move,805,406
2696726.8999999985,Move,811,395
2696761.0999999978,Move,816,384
2696777.5,Move,820,373
2696810.5999999978,Move,825,362
2696844.0999999978,Move,829,350
2696877.6999999993,Move,832,339
2696910.5,Move,833,327
2696943.8000000007,Move,836,315
2696977.6999999993,Move,838,303
2696994,Move,839,291
2697027.0999999978,Move,838,279
2697060.5,Move,838,267
2697093.8000000007,Move,837,256
2697127.5999999978,Move,834,246
2697160.1999999993,Move,831,235
2697194,Move,827,225
2697227.3000000007,Move,823,215
2697243.5999999978,Move,818,207
2697277,Move,812,200
2697310.8000000007,Move,806,193
2697343.6999999993,Move,799,187
2697376.8999999985,Move,793,182
2697410.8999999985,Move,786,176
2697427.3999999985,Move,777,173
2697460.8000000007,Move,769,171
2697494.0999999978,Move,761,170
2697527.5999999978,Move,752,170
2697561.0999999978,Move,744,170
2697577.0999999978,Move,735,172
2697610.8000000007,Move,726,175
2697644.0999999978,Move,718,178
2697677.5,Move,709,183
2697710.5999999978,Move,701,187
2697743.5999999978,Move,693,191
2697777.3999999985,Move,684,196
2697810.5,Move,676,204
2697826.8999999985,Move,669,212
2697860.6999999993,Move,662,221
2697894.3000000007,Move,655,230
2697927.8000000007,Move,649,240
2697944.0999999978,Move,643,250
2697977.3999999985,Move,638,260
2698010.5999999978,Move,633,271
2698043.5,Move,629,282
2698077.5,Move,627,294
2698111,Move,624,306
2698126.8000000007,Released,624,306
2698189.8999999985,Released,748,547
