resolution:1536,864
1369440.1999999993,Pressed,802,375
1369449.6999999993,Move,813,367
1369499.5999999978,Move,822,359
1369516,Move,822,359
1369565.8999999985,Move,829,349
1369633.0999999978,Move,835,340
1369666.6999999993,Move,835,340
1369683.3000000007,Move,839,330
1369750.1999999993,Move,843,320
1369834.8999999985,Move,844,310
1369884.0999999978,Move,842,300
1369967.3999999985,Move,839,291
1370018.0999999978,Move,834,282
1370100.8000000007,Move,828,274
1370149.3999999985,Move,820,267
1370199.6999999993,Move,811,260
1370284,Move,801,254
1370333.6999999993,Move,789,250
1370418,Move,775,247
1370467.3999999985,Move,762,244
1370534.0999999978,Move,748,244
1370617.5999999978,Move,733,243
1370667.3000000007,Move,719,244
1370750.8999999985,Move,704,248
1370800.8000000007,Move,690,252
1370884.0999999978,Move,677,256
1370950.6999999993,Move,663,262
1371000.6999999993,Move,651,269
1371084,Move,641,277
1371134.0999999978,Move,632,285
1371217.5999999978,Move,624,294
1371267.5,Move,617,304
1371350.6999999993,Move,612,314
1371400,Move,608,324
1371483.3000000007,Move,607,334
1371533.8000000007,Move,608,344
1371617.5999999978,Move,611,354
1371667.3000000007,Move,615,363
1371750.6999999993,Move,621,371
1371800.3999999985,Move,629,379
1371884.1999999993,Move,638,386
1371934.0999999978,Move,649,392
1372017.5999999978,Move,662,397
1372067.1999999993,Move,675,400
1372117.5999999978,Move,689,404
1372200.8000000007,Move,704,404
1372250.8999999985,Move,719,404
1372334.3999999985,Move,734,402
1372400.8000000007,Move,750,400
1372450,Move,765,396
1372534.3000000007,Move,779,391
1372583.6999999993,Move,792,384
1372667.5999999978,Move,804,377
1372712.5,Released,804,377
1372774.5999999978,Released,748,547
