resolution:1536,864
11184,Pressed,732,367
11189.800000000745,Move,715,362
11224.199999999255,Move,715,362
11239.199999999255,Move,700,351
11305.800000000745,Move,690,334
11372.89999999851,Move,686,315
11406.5,Move,686,315
11423.300000000745,Move,689,297
11490.599999997765,Move,699,284
11573.199999999255,Move,713,277
11623.699999999255,Move,729,278
11690.5,Move,745,287
11757.599999997765,Move,757,301
11806.300000000745,Move,765,319
11889.800000000745,Move,765,337
11939.39999999851,Move,759,353
12023.599999997765,Move,747,363
12073.89999999851,Move,731,366
12141.099999997765,Released,731,366
12194.599999997765,Released,748,547
