resolution:1536,864
2349579.3999999985,Pressed,794,198
2349587.5,Move,792,197
2349623.8999999985,Move,792,197
2349637.3999999985,Move,792,197
2349755,Move,789,196
2349804.5999999978,Move,789,196
2349821.0999999978,Move,789,196
2349904.6999999993,Move,787,195
2350055.3000000007,Move,784,196
2350205.3000000007,Move,781,196
2350387.5,Move,779,194
2350539,Move,777,193
2350704.6999999993,Move,775,192
2350844.8000000007,Move,771,192
2351010.8000000007,Move,769,192
2351182.6999999993,Move,766,193
2351349.3999999985,Move,763,192
2351504.8999999985,Move,761,191
2351671.3999999985,Move,758,192
2351821.5999999978,Move,755,193
2351988.1999999993,Move,752,194
2352143.3000000007,Move,749,195
2352309.8999999985,Move,746,196
2352459.8999999985,Move,743,196
2352609.8999999985,Move,741,198
2352784.0999999978,Move,738,198
2352950.6999999993,Move,735,199
2353106.0999999978,Move,732,200
2353272.6999999993,Move,729,202
2353427.8999999985,Move,726,202
2353594.5,Move,723,204
2353750,Move,721,205
2353900,Move,718,207
2354066.3999999985,Move,715,208
2354221.8000000007,Move,713,210
2354388.8000000007,Move,710,212
2354560.6999999993,Move,707,214
2354710.6999999993,Move,705,216
2354877.3000000007,Move,702,218
2355032.3999999985,Move,699,220
2355198.6999999993,Move,697,222
2355354.3000000007,Move,694,222
2355504.5999999978,Move,691,224
2355671.0999999978,Move,689,226
2355826.5,Move,686,227
2355976.5,Move,683,230
2356143.3999999985,Move,681,232
2356298.5999999978,Move,679,234
2356465.3000000007,Move,676,237
2356620.5999999978,Move,673,238
2356770.6999999993,Move,671,240
2356936.5,Move,669,243
2357075.6999999993,Move,666,245
2357242.3999999985,Move,663,247
2357397.8000000007,Move,660,249
2357564.3999999985,Move,659,252
2357719.8000000007,Move,656,255
2357886.3000000007,Move,653,257
2358025.1999999993,Move,651,260
2358197.8999999985,Move,650,263
2358365.5,Move,648,266
2358520.6999999993,Move,646,268
2358687.3000000007,Move,643,271
2358842.3999999985,Move,642,274
2359009,Move,640,277
2359164.3999999985,Move,638,280
2359314.5999999978,Move,636,283
2359481.3000000007,Move,635,286
2359636.5,Move,633,289
2359786.5999999978,Move,632,292
2359953.3999999985,Move,631,296
2360108.5999999978,Move,630,298
2360275.0999999978,Move,628,302
2360430.1999999993,Move,626,305
2360580.3999999985,Move,625,308
2360747,Move,623,311
2360885.6999999993,Move,623,314
2361035.8000000007,Move,621,317
2361202.5,Move,620,320
2361374.3999999985,Move,619,324
2361524.5,Move,617,327
2361691.3999999985,Move,617,330
2361846.5999999978,Move,616,333
2362013.1999999993,Move,615,336
2362168.1999999993,Move,616,340
2362335.1999999993,Move,615,342
2362473.5999999978,Move,615,346
2362640.5,Move,614,349
2362812.3999999985,Move,613,352
2362979,Move,614,355
2363134.3999999985,Move,613,358
2363300.8999999985,Move,613,362
2363456.3000000007,Move,613,364
2363622.8999999985,Move,614,367
2363778.3999999985,Move,615,370
2363928.3999999985,Move,614,373
2364095.0999999978,Move,615,376
2364250.1999999993,Move,616,378
2364417.1999999993,Move,615,382
2364588.8999999985,Move,615,385
2364739.0999999978,Move,616,387
2364905.8000000007,Move,616,390
2365044.3999999985,Move,617,393
2365216.6999999993,Move,618,396
2365383.5999999978,Move,619,398
2365538.6999999993,Move,620,400
2365705.5,Move,622,402
2365860.8999999985,Move,622,405
2366027.1999999993,Move,623,408
2366182.5,Move,625,409
2366332.5999999978,Move,626,412
2366499.5,Move,627,414
2366654.6999999993,Move,629,416
2366804.8000000007,Move,630,419
2366971.1999999993,Move,631,420
2367126.8000000007,Move,633,423
2367293.5,Move,635,424
2367448.5999999978,Move,637,426
2367598.5999999978,Move,638,428
2367765.5,Move,641,429
2367937.5,Move,643,429
2368087.5,Move,645,432
2368237.1999999993,Move,647,433
2368404,Move,649,433
2368559.3000000007,Move,652,434
2368709.3999999985,Move,653,436
2368876,Move,655,438
2369031.5,Move,656,440
2369198.1999999993,Move,659,441
2369353.3999999985,Move,661,441
2369503.1999999993,Move,663,442
2369670.5999999978,Move,665,443
2369836.8999999985,Move,667,445
2369992,Move,669,446
2370141.8999999985,Move,673,446
2370308.8000000007,Move,675,446
2370464.1999999993,Move,677,447
2370614.1999999993,Move,680,448
2370780.8000000007,Move,683,448
2370935.8999999985,Move,685,447
2371102.6999999993,Move,688,447
2371257.5999999978,Move,691,448
2371408,Move,693,448
2371574.8000000007,Move,696,448
2371746.6999999993,Move,699,447
2371896.8000000007,Move,701,448
2372046.6999999993,Move,704,449
2372213.3000000007,Move,707,448
2372367.5,Move,709,448
2372518.5999999978,Move,712,447
2372685.3000000007,Move,715,446
2372840.8000000007,Move,718,445
2373007.5,Move,721,445
2373162.3000000007,Move,723,446
2373312.3999999985,Move,727,443
2373479.3000000007,Move,729,443
2373617.8000000007,Move,732,443
2373784.5999999978,Move,735,441
2373939.8999999985,Move,738,440
2374106.5,Move,741,439
2374262.0999999978,Move,744,438
2374428.5,Move,747,436
2374583.8000000007,Move,749,434
2374750.5999999978,Move,753,433
2374906,Move,755,430
2375055.8999999985,Move,758,429
2375222.6999999993,Move,761,428
2375377.8999999985,Move,764,426
2375527.8999999985,Move,767,424
2375694.5999999978,Move,770,423
2375849.8999999985,Move,773,420
2376016.5,Move,775,418
2376171.8000000007,Move,778,416
2376321.5999999978,Move,781,414
2376488.3000000007,Move,783,412
2376643.8000000007,Move,786,408
2376810.5,Move,788,406
2376965.8999999985,Move,790,403
2377132.3999999985,Move,792,400
2377287.8000000007,Move,794,396
2377454.5,Move,797,394
2377609.6999999993,Move,799,391
2377776.3999999985,Move,802,389
2377914.8999999985,Move,804,386
2378081.6999999993,Move,805,382
2378253.5,Move,807,379
2378420.3999999985,Move,808,376
2378575.8000000007,Move,809,373
2378742.5999999978,Move,811,370
2378881,Move,814,367
2379054.0999999978,Move,815,364
2379220.6999999993,Move,817,361
2379375.1999999993,Move,819,358
2379542.5999999978,Move,821,355
2379698.0999999978,Move,823,352
2379864.8000000007,Move,825,349
2380019.8999999985,Move,827,346
2380170,Move,829,343
2380336.3999999985,Move,830,340
2380492.0999999978,Move,832,336
2380658.5999999978,Move,832,333
2380830.6999999993,Move,833,330
2380980.8000000007,Move,834,326
2381146.8000000007,Move,835,323
2381302.3999999985,Move,837,320
2381469,Move,837,317
2381624.5999999978,Move,837,314
2381774.5999999978,Move,839,310
2381941.1999999993,Move,840,307
2382096.5,Move,842,303
2382246.5999999978,Move,842,300
2382413.1999999993,Move,842,297
2382568.5,Move,841,294
2382735.1999999993,Move,843,290
2382890.5999999978,Move,844,287
2383040.5999999978,Move,845,284
2383207.0999999978,Move,845,280
2383345.6999999993,Move,845,277
2383495.8999999985,Move,845,274
2383684.5,Move,844,271
2383834.5,Move,843,269
2383984.5,Move,843,266
2384151.1999999993,Move,842,263
2384306.3999999985,Move,841,260
2384473.1999999993,Move,840,258
2384628.5999999978,Move,840,254
2384795,Move,839,252
2384950.5,Move,837,250
2385100.5,Move,835,248
2385250.5,Move,833,246
2385400.3000000007,Move,832,244
2385566.8999999985,Move,831,241
2385739.3000000007,Move,829,239
2385889.0999999978,Move,829,237
2386055.6999999993,Move,827,235
2386211.0999999978,Move,826,233
2386378,Move,824,231
2386533,Move,823,229
2386700,Move,821,227
2386854.8999999985,Move,819,226
2387005,Move,818,223
2387170.8999999985,Move,817,220
2387343.5999999978,Move,816,218
2387493.5999999978,Move,815,216
2387660.5,Move,813,214
2387815.8999999985,Move,811,213
2387982.5,Move,808,212
2388137.5,Move,807,210
2388304.1999999993,Move,805,209
2388443,Move,802,209
2388609.5999999978,Move,800,207
2388781.5,Move,798,206
2388948.3999999985,Move,795,205
2389103.5999999978,Move,793,205
2389253.6999999993,Move,790,205
2389391.5,Released,790,205
2389452.3000000007,Released,748,547
