resolution:1536,864
991197.3000000007,Pressed,701,415
991206.3000000007,Move,704,416
991256.5,Move,707,417
991272.8000000007,Move,707,417
991323.1999999993,Move,710,417
991390.0999999978,Move,713,417
991423.8999999985,Move,713,417
991440.5999999978,Move,717,417
991507,Move,720,416
991591.1999999993,Move,723,415
991674.5999999978,Move,726,415
991723.8999999985,Move,729,413
991774.5999999978,Move,733,412
991857.0999999978,Move,736,411
991907.5999999978,Move,739,410
991990.3999999985,Move,742,407
992057.6999999993,Move,745,406
992107.3999999985,Move,748,404
992190.5,Move,751,402
992274.3999999985,Move,754,400
992324,Move,757,398
992374.1999999993,Move,761,397
992457.8000000007,Move,764,394
992507.8000000007,Move,767,392
992574.3999999985,Move,769,389
992657.6999999993,Move,772,386
992707.5999999978,Move,775,383
992773.6999999993,Move,777,380
992824.0999999978,Move,780,377
992873.8999999985,Move,782,374
992957.6999999993,Move,785,370
993007.8999999985,Move,787,367
993074.5,Move,789,363
993157.6999999993,Move,791,360
993207.6999999993,Move,792,356
993274.5999999978,Move,793,352
993357.6999999993,Move,795,348
993407.8000000007,Move,797,344
993474.5,Move,798,340
993557.8000000007,Move,799,336
993607.6999999993,Move,800,332
993674.6999999993,Move,800,328
993757.6999999993,Move,801,324
993807.5999999978,Move,802,320
993874.5,Move,803,316
993924.5999999978,Move,803,312
993991.3999999985,Move,804,308
994041.1999999993,Move,804,304
994107.8999999985,Move,803,300
994158,Move,803,297
994241,Move,802,294
994291.1999999993,Move,802,290
994341,Move,801,286
994424.3999999985,Move,801,282
994474.5,Move,800,279
994557.8999999985,Move,799,275
994607.8999999985,Move,798,272
994674.6999999993,Move,796,269
994757.8999999985,Move,795,266
994807.8000000007,Move,793,264
994874.5999999978,Move,792,260
994958.0999999978,Move,791,257
995008,Move,788,255
995074.6999999993,Move,786,252
995141.3000000007,Move,784,250
995191.3000000007,Move,782,248
995274.8000000007,Move,780,245
995324.8000000007,Move,778,243
995374.5,Move,775,241
995457.8000000007,Move,773,240
995507.8000000007,Move,771,238
995574.5999999978,Move,768,236
995658,Move,765,236
995707.8999999985,Move,763,234
995774.5,Move,760,233
995824,Move,757,232
995907.6999999993,Move,754,231
995957.3000000007,Move,751,231
996041.1999999993,Move,748,231
996091.5,Move,745,230
996141.0999999978,Move,742,230
996224.3999999985,Move,739,230
996274.5,Move,736,231
996341.5,Move,733,232
996391.1999999993,Move,730,234
996474.5,Move,727,235
996524.6999999993,Move,723,236
996608,Move,721,238
996658.1999999993,Move,718,240
996741.0999999978,Move,715,240
996791.1999999993,Move,712,242
996873.6999999993,Move,709,244
996924.5,Move,706,246
997008.0999999978,Move,703,248
997058.3000000007,Move,701,250
997141.3999999985,Move,698,252
997191.3000000007,Move,695,254
997274.5,Move,693,256
997324.5999999978,Move,690,258
997408.0999999978,Move,687,261
997458,Move,685,264
997541.5,Move,683,267
997591.1999999993,Move,681,270
997658.3000000007,Move,679,273
997708,Move,677,275
997791.3000000007,Move,674,278
997840.6999999993,Move,673,282
997890.8999999985,Move,671,285
997974.6999999993,Move,669,288
998024.6999999993,Move,667,291
998108.0999999978,Move,665,294
998157.8999999985,Move,664,298
998241.3000000007,Move,662,302
998291.3000000007,Move,661,305
998374.6999999993,Move,659,309
998424.5999999978,Move,659,312
998508.0999999978,Move,659,316
998574.8000000007,Move,657,320
998624.8000000007,Move,657,323
998708.3999999985,Move,656,327
998757.8000000007,Move,655,331
998841.0999999978,Move,655,334
998891.3000000007,Move,655,338
998974.6999999993,Move,654,342
999024.5999999978,Move,653,346
999108.3999999985,Move,654,349
999174.8999999985,Move,655,352
999224.8999999985,Move,655,356
999308.3000000007,Move,655,360
999391.3999999985,Move,656,363
999441.1999999993,Move,658,366
999491.1999999993,Move,658,369
999574.8999999985,Move,659,372
999624.5999999978,Move,660,376
999691.5,Move,662,378
999741.5999999978,Move,664,381
999825,Move,665,384
999874.8000000007,Move,667,386
999958.1999999993,Move,668,390
1000008.1999999993,Move,670,392
1000091.5999999978,Move,672,394
1000141.5,Move,673,397
1000191.5,Move,676,399
1000258.3000000007,Move,679,400
1000308.3000000007,Move,681,402
1000391.8000000007,Move,684,403
1000441.5999999978,Move,686,404
1000491.6999999993,Move,689,405
1000574.8999999985,Move,691,406
1000624.8000000007,Move,694,407
1000674.8000000007,Move,697,408
1000758.3999999985,Move,700,409
1000807.8999999985,Move,703,410
1000873.5,Released,703,410
1000908.8000000007,Released,748,547
