resolution:1536,864
15445.800000000745,Pressed,731,283
15455.89999999851,Move,698,304
15482,Move,688,320
15490.89999999851,Move,684,336
15506.800000000745,Move,687,351
15522.699999999255,Move,698,360
15539.89999999851,Move,713,362
15556,Move,730,358
15572.599999997765,Move,747,347
15589.39999999851,Move,760,332
15605.89999999851,Move,768,315
15622.5,Move,768,299
15639.5,Move,748,282
15656.300000000745,Move,731,283
15670.300000000745,Released,731,283
15695.300000000745,Released,748,547
