resolution:1536,864
68440,Pressed,757,337
68447.69999999925,Move,759,332
68484.80000000075,Move,759,332
68497.89999999851,Move,759,332
68547.59999999776,Move,761,326
68631.09999999776,Move,763,321
68664.80000000075,Move,763,321
68680.80000000075,Move,763,316
68747.69999999925,Move,763,310
68798.30000000075,Move,762,306
68848.30000000075,Move,761,301
68882.19999999925,Move,759,296
68932,Move,756,292
68965.39999999851,Move,753,289
69015.19999999925,Move,750,286
69048.19999999925,Move,747,284
69081.59999999776,Move,743,281
69115.19999999925,Move,739,280
69148.39999999851,Move,734,279
69181.39999999851,Move,730,279
69215.09999999776,Move,725,280
69247.59999999776,Move,721,281
69282,Move,716,283
69298.09999999776,Move,711,285
69331.09999999776,Move,707,289
69364.69999999925,Move,703,292
69398.89999999851,Move,700,297
69431.89999999851,Move,697,302
69465.59999999776,Move,695,306
69498.89999999851,Move,693,312
69532.30000000075,Move,691,317
69565.5,Move,690,322
69598.80000000075,Move,689,328
69632,Move,689,333
69665.30000000075,Move,690,338
69699.19999999925,Move,691,344
69715.59999999776,Move,693,348
69748.5,Move,696,352
69781.69999999925,Move,698,356
69798.30000000075,Move,702,359
69831.5,Move,706,362
69865.80000000075,Move,710,363
69882,Move,714,365
69915.59999999776,Move,719,365
69949,Move,723,365
69965.5,Move,728,364
69999.09999999776,Move,733,363
70032.19999999925,Move,737,361
70065.30000000075,Move,741,358
70082.30000000075,Move,745,355
70098.69999999925,Move,749,351
70114.89999999851,Move,752,346
70131.69999999925,Move,755,342
70148.80000000075,Move,758,337
70151,Released,758,337
70201.09999999776,Released,748,547
