resolution:1536,864
1313633.3999999985,Pressed,765,406
1313641.8000000007,Move,746,408
1313692.5,Move,746,408
1313708.0999999978,Move,746,408
1313790.5999999978,Move,726,405
1313858.0999999978,Move,726,405
1313873.5999999978,Move,726,405
1313907.8999999985,Move,706,399
1313991.0999999978,Move,687,389
1314075.3999999985,Move,670,377
1314158.6999999993,Move,655,362
1314225.8999999985,Move,645,345
1314274.5999999978,Move,637,328
1314357.3000000007,Move,633,310
1314407.8999999985,Move,634,293
1314491.8999999985,Move,638,278
1314525.3999999985,Move,646,264
1314575.1999999993,Move,658,253
1314625.3999999985,Move,672,244
1314675.1999999993,Move,689,240
1314707.5,Move,707,238
1314759,Move,727,241
1314808.8000000007,Move,746,247
1314858.6999999993,Move,765,256
1314910.3999999985,Move,782,268
1314941.5,Move,797,282
1314991.6999999993,Move,808,299
1315041.6999999993,Move,816,316
1315092.3999999985,Move,821,334
1315141.8999999985,Move,821,351
1315175.8999999985,Move,816,366
1315192.1999999993,Move,809,381
1315225.6999999993,Move,797,392
1315258.5,Move,782,401
1315292.3999999985,Move,765,406
1315315.5999999978,Released,765,406
1315377.3000000007,Released,748,547
