resolution:1536,864
1034865.5999999978,Pressed,796,282
1034874.8999999985,Move,801,287
1034891.0999999978,Move,803,290
1034926.6999999993,Move,806,296
1034941.1999999993,Move,808,298
1034957.6999999993,Move,811,301
1034975.0999999978,Move,812,304
1034991.1999999993,Move,813,306
1035007.8999999985,Move,815,309
1035024.5999999978,Move,815,312
1035040.8999999985,Move,816,315
1035057.5999999978,Move,816,321
1035074.5,Move,817,324
1035092.1999999993,Move,817,326
1035108,Move,817,329
1035124.6999999993,Move,818,332
1035141.5999999978,Move,817,334
1035158.0999999978,Move,816,337
1035174.5999999978,Move,816,340
1035191.3000000007,Move,815,342
1035208.1999999993,Move,815,345
1035224.8000000007,Move,813,347
1035241.5999999978,Move,812,350
1035258.6999999993,Move,811,352
1035275.5999999978,Move,809,354
1035292.5,Move,806,359
1035308.3999999985,Move,804,361
1035325.3000000007,Move,802,363
1035342,Move,800,365
1035358.5999999978,Move,798,367
1035375.3999999985,Move,795,368
1035391.8000000007,Move,793,370
1035408.5999999978,Move,790,372
1035425.6999999993,Move,787,373
1035442.3000000007,Move,785,374
1035458.5999999978,Move,782,376
1035474.8000000007,Move,779,377
1035491.5,Move,776,378
1035508.5,Move,773,379
1035525,Move,769,380
1035541.8999999985,Move,763,380
1035557.8999999985,Move,759,381
1035574.5999999978,Move,756,382
1035590.8000000007,Move,753,382
1035607.6999999993,Move,750,383
1035624.5999999978,Move,746,383
1035641.1999999993,Move,743,383
1035658.0999999978,Move,739,383
1035674.8999999985,Move,736,383
1035691.5999999978,Move,732,383
1035708.3000000007,Move,729,384
1035725,Move,725,384
1035741.5,Move,722,383
1035758.3000000007,Move,718,382
1035775,Move,715,381
1035791.6999999993,Move,711,381
1035808.5999999978,Move,704,379
1035824.6999999993,Move,700,378
1035841.5999999978,Move,697,377
1035858.1999999993,Move,693,376
1035875,Move,690,374
1035891.3999999985,Move,687,372
1035909.1999999993,Move,681,369
1035925.5999999978,Move,678,367
1035941.8999999985,Move,676,365
1035958.8999999985,Move,673,363
1035975.6999999993,Move,671,360
1035992.1999999993,Move,668,358
1036009.0999999978,Move,665,357
1036025.6999999993,Move,662,355
1036042.5999999978,Move,660,353
1036058.5999999978,Move,658,350
1036075.3999999985,Move,656,348
1036091.5999999978,Move,655,345
1036108.5999999978,Move,653,343
1036125.3999999985,Move,652,340
1036141.8999999985,Move,651,338
1036159.0999999978,Move,649,336
1036175.3000000007,Move,647,330
1036191.6999999993,Move,647,328
1036208.1999999993,Move,647,325
1036225,Move,646,323
1036241.5999999978,Move,645,320
1036258.5999999978,Move,645,318
1036275.3000000007,Move,644,315
1036291.8000000007,Move,644,313
1036308.5,Move,644,310
1036325.1999999993,Move,645,308
1036341.8000000007,Move,645,306
1036358.5,Move,646,303
1036375.0999999978,Move,647,301
1036392.0999999978,Move,647,296
1036408.3999999985,Move,649,294
1036425.1999999993,Move,650,292
1036441.8000000007,Move,651,290
1036458.5,Move,652,287
1036475.3999999985,Move,655,286
1036491.8000000007,Move,656,284
1036508.6999999993,Move,657,281
1036525.3000000007,Move,659,280
1036542.5999999978,Move,663,276
1036558.1999999993,Move,665,274
1036575.0999999978,Move,667,272
1036591.8000000007,Move,670,271
1036608.3000000007,Move,673,270
1036624.8999999985,Move,676,269
1036641.8999999985,Move,679,268
1036658.3000000007,Move,681,266
1036675,Move,684,265
1036691.8000000007,Move,687,264
1036708.3999999985,Move,690,263
1036725.3000000007,Move,693,262
1036741.8000000007,Move,697,262
1036758.5999999978,Move,700,262
1036775.1999999993,Move,703,262
1036791.8999999985,Move,707,262
1036808.5,Move,710,262
1036825.1999999993,Move,714,261
1036841.8000000007,Move,721,262
1036858.3999999985,Move,724,262
1036875,Move,727,263
1036908.8999999985,Move,734,264
1036925.8999999985,Move,738,265
1036942.1999999993,Move,741,266
1036958.6999999993,Move,744,267
1036975.3999999985,Move,747,268
1036992.0999999978,Move,751,269
1037009,Move,754,270
1037025.5,Move,757,271
1037042.1999999993,Move,761,273
1037058.5,Move,763,274
1037075.6999999993,Move,767,275
1037092.0999999978,Move,770,277
1037108.5,Move,773,279
1037125.0999999978,Move,775,281
1037141.8000000007,Move,778,282
1037158.5999999978,Move,782,286
1037175,Move,785,288
1037189.0999999978,Released,785,288
1037225.3999999985,Released,748,547
