resolution:1536,864
1637551.8999999985,Pressed,623,340
1637560.8999999985,Move,621,336
1637615.0999999978,Move,620,332
1637624.0999999978,Move,620,332
1637640.5,Move,620,332
1637673.1999999993,Move,617,327
1637739.6999999993,Move,617,322
1637790.8999999985,Move,615,318
1637806.8000000007,Move,615,318
1637857.0999999978,Move,614,314
1637941.0999999978,Move,613,309
1637991.3000000007,Move,611,305
1638074.6999999993,Move,609,300
1638125,Move,608,296
1638191.1999999993,Move,607,291
1638273,Move,608,287
1638323.6999999993,Move,609,283
1638390.8000000007,Move,611,279
1638474.6999999993,Move,611,275
1638524.1999999993,Move,611,271
1638591.0999999978,Move,612,266
1638641.0999999978,Move,614,263
1638691.0999999978,Move,615,259
1638774.6999999993,Move,617,256
1638824.3999999985,Move,618,252
1638891.0999999978,Move,620,248
1638974.5999999978,Move,622,245
1639024.3999999985,Move,625,242
1639091.1999999993,Move,626,238
1639174.6999999993,Move,628,235
1639224.5999999978,Move,631,232
1639308,Move,634,230
1639357.5,Move,637,227
1639441.1999999993,Move,641,225
1639491.3000000007,Move,645,223
1639574.3999999985,Move,649,222
1639624.5999999978,Move,653,221
1639708.0999999978,Move,657,219
1639758,Move,661,217
1639841.3000000007,Move,665,217
1639891.8000000007,Move,669,215
1639974.5,Move,674,215
1640024.8999999985,Move,679,214
1640108,Move,683,214
1640158.0999999978,Move,687,214
1640241.3000000007,Move,693,214
1640291.3000000007,Move,697,214
1640374.5999999978,Move,702,213
1640424.5,Move,706,213
1640508.3000000007,Move,711,215
1640558,Move,717,216
1640641.5,Move,721,217
1640691.1999999993,Move,726,219
1640758.5,Move,731,220
1640808,Move,736,221
1640891.3999999985,Move,741,223
1640941.0999999978,Move,746,225
1641024.8999999985,Move,751,226
1641074.6999999993,Move,756,228
1641157.8000000007,Move,761,231
1641208,Move,766,233
1641291.3999999985,Move,771,236
1641341.0999999978,Move,775,239
1641424.8999999985,Move,781,241
1641474.8000000007,Move,785,245
1641558.1999999993,Move,789,249
1641607.8999999985,Move,793,252
1641691.3999999985,Move,798,255
1641741.5999999978,Move,802,259
1641824.8000000007,Move,806,263
1641874.3999999985,Move,811,266
1641958.0999999978,Move,814,271
1642007.8999999985,Move,818,275
1642074.6999999993,Move,821,280
1642124.8999999985,Move,823,284
1642208.1999999993,Move,826,289
1642258.0999999978,Move,829,293
1642308,Move,833,298
1642391,Move,835,302
1642441.5999999978,Move,837,307
1642524.8999999985,Move,840,312
1642574.8000000007,Move,841,316
1642658.0999999978,Move,843,321
1642708,Move,844,326
1642791.0999999978,Move,845,330
1642841.3000000007,Move,846,335
1642924.8999999985,Move,846,340
1642991.5999999978,Move,847,344
1643058.0999999978,Move,847,349
1643107.8999999985,Move,847,353
1643174.8999999985,Move,846,357
1643224.8999999985,Move,846,362
1643308.3999999985,Move,845,366
1643357.8000000007,Move,844,370
1643408.0999999978,Move,843,374
1643491.5,Move,842,378
1643541.5999999978,Move,841,382
1643608.3999999985,Move,839,385
1643691.5,Move,837,389
1643741.5,Move,835,392
1643808.3999999985,Move,834,396
1643891.5,Move,833,400
1643941.5999999978,Move,830,403
1644008.3999999985,Move,827,406
1644058.5999999978,Move,823,408
1644107.8999999985,Move,820,410
1644158.0999999978,Move,816,412
1644241.5,Move,812,413
1644291.6999999993,Move,808,415
1644374.6999999993,Move,804,416
1644425,Move,801,418
1644508.5999999978,Move,797,420
1644558.3000000007,Move,793,421
1644608.3999999985,Move,789,422
1644691.3999999985,Move,785,423
1644741.8000000007,Move,781,424
1644808.3999999985,Move,777,425
1644891.3999999985,Move,773,425
1644941.5999999978,Move,768,425
1645008.5,Move,763,426
1645091.5999999978,Move,759,425
1645141.6999999993,Move,755,426
1645208.3000000007,Move,750,426
1645291.5999999978,Move,746,426
1645341.5999999978,Move,741,426
1645408.5,Move,736,425
1645491.6999999993,Move,731,423
1645541.3999999985,Move,727,422
1645608.3999999985,Move,722,421
1645674.8999999985,Move,717,419
1645725,Move,712,417
1645808.3999999985,Move,707,415
1645858.3999999985,Move,703,413
1645908.3999999985,Move,699,410
1645991.6999999993,Move,694,408
1646041.6999999993,Move,690,404
1646108.3000000007,Move,685,402
1646191.8000000007,Move,681,400
1646241.6999999993,Move,677,396
1646308.5,Move,672,394
1646391.5,Move,668,390
1646441.5999999978,Move,664,387
1646508.5999999978,Move,660,383
1646591.6999999993,Move,657,380
1646641.5999999978,Move,653,376
1646708.5,Move,649,372
1646791.5999999978,Move,647,368
1646841.5999999978,Move,643,364
1646908.1999999993,Move,640,360
1646975.3000000007,Move,637,356
1647025.1999999993,Move,633,353
1647108.3999999985,Move,631,348
1647157.5999999978,Move,627,344
1647208,Move,625,340
1647274.0999999978,Released,625,340
1647335.8999999985,Released,748,547
