resolution:1536,864
662622,Pressed,693,404
662631.3000000007,Move,708,406
662665.1999999993,Move,708,406
662681.6999999993,Move,708,406
662781.1999999993,Move,723,405
662849.3000000007,Move,723,405
662865.1999999993,Move,723,405
662949.0999999978,Move,739,400
663099.5999999978,Move,755,392
663265.3999999985,Move,769,380
663431.3999999985,Move,781,366
663582.6999999993,Move,792,350
663732.5999999978,Move,799,332
663899.5,Move,803,314
664054.6999999993,Move,803,296
664221.5999999978,Move,801,280
664371.5,Move,795,265
664538.1999999993,Move,785,253
664693.6999999993,Move,774,244
664860.3000000007,Move,760,238
665015.5999999978,Move,745,236
665182.0999999978,Move,729,237
665337.5,Move,713,243
665487.5,Move,698,252
665654.1999999993,Move,683,264
665809.3000000007,Move,671,278
665958.5999999978,Move,661,294
666126.1999999993,Move,654,312
666280.8000000007,Move,651,329
666448.0999999978,Move,651,347
666603.5,Move,654,363
666752.8000000007,Move,660,377
666919.8000000007,Move,668,389
667058.6999999993,Move,680,398
667208.6999999993,Move,693,404
667372.8000000007,Released,693,404
667433.3000000007,Released,748,547
