resolution:1536,864
87355.39999999851,Pressed,729,284
87363,Move,734,284
87379.80000000075,Move,739,286
87418.59999999776,Move,747,290
87429.59999999776,Move,751,293
87446.09999999776,Move,755,296
87463.19999999925,Move,759,300
87479.59999999776,Move,761,304
87496.19999999925,Move,763,308
87513.09999999776,Move,765,313
87529.69999999925,Move,767,322
87546.30000000075,Move,767,328
87563.30000000075,Move,766,332
87580.59999999776,Move,765,337
87596.69999999925,Move,762,341
87613.30000000075,Move,759,345
87630.39999999851,Move,756,349
87646.80000000075,Move,752,352
87663.30000000075,Move,748,355
87679.69999999925,Move,744,357
87696.59999999776,Move,739,359
87713.30000000075,Move,734,360
87730.80000000075,Move,729,360
87747.39999999851,Move,719,360
87763.80000000075,Move,714,359
87780.30000000075,Move,709,356
87797.09999999776,Move,705,354
87813.5,Move,701,351
87830.30000000075,Move,697,348
87846.59999999776,Move,694,344
87863.09999999776,Move,691,340
87879.89999999851,Move,690,335
87896.69999999925,Move,688,330
87913.69999999925,Move,687,326
87930,Move,687,321
87947,Move,687,316
87963.30000000075,Move,688,312
87979.89999999851,Move,690,308
87996.69999999925,Move,695,299
88013.19999999925,Move,698,296
88029.80000000075,Move,701,292
88046.5,Move,705,290
88063.09999999776,Move,709,287
88079.80000000075,Move,714,286
88096.5,Move,719,285
88113.09999999776,Move,724,284
88129.89999999851,Move,729,284
88136.89999999851,Released,729,284
88177.5,Released,748,547
