resolution:1536,864
30433.800000000745,Pressed,699,356
30442.39999999851,Move,705,360
30497.099999997765,Move,705,360
30508.699999999255,Move,705,360
30541.599999997765,Move,712,363
30625.800000000745,Move,719,364
30658.800000000745,Move,719,364
30675.300000000745,Move,719,364
30691.699999999255,Move,726,364
30741.599999997765,Move,734,361
30792,Move,741,357
30842.599999997765,Move,747,351
30892.300000000745,Move,753,344
30942.599999997765,Move,758,336
30975.89999999851,Move,761,327
31025.39999999851,Move,763,318
31059.300000000745,Move,763,309
31092.699999999255,Move,761,301
31125.39999999851,Move,758,294
31160.099999997765,Move,753,288
31192.699999999255,Move,747,283
31226.89999999851,Move,741,281
31243.199999999255,Move,734,279
31275.39999999851,Move,727,280
31308.39999999851,Move,719,282
31342.300000000745,Move,712,287
31375.800000000745,Move,705,293
31392.199999999255,Move,700,300
31425.5,Move,696,308
31458.800000000745,Move,693,317
31492.099999997765,Move,691,326
31525.5,Move,691,334
31542.099999997765,Move,693,342
31575.39999999851,Move,695,349
31609.099999997765,Move,700,356
31623.39999999851,Released,700,356
31661.5,Released,748,547
