resolution:1536,864
2682101.5,Pressed,578,332
2682110.3000000007,Move,575,321
2682147.5999999978,Move,575,321
2682160.3000000007,Move,575,321
2682260.5,Move,573,310
2682327.8000000007,Move,573,310
2682343.5999999978,Move,573,310
2682427.3999999985,Move,570,298
2682578.5,Move,571,287
2682728.0999999978,Move,572,276
2682895.0999999978,Move,574,266
2683061.3000000007,Move,576,256
2683211.3000000007,Move,579,246
2683361.3000000007,Move,584,237
2683528.3999999985,Move,588,228
2683683.6999999993,Move,593,219
2683833.6999999993,Move,601,212
2684000.3999999985,Move,608,204
2684155.5999999978,Move,616,198
2684322.3000000007,Move,625,192
2684477.8999999985,Move,635,189
2684627.6999999993,Move,645,184
2684794.5999999978,Move,655,180
2684949.5999999978,Move,667,179
2685116.3999999985,Move,679,179
2685271.0999999978,Move,690,178
2685438.1999999993,Move,702,179
2685593.6999999993,Move,714,182
2685760.3000000007,Move,726,185
2685915.5,Move,738,187
2686082.3000000007,Move,750,191
2686220.8999999985,Move,762,197
2686387.5,Move,773,202
2686542.8999999985,Move,785,208
2686709.5999999978,Move,795,215
2686864.6999999993,Move,805,224
2687031.5999999978,Move,815,231
2687186.5,Move,825,239
2687336.8999999985,Move,833,249
2687503.5999999978,Move,841,259
2687641.0999999978,Move,849,268
2687808.6999999993,Move,856,279
2687964,Move,863,290
2688130.6999999993,Move,868,300
2688286,Move,873,312
2688436,Move,875,323
2688602.8000000007,Move,877,334
2688774.6999999993,Move,880,345
2688924.6999999993,Move,882,356
2689074.8000000007,Move,882,367
2689241.5,Move,881,378
2689396.8999999985,Move,879,388
2689546.8999999985,Move,876,398
2689713.5999999978,Move,872,408
2689868.6999999993,Move,867,417
2690035.3999999985,Move,859,424
2690190.8000000007,Move,852,432
2690340.5,Move,843,437
2690507.3999999985,Move,835,444
2690679.3999999985,Move,827,450
2690829.3999999985,Move,817,454
2690979.3000000007,Move,808,459
2691146,Move,798,463
2691301.3999999985,Move,787,466
2691451.3999999985,Move,775,468
2691618.0999999978,Move,763,468
2691773.5,Move,751,467
2691939.6999999993,Move,739,466
2692094.6999999993,Move,727,464
2692244.1999999993,Move,714,462
2692412.1999999993,Move,701,459
2692583.8000000007,Move,689,454
2692734,Move,677,449
2692883.8000000007,Move,665,442
2693050.6999999993,Move,653,435
2693205.8999999985,Move,642,427
2693356.0999999978,Move,631,419
2693522.5999999978,Move,622,409
2693677.8999999985,Move,614,398
2693844.6999999993,Move,605,388
2693999.6999999993,Move,599,377
2694149.8999999985,Move,592,366
2694316.6999999993,Move,587,355
2694488.3999999985,Move,582,344
2694638.5999999978,Move,579,332
2694789.5999999978,Released,579,332
2694850.3999999985,Released,748,547
