resolution:1536,864
88207.69999999925,Pressed,708,290
88213.59999999776,Move,705,293
88258.09999999776,Move,705,293
88264.89999999851,Move,705,293
88279.59999999776,Move,705,293
88313.5,Move,701,297
88413.39999999851,Move,699,301
88430.19999999925,Move,699,301
88446.69999999925,Move,699,301
88513.09999999776,Move,697,306
88579.80000000075,Move,695,310
88680.89999999851,Move,693,315
88730.59999999776,Move,692,320
88797.30000000075,Move,692,325
88864.19999999925,Move,692,330
88896.89999999851,Move,693,335
88946.80000000075,Move,695,340
88980,Move,696,344
89013.39999999851,Move,699,347
89046.89999999851,Move,701,351
89079.89999999851,Move,704,354
89113.59999999776,Move,707,357
89130.69999999925,Move,711,358
89164.09999999776,Move,719,361
89180.69999999925,Move,724,361
89197,Move,728,361
89213.80000000075,Move,732,360
89230.5,Move,737,358
89247.09999999776,Move,741,356
89263.89999999851,Move,748,350
89280.39999999851,Move,751,346
89297.30000000075,Move,754,342
89313.89999999851,Move,756,338
89330.19999999925,Move,758,333
89347.19999999925,Move,759,328
89363.80000000075,Move,761,323
89380.5,Move,761,318
89396.80000000075,Move,761,314
89413.89999999851,Move,760,309
89430.39999999851,Move,759,304
89464.09999999776,Move,757,300
89497.09999999776,Move,755,296
89530.19999999925,Move,752,292
89580.69999999925,Move,749,290
89630.69999999925,Move,745,287
89681.09999999776,Move,741,284
89747.59999999776,Move,737,283
89797.59999999776,Move,733,283
89880.80000000075,Move,729,282
89964.39999999851,Move,725,283
90047.59999999776,Move,721,284
90147.59999999776,Move,717,286
90230.30000000075,Move,713,288
90346.80000000075,Move,709,291
90445,Released,709,291
90505,Released,748,547
