resolution:1536,864
676750.8999999985,Pressed,662,389
676757.6999999993,Move,674,400
676793.3000000007,Move,674,400
676810.3999999985,Move,674,400
676857.8999999985,Move,689,407
676941.6999999993,Move,706,410
676975.5,Move,706,410
676991.8000000007,Move,723,410
677058.3999999985,Move,741,405
677125.8000000007,Move,758,398
677159.1999999993,Move,774,386
677209.3000000007,Move,788,372
677242.3999999985,Move,799,356
677292.1999999993,Move,806,338
677326.1999999993,Move,810,319
677358.6999999993,Move,810,301
677392.5,Move,808,283
677425.5,Move,801,268
677457.8000000007,Move,791,255
677491.8999999985,Move,778,245
677525.0999999978,Move,763,238
677559,Move,747,234
677575.3999999985,Move,730,234
677609.0999999978,Move,712,239
677642.5,Move,695,247
677675.5,Move,680,259
677708.8999999985,Move,666,272
677741.8999999985,Move,656,289
677775.3000000007,Move,647,306
677808.5,Move,643,324
677825.5,Move,642,343
677858.8999999985,Move,646,360
677892.5,Move,653,375
677925.5999999978,Move,662,388
677950.8000000007,Released,662,388
677998.1999999993,Released,748,547
