resolution:1536,864
193715.19999999925,Pressed,759,330
193723.8999999985,Move,760,327
193762.19999999925,Move,760,327
193774.80000000075,Move,760,327
193907.8999999985,Move,761,325
193941.80000000075,Move,761,325
193957.09999999776,Move,761,325
194075.30000000075,Move,762,322
194254.3999999985,Move,763,319
194420.09999999776,Move,763,316
194588.19999999925,Move,764,314
194777.59999999776,Move,764,311
194955.80000000075,Move,764,308
195122.3999999985,Move,764,306
195294.5,Move,764,303
195461.30000000075,Move,764,300
195633.19999999925,Move,764,298
195799.69999999925,Move,764,296
195955,Move,763,293
196121.8999999985,Move,763,291
196260.3999999985,Move,761,289
196410.59999999776,Move,760,287
196560.5,Move,759,286
196693.80000000075,Move,757,284
196843.69999999925,Move,755,283
196977,Move,754,282
197110.3999999985,Move,752,280
197243.80000000075,Move,751,279
197360.5,Move,749,279
197477.30000000075,Move,747,278
197610.59999999776,Move,744,278
197709.69999999925,Move,742,278
197810.3999999985,Move,740,278
197910.5,Move,738,277
198010.3999999985,Move,735,277
198093.8999999985,Move,733,278
198177.19999999925,Move,731,279
198260.30000000075,Move,728,280
198310.59999999776,Move,726,281
198393.80000000075,Move,723,282
198443.80000000075,Move,721,283
198494,Move,719,285
198544,Move,717,287
198593.8999999985,Move,714,288
198627.3999999985,Move,712,290
198660.69999999925,Move,710,292
198676.8999999985,Move,708,294
198694,Move,706,296
198710.30000000075,Move,704,298
198727.3999999985,Move,702,301
198743.80000000075,Move,700,303
198760.59999999776,Move,698,306
198777.59999999776,Move,697,308
198793.8999999985,Move,695,311
198810.69999999925,Move,693,316
198827.3999999985,Move,691,319
198844,Move,691,322
198860.69999999925,Move,690,324
198877.59999999776,Move,690,327
198894.19999999925,Move,689,330
198911.19999999925,Move,689,335
198926.19999999925,Move,689,335
198943.80000000075,Move,689,338
198976.8999999985,Move,690,340
199010.5,Move,690,342
199043.69999999925,Move,691,344
199093.59999999776,Move,691,347
199143.80000000075,Move,692,349
199176.8999999985,Move,693,350
199260.59999999776,Move,694,352
199310.19999999925,Move,695,354
199393.8999999985,Move,696,356
199477.19999999925,Move,697,358
199560.5,Move,699,359
199644,Move,701,360
199727,Move,702,360
199843.80000000075,Move,704,362
199927.3999999985,Move,706,362
200043.69999999925,Move,708,363
200143.8999999985,Move,709,363
200260.59999999776,Move,712,363
200377.30000000075,Move,714,363
200510.59999999776,Move,716,363
200644.09999999776,Move,718,363
200777.30000000075,Move,720,362
200927.59999999776,Move,723,362
201077.3999999985,Move,725,361
201227.59999999776,Move,727,360
201377.3999999985,Move,729,359
201527.59999999776,Move,731,358
201694.09999999776,Move,734,357
201849.3999999985,Move,736,355
202016,Move,738,354
202171.19999999925,Move,740,352
202338.09999999776,Move,742,350
202510.19999999925,Move,744,348
202676.69999999925,Move,746,346
202848.59999999776,Move,748,344
203015,Move,750,342
203187.19999999925,Move,752,340
203360.3999999985,Move,753,337
203526.8999999985,Move,755,335
203715.3999999985,Move,756,332
203892.59999999776,Move,757,330
204070.30000000075,Released,757,330
204132.80000000075,Released,748,547
