resolution:1536,864
393293.30000000075,Pressed,739,350
393299.59999999776,Move,740,348
393353.5,Move,740,348
393365.69999999925,Move,740,348
393449.09999999776,Move,742,348
393516.59999999776,Move,742,348
393533.09999999776,Move,742,348
393583.09999999776,Move,743,346
393733.80000000075,Move,745,346
393867.5,Move,746,344
393999.09999999776,Move,748,343
394133.8999999985,Move,749,342
394267.3999999985,Move,750,340
394383.80000000075,Move,751,339
394500.30000000075,Move,753,337
394617.3999999985,Move,753,336
394733.59999999776,Move,755,334
394850.59999999776,Move,756,333
394967.3999999985,Move,757,332
395067.30000000075,Move,758,330
395167.3999999985,Move,758,328
395267.5,Move,759,327
395367.30000000075,Move,760,325
395467.30000000075,Move,760,324
395550.59999999776,Move,761,322
395633.8999999985,Move,761,321
395733.69999999925,Move,762,319
395817.19999999925,Move,762,318
395900.59999999776,Move,763,316
395984.19999999925,Move,763,314
396067.3999999985,Move,763,313
396150.5,Move,764,311
396200.69999999925,Move,764,310
396283.80000000075,Move,764,308
396333.80000000075,Move,764,307
396417.30000000075,Move,764,306
396467.30000000075,Move,764,304
396550.59999999776,Move,763,303
396600.80000000075,Move,763,302
396650.69999999925,Move,763,300
396700.5,Move,762,299
396750.5,Move,761,298
396800.8999999985,Move,761,297
396834.09999999776,Move,760,296
396884.19999999925,Move,759,295
396934.30000000075,Move,758,294
396967.5,Move,758,293
397000.59999999776,Move,757,292
397033.80000000075,Move,756,292
397067.5,Move,755,291
397100.80000000075,Move,755,290
397133.69999999925,Move,754,289
397167.5,Move,752,288
397200.59999999776,Move,751,288
397217,Move,750,287
397250.59999999776,Move,749,287
397283.80000000075,Move,747,287
397300.59999999776,Move,746,286
397317.19999999925,Move,745,286
397334,Move,743,286
397350.59999999776,Move,742,286
397367.3999999985,Move,741,286
397383.80000000075,Move,739,286
397400.59999999776,Move,738,287
397417.30000000075,Move,736,287
397433.8999999985,Move,735,287
397450.5,Move,733,288
397467.80000000075,Move,731,288
397483.59999999776,Move,729,288
397500.69999999925,Move,727,289
397517.19999999925,Move,726,290
397533.8999999985,Move,725,290
397550.59999999776,Move,723,291
397567.19999999925,Move,722,292
397583.8999999985,Move,720,293
397600.59999999776,Move,719,293
397617.3999999985,Move,717,294
397634,Move,716,296
397650.69999999925,Move,714,298
397667.5,Move,712,298
397684.09999999776,Move,711,300
397700.80000000075,Move,710,300
397717,Move,709,302
397734,Move,707,303
397750.69999999925,Move,706,304
397767.09999999776,Move,704,306
397783.09999999776,Move,703,308
397799.8999999985,Move,701,309
397816.5,Move,700,310
397833.5,Move,699,312
397850.30000000075,Move,699,313
397867.30000000075,Move,697,314
397884,Move,697,316
397900.8999999985,Move,696,317
397917.59999999776,Move,695,318
397933.8999999985,Move,695,320
397950.30000000075,Move,694,322
397967.09999999776,Move,694,323
397984.09999999776,Move,693,324
398000.69999999925,Move,693,326
398017.3999999985,Move,692,327
398033.8999999985,Move,692,329
398067.3999999985,Move,691,330
398084.19999999925,Move,692,332
398117.5,Move,691,333
398150.80000000075,Move,691,334
398183.8999999985,Move,691,336
398217.80000000075,Move,692,337
398250.8999999985,Move,692,338
398284.30000000075,Move,692,340
398300.69999999925,Move,692,341
398350.80000000075,Move,693,342
398400.80000000075,Move,693,343
398450.8999999985,Move,693,344
398500.59999999776,Move,693,346
398533.8999999985,Move,694,346
398584.19999999925,Move,695,347
398650.69999999925,Move,696,348
398683.69999999925,Move,696,349
398750.69999999925,Move,697,350
398834.19999999925,Move,698,351
398884.69999999925,Move,699,352
398967.3999999985,Move,700,352
399017.3999999985,Move,701,352
399100.8999999985,Move,702,353
399167.59999999776,Move,703,354
399250.8999999985,Move,704,354
399334.19999999925,Move,705,355
399417.5,Move,707,355
399500.8999999985,Move,707,356
399583.80000000075,Move,709,356
399667.5,Move,710,356
399750.69999999925,Move,711,356
399834,Move,713,356
399917.5,Move,714,356
400017.59999999776,Move,715,356
400117.59999999776,Move,717,356
400217.69999999925,Move,718,356
400317.69999999925,Move,719,356
400434.19999999925,Move,721,356
400551,Move,722,355
400667.59999999776,Move,724,355
400784.19999999925,Move,725,354
400900.8999999985,Move,727,354
401017.69999999925,Move,728,354
401151,Move,730,353
401284.3999999985,Move,731,352
401417.69999999925,Move,733,352
401551,Move,734,351
401701,Move,735,350
401834.19999999925,Move,737,349
401984.3999999985,Move,738,348
402132,Released,738,348
402199.8999999985,Released,748,547
