resolution:1536,864
2029667,Pressed,699,189
2029675.0999999978,Move,729,186
2029690.6999999993,Move,743,188
2029724.8999999985,Move,772,199
2029740,Move,785,207
2029756.5999999978,Move,798,216
2029773.8000000007,Move,809,228
2029790.3999999985,Move,818,242
2029806.6999999993,Move,825,256
2029823.5999999978,Move,832,271
2029839.8999999985,Move,838,286
2029856.6999999993,Move,842,303
2029873.8000000007,Move,843,319
2029891.1999999993,Move,840,352
2029907,Move,835,368
2029924.0999999978,Move,831,383
2029941,Move,824,398
2029957.0999999978,Move,814,410
2029974.0999999978,Move,804,422
2029990.3000000007,Move,792,431
2030007.1999999993,Move,780,439
2030023.5,Move,767,446
2030040.3999999985,Move,753,451
2030057,Move,739,452
2030073.8000000007,Move,724,452
2030090.5,Move,710,450
2030107,Move,696,446
2030124,Move,683,440
2030140.6999999993,Move,657,424
2030156.8000000007,Move,645,414
2030173.6999999993,Move,635,402
2030190.5,Move,626,388
2030206.8999999985,Move,618,374
2030223.8999999985,Move,613,358
2030240.6999999993,Move,610,341
2030257.1999999993,Move,607,324
2030274,Move,607,307
2030290.3000000007,Move,610,290
2030307.6999999993,Move,614,274
2030324.1999999993,Move,621,259
2030339.8999999985,Move,627,244
2030356.5,Move,636,231
2030373.8999999985,Move,647,219
2030390.5,Move,658,208
2030407.1999999993,Move,685,193
2030423.6999999993,Move,699,190
2030437.3000000007,Released,699,190
2030461.5,Released,748,547
