resolution:1536,864
2051579.8000000007,Pressed,810,270
2051584.3999999985,Move,816,277
2051648.1999999993,Move,816,277
2051664.1999999993,Move,816,277
2051781.0999999978,Move,822,284
2051815.3000000007,Move,822,284
2051830.8999999985,Move,822,284
2051966.1999999993,Move,827,292
2052161.8999999985,Move,832,300
2052344.5,Move,835,308
2052530.5,Move,839,316
2052714.8000000007,Move,842,324
2052893.6999999993,Move,844,332
2053076.5999999978,Move,845,340
2053248.8000000007,Move,844,348
2053415.5999999978,Move,844,356
2053587.3999999985,Move,844,364
2053754.3999999985,Move,841,371
2053926.3000000007,Move,838,377
2054076.1999999993,Move,835,384
2054225.5999999978,Move,830,389
2054376.3000000007,Move,826,395
2054493,Move,821,400
2054626.3000000007,Move,815,405
2054742.8999999985,Move,810,410
2054859.6999999993,Move,804,415
2054959.6999999993,Move,796,418
2055059.5999999978,Move,789,421
2055142.8000000007,Move,781,424
2055242.8999999985,Move,773,426
2055326.3999999985,Move,765,428
2055409.5999999978,Move,756,428
2055492.8000000007,Move,746,426
2055542.6999999993,Move,737,425
2055592.8999999985,Move,727,422
2055643,Move,718,419
2055659.6999999993,Move,709,417
2055692.8999999985,Move,699,414
2055726.0999999978,Move,690,410
2055743.0999999978,Move,681,406
2055759.5999999978,Move,672,401
2055776,Move,664,394
2055792.8999999985,Move,657,388
2055809.6999999993,Move,649,381
2055826.3999999985,Move,636,367
2055842.8999999985,Move,630,359
2055859.6999999993,Move,625,352
2055876.6999999993,Move,620,344
2055893.3000000007,Move,617,336
2055910.3999999985,Move,611,319
2055925.3000000007,Move,611,319
2055942.6999999993,Move,609,311
2055976.3000000007,Move,609,303
2056009.8000000007,Move,609,296
2056059.5999999978,Move,609,288
2056109.5,Move,610,280
2056193,Move,613,274
2056242.8999999985,Move,615,266
2056309.1999999993,Move,617,259
2056393,Move,621,253
2056476.3000000007,Move,625,247
2056559.3000000007,Move,630,242
2056659.6999999993,Move,637,238
2056759.6999999993,Move,643,234
2056876.5,Move,650,230
2056992.8999999985,Move,658,228
2057126.5,Move,666,226
2057259.8000000007,Move,673,224
2057393.0999999978,Move,681,222
2057543.1999999993,Move,690,222
2057693.3000000007,Move,699,222
2057843,Move,708,223
2058009.5999999978,Move,717,225
2058182.0999999978,Move,726,227
2058348.3999999985,Move,735,230
2058536.8999999985,Move,743,233
2058711.5,Move,752,236
2058894,Move,760,240
2059078.3999999985,Move,768,245
2059263.6999999993,Move,776,250
2059448,Move,784,254
2059633.3999999985,Move,792,260
2059833.8999999985,Move,799,266
2060034.3999999985,Move,805,273
2060228,Released,805,273
2060289.1999999993,Released,748,547
