resolution:1536,864
1953958,Pressed,729,436
1953965.3999999985,Move,685,420
1953998.8999999985,Move,627,343
1954015.8000000007,Move,633,253
1954033.3999999985,Move,662,223
1954048.5999999978,Move,702,209
1954065.3000000007,Move,746,215
1954082,Move,786,239
1954098.5999999978,Move,816,278
1954115.1999999993,Move,831,324
1954133.1999999993,Move,828,370
1954148.8999999985,Move,807,408
1954165.3999999985,Move,772,430
1954183.3999999985,Move,729,434
1954188.5999999978,Released,729,434
1954211.8000000007,Released,748,547
