resolution:1536,864
2850523.0999999978,Pressed,755,428
2850529,Move,770,421
2850545,Move,776,415
2850582.1999999993,Move,789,403
2850595.0999999978,Move,794,397
2850611.5999999978,Move,800,390
2850628.8000000007,Move,807,384
2850645,Move,812,378
2850661.5999999978,Move,816,370
2850678.3000000007,Move,821,362
2850694.8999999985,Move,825,355
2850711.8999999985,Move,829,347
2850728.5,Move,832,339
2850746.1999999993,Move,837,323
2850761.8999999985,Move,840,315
2850778.8999999985,Move,841,307
2850795,Move,842,299
2850811.8000000007,Move,843,291
2850828.3999999985,Move,844,283
2850845.3000000007,Move,843,276
2850862.1999999993,Move,843,268
2850878.5999999978,Move,841,261
2850895.3999999985,Move,839,254
2850912.5999999978,Move,837,248
2850929.0999999978,Move,834,242
2850946.0999999978,Move,827,231
2850963.1999999993,Move,820,219
2850979.0999999978,Move,816,214
2850995.5999999978,Move,811,210
2851012.3000000007,Move,806,206
2851029.0999999978,Move,800,204
2851045.6999999993,Move,795,200
2851062.5,Move,789,197
2851079.3999999985,Move,783,195
2851095.6999999993,Move,777,192
2851112.3000000007,Move,769,192
2851129,Move,763,191
2851145.6999999993,Move,755,191
2851162.3000000007,Move,748,192
2851179.3000000007,Move,741,194
2851196,Move,726,198
2851212,Move,718,200
2851228.6999999993,Move,711,202
2851244.8000000007,Move,703,205
2851261.5,Move,695,209
2851278.5999999978,Move,688,213
2851295.3000000007,Move,681,217
2851312.1999999993,Move,673,223
2851328.6999999993,Move,666,228
2851345.3000000007,Move,660,235
2851362,Move,654,242
2851378.5999999978,Move,648,249
2851395.5,Move,642,256
2851412.1999999993,Move,632,272
2851428.5,Move,627,279
2851445.0999999978,Move,622,287
2851462,Move,618,295
2851479.0999999978,Move,615,304
2851495.3999999985,Move,612,312
2851512.3000000007,Move,610,320
2851529.1999999993,Move,609,329
2851545.8000000007,Move,608,337
2851562.3999999985,Move,607,345
2851579.1999999993,Move,605,354
2851595.8999999985,Move,606,362
2851612.5,Move,606,369
2851629.0999999978,Move,607,377
2851646.0999999978,Move,608,384
2851662.8000000007,Move,611,399
2851679,Move,613,406
2851695.8000000007,Move,615,413
2851712.1999999993,Move,619,419
2851729.0999999978,Move,624,424
2851745.6999999993,Move,629,428
2851762.3000000007,Move,634,433
2851779.1999999993,Move,638,438
2851796,Move,649,445
2851812.1999999993,Move,655,448
2851829.0999999978,Move,662,451
2851845.8999999985,Move,668,453
2851862.3999999985,Move,675,455
2851879.0999999978,Move,682,456
2851895.8999999985,Move,689,456
2851912.5999999978,Move,697,455
2851929.6999999993,Move,712,453
2851945.6999999993,Move,719,450
2851962.1999999993,Move,727,448
2851979.0999999978,Move,735,446
2851995.8999999985,Move,743,443
2852012.5,Move,750,438
2852029.3000000007,Move,757,435
2852038,Released,757,435
2852083.3999999985,Released,748,547
