resolution:1536,864
2751293.8000000007,Pressed,590,384
2751302.6999999993,Move,603,398
2751336.1999999993,Move,610,404
2751352.8999999985,Move,626,416
2751370.0999999978,Move,635,420
2751386.5999999978,Move,644,425
2751403,Move,654,429
2751419.6999999993,Move,665,431
2751436.0999999978,Move,676,433
2751452.8000000007,Move,687,434
2751469.5999999978,Move,699,434
2751486.5,Move,711,434
2751503.0999999978,Move,722,434
2751520.5,Move,734,433
2751536.3999999985,Move,746,431
2751553.1999999993,Move,769,426
2751569.8000000007,Move,780,421
2751586.3000000007,Move,791,417
2751603.3000000007,Move,803,413
2751619.5999999978,Move,812,407
2751636.5,Move,823,401
2751653.6999999993,Move,831,394
2751669.8999999985,Move,840,387
2751686.5,Move,847,379
2751702.6999999993,Move,855,371
2751719.8000000007,Move,861,363
2751736.5999999978,Move,866,354
2751753,Move,870,345
2751770,Move,873,336
2751787,Move,877,318
2751803.1999999993,Move,877,309
2751819.8999999985,Move,877,300
2751836.5999999978,Move,877,292
2751852.6999999993,Move,876,283
2751869.8000000007,Move,873,274
2751886.5999999978,Move,869,266
2751903.3000000007,Move,863,259
2751919.5999999978,Move,857,252
2751936.8999999985,Move,851,245
2751953.3999999985,Move,843,239
2751970.1999999993,Move,835,234
2751987.0999999978,Move,826,229
2752004.3000000007,Move,817,224
2752020,Move,798,216
2752036.3999999985,Move,788,213
2752053.5,Move,776,212
2752070.1999999993,Move,765,211
2752086.8000000007,Move,753,211
2752104.3999999985,Move,731,210
2752120.8999999985,Move,719,212
2752137.3000000007,Move,707,215
2752153.8999999985,Move,696,217
2752170.6999999993,Move,685,221
2752187.5,Move,674,224
2752203.5999999978,Move,663,228
2752220.8000000007,Move,653,233
2752237.5,Move,643,239
2752254.3999999985,Move,634,245
2752270.6999999993,Move,625,252
2752287.5999999978,Move,618,260
2752304.3000000007,Move,610,267
2752321.1999999993,Move,603,274
2752337.8999999985,Move,592,291
2752354,Move,587,299
2752370.6999999993,Move,582,308
2752387.3000000007,Move,581,316
2752404.0999999978,Move,578,325
2752420.8000000007,Move,578,334
2752437.5,Move,578,343
2752454.3000000007,Move,579,351
2752470.8999999985,Move,581,360
2752487.6999999993,Move,583,368
2752504.0999999978,Move,587,376
2752520.8000000007,Move,590,384
2752524.5999999978,Released,590,384
2752568.5,Released,748,547
