resolution:1536,864
158791.3999999985,Pressed,747,293
158798.8999999985,Move,749,296
158850,Move,749,296
158863.59999999776,Move,749,296
158946.3999999985,Move,751,298
159030.5,Move,751,298
159046.8999999985,Move,751,298
159080.59999999776,Move,754,300
159230.8999999985,Move,756,303
159347.3999999985,Move,759,306
159479.69999999925,Move,760,309
159614.59999999776,Move,762,312
159731.30000000075,Move,764,315
159831.19999999925,Move,765,318
159931.09999999776,Move,766,321
160031.09999999776,Move,767,324
160131.19999999925,Move,767,327
160213.80000000075,Move,768,330
160297.80000000075,Move,768,334
160381.09999999776,Move,767,336
160447.09999999776,Move,767,339
160497,Move,766,342
160581.19999999925,Move,765,345
160631.09999999776,Move,763,347
160681.30000000075,Move,762,350
160714.5,Move,761,352
160764.3999999985,Move,759,354
160814.59999999776,Move,757,356
160847.8999999985,Move,754,358
160881.09999999776,Move,752,359
160914.59999999776,Move,749,360
160931.09999999776,Move,746,361
160964.19999999925,Move,743,362
160981.09999999776,Move,740,362
160997.5,Move,737,362
161014.3999999985,Move,734,361
161031.09999999776,Move,731,361
161047.80000000075,Move,727,361
161064.3999999985,Move,724,360
161081.09999999776,Move,721,359
161097.80000000075,Move,718,358
161114.30000000075,Move,715,356
161131.19999999925,Move,712,355
161148.09999999776,Move,703,348
161163.8999999985,Move,701,346
161181.09999999776,Move,699,343
161197.69999999925,Move,697,340
161214.3999999985,Move,695,338
161231,Move,693,335
161247.80000000075,Move,691,332
161264.3999999985,Move,690,329
161281.19999999925,Move,689,326
161297.80000000075,Move,687,323
161314.3999999985,Move,687,320
161331.09999999776,Move,687,317
161347.80000000075,Move,687,314
161381.30000000075,Move,687,310
161414.5,Move,686,308
161448.3999999985,Move,687,305
161464.19999999925,Move,688,302
161497.5,Move,689,299
161530.19999999925,Move,690,297
161581,Move,691,294
161630.5,Move,692,292
161681,Move,694,289
161764.5,Move,696,288
161814.59999999776,Move,699,286
161881.30000000075,Move,701,285
161964.59999999776,Move,704,284
162048,Move,707,283
162131.30000000075,Move,710,283
162214.5,Move,713,283
162298,Move,716,282
162398,Move,719,283
162498,Move,722,283
162598,Move,725,284
162714.19999999925,Move,728,284
162830.69999999925,Move,731,286
162947.8999999985,Move,735,287
163098,Move,737,288
163231.3999999985,Move,741,290
163381.3999999985,Move,743,292
163547.3999999985,Move,746,294
163693.19999999925,Released,746,294
163756.5,Released,748,547
