resolution:1536,864
1808880.5999999978,Pressed,632,345
1808889.0999999978,Move,633,348
1808955.8999999985,Move,633,348
1808972.5999999978,Move,633,348
1808989.5999999978,Move,633,350
1809106.5,Move,635,352
1809206.0999999978,Move,635,355
1809340,Move,636,357
1809441.5,Move,637,360
1809556.0999999978,Move,637,362
1809673.3000000007,Move,637,365
1809790,Move,638,367
1809905.8000000007,Move,639,370
1810040.1999999993,Move,640,372
1810156.5999999978,Move,642,374
1810256.5999999978,Move,643,376
1810373.3000000007,Move,643,379
1810490.0999999978,Move,645,381
1810606.8000000007,Move,646,383
1810740.3000000007,Move,647,385
1810857,Move,649,387
1810973.5,Move,651,388
1811073.3999999985,Move,653,390
1811173.5999999978,Move,654,392
1811290.0999999978,Move,656,394
1811390.1999999993,Move,657,396
1811506.8000000007,Move,659,398
1811640.0999999978,Move,661,399
1811756.6999999993,Move,662,402
1811856.5999999978,Move,664,403
1811956.8999999985,Move,665,405
1812057.0999999978,Move,667,407
1812157,Move,669,408
1812257,Move,671,409
1812356.8999999985,Move,673,411
1812456.8999999985,Move,675,412
1812556.6999999993,Move,677,414
1812656.8999999985,Move,680,414
1812757.1999999993,Move,682,416
1812856.8999999985,Move,684,416
1812957,Move,686,417
1813057,Move,688,419
1813156.3999999985,Move,691,420
1813257,Move,693,420
1813356.8999999985,Move,695,421
1813457.0999999978,Move,697,422
1813556.6999999993,Move,700,423
1813657,Move,702,423
1813757,Move,705,423
1813857.0999999978,Move,707,422
1813956.8000000007,Move,710,422
1814057,Move,712,423
1814157.0999999978,Move,714,423
1814256.8999999985,Move,717,423
1814357,Move,719,422
1814456.8999999985,Move,721,422
1814556.8000000007,Move,724,421
1814657.0999999978,Move,726,421
1814756.8999999985,Move,729,421
1814856.8999999985,Move,731,420
1814957.0999999978,Move,733,421
1815056.6999999993,Move,735,420
1815156.8999999985,Move,738,418
1815240.0999999978,Move,740,418
1815323.8000000007,Move,742,416
1815423.3999999985,Move,744,416
1815507.1999999993,Move,747,415
1815589.5999999978,Move,749,414
1815673.8000000007,Move,751,414
1815757.0999999978,Move,753,413
1815840.3000000007,Move,755,412
1815923.8000000007,Move,757,410
1816007,Move,759,409
1816090.3000000007,Move,761,408
1816173.8000000007,Move,763,406
1816256.8999999985,Move,765,405
1816340.5,Move,767,404
1816423.8999999985,Move,769,404
1816507.1999999993,Move,771,402
1816556.8000000007,Move,773,401
1816640.6999999993,Move,775,400
1816690.5999999978,Move,777,398
1816773.5999999978,Move,778,396
1816823.8999999985,Move,780,394
1816907.0999999978,Move,781,392
1816956.8000000007,Move,783,390
1817023.6999999993,Move,784,388
1817073.6999999993,Move,786,388
1817157.3999999985,Move,788,386
1817207.0999999978,Move,790,384
1817257.3000000007,Move,792,383
1817307.3000000007,Move,794,382
1817357.0999999978,Move,796,380
1817407.3999999985,Move,797,378
1817456.5999999978,Move,799,376
1817490.3999999985,Move,800,374
1817540.5,Move,801,372
1817590,Move,802,370
1817623.3999999985,Move,804,368
1817656.3999999985,Move,805,366
1817690.8000000007,Move,807,364
1817707.3000000007,Move,808,362
1817740.6999999993,Move,809,360
1817773.8999999985,Move,810,357
1817806.8999999985,Move,811,355
1817840.5,Move,813,353
1817873.8999999985,Move,813,350
1817907.1999999993,Move,813,348
1817923.8000000007,Move,813,345
1817940.3000000007,Move,813,343
1817957.0999999978,Move,813,340
1817973.8999999985,Move,814,338
1817990.5999999978,Move,814,336
1818007.3999999985,Move,815,334
1818023.8000000007,Move,815,331
1818040.5,Move,815,328
1818057.1999999993,Move,815,326
1818073.8999999985,Move,815,324
1818090.6999999993,Move,816,321
1818107.6999999993,Move,817,319
1818124.3000000007,Move,816,316
1818141.3999999985,Move,817,312
1818156.8999999985,Move,816,309
1818173.6999999993,Move,815,307
1818190.6999999993,Move,816,304
1818207.0999999978,Move,816,302
1818223.8000000007,Move,815,297
1818240.5999999978,Move,815,295
1818257.3000000007,Move,814,292
1818273.8999999985,Move,813,290
1818290.6999999993,Move,811,288
1818307.0999999978,Move,811,286
1818323.8999999985,Move,810,284
1818340.5999999978,Move,809,282
1818357.5999999978,Move,809,280
1818374.5999999978,Move,807,278
1818390.6999999993,Move,806,276
1818408,Move,805,271
1818423.8000000007,Move,804,268
1818440.3000000007,Move,803,266
1818456.8999999985,Move,802,264
1818474.0999999978,Move,801,262
1818490.3000000007,Move,800,260
1818507.3999999985,Move,798,258
1818523.6999999993,Move,796,257
1818540.5,Move,795,255
1818574.3000000007,Move,794,253
1818606.3999999985,Move,792,251
1818640,Move,791,250
1818656.3000000007,Move,788,249
1818690.5,Move,787,247
1818724,Move,785,246
1818757.3000000007,Move,782,245
1818790.5,Move,781,244
1818824.1999999993,Move,779,242
1818857.0999999978,Move,777,241
1818890.3999999985,Move,775,240
1818940.3999999985,Move,773,240
1818990.5999999978,Move,771,238
1819040.5,Move,769,237
1819090.6999999993,Move,767,237
1819140.5999999978,Move,765,236
1819190.6999999993,Move,763,235
1819240.6999999993,Move,761,234
1819290.5999999978,Move,759,232
1819340.3999999985,Move,757,231
1819423.6999999993,Move,755,230
1819473.6999999993,Move,753,229
1819557.3999999985,Move,751,228
1819640.5,Move,749,228
1819707,Move,747,227
1819757.0999999978,Move,745,227
1819840.5,Move,742,227
1819907.1999999993,Move,740,226
1819957.1999999993,Move,738,225
1820040.6999999993,Move,736,226
1820107.3000000007,Move,733,226
1820173.8000000007,Move,731,225
1820257.3999999985,Move,729,226
1820340.5999999978,Move,727,225
1820424,Move,724,224
1820507,Move,722,224
1820590.5999999978,Move,720,223
1820674,Move,717,223
1820740.8000000007,Move,715,223
1820824,Move,713,225
1820924.0999999978,Move,710,225
1821007.1999999993,Move,708,226
1821090.5999999978,Move,706,228
1821174,Move,704,228
1821274,Move,702,229
1821373.8999999985,Move,700,230
1821474.1999999993,Move,697,232
1821574,Move,695,233
1821673.8999999985,Move,694,235
1821774.1999999993,Move,692,236
1821874.1999999993,Move,690,237
1821974.1999999993,Move,688,238
1822074.1999999993,Move,686,240
1822173.5,Move,684,240
1822274.0999999978,Move,681,241
1822374,Move,680,243
1822473.8000000007,Move,678,245
1822590.6999999993,Move,677,247
1822690.3999999985,Move,675,248
1822790.8000000007,Move,674,250
1822890.8000000007,Move,672,252
1822990.5,Move,670,253
1823090.5999999978,Move,668,254
1823190.8000000007,Move,667,256
1823290.8000000007,Move,665,258
1823389.8000000007,Move,663,259
1823490.6999999993,Move,661,261
1823590.8999999985,Move,659,262
1823691,Move,659,265
1823790.8999999985,Move,657,266
1823890.8999999985,Move,655,268
1823990.8999999985,Move,654,270
1824090.8999999985,Move,652,272
1824190.8999999985,Move,651,274
1824291,Move,649,276
1824391.0999999978,Move,648,278
1824490.8999999985,Move,647,280
1824590.8999999985,Move,646,282
1824690.0999999978,Move,644,284
1824807.5999999978,Move,643,286
1824907.6999999993,Move,643,289
1825024.1999999993,Move,641,291
1825141,Move,640,293
1825240.8999999985,Move,640,296
1825374.5,Move,640,298
1825490.8999999985,Move,639,301
1825607.8999999985,Move,639,303
1825707.6999999993,Move,638,305
1825824.3000000007,Move,637,308
1825941.0999999978,Move,636,310
1826074.5,Move,635,312
1826191.0999999978,Move,635,315
1826307.8999999985,Move,634,317
1826407.8000000007,Move,633,320
1826524.3000000007,Move,633,322
1826640.8999999985,Move,633,325
1826774.3999999985,Move,634,327
1826890.0999999978,Move,634,330
1827007.8000000007,Move,633,332
1827107.6999999993,Move,633,335
1827224.3000000007,Move,633,337
1827341.1999999993,Move,634,340
1827441.0999999978,Move,634,342
1827557.5,Move,634,345
1827669.5999999978,Released,634,345
1827729.8999999985,Released,748,547
