resolution:1536,864
3138457.3000000007,Pressed,603,334
3138465.8999999985,Move,603,336
3138516.1999999993,Move,602,339
3138532.3999999985,Move,602,339
3138565.8999999985,Move,601,342
3138599.1999999993,Move,600,345
3138632.3999999985,Move,600,347
3138666.1999999993,Move,600,350
3138683.1999999993,Move,600,350
3138699.8999999985,Move,600,352
3138732.8999999985,Move,601,355
3138749.0999999978,Move,599,358
3138782.6999999993,Move,600,360
3138816.5999999978,Move,602,362
3138850.5,Move,602,364
3138866.8000000007,Move,603,367
3138883.8000000007,Move,603,369
3138900.5999999978,Move,603,372
3138917.0999999978,Move,605,373
3138934.5,Move,606,376
3138951.0999999978,Move,608,380
3138966.5999999978,Move,609,382
3138983.3999999985,Move,609,384
3138999.5,Move,611,386
3139016.8000000007,Move,613,388
3139033.5,Move,613,390
3139049.3999999985,Move,615,392
3139066.1999999993,Move,617,393
3139083.3999999985,Move,619,394
3139099.8000000007,Move,619,397
3139116.5999999978,Move,620,399
3139133.3999999985,Move,621,400
3139150.0999999978,Move,624,402
3139167.3999999985,Move,625,404
3139184.0999999978,Move,626,406
3139201.5,Move,628,407
3139218.3999999985,Move,631,411
3139234,Move,633,412
3139250.8000000007,Move,635,414
3139267.1999999993,Move,637,414
3139284.1999999993,Move,639,415
3139300.0999999978,Move,642,416
3139317.3000000007,Move,643,418
3139334.1999999993,Move,646,419
3139350.1999999993,Move,647,421
3139366.8000000007,Move,650,422
3139383.5999999978,Move,652,423
3139399.8999999985,Move,654,424
3139417.0999999978,Move,657,425
3139434.1999999993,Move,662,426
3139450.5,Move,664,428
3139467.0999999978,Move,667,429
3139483.8999999985,Move,669,430
3139500.5,Move,671,431
3139517.1999999993,Move,674,432
3139533.5999999978,Move,677,432
3139550.1999999993,Move,680,433
3139566.3000000007,Move,683,432
3139583.0999999978,Move,686,433
3139599.8000000007,Move,689,434
3139616.8000000007,Move,692,433
3139633.0999999978,Move,695,434
3139650.3999999985,Move,698,434
3139667.1999999993,Move,705,435
3139683,Move,708,434
3139699.8999999985,Move,711,433
3139716.5999999978,Move,715,432
3139732.8999999985,Move,718,432
3139749.6999999993,Move,721,430
3139766,Move,725,430
3139783.3000000007,Move,728,428
3139800,Move,731,428
3139816.3000000007,Move,735,427
3139832.6999999993,Move,738,425
3139850,Move,741,424
3139866.3000000007,Move,745,422
3139883.1999999993,Move,748,421
3139900.3000000007,Move,751,420
3139916.8999999985,Move,758,417
3139932.6999999993,Move,761,416
3139949.5,Move,764,413
3139966.5,Move,767,411
3139983,Move,771,410
3140000,Move,774,408
3140016.6999999993,Move,776,406
3140033.1999999993,Move,780,404
3140049.8000000007,Move,782,402
3140066.5999999978,Move,785,400
3140083.3000000007,Move,789,398
3140099.6999999993,Move,791,396
3140116.5,Move,794,394
3140133.0999999978,Move,797,391
3140150.3999999985,Move,802,387
3140166.5999999978,Move,805,385
3140182.8999999985,Move,809,383
3140199.8999999985,Move,812,381
3140216.5999999978,Move,813,378
3140233.1999999993,Move,816,375
3140249.6999999993,Move,818,373
3140266.5999999978,Move,820,370
3140283.5,Move,823,368
3140300.0999999978,Move,825,365
3140316.6999999993,Move,826,362
3140333.1999999993,Move,828,359
3140350,Move,831,356
3140366.5,Move,832,354
3140383.0999999978,Move,833,351
3140400.0999999978,Move,837,346
3140416.5,Move,839,343
3140433.1999999993,Move,840,340
3140449.5,Move,842,337
3140467.0999999978,Move,844,334
3140483.8000000007,Move,845,332
3140500.3999999985,Move,847,329
3140517.3000000007,Move,849,326
3140533.6999999993,Move,851,323
3140550.1999999993,Move,853,320
3140566.3000000007,Move,854,318
3140583.3000000007,Move,856,315
3140600,Move,856,312
3140617,Move,857,309
3140633.3000000007,Move,859,306
3140650.3000000007,Move,859,300
3140666.6999999993,Move,859,298
3140683.1999999993,Move,859,295
3140700,Move,859,292
3140716.6999999993,Move,859,290
3140733.3000000007,Move,858,287
3140750.0999999978,Move,858,285
3140767,Move,859,282
3140783.3999999985,Move,858,279
3140800.0999999978,Move,857,277
3140816.5999999978,Move,857,274
3140833.1999999993,Move,857,272
3140850.3000000007,Move,858,269
3140866.8999999985,Move,857,266
3140883.8000000007,Move,855,264
3140900.6999999993,Move,853,260
3140916.3999999985,Move,851,258
3140933.1999999993,Move,850,256
3140950,Move,848,254
3140966.6999999993,Move,846,253
3140983.5,Move,844,251
3140999.8000000007,Move,844,248
3141016.6999999993,Move,841,247
3141033.3000000007,Move,840,246
3141049.8999999985,Move,839,244
3141066.5999999978,Move,837,242
3141083.8999999985,Move,833,238
3141100.1999999993,Move,832,236
3141116.5999999978,Move,831,234
3141133.5,Move,830,232
3141149.8000000007,Move,828,231
3141166.8000000007,Move,826,229
3141183.3000000007,Move,825,227
3141200.0999999978,Move,823,226
3141216.8000000007,Move,820,224
3141233.5999999978,Move,819,222
3141250.1999999993,Move,817,220
3141266.8999999985,Move,815,219
3141283.6999999993,Move,813,218
3141300.1999999993,Move,810,217
3141316.8000000007,Move,807,216
3141333.8000000007,Move,802,215
3141350.0999999978,Move,798,215
3141366.8000000007,Move,795,215
3141383.5,Move,792,215
3141400.1999999993,Move,789,215
3141416.8000000007,Move,787,214
3141433.3999999985,Move,784,213
3141449.8999999985,Move,781,214
3141466.8999999985,Move,777,214
3141483.5999999978,Move,775,214
3141500.0999999978,Move,771,215
3141516.5999999978,Move,769,214
3141533.8000000007,Move,765,214
3141550.0999999978,Move,763,214
3141567,Move,756,215
3141583.3000000007,Move,753,215
3141599.8999999985,Move,750,216
3141616.8000000007,Move,747,216
3141633.5999999978,Move,744,218
3141650.0999999978,Move,741,218
3141667,Move,737,218
3141683.5,Move,735,218
3141700.1999999993,Move,731,220
3141716.6999999993,Move,728,220
3141733.1999999993,Move,725,222
3141750.1999999993,Move,722,222
3141767,Move,719,223
3141783.1999999993,Move,715,224
3141799.6999999993,Move,712,226
3141816.8999999985,Move,706,229
3141833.0999999978,Move,703,230
3141850,Move,700,231
3141866.5,Move,697,232
3141883,Move,693,233
3141899.8000000007,Move,691,235
3141916.3000000007,Move,688,237
3141933.0999999978,Move,685,239
3141950.1999999993,Move,682,241
3141966.3999999985,Move,679,242
3141983,Move,676,244
3141999.1999999993,Move,673,246
3142016.0999999978,Move,670,248
3142032.6999999993,Move,668,250
3142049.8999999985,Move,661,253
3142065.8999999985,Move,658,254
3142082.5999999978,Move,655,257
3142099.1999999993,Move,653,259
3142115.8000000007,Move,651,262
3142132.8000000007,Move,647,263
3142149.1999999993,Move,645,266
3142165.8999999985,Move,642,268
3142182.6999999993,Move,640,270
3142199.3999999985,Move,637,273
3142215.8000000007,Move,636,276
3142232.5999999978,Move,633,278
3142249.3999999985,Move,631,280
3142266.3000000007,Move,629,283
3142282.8999999985,Move,626,285
3142299.8999999985,Move,624,288
3142316.3999999985,Move,621,293
3142333.0999999978,Move,619,296
3142349.8999999985,Move,618,298
3142366.5999999978,Move,615,301
3142383.0999999978,Move,613,304
3142399.3999999985,Move,611,306
3142415.8999999985,Move,610,309
3142433.0999999978,Move,609,312
3142450,Move,607,315
3142466.5,Move,605,318
3142483,Move,604,320
3142499.3000000007,Move,603,323
3142516.8999999985,Move,603,326
3142534.3000000007,Move,601,331
3142549.3999999985,Move,601,334
3142563.0999999978,Released,601,334
3142620,Released,748,547
