resolution:1536,864
2343793.3999999985,Pressed,628,309
2343804,Move,625,318
2343820.3000000007,Move,623,323
2343837.0999999978,Move,623,328
2343870.3999999985,Move,621,338
2343887.0999999978,Move,620,342
2343904.3000000007,Move,619,347
2343920.3999999985,Move,619,352
2343937.3000000007,Move,620,356
2343953.8000000007,Move,619,361
2343970.5,Move,619,366
2343987.1999999993,Move,618,370
2344006.0999999978,Move,619,375
2344021,Move,620,379
2344037.3999999985,Move,621,383
2344053.8000000007,Move,625,390
2344070.8000000007,Move,626,394
2344087.3999999985,Move,627,398
2344104.0999999978,Move,629,402
2344120.5,Move,632,405
2344137.8000000007,Move,635,407
2344154.0999999978,Move,637,410
2344170.8999999985,Move,640,413
2344187.5,Move,642,416
2344204.0999999978,Move,645,419
2344220.6999999993,Move,648,422
2344237.6999999993,Move,651,424
2344254.0999999978,Move,654,426
2344270.8999999985,Move,657,430
2344287.5999999978,Move,661,430
2344304.3999999985,Move,668,434
2344320.5999999978,Move,671,436
2344337.3000000007,Move,675,436
2344354.3999999985,Move,679,437
2344370.6999999993,Move,684,436
2344387.3000000007,Move,688,438
2344403.6999999993,Move,692,438
2344420.8000000007,Move,696,439
2344437.5,Move,701,438
2344454.0999999978,Move,705,438
2344470.8999999985,Move,710,438
2344486.8999999985,Move,715,436
2344503.5,Move,719,435
2344520.8000000007,Move,724,435
2344537.1999999993,Move,728,434
2344554.1999999993,Move,733,432
2344571.8000000007,Move,738,430
2344588.6999999993,Move,747,426
2344604.8000000007,Move,751,422
2344621.5999999978,Move,755,420
2344638,Move,760,417
2344654.5999999978,Move,764,414
2344671.5,Move,768,410
2344688.1999999993,Move,772,406
2344705.0999999978,Move,776,403
2344721.6999999993,Move,780,400
2344738.1999999993,Move,784,396
2344755.0999999978,Move,787,391
2344771.8000000007,Move,791,387
2344788.3999999985,Move,793,383
2344805,Move,797,379
2344821.6999999993,Move,800,375
2344838.3999999985,Move,803,371
2344855.3999999985,Move,810,362
2344871.1999999993,Move,813,358
2344888.1999999993,Move,815,353
2344905,Move,818,349
2344921.5,Move,820,344
2344938.3999999985,Move,822,339
2344954.8000000007,Move,823,335
2344971.5,Move,825,330
2344988.0999999978,Move,826,325
2345005.1999999993,Move,827,320
2345021.6999999993,Move,828,316
2345038.1999999993,Move,829,311
2345054.6999999993,Move,830,306
2345071.3000000007,Move,831,302
2345088.3000000007,Move,832,297
2345105.3999999985,Move,831,293
2345122.3000000007,Move,833,283
2345138,Move,832,279
2345154.8000000007,Move,831,275
2345171.5,Move,831,270
2345188.1999999993,Move,829,267
2345204.8999999985,Move,827,263
2345221.5999999978,Move,827,259
2345238.3999999985,Move,825,256
2345254.8000000007,Move,823,252
2345271.5,Move,821,248
2345288.3000000007,Move,819,245
2345305.0999999978,Move,818,241
2345321.3999999985,Move,816,238
2345338.1999999993,Move,815,234
2345354.8000000007,Move,812,232
2345371.5,Move,806,227
2345388.3000000007,Move,802,226
2345405,Move,799,223
2345421.5999999978,Move,797,220
2345438.3000000007,Move,793,219
2345454.8000000007,Move,790,217
2345471.6999999993,Move,787,215
2345488.3000000007,Move,783,213
2345504.8000000007,Move,780,211
2345521.5,Move,776,210
2345538.5,Move,772,210
2345555,Move,768,210
2345571.8999999985,Move,764,209
2345588.5999999978,Move,759,209
2345605.0999999978,Move,755,208
2345622.1999999993,Move,747,210
2345638.3000000007,Move,742,211
2345654.6999999993,Move,738,212
2345671.5999999978,Move,733,214
2345688.3000000007,Move,729,216
2345704.8999999985,Move,725,216
2345721.8000000007,Move,720,218
2345738.3999999985,Move,716,220
2345755.0999999978,Move,712,223
2345771.6999999993,Move,707,225
2345788.3999999985,Move,703,228
2345805.3999999985,Move,699,231
2345822.3999999985,Move,691,236
2345838.3000000007,Move,687,238
2345855.0999999978,Move,683,241
2345872.3999999985,Move,675,247
2345888.0999999978,Move,671,250
2345905,Move,667,254
2345921.5999999978,Move,663,257
2345938.3000000007,Move,660,261
2345955.3000000007,Move,656,265
2345971.8000000007,Move,653,269
2345988.5,Move,650,273
2346005,Move,648,278
2346021.8000000007,Move,645,282
2346038.5999999978,Move,642,286
2346055.0999999978,Move,640,291
2346071.8000000007,Move,637,296
2346088.8999999985,Move,636,300
2346105.3000000007,Move,634,305
2346121.8000000007,Move,632,309
2346123.5999999978,Released,632,309
2346156.8000000007,Released,748,547
