resolution:1536,864
402230.59999999776,Pressed,750,350
402233.5,Move,753,348
402252.5,Move,754,347
402266.3999999985,Move,756,346
402303.3999999985,Move,759,344
402316.3999999985,Move,760,343
402333.09999999776,Move,761,342
402350,Move,763,341
402366.30000000075,Move,763,340
402383.19999999925,Move,765,339
402399.59999999776,Move,766,338
402416.3999999985,Move,768,335
402432.8999999985,Move,768,334
402450,Move,769,332
402467.59999999776,Move,769,331
402484,Move,769,330
402500.19999999925,Move,770,328
402517,Move,771,327
402533.59999999776,Move,771,326
402550.5,Move,771,324
402567,Move,771,323
402583.5,Move,771,322
402600,Move,771,320
402616.69999999925,Move,771,319
402633.5,Move,771,318
402650.09999999776,Move,771,316
402666.59999999776,Move,770,315
402683.69999999925,Move,769,312
402699.8999999985,Move,769,311
402716.59999999776,Move,768,310
402733.3999999985,Move,767,309
402750.09999999776,Move,767,308
402766.80000000075,Move,766,306
402783.09999999776,Move,765,305
402800.30000000075,Move,764,304
402816.5,Move,763,303
402834.19999999925,Move,762,302
402851,Move,761,300
402867.80000000075,Move,760,299
402884.09999999776,Move,759,298
402900,Move,757,297
402916.80000000075,Move,756,296
402932.8999999985,Move,754,296
402950,Move,753,295
402966.59999999776,Move,750,294
402983.80000000075,Move,748,293
403000,Move,746,293
403017.59999999776,Move,745,292
403034.3999999985,Move,743,292
403051,Move,741,291
403067.69999999925,Move,739,291
403084.19999999925,Move,738,291
403101,Move,736,290
403117.69999999925,Move,734,290
403134.5,Move,732,290
403150.80000000075,Move,731,290
403167.69999999925,Move,729,290
403184.19999999925,Move,727,290
403201,Move,725,290
403217.80000000075,Move,723,290
403234.19999999925,Move,721,290
403250.3999999985,Move,719,290
403267.5,Move,715,290
403283.69999999925,Move,714,291
403300.3999999985,Move,712,291
403317,Move,710,292
403333.8999999985,Move,709,292
403350.3999999985,Move,707,293
403367.09999999776,Move,705,294
403383.59999999776,Move,703,294
403400.59999999776,Move,702,295
403417.09999999776,Move,700,296
403433.5,Move,699,296
403450.5,Move,697,298
403467.19999999925,Move,696,298
403483.69999999925,Move,694,299
403500.5,Move,693,300
403517.19999999925,Move,692,301
403534.3999999985,Move,689,304
403550.59999999776,Move,689,305
403567,Move,688,306
403584.3999999985,Move,686,308
403600.5,Move,685,310
403616.8999999985,Move,684,311
403633.59999999776,Move,683,312
403650.5,Move,683,314
403667.19999999925,Move,683,315
403683.8999999985,Move,683,316
403700.5,Move,682,318
403717.09999999776,Move,682,319
403733.80000000075,Move,681,320
403750.5,Move,681,322
403767.30000000075,Move,681,323
403783.80000000075,Move,681,324
403800.19999999925,Move,681,326
403817.19999999925,Move,682,327
403833.8999999985,Move,682,329
403850.69999999925,Move,683,331
403867.19999999925,Move,683,333
403883.8999999985,Move,684,334
403900.3999999985,Move,684,335
403917.19999999925,Move,685,336
403934.30000000075,Move,686,338
403950.8999999985,Move,688,340
403967.19999999925,Move,689,341
403983.59999999776,Move,690,342
404000.59999999776,Move,691,344
404017.19999999925,Move,692,345
404033.80000000075,Move,693,346
404050.69999999925,Move,695,347
404067.09999999776,Move,696,348
404084.19999999925,Move,699,350
404100.30000000075,Move,700,351
404117,Move,702,352
404133.69999999925,Move,703,352
404150.3999999985,Move,705,352
404166.8999999985,Move,707,353
404183.80000000075,Move,709,353
404201,Move,713,354
404217.19999999925,Move,715,354
404233.69999999925,Move,717,354
404250.19999999925,Move,719,354
404267.19999999925,Move,721,354
404284.5,Move,724,354
404300.5,Move,726,354
404317.09999999776,Move,728,354
404333.59999999776,Move,730,354
404350.5,Move,732,354
404367.19999999925,Move,734,354
404383.59999999776,Move,735,354
404400.59999999776,Move,737,354
404417.09999999776,Move,739,353
404433.69999999925,Move,741,352
404450.69999999925,Move,743,352
404467.19999999925,Move,745,352
404483.80000000075,Move,747,351
404500.80000000075,Move,750,350
404515.59999999776,Released,750,350
404556.8999999985,Released,748,547
