resolution:1536,864
811754.0999999978,Pressed,794,306
811760.0999999978,Move,797,317
811793.8999999985,Move,799,328
811810.5999999978,Move,799,334
811826.8000000007,Move,798,340
811843.8999999985,Move,798,345
811860.1999999993,Move,796,351
811876.8999999985,Move,795,356
811893.3000000007,Move,793,362
811910.3999999985,Move,790,367
811926.8000000007,Move,787,372
811943.5999999978,Move,779,380
811960.3999999985,Move,775,383
811978.0999999978,Move,770,387
811994.3999999985,Move,765,389
812010.3999999985,Move,760,391
812027.3999999985,Move,755,394
812043.8999999985,Move,749,396
812060.3999999985,Move,743,397
812076.8999999985,Move,737,397
812093.8999999985,Move,732,397
812110.5999999978,Move,726,397
812127.0999999978,Move,720,397
812143.8999999985,Move,714,396
812160.3999999985,Move,708,395
812177.0999999978,Move,702,393
812194.3000000007,Move,691,387
812211,Move,686,384
812227.5,Move,681,380
812244,Move,676,376
812261,Move,672,372
812278.8000000007,Move,665,361
812294.5999999978,Move,662,356
812311.0999999978,Move,660,350
812327.5999999978,Move,658,344
812344,Move,656,339
812360.8999999985,Move,655,333
812377.5,Move,653,327
812394.8999999985,Move,653,315
812410.6999999993,Move,653,310
812427.8000000007,Move,653,304
812444.3000000007,Move,655,298
812460.6999999993,Move,655,292
812477.8999999985,Move,658,287
812494,Move,660,282
812510.6999999993,Move,663,277
812527.5,Move,666,272
812543.8000000007,Move,670,268
812560.6999999993,Move,674,264
812577.0999999978,Move,678,260
812593.8999999985,Move,683,258
812610.5999999978,Move,688,255
812627.3000000007,Move,693,253
812644.8000000007,Move,699,252
812661.1999999993,Move,710,249
812677.5,Move,715,248
812694.1999999993,Move,721,248
812711.1999999993,Move,727,248
812727.8999999985,Move,733,248
812744.0999999978,Move,738,250
812760.8999999985,Move,744,252
812777.8000000007,Move,749,254
812795.0999999978,Move,760,260
812811,Move,765,263
812827.5999999978,Move,769,267
812844.3000000007,Move,773,271
812861.6999999993,Move,780,280
812877.5999999978,Move,784,285
812894.3000000007,Move,786,290
812910.8999999985,Move,789,296
812927.8000000007,Move,791,300
812944.3000000007,Move,793,306
812945.5,Released,793,306
812988.0999999978,Released,748,547
