resolution:1536,864
2156393.0999999978,Pressed,659,262
2156395.8999999985,Move,654,268
2156440.0999999978,Move,654,268
2156448.8999999985,Move,654,268
2156463,Move,654,268
2156562.3999999985,Move,649,274
2156613.3000000007,Move,649,274
2156629.6999999993,Move,649,274
2156730.8000000007,Move,645,282
2156897.3999999985,Move,641,288
2157084.3999999985,Move,637,296
2157252.8000000007,Move,634,304
2157419,Move,632,311
2157591.3000000007,Move,631,319
2157757.8000000007,Move,629,327
2157896.5,Move,626,334
2158046.6999999993,Move,625,342
2158213.3000000007,Move,625,350
2158351.8999999985,Move,624,358
2158501.8999999985,Move,624,365
2158651.8999999985,Move,625,372
2158785.5,Move,626,379
2158918.8000000007,Move,628,386
2159052,Move,630,392
2159168.5999999978,Move,632,398
2159285.3000000007,Move,635,404
2159402.1999999993,Move,638,410
2159518.6999999993,Move,641,415
2159618.5,Move,645,420
2159718.6999999993,Move,648,425
2159818.8000000007,Move,652,430
2159918.5999999978,Move,657,433
2160001.8000000007,Move,662,436
2160085.3000000007,Move,667,439
2160169,Move,671,443
2160252,Move,677,445
2160302.3999999985,Move,682,448
2160385.3000000007,Move,689,448
2160435.0999999978,Move,695,449
2160485.1999999993,Move,701,449
2160535.5,Move,707,450
2160585.3999999985,Move,713,449
2160635.1999999993,Move,720,447
2160668.5,Move,727,444
2160702.3999999985,Move,733,442
2160718.6999999993,Move,740,440
2160751.8000000007,Move,747,437
2160768.5999999978,Move,753,432
2160785.1999999993,Move,759,427
2160801.8999999985,Move,765,421
2160818.8000000007,Move,771,415
2160835.1999999993,Move,777,410
2160852.1999999993,Move,782,404
2160868.6999999993,Move,787,398
2160885.1999999993,Move,792,391
2160902.1999999993,Move,802,378
2160918.6999999993,Move,807,371
2160935.0999999978,Move,811,364
2160952,Move,818,348
2160968.3000000007,Move,821,341
2160985,Move,824,333
2161001.8000000007,Move,825,325
2161018.6999999993,Move,827,317
2161035.0999999978,Move,829,309
2161069.0999999978,Move,830,301
2161101.8999999985,Move,831,293
2161135.0999999978,Move,831,285
2161168.5,Move,830,278
2161218.6999999993,Move,829,270
2161252.0999999978,Move,829,263
2161302,Move,828,256
2161352.1999999993,Move,825,250
2161435.3000000007,Move,822,244
2161485.5,Move,819,238
2161568.6999999993,Move,817,232
2161652.3000000007,Move,812,228
2161735.3999999985,Move,809,222
2161818.5999999978,Move,806,217
2161902.1999999993,Move,801,214
2162002.0999999978,Move,796,211
2162102,Move,791,208
2162202.0999999978,Move,785,206
2162302.1999999993,Move,780,204
2162419.0999999978,Move,775,202
2162535.3999999985,Move,769,200
2162652.1999999993,Move,763,200
2162802.0999999978,Move,757,199
2162935.8999999985,Move,751,200
2163068.5999999978,Move,745,200
2163201.1999999993,Move,739,200
2163352.3000000007,Move,732,202
2163502.3000000007,Move,726,205
2163652.3000000007,Move,720,207
2163802.3999999985,Move,713,210
2163952.0999999978,Move,707,214
2164102.3000000007,Move,701,218
2164269.1999999993,Move,695,222
2164440.8999999985,Move,689,226
2164607.1999999993,Move,683,230
2164762.6999999993,Move,678,236
2164937.3999999985,Move,672,242
2165103.8000000007,Move,667,248
2165292.5,Move,663,254
2165459.1999999993,Move,658,261
2165617,Released,658,261
2165680.8000000007,Released,748,547
