resolution:1536,864
1335834.3999999985,Pressed,801,381
1335843.1999999993,Move,822,339
1335859.8000000007,Move,827,316
1335893.1999999993,Move,821,272
1335909.8000000007,Move,813,253
1335926.8999999985,Move,801,237
1335943.1999999993,Move,785,224
1335959.6999999993,Move,766,216
1335976.3000000007,Move,746,211
1335993,Move,725,212
1336009.6999999993,Move,703,218
1336026.5999999978,Move,683,228
1336043.0999999978,Move,664,242
1336061.0999999978,Move,636,282
1336077.3999999985,Move,629,304
1336093.5,Move,624,328
1336109.8000000007,Move,623,351
1336126.8999999985,Move,627,373
1336143.3999999985,Move,637,393
1336159.8999999985,Move,651,409
1336176.8000000007,Move,667,422
1336193.3999999985,Move,685,431
1336210.1999999993,Move,706,435
1336226.6999999993,Move,728,433
1336243.5,Move,749,426
1336260,Move,770,416
1336276.6999999993,Move,789,402
1336293.1999999993,Move,804,383
1336294.3999999985,Released,804,383
1336318.1999999993,Released,748,547
