resolution:1536,864
2677215.3999999985,Pressed,632,402
2677226.5999999978,Move,649,420
2677276.8999999985,Move,681,439
2677294.1999999993,Move,693,442
2677310.3999999985,Move,706,442
2677326.6999999993,Move,720,440
2677343.3000000007,Move,733,436
2677360,Move,760,424
2677376.5,Move,773,416
2677394.0999999978,Move,785,406
2677410.3999999985,Move,796,394
2677427,Move,805,380
2677445.1999999993,Move,814,367
2677460.3999999985,Move,821,353
2677477.1999999993,Move,827,338
2677493.8000000007,Move,832,323
2677510.3000000007,Move,834,308
2677527.0999999978,Move,835,293
2677544,Move,835,279
2677560.3999999985,Move,831,265
2677577.0999999978,Move,828,252
2677593.6999999993,Move,823,240
2677610.3999999985,Move,815,229
2677627.0999999978,Move,807,219
2677643.6999999993,Move,797,212
2677660.8999999985,Move,773,202
2677676.8000000007,Move,760,200
2677693.8000000007,Move,747,200
2677710.1999999993,Move,733,200
2677726.8000000007,Move,719,204
2677743.5999999978,Move,705,209
2677760.5,Move,691,216
2677777.3000000007,Move,678,225
2677793.8000000007,Move,665,235
2677810,Move,655,248
2677826.8999999985,Move,645,261
2677843.6999999993,Move,636,275
2677860.1999999993,Move,628,290
2677877.0999999978,Move,622,305
2677893.8999999985,Move,619,320
2677909.8999999985,Move,616,336
2677926.5999999978,Move,614,351
2677943.8000000007,Move,617,381
2677960,Move,621,394
2677977,Move,628,406
2677989.3999999985,Released,628,406
2678050.0999999978,Released,748,547
