resolution:1536,864
2673232,Pressed,624,355
2673243,Move,621,337
2673279,Move,619,300
2673294.1999999993,Move,620,281
2673309.6999999993,Move,623,263
2673327.1999999993,Move,627,246
2673343.0999999978,Move,634,230
2673359.6999999993,Move,641,214
2673376.3999999985,Move,651,202
2673393.1999999993,Move,661,190
2673409.8000000007,Move,674,183
2673426.6999999993,Move,699,172
2673443.3000000007,Move,713,171
2673460.8999999985,Move,727,170
2673476.8000000007,Move,741,172
2673493.6999999993,Move,755,178
2673510.0999999978,Move,768,184
2673527,Move,780,195
2673543.5,Move,792,206
2673559.6999999993,Move,803,220
2673576.6999999993,Move,812,235
2673593.3999999985,Move,821,252
2673609.8999999985,Move,827,269
2673626.6999999993,Move,832,288
2673643.3999999985,Move,837,306
2673660.3000000007,Move,839,326
2673677.1999999993,Move,837,364
2673693.1999999993,Move,833,382
2673710.0999999978,Move,828,400
2673726.8000000007,Move,822,416
2673743.3999999985,Move,813,431
2673760.1999999993,Move,803,444
2673777.0999999978,Move,793,456
2673793.0999999978,Move,781,466
2673810.8999999985,Move,768,474
2673827.3000000007,Move,754,478
2673843.6999999993,Move,740,478
2673860.3000000007,Move,726,476
2673877,Move,712,474
2673893.6999999993,Move,698,467
2673910.3000000007,Move,684,460
2673926.8999999985,Move,660,438
2673942.8999999985,Move,649,424
2673959.5,Move,640,409
2673976.8000000007,Move,631,393
2673993.5,Move,625,375
2674009.8000000007,Move,619,356
2674020.5999999978,Released,619,356
2674043.8000000007,Released,748,547
