resolution:1536,864
2642661.3999999985,Pressed,634,405
2642665.5999999978,Move,621,395
2642722,Move,621,395
2642747,Move,621,395
2642880.3999999985,Move,621,395
2642896.8999999985,Move,621,395
2642913.8000000007,Move,609,384
2643171.5,Move,601,371
2643420.8000000007,Move,593,358
2643656.0999999978,Move,587,345
2643872,Move,585,330
2644087.8000000007,Move,585,316
2644288.5999999978,Move,585,302
2644474,Move,590,288
2644640.5999999978,Move,596,275
2644796.1999999993,Move,603,262
2644929.3999999985,Move,613,250
2645062.8000000007,Move,624,239
2645179.3999999985,Move,638,230
2645279.3000000007,Move,653,222
2645362.8999999985,Move,669,216
2645446,Move,686,211
2645512.5999999978,Move,703,208
2645545.8999999985,Move,721,207
2645596,Move,739,207
2645629.8000000007,Move,774,214
2645646,Move,791,220
2645662.8000000007,Move,806,229
2645679.3000000007,Move,833,248
2645696.1999999993,Move,844,259
2645712.5999999978,Move,854,272
2645729.3999999985,Move,861,285
2645746,Move,868,298
2645779.8999999985,Move,871,313
2645812.3999999985,Move,871,328
2645862.5999999978,Move,869,342
2645946.1999999993,Move,866,356
2646013,Move,859,370
2646095.8000000007,Move,850,382
2646179.3999999985,Move,839,393
2646296,Move,828,404
2646429.3999999985,Move,815,414
2646579.5,Move,801,423
2646746.0999999978,Move,785,429
2646918.1999999993,Move,767,433
2647097.5,Move,750,436
2647297.5,Move,732,438
2647513.5,Move,713,436
2647730.1999999993,Move,696,433
2647967.0999999978,Move,678,430
2648215.1999999993,Move,662,423
2648469,Move,646,416
2648732.3000000007,Move,633,406
2648994.8000000007,Released,633,406
2649056.8999999985,Released,748,547
