resolution:1536,864
2009339.1999999993,Pressed,817,274
2009345.6999999993,Move,823,290
2009397.8000000007,Move,823,290
2009412,Move,823,290
2009562.5999999978,Move,823,290
2009578.8000000007,Move,823,290
2009613,Move,827,305
2009881.3999999985,Move,831,321
2010131.3000000007,Move,833,336
2010366,Move,833,352
2010583,Move,833,367
2010783.5,Move,830,381
2010983.8999999985,Move,826,395
2011168.6999999993,Move,820,408
2011335.3000000007,Move,812,418
2011490.8999999985,Move,803,426
2011624,Move,792,434
2011740.8000000007,Move,781,440
2011840.5,Move,769,443
2011923.8000000007,Move,756,446
2012007.3999999985,Move,743,447
2012089.6999999993,Move,730,445
2012139.6999999993,Move,716,441
2012173.5999999978,Move,703,435
2012207,Move,690,428
2012240.6999999993,Move,678,418
2012257.0999999978,Move,666,408
2012273.8999999985,Move,656,395
2012290.3999999985,Move,647,382
2012307.0999999978,Move,631,354
2012323.8000000007,Move,625,338
2012340.5,Move,621,323
2012357.1999999993,Move,619,307
2012373.6999999993,Move,618,292
2012407.8999999985,Move,620,277
2012424,Move,622,262
2012473.8000000007,Move,628,250
2012557.1999999993,Move,635,238
2012607.3999999985,Move,643,228
2012707.5,Move,651,218
2012807.3999999985,Move,661,210
2012907.5,Move,672,204
2013024.1999999993,Move,684,200
2013157.3999999985,Move,696,197
2013307.3999999985,Move,710,197
2013474.1999999993,Move,723,198
2013662.8999999985,Move,737,202
2013860,Move,751,206
2014060.3000000007,Move,764,214
2014276.8999999985,Move,777,222
2014515,Move,789,233
2014763,Move,799,246
2015016.8000000007,Move,809,259
2015295.3000000007,Move,817,274
2015573.0999999978,Released,817,274
2015619,Released,748,547
