resolution:1536,864
738724,Pressed,681,360
738733.6999999993,Move,674,352
738784,Move,669,344
738800.1999999993,Move,669,344
738850.5,Move,664,335
738900.1999999993,Move,660,327
738934.0999999978,Move,657,318
738951.1999999993,Move,657,318
738984.3999999985,Move,655,310
739034.1999999993,Move,653,301
739067.5,Move,653,292
739102.1999999993,Move,655,285
739118.1999999993,Move,658,278
739150.6999999993,Move,661,271
739184.0999999978,Move,666,265
739217.8000000007,Move,672,261
739234.5,Move,679,258
739251,Move,686,254
739267.3000000007,Move,694,252
739284.8999999985,Move,702,251
739301.8000000007,Move,711,252
739317.6999999993,Move,721,254
739334.5,Move,730,256
739351.5,Move,739,259
739368.1999999993,Move,748,265
739384.8000000007,Move,757,270
739401,Move,765,276
739417.0999999978,Move,779,291
739433.8000000007,Move,785,300
739450.0999999978,Move,791,308
739467.3999999985,Move,795,317
739484.0999999978,Move,801,335
739501,Move,801,343
739517.3999999985,Move,801,352
739534.3000000007,Move,799,360
739551,Move,797,367
739567.5,Move,793,374
739584.3999999985,Move,788,380
739600.5999999978,Move,782,384
739634.6999999993,Move,775,388
739668.5,Move,768,392
739702.3000000007,Move,760,394
739718.0999999978,Move,751,394
739751.8000000007,Move,742,394
739785.0999999978,Move,733,393
739835,Move,723,390
739885.0999999978,Move,713,386
739934.6999999993,Move,704,381
739968.3999999985,Move,695,375
740035,Move,687,368
740118.5,Move,679,361
740164,Released,679,361
740195.8999999985,Released,748,547
