resolution:1536,864
1304721.0999999978,Pressed,656,251
1304726.8000000007,Move,693,233
1304761.8000000007,Move,693,233
1304776.3000000007,Move,735,230
1304825.6999999993,Move,777,242
1304859.5,Move,810,270
1304892.5,Move,829,306
1304926.3999999985,Move,830,345
1304943.5999999978,Move,813,380
1304959.0999999978,Move,813,380
1304976.1999999993,Move,781,406
1305009.8999999985,Move,739,417
1305043.0999999978,Move,695,412
1305059.5999999978,Move,656,391
1305092.8999999985,Move,631,358
1305109.6999999993,Move,621,318
1305126.1999999993,Move,629,280
1305142.5,Move,655,249
1305147.3999999985,Released,655,249
1305169.5999999978,Released,748,547
