resolution:1536,864
1039617.0999999978,Pressed,779,257
1039625.0999999978,Move,777,256
1039675.5,Move,777,256
1039691.5,Move,777,256
1039757.8000000007,Move,775,254
1039842,Move,775,254
1039858.5,Move,775,254
1039908.5,Move,773,252
1040042.5,Move,771,250
1040177.5,Move,769,248
1040309.5999999978,Move,767,247
1040441.8999999985,Move,764,247
1040559.5,Move,761,247
1040675.8999999985,Move,759,246
1040809.3999999985,Move,756,245
1040926.0999999978,Move,753,245
1041042.8000000007,Move,750,244
1041142.1999999993,Move,747,244
1041259.5,Move,744,244
1041359.3000000007,Move,741,244
1041459.3999999985,Move,739,244
1041559.5,Move,735,245
1041659.3999999985,Move,732,245
1041775.8999999985,Move,729,247
1041859.3999999985,Move,726,248
1041959.5,Move,723,249
1042042.8000000007,Move,720,250
1042126.0999999978,Move,717,251
1042192.8000000007,Move,714,252
1042276,Move,711,253
1042359.1999999993,Move,708,254
1042442.3000000007,Move,705,256
1042492.3999999985,Move,702,258
1042576.1999999993,Move,699,259
1042642.8999999985,Move,696,262
1042692.6999999993,Move,693,264
1042775.8999999985,Move,691,266
1042826.1999999993,Move,688,269
1042909.6999999993,Move,685,272
1042942.5,Move,683,274
1042993,Move,680,276
1043042.8000000007,Move,678,279
1043092.8999999985,Move,675,282
1043142.3000000007,Move,673,285
1043191.8999999985,Move,671,288
1043225.5,Move,669,290
1043276.1999999993,Move,667,294
1043309.5999999978,Move,665,297
1043343,Move,664,300
1043376.1999999993,Move,663,304
1043409.5,Move,661,307
1043442.8000000007,Move,660,310
1043459.0999999978,Move,659,313
1043492.6999999993,Move,658,316
1043525.8999999985,Move,657,320
1043559.3999999985,Move,657,323
1043592.5999999978,Move,655,330
1043609.0999999978,Move,655,333
1043626,Move,653,336
1043642.3999999985,Move,653,340
1043659.0999999978,Move,652,343
1043676,Move,652,346
1043692.5999999978,Move,653,349
1043709.0999999978,Move,653,352
1043725.8999999985,Move,653,355
1043742.8000000007,Move,653,358
1043759.3999999985,Move,655,361
1043776.1999999993,Move,655,364
1043792.3000000007,Move,656,367
1043809.5,Move,657,369
1043826.0999999978,Move,659,371
1043842.6999999993,Move,660,374
1043859.5999999978,Move,661,376
1043876.5,Move,664,381
1043892.3000000007,Move,666,383
1043909.1999999993,Move,668,385
1043926,Move,670,387
1043942.6999999993,Move,673,391
1043959.3000000007,Move,675,393
1043976.1999999993,Move,678,394
1043992.6999999993,Move,680,396
1044009.3000000007,Move,683,397
1044026.0999999978,Move,685,398
1044042.6999999993,Move,688,398
1044059.3999999985,Move,691,399
1044075.8000000007,Move,693,400
1044092.8000000007,Move,697,400
1044109.3999999985,Move,700,400
1044126.1999999993,Move,703,400
1044143,Move,709,400
1044159.3000000007,Move,711,399
1044176.1999999993,Move,715,398
1044192.6999999993,Move,717,398
1044209.3999999985,Move,721,398
1044226,Move,723,398
1044242.6999999993,Move,727,397
1044259.3000000007,Move,730,396
1044276.1999999993,Move,733,394
1044292.5999999978,Move,736,392
1044309.1999999993,Move,739,391
1044342.8999999985,Move,742,390
1044376.1999999993,Move,745,389
1044410,Move,748,387
1044426.1999999993,Move,751,386
1044459.1999999993,Move,754,384
1044492.8999999985,Move,757,382
1044526.0999999978,Move,759,380
1044559.3999999985,Move,763,378
1044592.3999999985,Move,765,375
1044626.5999999978,Move,767,372
1044659.3999999985,Move,770,370
1044709.5999999978,Move,773,367
1044742.8000000007,Move,775,364
1044792.8999999985,Move,777,361
1044843,Move,779,359
1044892.8999999985,Move,781,356
1044943.0999999978,Move,783,352
1044976.1999999993,Move,785,350
1045043,Move,787,346
1045109.5,Move,788,343
1045176,Move,789,340
1045226.1999999993,Move,791,337
1045309.6999999993,Move,792,334
1045393.0999999978,Move,794,330
1045442.8999999985,Move,794,327
1045526.1999999993,Move,795,324
1045609.6999999993,Move,796,320
1045692.8999999985,Move,797,317
1045776.1999999993,Move,798,314
1045859.5999999978,Move,799,311
1045942.8999999985,Move,799,308
1046026.3000000007,Move,798,305
1046126,Move,798,302
1046226.1999999993,Move,799,298
1046326.1999999993,Move,799,295
1046426.3999999985,Move,798,292
1046526.3000000007,Move,798,289
1046626.1999999993,Move,798,286
1046743.3000000007,Move,797,283
1046859.8000000007,Move,797,280
1046976.3999999985,Move,797,277
1047093.0999999978,Move,797,274
1047209.5999999978,Move,796,271
1047326.3000000007,Move,794,268
1047459.8000000007,Move,793,266
1047593.0999999978,Move,793,263
1047726.3999999985,Move,790,261
1047859.3999999985,Move,789,258
1047993.1999999993,Move,787,256
1048142.8000000007,Move,786,254
1048293.3999999985,Move,783,252
1048439.8000000007,Released,783,252
1048502.6999999993,Released,748,547
