resolution:1536,864
265917.19999999925,Pressed,765,338
265920.19999999925,Move,763,342
265933.19999999925,Move,762,344
265967.69999999925,Move,759,347
265982.8999999985,Move,757,349
265999.69999999925,Move,756,350
266016.69999999925,Move,754,352
266033,Move,753,353
266049.69999999925,Move,751,354
266066.3999999985,Move,749,355
266083,Move,747,356
266099.59999999776,Move,745,357
266116.5,Move,742,358
266133.80000000075,Move,740,358
266150.69999999925,Move,735,359
266166.69999999925,Move,733,359
266183.19999999925,Move,730,359
266200.19999999925,Move,728,359
266216.69999999925,Move,725,358
266233.09999999776,Move,723,358
266250.19999999925,Move,721,358
266266.69999999925,Move,718,356
266283.3999999985,Move,716,356
266300.19999999925,Move,713,354
266316.8999999985,Move,711,354
266333.8999999985,Move,709,352
266350.5,Move,707,351
266367.09999999776,Move,705,350
266383.69999999925,Move,703,348
266400.59999999776,Move,699,344
266416.8999999985,Move,697,342
266433.80000000075,Move,695,340
266451.69999999925,Move,693,336
266467.3999999985,Move,692,334
266483.3999999985,Move,691,332
266500.30000000075,Move,689,329
266516.8999999985,Move,689,327
266533.80000000075,Move,689,324
266550.59999999776,Move,688,322
266567.19999999925,Move,688,320
266583.59999999776,Move,687,318
266600.69999999925,Move,688,315
266616.8999999985,Move,688,313
266633.80000000075,Move,689,311
266650.3999999985,Move,689,309
266667.30000000075,Move,689,306
266683.5,Move,691,302
266700.09999999776,Move,692,300
266716.59999999776,Move,693,299
266733.3999999985,Move,695,297
266749.8999999985,Move,696,296
266767.09999999776,Move,697,294
266783.8999999985,Move,699,292
266800.59999999776,Move,701,291
266817.09999999776,Move,703,290
266833.8999999985,Move,705,289
266850.5,Move,707,288
266867.19999999925,Move,709,288
266884,Move,711,286
266900.19999999925,Move,713,286
266917,Move,715,285
266934.59999999776,Move,720,284
266950.30000000075,Move,723,285
266967,Move,725,285
266983.80000000075,Move,727,286
267000.69999999925,Move,730,286
267017.3999999985,Move,735,287
267033.80000000075,Move,737,288
267050.19999999925,Move,739,289
267067,Move,742,290
267083.69999999925,Move,744,291
267100.59999999776,Move,747,292
267117.5,Move,751,295
267133.8999999985,Move,753,297
267150.30000000075,Move,755,299
267166.80000000075,Move,756,301
267183.8999999985,Move,757,303
267200.5,Move,759,305
267217.30000000075,Move,760,308
267233.80000000075,Move,761,310
267250.5,Move,763,312
267267,Move,763,314
267283.69999999925,Move,764,317
267300.5,Move,764,319
267317.19999999925,Move,765,321
267334.09999999776,Move,765,324
267350.5,Move,765,326
267367.3999999985,Move,765,328
267384.30000000075,Move,764,333
267400.30000000075,Move,764,335
267417.30000000075,Move,763,337
267430.8999999985,Released,763,337
267476.09999999776,Released,748,547
