resolution:1536,864
2312065.3999999985,Pressed,662,457
2312074.3999999985,Move,671,460
2312091.8000000007,Move,675,462
2312117.5999999978,Move,679,462
2312125.6999999993,Move,684,464
2312141.0999999978,Move,689,465
2312158.0999999978,Move,693,465
2312174.5999999978,Move,698,466
2312191.0999999978,Move,703,465
2312207.8999999985,Move,708,465
2312224.3999999985,Move,713,465
2312241.0999999978,Move,718,464
2312258,Move,723,463
2312274.8000000007,Move,728,462
2312291.8000000007,Move,739,460
2312308,Move,744,458
2312324.8999999985,Move,749,456
2312341.3999999985,Move,754,452
2312358.3000000007,Move,759,450
2312375.5999999978,Move,764,446
2312391.3999999985,Move,769,442
2312408.8999999985,Move,774,439
2312425.3000000007,Move,779,436
2312442.0999999978,Move,784,432
2312458.3000000007,Move,789,428
2312475,Move,794,423
2312491.8000000007,Move,799,419
2312508.3999999985,Move,802,413
2312525.3999999985,Move,806,407
2312542.0999999978,Move,814,397
2312558.5,Move,818,392
2312575.1999999993,Move,822,386
2312591.8999999985,Move,825,380
2312608.8999999985,Move,828,374
2312625.5999999978,Move,831,368
2312642.0999999978,Move,834,362
2312658.0999999978,Move,837,356
2312675.0999999978,Move,839,350
2312691.8000000007,Move,842,344
2312708.5999999978,Move,844,338
2312725.1999999993,Move,847,331
2312742.0999999978,Move,849,325
2312758.5,Move,851,318
2312774.5,Move,853,312
2312791,Move,855,299
2312807.6999999993,Move,855,293
2312824.5999999978,Move,855,287
2312841.6999999993,Move,854,281
2312858.3000000007,Move,854,275
2312874.5999999978,Move,853,269
2312891.5,Move,852,263
2312908.3000000007,Move,853,257
2312924.8000000007,Move,852,251
2312941.5,Move,851,245
2312958.3999999985,Move,848,241
2312975,Move,846,236
2312992.3999999985,Move,845,230
2313008.5999999978,Move,843,225
2313025.3999999985,Move,841,220
2313042.8000000007,Move,835,212
2313058.6999999993,Move,832,208
2313075.0999999978,Move,828,205
2313092,Move,825,201
2313108.8000000007,Move,822,197
2313125.3999999985,Move,819,194
2313142.1999999993,Move,815,191
2313158.5,Move,811,188
2313175.6999999993,Move,808,184
2313192.3000000007,Move,803,182
2313208.6999999993,Move,799,179
2313225.3000000007,Move,795,177
2313242.3999999985,Move,785,176
2313258.5999999978,Move,781,174
2313275.5,Move,776,173
2313292.0999999978,Move,771,173
2313308.5999999978,Move,766,172
2313325.5,Move,761,170
2313342,Move,757,170
2313358.8000000007,Move,751,171
2313375.5999999978,Move,746,173
2313392.3000000007,Move,741,173
2313408.8000000007,Move,735,174
2313425.3999999985,Move,730,177
2313442.1999999993,Move,725,177
2313458.6999999993,Move,719,178
2313475.6999999993,Move,714,179
2313492.5,Move,709,181
2313508.8999999985,Move,698,187
2313525.3000000007,Move,693,190
2313542.1999999993,Move,687,192
2313558.8000000007,Move,682,196
2313575.1999999993,Move,677,200
2313592.1999999993,Move,671,204
2313609.0999999978,Move,666,208
2313625.5999999978,Move,662,213
2313642.3999999985,Move,657,217
2313658.8000000007,Move,652,222
2313675.1999999993,Move,648,227
2313692.3999999985,Move,643,232
2313708.8000000007,Move,639,238
2313725.5999999978,Move,635,243
2313741.8999999985,Move,632,250
2313759.1999999993,Move,629,256
2313776.0999999978,Move,620,267
2313792.6999999993,Move,614,280
2313808.5999999978,Move,613,286
2313825.5999999978,Move,610,293
2313842.1999999993,Move,608,299
2313858.8999999985,Move,606,306
2313875.5999999978,Move,604,312
2313892,Move,601,319
2313909,Move,600,325
2313925.3000000007,Move,599,332
2313942.3000000007,Move,597,338
2313959,Move,597,345
2313975.3000000007,Move,597,351
2313992.5999999978,Move,596,358
2314009.8000000007,Move,595,370
2314025.0999999978,Move,595,376
2314042.3000000007,Move,597,382
2314058.6999999993,Move,599,388
2314075.8000000007,Move,599,394
2314091.8999999985,Move,599,400
2314108.8999999985,Move,601,406
2314125.5,Move,603,411
2314142.1999999993,Move,605,416
2314158.8999999985,Move,608,420
2314175.6999999993,Move,609,426
2314192.1999999993,Move,611,431
2314209.0999999978,Move,615,435
2314225.6999999993,Move,617,440
2314242.5999999978,Move,624,448
2314258.5999999978,Move,627,451
2314275.5,Move,630,456
2314292.3999999985,Move,633,460
2314308.8999999985,Move,637,463
2314325.3999999985,Move,641,466
2314342.5999999978,Move,646,468
2314358.8999999985,Move,649,472
2314375.5,Move,654,475
2314383.1999999993,Released,654,475
2314441.6999999993,Released,748,547
