resolution:1536,864
163776.8999999985,Pressed,703,286
163786.09999999776,Move,710,283
163802,Move,713,282
163837.59999999776,Move,719,282
163852,Move,723,281
163868.69999999925,Move,727,281
163885.80000000075,Move,730,282
163902.09999999776,Move,733,282
163918.59999999776,Move,737,284
163935.3999999985,Move,740,285
163952,Move,743,286
163968.69999999925,Move,747,288
163985.5,Move,753,292
164003.19999999925,Move,755,294
164019,Move,758,296
164035.80000000075,Move,760,299
164052.5,Move,763,302
164069,Move,765,304
164085.69999999925,Move,766,307
164102.3999999985,Move,767,310
164118.8999999985,Move,769,313
164135.69999999925,Move,770,316
164152.5,Move,770,320
164169,Move,771,323
164185.3999999985,Move,771,329
164202.19999999925,Move,770,332
164218.69999999925,Move,769,335
164235.80000000075,Move,768,338
164252.5,Move,767,341
164269,Move,766,344
164285.69999999925,Move,764,346
164302.3999999985,Move,762,349
164318.80000000075,Move,760,351
164336.59999999776,Move,758,353
164352.30000000075,Move,755,355
164370,Move,752,356
164386.59999999776,Move,749,358
164403,Move,747,360
164419.69999999925,Move,740,361
164436.30000000075,Move,737,361
164452.19999999925,Move,733,362
164468.80000000075,Move,730,361
164485.3999999985,Move,726,361
164502,Move,723,360
164519,Move,719,360
164535.59999999776,Move,716,359
164552.59999999776,Move,713,358
164568.80000000075,Move,710,356
164586.19999999925,Move,707,355
164602.69999999925,Move,703,353
164619.5,Move,701,352
164636,Move,698,349
164652.80000000075,Move,695,347
164669.80000000075,Move,691,342
164685.59999999776,Move,689,339
164702.69999999925,Move,687,336
164719.19999999925,Move,686,333
164736.09999999776,Move,685,330
164752.80000000075,Move,684,327
164769.59999999776,Move,684,324
164786.19999999925,Move,683,321
164802.69999999925,Move,683,318
164819.3999999985,Move,683,314
164836.19999999925,Move,683,312
164852.80000000075,Move,683,308
164869.09999999776,Move,684,305
164886.09999999776,Move,685,302
164902.8999999985,Move,687,300
164919.59999999776,Move,688,297
164936.5,Move,692,292
164952.69999999925,Move,695,290
164969.3999999985,Move,697,288
164986,Move,700,286
165002.69999999925,Move,703,284
165013.59999999776,Released,703,284
165058.59999999776,Released,748,547
