resolution:1536,864
372715.8999999985,Pressed,683,310
372725.19999999925,Move,683,308
372741.59999999776,Move,684,307
372780.5,Move,685,304
372792.09999999776,Move,685,301
372808.19999999925,Move,686,300
372825.3999999985,Move,686,298
372841.8999999985,Move,687,297
372858.19999999925,Move,688,296
372874.8999999985,Move,689,294
372891.3999999985,Move,689,293
372908,Move,691,292
372926,Move,692,291
372942.19999999925,Move,693,290
372958.80000000075,Move,694,289
372975.09999999776,Move,696,289
372992,Move,697,288
373008.69999999925,Move,698,287
373025.80000000075,Move,700,286
373042.69999999925,Move,703,285
373058.8999999985,Move,704,285
373075.69999999925,Move,706,284
373092.8999999985,Move,708,284
373109,Move,709,284
373125.69999999925,Move,711,284
373142.59999999776,Move,713,283
373159.09999999776,Move,715,284
373175.69999999925,Move,716,284
373192.5,Move,718,284
373209.09999999776,Move,720,284
373225.69999999925,Move,722,285
373242.5,Move,723,285
373259.09999999776,Move,725,286
373276.09999999776,Move,727,286
373292.3999999985,Move,731,286
373309.30000000075,Move,732,287
373325.09999999776,Move,734,287
373341.8999999985,Move,736,288
373358.5,Move,738,288
373376,Move,739,289
373392.80000000075,Move,741,290
373409.09999999776,Move,743,291
373425.59999999776,Move,744,292
373442.30000000075,Move,746,294
373458.69999999925,Move,747,295
373475.19999999925,Move,749,296
373491.80000000075,Move,750,297
373508.3999999985,Move,751,298
373525,Move,753,300
373541.80000000075,Move,754,301
373558.59999999776,Move,756,304
373575.19999999925,Move,757,305
373592.30000000075,Move,758,306
373609.09999999776,Move,759,308
373625.5,Move,760,309
373642.30000000075,Move,761,311
373658.80000000075,Move,762,312
373676.30000000075,Move,763,314
373693.30000000075,Move,764,317
373709.30000000075,Move,765,318
373726,Move,766,320
373742.80000000075,Move,766,321
373759.5,Move,767,323
373776.09999999776,Move,767,324
373793,Move,767,326
373809.5,Move,767,327
373826,Move,767,329
373842.80000000075,Move,767,330
373859.5,Move,766,332
373876.30000000075,Move,767,333
373892.80000000075,Move,766,334
373910,Move,766,336
373926.80000000075,Move,765,338
373942.5,Move,765,340
373959.19999999925,Move,764,341
373976.09999999776,Move,764,342
373992.80000000075,Move,763,343
374009.5,Move,762,344
374026.19999999925,Move,761,346
374042.69999999925,Move,760,346
374059.5,Move,759,348
374076,Move,759,348
374092.59999999776,Move,758,350
374109.30000000075,Move,757,350
374126.19999999925,Move,756,352
374142.8999999985,Move,755,352
374159.59999999776,Move,754,354
374176.19999999925,Move,753,354
374192.8999999985,Move,751,356
374209.30000000075,Move,749,357
374226.09999999776,Move,747,357
374242.69999999925,Move,746,358
374259.3999999985,Move,745,358
374276.09999999776,Move,743,358
374292.8999999985,Move,741,358
374309.30000000075,Move,740,359
374326,Move,738,359
374342.8999999985,Move,736,359
374359.59999999776,Move,735,359
374376.30000000075,Move,733,359
374392.80000000075,Move,731,359
374409.3999999985,Move,729,359
374426.30000000075,Move,728,359
374442.80000000075,Move,726,358
374459.5,Move,724,358
374476.3999999985,Move,721,357
374492.59999999776,Move,719,356
374509.19999999925,Move,717,356
374526.19999999925,Move,715,355
374542.80000000075,Move,713,354
374559.5,Move,712,353
374576.30000000075,Move,710,352
374592.8999999985,Move,709,351
374609.5,Move,707,350
374625.8999999985,Move,706,349
374642.5,Move,704,348
374659,Move,702,347
374675.5,Move,701,346
374691.8999999985,Move,699,345
374708.8999999985,Move,698,343
374725.5,Move,695,341
374742.09999999776,Move,694,339
374758.59999999776,Move,693,338
374775.3999999985,Move,692,336
374792.19999999925,Move,691,335
374808.69999999925,Move,690,333
374825.30000000075,Move,689,332
374842.09999999776,Move,689,330
374858.80000000075,Move,688,329
374875.59999999776,Move,687,327
374892,Move,686,326
374908.8999999985,Move,685,324
374925.30000000075,Move,685,322
374942.3999999985,Move,685,321
374958.69999999925,Move,684,319
374975.19999999925,Move,684,316
374992.59999999776,Move,684,314
375009.80000000075,Move,684,313
375026.3999999985,Move,684,312
375043.5,Released,685,310
375106.5,Released,748,547
