resolution:1536,864
2628937.0999999978,Pressed,772,212
2628945.6999999993,Move,710,214
2628961.6999999993,Move,679,222
2628995.8000000007,Move,624,249
2629012.5,Move,602,268
2629029.0999999978,Move,587,290
2629045.3999999985,Move,579,313
2629061.8000000007,Move,575,336
2629078.6999999993,Move,579,359
2629095.1999999993,Move,589,380
2629111.5999999978,Move,604,399
2629129,Move,626,414
2629145.3999999985,Move,680,433
2629162.8000000007,Move,711,435
2629179.1999999993,Move,743,432
2629195.5,Move,775,426
2629212.3999999985,Move,805,413
2629228.5999999978,Move,830,396
2629245.8000000007,Move,851,376
2629262.3000000007,Move,866,354
2629278.8000000007,Move,875,331
2629295.3999999985,Move,879,307
2629312.3000000007,Move,877,284
2629329,Move,867,262
2629345.3000000007,Move,852,242
2629362,Move,830,227
2629378.8999999985,Move,804,215
2629396.3999999985,Released,773,209
2629422.0999999978,Released,748,547
