resolution:1536,864
2631184.8999999985,Pressed,833,260
2631195,Move,870,320
2631221.3000000007,Move,879,350
2631245.5999999978,Move,879,406
2631262.0999999978,Move,867,429
2631279.1999999993,Move,852,448
2631295.3999999985,Move,831,462
2631311.8000000007,Move,804,470
2631328.5,Move,741,462
2631345.1999999993,Move,709,450
2631361.8000000007,Move,676,434
2631378.8999999985,Move,647,410
2631395.3000000007,Move,621,383
2631413.5999999978,Move,601,354
2631428.8000000007,Move,585,324
2631445.3999999985,Move,575,294
2631462,Move,571,264
2631478.8999999985,Move,574,237
2631495.8000000007,Move,585,215
2631512.5,Move,603,198
2631528.8000000007,Move,625,186
2631545.5999999978,Move,651,180
2631562.5,Move,681,180
2631579.1999999993,Move,712,184
2631596,Move,775,213
2631612.0999999978,Move,805,235
2631628.8000000007,Move,831,261
2631642.3000000007,Released,831,261
2631666.6999999993,Released,748,547
