resolution:1536,864
2309667.3000000007,Pressed,664,450
2309690.8999999985,Move,678,450
2309713.5,Move,683,451
2309725.5999999978,Move,688,449
2309740.8999999985,Move,693,448
2309757.6999999993,Move,698,447
2309774.5999999978,Move,703,446
2309791,Move,709,444
2309807.3999999985,Move,714,442
2309824.3000000007,Move,719,441
2309840.8000000007,Move,724,440
2309858,Move,729,438
2309874.3999999985,Move,734,435
2309891.3999999985,Move,739,433
2309908.8000000007,Move,749,428
2309924.5,Move,755,425
2309941.5,Move,760,423
2309958,Move,765,420
2309974.6999999993,Move,770,417
2309991,Move,775,412
2310008.0999999978,Move,779,409
2310025.0999999978,Move,785,406
2310041.1999999993,Move,789,401
2310057.8000000007,Move,793,396
2310074.8999999985,Move,797,392
2310091.5999999978,Move,801,387
2310108.5,Move,805,382
2310124.8999999985,Move,809,378
2310141.5999999978,Move,812,373
2310158.1999999993,Move,816,368
2310174.8999999985,Move,822,358
2310191.8000000007,Move,826,353
2310208.1999999993,Move,828,347
2310225.3999999985,Move,832,342
2310241.6999999993,Move,834,337
2310258.0999999978,Move,836,332
2310274.8999999985,Move,839,326
2310291.5999999978,Move,840,321
2310308.3999999985,Move,843,316
2310325,Move,843,311
2310341.5999999978,Move,845,306
2310358.8000000007,Move,846,300
2310374.8999999985,Move,847,295
2310391.6999999993,Move,847,290
2310408.5999999978,Move,847,280
2310425.1999999993,Move,846,276
2310441.5,Move,845,272
2310458,Move,843,268
2310474.5999999978,Move,842,264
2310490.8999999985,Move,841,260
2310508,Move,839,256
2310524.8999999985,Move,839,251
2310541.3000000007,Move,838,247
2310558.1999999993,Move,837,242
2310574.6999999993,Move,835,239
2310591.5,Move,833,235
2310607.8999999985,Move,831,233
2310624.8999999985,Move,828,230
2310641.3999999985,Move,824,228
2310657.6999999993,Move,822,225
2310675.3000000007,Move,819,222
2310692.3999999985,Move,813,218
2310708.8999999985,Move,809,216
2310725.3999999985,Move,806,214
2310742,Move,803,211
2310758.5,Move,799,210
2310775.3999999985,Move,795,209
2310791.8999999985,Move,791,208
2310808.8999999985,Move,787,207
2310825.3999999985,Move,783,206
2310841.8999999985,Move,779,207
2310858.8999999985,Move,775,205
2310875.6999999993,Move,771,205
2310892.3000000007,Move,766,205
2310908.8999999985,Move,761,206
2310925.5999999978,Move,757,206
2310942,Move,752,206
2310958.8000000007,Move,743,206
2310974.8999999985,Move,739,208
2310991.5999999978,Move,734,209
2311008.3999999985,Move,729,210
2311025.3999999985,Move,724,211
2311041.5,Move,719,213
2311058.3000000007,Move,714,215
2311075.0999999978,Move,709,218
2311091.5,Move,705,221
2311108.5,Move,700,224
2311125.1999999993,Move,695,227
2311141.6999999993,Move,690,229
2311158.0999999978,Move,686,233
2311175.1999999993,Move,681,237
2311191.3999999985,Move,677,240
2311208.5999999978,Move,668,247
2311225,Move,664,252
2311241.5999999978,Move,659,255
2311258.3999999985,Move,655,259
2311275,Move,651,263
2311291.5999999978,Move,646,268
2311308.3000000007,Move,643,272
2311325.1999999993,Move,639,277
2311341.5,Move,635,282
2311359.0999999978,Move,633,287
2311375.5999999978,Move,629,292
2311392.0999999978,Move,625,296
2311408.8000000007,Move,623,302
2311425.3000000007,Move,621,307
2311442.3000000007,Move,619,312
2311459.0999999978,Move,617,317
2311475.5999999978,Move,613,328
2311492.1999999993,Move,611,333
2311508.6999999993,Move,609,338
2311525.5,Move,609,343
2311542.3000000007,Move,608,348
2311558.6999999993,Move,608,353
2311575.5,Move,606,358
2311592.0999999978,Move,607,363
2311609.0999999978,Move,606,368
2311625.6999999993,Move,606,373
2311642.0999999978,Move,606,378
2311658.8999999985,Move,607,382
2311675.3999999985,Move,607,387
2311692.0999999978,Move,608,391
2311708.6999999993,Move,608,396
2311725.8999999985,Move,611,405
2311742.0999999978,Move,613,408
2311758.6999999993,Move,615,412
2311775.1999999993,Move,618,415
2311792.0999999978,Move,620,418
2311808.8999999985,Move,623,421
2311825.5999999978,Move,627,423
2311842.0999999978,Move,630,426
2311859,Move,632,430
2311875.6999999993,Move,636,432
2311892.1999999993,Move,639,433
2311908.8999999985,Move,643,435
2311925.5,Move,647,437
2311942.1999999993,Move,650,439
2311958.8999999985,Move,654,440
2311975.6999999993,Move,659,441
2311992.3999999985,Move,663,442
2312009.3000000007,Released,667,443
2312042.3999999985,Released,748,547
