resolution:1536,864
456392.5,Pressed,749,347
456402.8999999985,Move,750,346
456453.30000000075,Move,750,346
456468.19999999925,Move,750,346
456550.59999999776,Move,751,346
456617.80000000075,Move,751,346
456701.30000000075,Move,752,346
456868.3999999985,Move,753,345
457040.69999999925,Move,754,344
457190.09999999776,Move,755,343
457357.19999999925,Move,755,342
457512.3999999985,Move,756,342
457679.3999999985,Move,757,341
457851.3999999985,Move,757,340
458001.3999999985,Move,759,340
458167.80000000075,Move,759,339
458323.3999999985,Move,761,338
458490.09999999776,Move,761,338
458628.69999999925,Move,762,337
458795.19999999925,Move,763,336
458967.5,Move,764,336
459134,Move,765,335
459289.3999999985,Move,765,334
459439.30000000075,Move,766,333
459606.30000000075,Move,767,332
459760.8999999985,Move,767,332
459928.09999999776,Move,767,331
460083.30000000075,Move,768,330
460250,Move,769,329
460405.3999999985,Move,769,328
460572.09999999776,Move,770,327
460727.19999999925,Move,770,326
460893.8999999985,Move,771,326
461032.3999999985,Move,771,325
461182.5,Move,771,324
461349.19999999925,Move,772,323
461504.59999999776,Move,772,322
461654.59999999776,Move,772,321
461821.5,Move,773,320
461976.59999999776,Move,773,320
462143.30000000075,Move,773,319
462298.3999999985,Move,773,318
462448.5,Move,773,317
462615,Move,774,316
462753.8999999985,Move,774,315
462903.8999999985,Move,775,314
463054,Move,774,314
463203.80000000075,Move,775,313
463377.09999999776,Move,775,312
463527.19999999925,Move,775,311
463677,Move,775,310
463827.09999999776,Move,775,309
463976.8999999985,Move,775,308
464127,Move,774,308
464276.8999999985,Move,775,307
464427,Move,774,306
464577,Move,774,305
464727.19999999925,Move,774,304
464877.09999999776,Move,774,303
465027.09999999776,Move,773,303
465176.80000000075,Move,773,302
465327,Move,772,301
465477.19999999925,Move,771,300
465627,Move,771,300
465777,Move,770,299
465927.19999999925,Move,769,299
466077.09999999776,Move,769,298
466210.5,Move,769,297
466360.5,Move,768,296
466493.80000000075,Move,767,296
466643.69999999925,Move,767,295
466777.30000000075,Move,766,295
466910.30000000075,Move,765,294
467043.80000000075,Move,764,294
467177.09999999776,Move,763,293
467310.3999999985,Move,763,292
467443.69999999925,Move,762,292
467577.3999999985,Move,761,292
467710.59999999776,Move,760,291
467827.30000000075,Move,759,291
467943.69999999925,Move,758,290
468060.59999999776,Move,757,290
468177.30000000075,Move,756,290
468310.69999999925,Move,755,289
468427.59999999776,Move,754,289
468543.69999999925,Move,753,289
468643.59999999776,Move,752,289
468760.69999999925,Move,751,288
468860.5,Move,750,288
468960.69999999925,Move,749,288
469060.59999999776,Move,748,288
469160.69999999925,Move,747,288
469260.30000000075,Move,745,288
469343.80000000075,Move,744,288
469444.5,Move,743,288
469527.30000000075,Move,742,288
469610.80000000075,Move,741,288
469693.8999999985,Move,739,287
469760.69999999925,Move,738,287
469810.59999999776,Move,737,287
469894.19999999925,Move,736,287
469960.59999999776,Move,735,287
470010.59999999776,Move,734,287
470094.09999999776,Move,733,288
470143.3999999985,Move,731,288
470193.5,Move,730,288
470243.69999999925,Move,729,288
470276.8999999985,Move,728,288
470327.30000000075,Move,727,288
470360.8999999985,Move,725,288
470393.80000000075,Move,724,289
470427.19999999925,Move,723,289
470460.59999999776,Move,722,289
470494.5,Move,721,289
470510.3999999985,Move,719,289
470544.09999999776,Move,718,290
470560.59999999776,Move,717,290
470577.19999999925,Move,716,290
470593.69999999925,Move,715,291
470610.59999999776,Move,713,292
470627.3999999985,Move,712,292
470643.80000000075,Move,711,292
470660.59999999776,Move,710,293
470677.30000000075,Move,709,293
470693.5,Move,708,294
470710,Move,707,294
470726.3999999985,Move,705,295
470743.19999999925,Move,705,295
470760.3999999985,Move,701,297
470777.19999999925,Move,700,298
470793.69999999925,Move,699,298
470810.5,Move,698,299
470827.09999999776,Move,697,300
470844,Move,697,300
470860.19999999925,Move,696,302
470877.19999999925,Move,695,302
470894,Move,694,303
470910.30000000075,Move,693,304
470927.30000000075,Move,693,304
470943.8999999985,Move,692,305
470960.59999999776,Move,691,306
470994.59999999776,Move,691,307
471010.69999999925,Move,690,308
471043.69999999925,Move,689,308
471077.3999999985,Move,688,309
471110.5,Move,687,310
471143.8999999985,Move,687,310
471194,Move,686,311
471243.8999999985,Move,686,312
471293,Move,685,313
471326.5,Move,685,314
471376.69999999925,Move,684,314
471426.3999999985,Move,683,316
471494,Move,683,316
471577,Move,683,317
471627.30000000075,Move,682,318
471694.30000000075,Move,681,319
471777.5,Move,681,320
471860.59999999776,Move,681,320
471944,Move,681,321
472027.30000000075,Move,681,322
472110.8999999985,Move,681,323
472210.8999999985,Move,681,324
472310.80000000075,Move,681,325
472410.80000000075,Move,681,326
472510.69999999925,Move,681,326
472611,Move,681,327
472710.5,Move,680,328
472810.80000000075,Move,679,329
472910.80000000075,Move,680,330
473026.8999999985,Move,680,331
473144.30000000075,Move,680,332
473260.8999999985,Move,680,332
473377.5,Move,680,333
473494,Move,681,334
473610.8999999985,Move,681,334
473727.59999999776,Move,681,335
473861,Move,681,336
473994,Move,681,337
474127.59999999776,Move,681,338
474260.8999999985,Move,682,338
474394.19999999925,Move,682,339
474527.3999999985,Move,683,340
474661,Move,683,340
474794.30000000075,Move,683,341
474944.30000000075,Move,684,342
475077.69999999925,Move,685,342
475227.80000000075,Move,685,343
475360.69999999925,Move,686,344
475527.59999999776,Move,687,344
475666.30000000075,Move,687,345
475816.19999999925,Move,687,346
475966.5,Move,687,346
476116.19999999925,Move,688,347
476266.5,Move,689,348
476416.09999999776,Move,690,348
476566.3999999985,Move,690,349
476732.8999999985,Move,691,349
476866.19999999925,Move,692,350
477032.8999999985,Move,693,350
477171.59999999776,Move,693,351
477321.69999999925,Move,695,351
477471.69999999925,Move,695,351
477621.3999999985,Move,697,352
477771.59999999776,Move,697,352
477921.80000000075,Move,698,352
478088.59999999776,Move,699,353
478243.59999999776,Move,700,353
478410.30000000075,Move,701,354
478565.59999999776,Move,702,354
478732.3999999985,Move,703,354
478887.80000000075,Move,704,354
479054.80000000075,Move,705,354
479192.8999999985,Move,706,354
479342.59999999776,Move,707,354
479509.69999999925,Move,709,354
479664.8999999985,Move,709,354
479831.69999999925,Move,711,355
480003.69999999925,Move,712,355
480153.5,Move,713,355
480320.30000000075,Move,714,355
480475.5,Move,715,355
480642.3999999985,Move,716,355
480797.69999999925,Move,717,355
480947.59999999776,Move,719,354
481114.30000000075,Move,719,354
481269.80000000075,Move,721,355
481436.19999999925,Move,722,355
481608.19999999925,Move,723,355
481758.3999999985,Move,724,355
481924.8999999985,Move,725,355
482079.8999999985,Move,726,355
482246.3999999985,Move,727,354
482401.69999999925,Move,729,354
482552.09999999776,Move,730,354
482718.8999999985,Move,731,354
482874.30000000075,Move,732,354
483023.8999999985,Move,733,354
483191,Move,735,353
483346.3999999985,Move,736,353
483512.69999999925,Move,737,352
483667.8999999985,Move,738,352
483818.09999999776,Move,739,351
483984.5,Move,740,351
484123.30000000075,Move,741,350
484290.09999999776,Move,742,350
484445.3999999985,Move,743,350
484612.09999999776,Move,745,349
484767.3999999985,Move,745,348
484934.30000000075,Move,747,348
485072.69999999925,Move,747,347
485245.80000000075,Move,749,347
485402.30000000075,Released,749,347
485442,Released,748,547
