resolution:1536,864
726354.8999999985,Pressed,779,357
726359.6999999993,Move,787,349
726416.8999999985,Move,793,341
726425,Move,793,341
726441.5999999978,Move,793,341
726458.3999999985,Move,799,333
726491,Move,804,324
726524.5,Move,808,316
726559.8000000007,Move,810,308
726574.5999999978,Move,810,308
726591.3000000007,Move,811,299
726624.5999999978,Move,810,292
726641.1999999993,Move,809,284
726674.8999999985,Move,805,277
726708.0999999978,Move,800,272
726742,Move,795,266
726759.1999999993,Move,787,262
726775.6999999993,Move,780,258
726792.0999999978,Move,772,256
726809.3999999985,Move,763,254
726826,Move,753,253
726842,Move,743,253
726859.1999999993,Move,721,258
726875.6999999993,Move,711,261
726892.1999999993,Move,700,266
726909.0999999978,Move,690,272
726925.8000000007,Move,681,278
726942.8000000007,Move,672,286
726958.8000000007,Move,664,294
726976,Move,658,302
726992.5,Move,653,310
727008.6999999993,Move,649,319
727025.8000000007,Move,645,328
727042.1999999993,Move,643,336
727059.3999999985,Move,642,344
727076.5,Move,645,360
727091.3000000007,Move,647,366
727108.0999999978,Move,651,373
727124.8000000007,Move,657,378
727141.0999999978,Move,664,382
727158.1999999993,Move,671,386
727174.5999999978,Move,680,389
727191.6999999993,Move,689,390
727208.3000000007,Move,700,390
727224.5999999978,Move,710,390
727241.3999999985,Move,720,388
727258.3000000007,Move,731,386
727274.5999999978,Move,742,382
727291.5999999978,Move,752,377
727308,Move,762,371
727325.1999999993,Move,780,357
727339.1999999993,Released,780,357
727361.8999999985,Released,748,547
