resolution:1536,864
692789.5,Pressed,692,414
692794.5,Move,701,416
692836.8999999985,Move,701,416
692844.8000000007,Move,701,416
692861.0999999978,Move,701,416
692944.5999999978,Move,711,416
693012.1999999993,Move,711,416
693027.8000000007,Move,711,416
693096.0999999978,Move,721,415
693262.5999999978,Move,731,412
693416.3999999985,Move,741,408
693583.8000000007,Move,750,402
693751.3000000007,Move,759,395
693906.6999999993,Move,768,387
694073,Move,777,378
694223.3000000007,Move,784,369
694390,Move,791,358
694561.8999999985,Move,797,347
694712.0999999978,Move,800,335
694878.3999999985,Move,804,323
695017.3999999985,Move,807,311
695184,Move,808,299
695356.0999999978,Move,808,287
695522.8000000007,Move,807,276
695677.8000000007,Move,804,264
695827.8000000007,Move,799,256
695994.8000000007,Move,793,248
696166.3999999985,Move,787,240
696316.6999999993,Move,780,233
696466.6999999993,Move,771,228
696633.3000000007,Move,762,226
696788.3000000007,Move,753,223
696938.0999999978,Move,743,223
697105.5,Move,732,224
697260.0999999978,Move,722,228
697427.3000000007,Move,711,231
697582.0999999978,Move,701,237
697732.3000000007,Move,692,245
697899.3000000007,Move,683,254
698054.5,Move,675,263
698221,Move,667,273
698376.3999999985,Move,661,285
698543.3999999985,Move,654,296
698698.6999999993,Move,649,308
698865.1999999993,Move,646,320
699020.3999999985,Move,644,333
699187.3000000007,Move,644,345
699325.8000000007,Move,644,357
699492.5,Move,645,368
699664.5999999978,Move,648,379
699831.0999999978,Move,653,389
699986.3999999985,Move,658,398
700153.3000000007,Move,665,405
700291.6999999993,Move,672,412
700465.5999999978,Move,680,418
700632.5999999978,Move,689,421
700775.5,Released,689,421
700839,Released,748,547
