resolution:1536,864
2640240.8000000007,Pressed,843,450
2640246.5,Move,831,458
2640297,Move,831,458
2640313.5999999978,Move,831,458
2640412.8999999985,Move,819,467
2640463.5999999978,Move,819,467
2640513.3999999985,Move,805,474
2640613.8999999985,Move,789,477
2640697.8000000007,Move,773,477
2640781.1999999993,Move,755,477
2640830.8999999985,Move,737,474
2640912.8000000007,Move,719,467
2640964.8000000007,Move,701,457
2641047.8000000007,Move,683,445
2641097,Move,667,431
2641147.5,Move,651,416
2641213.8999999985,Move,635,400
2641247.3000000007,Move,621,383
2641297.5,Move,609,365
2641329.8999999985,Move,599,346
2641381.5,Move,592,326
2641431,Move,587,306
2641480.8999999985,Move,583,287
2641531,Move,581,268
2641581.0999999978,Move,582,250
2641614.5,Move,585,233
2641664.3999999985,Move,590,217
2641714.1999999993,Move,597,202
2641747.8000000007,Move,606,190
2641781.1999999993,Move,617,179
2641814.1999999993,Move,631,171
2641847.6999999993,Move,645,165
2641880.6999999993,Move,662,162
2641914.3000000007,Move,679,160
2641947.3000000007,Move,697,162
2641980.3999999985,Move,715,168
2642013.5999999978,Move,734,176
2642047,Move,753,184
2642063.6999999993,Move,771,196
2642097.6999999993,Move,789,209
2642131.3999999985,Move,805,224
2642164.3000000007,Move,820,241
2642197.8000000007,Move,833,260
2642231.0999999978,Move,845,278
2642264.5999999978,Move,855,298
2642298.0999999978,Move,863,318
2642314.3000000007,Move,868,338
2642347.8000000007,Move,872,357
2642381.0999999978,Move,874,376
2642413.8999999985,Move,872,394
2642447.8999999985,Move,868,411
2642481.1999999993,Move,863,427
2642514.5,Move,855,440
2642531.0999999978,Move,845,451
2642559,Released,845,451
2642623.3999999985,Released,748,547
