resolution:1536,864
1449250.3999999985,Pressed,782,208
1449258,Move,767,204
1449274.8000000007,Move,759,203
1449313,Move,743,204
1449324.6999999993,Move,735,205
1449341.3999999985,Move,726,208
1449358.5,Move,718,212
1449375,Move,709,214
1449391.5999999978,Move,701,218
1449408,Move,693,222
1449424.5999999978,Move,684,227
1449441.1999999993,Move,676,232
1449460.0999999978,Move,669,238
1449475.8000000007,Move,654,253
1449491.3999999985,Move,648,261
1449508.3000000007,Move,641,269
1449525.1999999993,Move,635,278
1449541.8000000007,Move,631,287
1449558.3000000007,Move,627,296
1449575.1999999993,Move,623,306
1449592,Move,621,315
1449608.0999999978,Move,617,325
1449625.5,Move,616,334
1449641.5999999978,Move,615,344
1449658.3000000007,Move,615,353
1449675,Move,616,362
1449691.6999999993,Move,617,371
1449708,Move,618,380
1449725.0999999978,Move,623,396
1449741.3000000007,Move,628,404
1449758.1999999993,Move,632,410
1449774.6999999993,Move,636,418
1449791.5999999978,Move,642,423
1449808.3000000007,Move,648,427
1449825.1999999993,Move,655,431
1449841.3999999985,Move,661,436
1449859.0999999978,Move,669,438
1449875.5,Move,677,439
1449892.1999999993,Move,685,441
1449908.8999999985,Move,693,440
1449925.1999999993,Move,701,441
1449941.6999999993,Move,710,440
1449958.5999999978,Move,718,440
1449975.1999999993,Move,727,438
1449992.3000000007,Move,735,434
1450007.8000000007,Move,744,430
1450024.8000000007,Move,760,420
1450041.3000000007,Move,767,414
1450058.1999999993,Move,775,409
1450092.3000000007,Move,790,396
1450109.1999999993,Move,797,389
1450126,Move,803,381
1450142.8000000007,Move,810,374
1450159.3000000007,Move,815,365
1450176,Move,820,356
1450192.6999999993,Move,824,347
1450209.3000000007,Move,828,338
1450226.5999999978,Move,831,328
1450243,Move,834,319
1450259.8999999985,Move,836,300
1450276.0999999978,Move,837,290
1450292.8000000007,Move,837,281
1450309.5,Move,837,272
1450326.3000000007,Move,836,262
1450341.5999999978,Move,834,254
1450360,Move,832,245
1450376.1999999993,Move,829,237
1450393,Move,823,231
1450409.5,Move,818,224
1450426,Move,813,218
1450442.5,Move,807,213
1450459.8999999985,Move,800,209
1450476.6999999993,Move,793,204
1450493.8000000007,Released,785,202
1450556.1999999993,Released,748,547
