resolution:1536,864
1016797.3999999985,Pressed,814,345
1016806.3999999985,Move,812,351
1016822.8999999985,Move,811,353
1016860.3999999985,Move,808,358
1016873.6999999993,Move,807,361
1016889.5,Move,805,364
1016906.5999999978,Move,803,366
1016922.8999999985,Move,801,368
1016939.3999999985,Move,799,370
1016956.0999999978,Move,797,372
1016972.8999999985,Move,795,374
1016989.5,Move,793,377
1017007.0999999978,Move,791,379
1017023.8999999985,Move,787,380
1017040.0999999978,Move,785,382
1017056.1999999993,Move,780,386
1017073.1999999993,Move,777,387
1017090,Move,775,389
1017106.3000000007,Move,771,390
1017123.3999999985,Move,768,391
1017139.5999999978,Move,765,392
1017156.3999999985,Move,761,393
1017173.3999999985,Move,758,393
1017190.0999999978,Move,754,394
1017207.1999999993,Move,751,395
1017223.3999999985,Move,747,396
1017240.3999999985,Move,744,396
1017256.5999999978,Move,740,396
1017273.6999999993,Move,736,395
1017290.3999999985,Move,729,394
1017306.5,Move,725,393
1017323.5,Move,721,393
1017340.3000000007,Move,717,392
1017357.1999999993,Move,714,391
1017373.3000000007,Move,710,391
1017390.0999999978,Move,706,390
1017406.5999999978,Move,703,388
1017423.5,Move,699,386
1017440,Move,696,385
1017457,Move,693,383
1017473.3999999985,Move,689,381
1017490,Move,685,380
1017506.6999999993,Move,683,378
1017522.8999999985,Move,680,376
1017539.5,Move,673,372
1017556.0999999978,Move,670,369
1017573.0999999978,Move,667,367
1017589.8000000007,Move,665,364
1017606.5,Move,662,362
1017622.8999999985,Move,660,359
1017640.3999999985,Move,657,357
1017657,Move,655,354
1017673.5999999978,Move,652,352
1017690.3999999985,Move,649,349
1017706.8000000007,Move,648,346
1017723.6999999993,Move,647,343
1017740.1999999993,Move,646,340
1017757.1999999993,Move,644,337
1017774.0999999978,Move,642,331
1017790.0999999978,Move,642,328
1017806.8000000007,Move,641,325
1017823.5999999978,Move,640,322
1017840.0999999978,Move,641,319
1017857,Move,641,316
1017873.5999999978,Move,641,314
1017890.3000000007,Move,641,310
1017906.6999999993,Move,640,308
1017923.6999999993,Move,641,305
1017940.3000000007,Move,641,302
1017956.8000000007,Move,642,299
1017973.6999999993,Move,643,296
1017989.8999999985,Move,644,294
1018007.0999999978,Move,645,292
1018023.6999999993,Move,647,289
1018040.1999999993,Move,651,284
1018057,Move,652,282
1018073.5999999978,Move,654,280
1018090.3999999985,Move,655,278
1018106.6999999993,Move,657,275
1018123.6999999993,Move,659,274
1018140.5,Move,661,271
1018157,Move,663,269
1018173.6999999993,Move,665,267
1018190.3000000007,Move,667,266
1018207.1999999993,Move,670,264
1018223.5,Move,672,262
1018240.1999999993,Move,675,261
1018256.6999999993,Move,678,260
1018273.8000000007,Move,685,258
1018290.1999999993,Move,688,258
1018306.8999999985,Move,691,256
1018323.5999999978,Move,694,256
1018340.3000000007,Move,697,255
1018357.0999999978,Move,701,255
1018373.5,Move,704,255
1018390.1999999993,Move,707,255
1018407.0999999978,Move,711,254
1018423.6999999993,Move,714,254
1018440.3000000007,Move,717,253
1018457,Move,721,253
1018473.8000000007,Move,724,254
1018490.1999999993,Move,728,254
1018507.1999999993,Move,731,255
1018524.0999999978,Move,738,256
1018540.3999999985,Move,742,257
1018557,Move,745,258
1018573.6999999993,Move,749,259
1018590.3000000007,Move,752,260
1018606.8999999985,Move,755,262
1018623.6999999993,Move,759,264
1018640.0999999978,Move,762,265
1018657.3000000007,Move,765,266
1018691,Move,771,270
1018707.0999999978,Move,774,272
1018724,Move,777,274
1018740.3999999985,Move,780,276
1018757,Move,783,278
1018773.8999999985,Move,785,281
1018790.6999999993,Move,788,283
1018807.1999999993,Move,790,286
1018823.8999999985,Move,792,288
1018840.5999999978,Move,795,290
1018857.3000000007,Move,797,293
1018874.1999999993,Move,799,296
1018890.6999999993,Move,801,298
1018907.5,Move,802,301
1018924.6999999993,Move,805,307
1018940.3999999985,Move,806,310
1018957.3000000007,Move,807,313
1018973.3999999985,Move,809,316
1018990.5999999978,Move,809,318
1019007.0999999978,Move,809,321
1019024.0999999978,Move,810,324
1019040.5,Move,810,327
1019057.1999999993,Move,810,330
1019074.0999999978,Move,810,333
1019090.5999999978,Move,810,336
1019107.5,Move,809,338
1019124.0999999978,Move,810,341
1019141.0999999978,Move,809,344
1019142.6999999993,Released,809,344
1019189,Released,748,547
