resolution:1536,864
16244.89999999851,Pressed,690,304
16256.099999997765,Move,685,313
16293.300000000745,Move,685,313
16306,Move,685,313
16406.099999997765,Move,682,322
16474.199999999255,Move,682,322
16489.39999999851,Move,682,322
16556.89999999851,Move,681,332
16724.099999997765,Move,682,341
16879.099999997765,Move,685,349
17044.800000000745,Move,691,356
17195.89999999851,Move,697,362
17362.5,Move,705,365
17516.89999999851,Move,713,367
17684.5,Move,723,367
17838.699999999255,Move,732,365
18006.699999999255,Move,741,362
18161.89999999851,Move,750,356
18328.599999997765,Move,757,349
18483.300000000745,Move,764,340
18650.300000000745,Move,768,331
18789.099999997765,Move,771,322
18956.099999997765,Move,772,312
19106,Move,771,303
19272.89999999851,Move,767,295
19427.5,Move,762,288
19594.599999997765,Move,756,283
19749.699999999255,Move,748,279
19900,Move,739,277
20066.599999997765,Move,730,277
20221.599999997765,Move,721,280
20388.699999999255,Move,712,283
20543.89999999851,Move,704,289
20710.5,Move,697,296
20865.89999999851,Move,690,304
21023.599999997765,Released,690,304
21084.39999999851,Released,748,547
