resolution:1536,864
0,Pressed,612.65185546875,314.9996223449707
17.137111458165656,Move,612.65185546875,314.9996223449707
26.138498064420013,Move,309.28978729248047,134.68016910552979
31.238400634987265,Move,64.01236724853516,27.75093698501587
49.5210805393221,Move,7.488201856613159,5.4332877695560455
56.01855748949711,Move,1.1235317587852478,2.01973919570446
74.75503638094808,Move,0.46405014395713806,2.264512963593006
85.89139303550003,Move,0.6526032239198685,5.285157009959221
95.40763563837251,Move,1.8154801726341248,12.900218099355698
107.47160702506889,Move,5.096716403961182,22.049661934375763
112.81279716159683,Move,16.02036952972412,37.300384283065796
131.6689106225793,Move,32.3556489944458,48.52997374534607
146.3560966214103,Move,55.42555618286133,61.65807795524597
154.6783438803226,Move,81.4269790649414,76.07995748519897
160.22453982346173,Move,99.78686141967773,86.53123211860657
169.37820054236752,Move,98.17174530029297,87.58847522735596
183.69187758821855,Move,94.95215034484863,89.73525094985962
195.04583360954214,Move,92.83736228942871,92.59957337379456
209.5055376495722,Move,98.65715789794922,100.49506545066833
230.2555920299406,Move,99.78491592407227,103.56284523010254
235.74645945435643,Move,103.4047737121582,108.15925884246826
248.89406736563194,Move,99.04256057739258,106.3368136882782
270.6161472286981,Move,89.20243263244629,101.9012360572815
277.11840889198214,Move,83.46082305908203,100.465576171875
297.19444190504856,Move,81.60581588745117,100.02885031700134
308.7397990365246,Move,83.49888610839844,101.92618060112
318.06933052314713,Move,83.63571739196777,102.04099631309509
326.9387986483274,Move,83.2240161895752,102.51160168647766
340.1169340673759,Move,87.84178733825684,106.50559973716736
352.68206958622585,Move,81.18865585327148,101.78871846199036
358.1824639917829,Move,82.68767738342285,102.91685557365417
369.9589857424653,Move,85.38787651062012,104.53285002708435
378.32627912797,Move,83.79776573181152,103.5747799873352
395.3990124052673,Move,89.7483901977539,107.47852063179016
415.8710660300715,Move,90.23844337463379,106.12455010414124
425.77718811461483,Move,81.71578788757324,99.52753257751465
440.8780024751911,Move,72.25918006896973,93.07536721229553
462.08525202999715,Move,74.26300048828125,94.92680597305298
481.04013934770717,Move,76.36281967163086,95.60148024559021
497.37389563744466,Move,84.03803443908691,101.7234570980072
506.5055939309057,Move,89.75399780273438,104.63210678100586
525.6450158311618,Move,99.51730728149414,110.7090482711792
531.1260597388311,Move,98.92425155639648,109.75507879257202
536.2999161383706,Move,103.64330291748047,113.04742383956909
552.9963447523554,Move,105.30386352539062,112.86020135879517
567.887154303104,Move,107.93672561645508,113.38467407226562
583.4182747783633,Move,108.79464340209961,114.03536939620972
605.0110403797215,Move,100.7900619506836,108.78009796142578
620.4182281060941,Move,97.66744995117188,108.1428050994873
641.6245647610425,Move,103.05643844604492,112.74017143249512
659.9270830967299,Move,106.20619583129883,114.23126935958862
680.2502854362419,Released,106.20619583129883,114.23126935958862