resolution:1536,864
0,Pressed,540.9234924316406,210.48462295532227
22.903586741831656,Move,540.9234924316406,210.48462295532227
34.15354332784163,Move,178.76081085205078,21.921561241149902
53.471103961212506,Move,118.95582962036133,6.2933502942323685
65.3376572337749,Move,526.8547210693359,19.805864810943604
70.62511166551414,Move,1344.9788818359375,63.29411172866821
90.58819731043465,Move,1505.64111328125,74.88285756111145
108.58924575716026,Move,1529.9441528320312,51.03342425823212
126.31834280378683,Move,1534.5038452148438,28.04906451702118
143.7042691044192,Move,1535.4539794921875,12.152980148792267
154.56355157093014,Move,1535.7410888671875,3.0091884657740593
162.781088176278,Move,1535.8793334960938,0.5751710906624794
182.6502209824618,Move,1535.9425048828125,0.07314160815440118
191.20803965971416,Move,1535.9749145507812,0.0067411105264909565
200.9034636680464,Move,1535.9901123046875,0.0005595897710009012
215.14720358475674,Move,1535.9959716796875,3.9447344079235336e-05
236.19865042882049,Move,1535.9983520507812,2.627358682616432e-06
247.87395216846997,Move,1535.999267578125,1.7132012208875835e-07
262.46451499101664,Move,1535.9998168945312,9.454922095253337e-09
280.8128314314037,Move,1535.9998168945312,4.657711716316015e-10
288.76394301988745,Move,1536,2.2643362770739806e-11
309.3898825598943,Move,1536,1.299449836064193e-12
331.63534052169217,Move,1536,8.366027444780709e-14
339.8962545648054,Move,1536,6.735839989417875e-15
352.46002539862894,Move,1536,7.396011512807467e-16
363.56980132339953,Move,1535.9998168945312,1.186247325296721e-16
384.719919398741,Move,1535.9998168945312,2.5669957470916166e-17
394.328133867586,Move,1535.9994506835938,7.231007799996049e-18
403.5635125277597,Move,1535.9981689453125,2.180522844675292e-18
420.28835897164225,Move,1535.9901123046875,7.030919821467633e-19
428.566064886021,Move,1535.9796752929688,1.2929775790465484e-19
441.9063362426225,Move,1535.9324340820312,2.159083075657625e-20
459.6672553873019,Move,1535.7127075195312,3.8884074453264575e-21
472.26175803731235,Move,1535.4992065429688,6.436387154734141e-22
480.87065106066996,Move,1534.3375854492188,1.7778315330693226e-22
501.6952095587346,Move,1532.9277648925781,9.330897605278943e-23
516.9740171957153,Move,1517.4496765136719,1.41883042509993e-22
534.7572690905417,Move,1418.9676818847656,1.0689609421997131e-22
545.716004252758,Move,1116.1373291015625,4.684064342280877e-23
562.3428912853221,Move,304.89205169677734,1.7666390729802053e-23
569.8023707572554,Move,0.1521211378276348,3.392755648599601e-24
586.108539977996,Move,0.002350862429011613,5.830940646283335e-25
605.1258410015128,Move,0.00018375074432697147,4.451807288715512e-26
624.2033880650032,Move,0.000503805946209468,2.3685279819440643e-26
640.3958586478286,Move,0.14358729869127274,3.7139163891029003e-25
647.0793357457098,Move,66.1992244720459,7.938127897338814e-24
665.633313201119,Move,0.0002928772955783643,6.040803848963832e-24
687.2823118787389,Move,0.0001312247732130345,1.8026736938306004e-22
693.4335078309828,Move,0.0005310238630045205,1.5865638494060583e-21
705.4813394256456,Move,0.0005102604918647557,8.957925470910942e-22
715.1100466357001,Move,1.477953492923234e-08,1.4868925866959298e-21
735.2825429592442,Released,1.477953492923234e-08,1.4868925866959298e-21