resolution:1536,864
0,Pressed,571.5566711425781,285.18495082855225
18.451735808036666,Move,571.5566711425781,285.18495082855225
24.116187617158968,Move,192.63780212402344,77.21533012390137
43.49989590874374,Move,14.248083114624023,7.3300652503967285
63.73938966470391,Move,0.9752810597419739,1.5072039552032948
80.77575169605765,Move,0.22766943275928497,2.012275345623493
98.5341238601643,Move,0.35146305710077286,10.82639229297638
103.65253483183471,Move,1.71194726228714,40.471917271614075
116.32341392204532,Move,9.351127624511719,73.94707345962524
134.13259328699738,Move,34.63261127471924,84.59116458892822
154.5805505934502,Move,70.6007251739502,83.18382239341736
159.58932749755425,Move,100.47497177124023,81.27439641952515
178.2075761610563,Move,101.74721145629883,74.76378035545349
185.6943799780478,Move,86.04656410217285,67.21111965179443
204.3866560569267,Move,65.06072616577148,58.907721519470215
212.30183563371085,Move,50.30775833129883,54.22600078582764
218.25234285380805,Move,40.14839458465576,52.10989236831665
223.8363878057155,Move,34.71712875366211,52.89635682106018
245.3808608139032,Move,33.85609245300293,56.667823791503906
262.2257894447376,Move,34.707000732421875,60.72319507598877
271.9905064095252,Move,29.18385887145996,55.9124321937561
281.2680763574061,Move,24.71975612640381,54.227713108062744
289.1512207635889,Move,24.866555213928223,57.28582406044006
295.6536722355794,Move,32.053138732910156,68.96044993400574
305.27363409032154,Move,36.569289207458496,73.22077202796936
317.2338611310484,Move,39.024298667907715,75.66485452651978
327.6672954087958,Move,36.48962688446045,71.64708352088928
348.2464862619704,Move,35.52824878692627,71.77470302581787
367.8519693450488,Move,31.547927856445312,67.27403783798218
388.4815106658635,Move,32.736379623413086,71.33992123603821
402.9988463320988,Move,28.15891742706299,65.55993247032166
410.8182558479869,Move,23.41203260421753,59.82682657241821
419.78343431534176,Move,25.890618324279785,67.28061032295227
439.78756347227045,Move,27.40813636779785,69.88872170448303
449.5012748937969,Move,26.083897590637207,67.20147013664246
469.214670213113,Move,24.68056583404541,65.60313320159912
488.899999833197,Move,23.49466323852539,64.487548828125
496.3413725272442,Move,23.77348279953003,64.87483620643616
508.79322994941106,Move,23.934797286987305,66.24394083023071
518.9678017725938,Move,24.470918655395508,67.49840354919434
532.3596208583112,Move,24.36104393005371,67.68483424186707
550.8773541388728,Move,25.942191123962402,70.23332333564758
567.1777669037588,Move,29.26417064666748,74.43074011802673
582.4529666670036,Move,32.21358776092529,77.07658696174622
597.2198352581524,Move,32.03986644744873,74.47659945487976
605.1774553079362,Move,30.798239707946777,72.1252977848053
627.765469155586,Move,28.896909713745117,69.0865695476532
637.778799073454,Move,25.340394973754883,64.35933709144592
647.0584275318132,Move,22.62202548980713,61.52385377883911
652.341669473558,Move,25.374272346496582,67.55254769325256
674.4102932973598,Move,25.76180076599121,68.19496464729309
686.25413674392,Released,25.76180076599121,68.19496464729309