resolution:1536,864
0,Pressed,499.5282440185547,222.06731128692627
20.25749899842893,Move,499.5282440185547,222.06731128692627
36.09160293849449,Move,91.27819633483887,21.911274433135986
42.22245841267193,Move,11.728436708450317,2.7351489141583443
51.0965294444275,Move,29.98465633392334,10.936523258686066
70.48055721418547,Move,353.4701156616211,81.72446036338806
79.27280568457198,Move,945.3188781738281,116.30870246887207
84.82730863095186,Move,1130.3082275390625,79.67902064323425
103.65130260906975,Move,1154.2450561523438,48.843695640563965
114.07980251499637,Move,1132.6880493164062,29.82025909423828
123.11372795990152,Move,1080.0757141113281,15.860788643360138
133.94560034089386,Move,1029.8091430664062,8.624133467674255
151.46386048264574,Move,994.125732421875,5.095756709575653
171.7728432154168,Move,1003.0718078613281,3.3427320197224617
190.4172670680151,Move,1008.2737426757812,2.1087035089731216
205.76811898801364,Move,1047.9613037109375,1.5322895161807537
214.25534849952956,Move,1097.200927734375,1.1924027055501938
228.82539286152252,Move,1165.9292907714844,1.0252401642501354
250.81355761639406,Move,1190.7774353027344,0.7433683276176453
266.66880073928684,Move,1220.1939697265625,0.5515065137296915
276.93316711278527,Move,1255.2600402832031,0.44640730507671833
295.3493389937777,Move,1293.9077453613281,0.3770217429846525
316.7735416860638,Move,1325.4637756347656,0.3214750215411186
323.2670327628029,Move,1356.6607360839844,0.26981011871248484
335.28807103800136,Move,1382.5521240234375,0.24811007548123598
352.61895119136716,Move,1400.8241271972656,0.18657413637265563
362.6948529362332,Move,1430.5607299804688,0.21097733080387115
381.81149701580097,Move,1458.8448486328125,0.26250375621020794
388.1281400494649,Move,1468.1207885742188,0.2064596526324749
403.1429173104595,Move,1482.5581970214844,0.18681759713217616
425.762436983999,Move,1493.8472900390625,0.18920735735446215
442.38310220639306,Move,1504.5780944824219,0.1665220675058663
458.67022298060306,Move,1512.5828247070312,0.12084209499880672
480.43668520015876,Move,1515.6953430175781,0.10967581579461694
491.68788820303735,Move,1521.5386962890625,0.07799513242207468
508.9248794137629,Move,1523.1341857910156,0.05840538628399372
519.3156354869504,Move,1528.1504516601562,0.04544340795837343
531.1223238184414,Move,1528.8607177734375,0.03324301459360868
540.6898856613815,Move,1531.2013549804688,0.023764221521560103
560.7111236257823,Move,1531.9931945800781,0.01590056566055864
571.2130892590385,Move,1532.404541015625,0.012849939259467646
589.7775113589922,Move,1533.1337585449219,0.008410455600824207
611.4262226088671,Move,1532.9382019042969,0.007242911233333871
616.8759215186792,Move,1534.2332153320312,0.00528934616886545
626.9927526813622,Move,1533.6879272460938,0.003948264187783934
648.394824247206,Move,1534.691162109375,0.002944334308267571
665.9859607813579,Move,1534.5800170898438,0.0018894505774369463
688.943176631152,Move,1534.679443359375,0.0016133357567014173
710.5274522042945,Move,1535.3491516113281,0.001090512942027999
715.6914088515911,Move,1534.3014221191406,0.0007704327636020025
734.0803912347031,Move,1535.4585571289062,0.0004899632167507662
739.533646477423,Released,1535.4585571289062,0.0004899632167507662