resolution:1536,864
0,Pressed,644.0181427001953,335.71418952941895
14.81768808460632,Move,644.0181427001953,335.71418952941895
21.936599361478528,Move,400.1103057861328,182.8577585220337
34.59198530177761,Move,152.3092918395996,65.26429295539856
55.062593502016796,Move,36.767306327819824,20.011221170425415
76.69328716203538,Move,8.98592734336853,8.503347963094711
92.09720049676987,Move,3.514460563659668,6.38790500164032
113.60124766986645,Move,2.626662790775299,8.038754224777222
121.85167597427059,Move,3.992540717124939,14.809718906879425
128.39655613436392,Move,6.635426759719849,24.544951558113098
144.480782047477,Move,12.694071292877197,40.85074281692505
156.4577331228255,Move,24.10243320465088,61.91725015640259
176.54333888894772,Move,43.937822341918945,87.74294471740723
186.32130881871385,Move,63.38212966918945,107.44605731964111
209.27477621363826,Move,85.28121757507324,125.37826824188232
215.71557028938216,Move,94.5113639831543,130.44523572921753
229.4508920155125,Move,102.39840316772461,133.48762035369873
249.0194863771921,Move,100.41594314575195,129.91657876968384
268.71196806808484,Move,101.46364974975586,129.1258978843689
279.38701926652175,Move,95.70722007751465,123.44109106063843
285.1317031005118,Move,90.1329517364502,119.68873643875122
303.6832431394015,Move,83.96908950805664,114.13443946838379
312.31188220813436,Move,82.7702579498291,112.5265302658081
321.56935380231056,Move,82.3773021697998,111.67141199111938
334.4478457594414,Move,80.95509338378906,110.57596349716187
339.8582084560631,Move,78.12533569335938,106.98828148841858
356.21563938230076,Move,70.36383819580078,100.13155102729797
369.1106377484115,Move,64.80968856811523,95.31326293945312
375.29750154394753,Move,64.897705078125,96.18076014518738
391.4385672277343,Move,64.66128730773926,96.86046838760376
410.7524050422654,Move,60.06479072570801,93.62201642990112
429.18180889007016,Move,62.22649383544922,95.42411971092224
436.9979877158089,Move,60.736759185791016,94.04847478866577
444.5224777097082,Move,57.58051872253418,92.20123958587646
459.34462337659346,Move,60.96233940124512,95.26844644546509
465.66484037083586,Move,64.12180137634277,98.75448346138
488.1438588896505,Move,63.229923248291016,98.16008234024048
510.5077010000234,Move,67.07181930541992,101.79388761520386
531.2886861502742,Move,71.41090965270996,105.41807556152344
540.1992240785028,Move,70.29811477661133,103.2084846496582
554.4058441142047,Move,69.98686408996582,102.92093682289124
566.7256523858414,Move,68.90607833862305,102.47418808937073
574.9762530232903,Move,66.11088752746582,100.62271070480347
590.1642991914473,Move,62.8894100189209,97.46430015563965
595.2270134938635,Move,60.94914436340332,95.07485103607178
602.5502797927641,Move,64.15414237976074,97.54266786575317
620.3368085774123,Move,66.93721961975098,99.88555598258972
626.7904417213838,Move,73.21419525146484,106.23029565811157
638.941464424266,Move,72.96745491027832,105.08672189712524
655.8176507964814,Move,71.19009590148926,103.78698563575745
671.6727946034879,Move,70.20680236816406,103.07870864868164
683.5221475268823,Released,70.20680236816406,103.07870864868164