resolution:1536,864
0,Pressed,481.2978973388672,191.58919858932495
17.926292117997995,Move,481.2978973388672,191.58919858932495
24.622967287315817,Move,91.64745712280273,13.699646472930908
33.512390041243535,Move,31.939255714416504,2.7932769432663918
53.34118660073693,Move,310.50098419189453,19.174711525440216
59.64329671177195,Move,1348.021728515625,80.23146343231201
70.94077647014197,Move,1512.6380310058594,80.4337170124054
91.98293094450607,Move,1528.963623046875,49.38831388950348
114.74396153882488,Move,1533.5189208984375,32.624489307403564
129.8463181035767,Move,1534.960693359375,15.792793035507202
140.78915433235255,Move,1535.4166259765625,5.398709401488304
157.3275612156002,Move,1535.6549377441406,1.2229216508567333
166.9302282821454,Move,1535.800048828125,0.23298988491296768
178.96312230627694,Move,1535.8875732421875,0.04565956676378846
191.87789414046034,Move,1535.935546875,0.007773901394102722
211.30450630189105,Move,1535.9620971679688,0.0013027086461079307
221.98060863193055,Move,1535.975830078125,0.00019513656252456713
240.47768453405166,Move,1535.981689453125,2.578767100658297e-05
261.31955357113276,Move,1535.9761962890625,3.032414831238839e-06
266.6006650245716,Move,1535.9514770507812,3.0664693184689895e-07
286.88779111960116,Move,1535.8621215820312,3.5354202565507364e-08
293.1699231833931,Move,1535.4854736328125,4.632685485228549e-09
309.0279044181102,Move,1533.568359375,9.085949492781964e-10
322.819365146855,Move,1520.0692749023438,2.7791310659025514e-10
328.06188565285294,Move,1424.460205078125,1.645330785678134e-10
339.11583292069776,Move,828.0277404785156,1.583894929275964e-10
344.35328954512505,Move,129.43091583251953,3.114674690038455e-10
357.0040795216988,Move,10.117241621017456,1.488910026520296e-09
365.5359424409766,Move,0.603523001074791,1.232558630159808e-08
378.168307296283,Move,0.019190782215446234,5.602068209320521e-08
388.1342589612236,Move,0.0003823996230494231,1.578403128199568e-07
399.6312016893958,Move,6.017669647917501e-06,3.4216043598434e-07
417.94510314403436,Move,7.967228476957189e-08,5.156845510612129e-07
422.9489579873966,Move,7.171201965583407e-10,1.2745671078562282e-06
433.3706846727359,Move,7.165476745285559e-07,1.2116565750730501e-07
455.19923041666334,Move,1.855470017630978e-07,2.778432783845375e-08
463.1789660924871,Move,1.487547152123625e-08,2.158333961554959e-08
484.78836560543095,Move,2.104362850641195e-09,1.1652285886176728e-08
492.9033345989368,Move,9.346255103181988e-09,1.6646750852777892e-09
513.0578403407627,Move,5.325976742964755e-10,2.0276537480296009e-10
519.8988611334403,Move,6.171895806927896e-11,4.657249781138406e-11
540.9221998331764,Move,5.998163554385427e-12,1.9852104823307043e-11
560.2479823710305,Move,8.945511161245062e-13,7.489695356830339e-13
573.302442029421,Move,1.7322013823317661e-09,1.5062601434689092e-12
581.2536563827026,Move,1.3989244658507705e-11,2.475749164621268e-15
592.0631114482901,Move,1.881907338296962e-10,4.8166442386483185e-15
609.9025574033303,Move,3.570416462483905e-10,1.5381587338359284e-15
619.7910620292564,Move,5.137597430815433e-10,1.0319356041197614e-15
639.4169134436648,Move,1.6838577199251858e-09,7.134452784497075e-16
653.5055916358077,Move,1.4853088758925992e-09,5.408070928689498e-16
675.7593146198726,Move,3.096327860774295e-09,3.9879981896133695e-16
681.324450500372,Released,3.096327860774295e-09,3.9879981896133695e-16