resolution:1536,864
0,Pressed,718.5252227783203,390.61474227905273
16.728455725743395,Move,718.5252227783203,390.61474227905273
25.834159144682214,Move,646.7612457275391,336.0359001159668
32.39705193446137,Move,566.9282684326172,284.7551965713501
49.97359957935689,Move,491.59693908691406,242.8370590209961
59.87958597771944,Move,428.24610900878906,211.49051570892334
68.65662722683841,Move,378.3637390136719,190.40664052963257
88.81037873593672,Move,335.80492401123047,172.93241786956787
105.31653600089514,Move,310.21488189697266,165.3048334121704
121.16894840032761,Move,300.31549072265625,165.53980779647827
139.0008636483947,Move,292.64417266845703,165.23586416244507
160.5729820314103,Move,288.8233337402344,165.81898069381714
173.24203486975708,Move,291.4325866699219,170.733229637146
181.29881183545825,Move,281.6049041748047,166.55198335647583
199.6068675281605,Move,281.22264862060547,166.59179162979126
221.9793386898124,Move,279.76808166503906,166.4978199005127
227.88594057912334,Move,282.3940200805664,168.3202714920044
245.72706130367538,Move,278.62669372558594,167.23200702667236
250.8545819240369,Move,277.77598571777344,167.2099142074585
268.0931583201037,Move,280.5457305908203,169.0067195892334
279.939236633902,Move,284.32823181152344,172.1199917793274
297.8772266857379,Move,290.4016571044922,174.79967308044434
307.16196168479684,Move,293.9725570678711,176.56090593338013
328.5146754455383,Move,291.92887115478516,174.89367055892944
351.05384137554313,Move,293.26673126220703,174.76128101348877
364.2428585183068,Move,287.02425384521484,170.6413950920105
377.2829718117918,Move,285.5321502685547,170.46516752243042
382.9877930276192,Move,287.9542465209961,172.17107820510864
389.25587262467246,Move,294.03419494628906,175.71434926986694
401.50283840170266,Move,292.8899688720703,173.58507013320923
417.5608293839373,Move,292.27100372314453,173.37453174591064
435.13084648687385,Move,289.48475646972656,171.46182918548584
456.17135428713607,Move,288.64684295654297,171.67194271087646
471.26468535642204,Move,291.0589828491211,172.79019212722778
491.31166393200783,Move,291.49935150146484,173.1426215171814
502.2778914307284,Move,292.3642044067383,173.94463205337524
514.4537764072032,Move,294.5270690917969,174.79694366455078
525.6222547324057,Move,292.2131881713867,173.1696195602417
539.3391806703836,Move,295.7421112060547,174.92576694488525
549.1508009271306,Move,291.99698638916016,172.44812679290771
554.3185482848296,Move,287.0851135253906,171.12442445755005
560.7415965596172,Move,288.5018005371094,172.26761198043823
577.4335141559126,Move,286.74337005615234,171.74758100509644
596.3139225114392,Move,283.26654052734375,169.7789511680603
605.734998423911,Move,283.57521057128906,168.86745500564575
612.8059624743204,Move,283.3601989746094,168.94859075546265
625.5307153333652,Move,289.0576400756836,171.92347383499146
648.3682504050882,Move,292.4735870361328,173.66842031478882
661.9971768753535,Move,295.8192672729492,175.92036867141724
672.0675453285572,Move,298.16365814208984,176.85346841812134
682.5631231046362,Move,302.59801483154297,179.31604528427124
697.2195646941515,Released,302.59801483154297,179.31604528427124