resolution:1536,864
0,Pressed,497.74461364746094,228.77850723266602
19.247154477063205,Move,497.74461364746094,228.77850723266602
32.724549670552676,Move,122.44060134887695,38.814276695251465
42.54810688395162,Move,19.86260461807251,7.520769506692886
53.22582602542828,Move,19.558655261993408,12.374484479427338
65.08860496374581,Move,85.02395439147949,49.90817749500275
86.76729867419293,Move,331.0685577392578,115.05360889434814
105.19944940255195,Move,551.7973937988281,129.49499988555908
112.72318299394168,Move,619.9210052490234,123.24550008773804
121.40675285988287,Move,584.6867523193359,103.95673727989197
127.88558796026797,Move,520.7432098388672,88.72899770736694
138.19444551365586,Move,431.69627380371094,68.67455005645752
160.0228730808873,Move,403.1824951171875,66.27591490745544
168.96027521384923,Move,391.9737854003906,67.5556890964508
182.80629680597795,Move,390.2527313232422,68.85910749435425
194.41067903700372,Move,393.58026123046875,70.24256730079651
207.23401972569314,Move,410.45677185058594,73.88981366157532
224.4633902495685,Move,434.3621520996094,79.17033863067627
246.1860633249177,Move,444.20068359375,77.44904923439026
263.98797447919287,Move,468.08839416503906,79.9793529510498
284.18059094112175,Move,484.1022033691406,80.45309329032898
304.1716049168255,Move,499.2986297607422,80.20249557495117
316.1161286714446,Move,523.8051910400391,79.67757225036621
322.2285466735987,Move,546.356689453125,80.3377947807312
344.41149336678194,Move,569.6817169189453,81.36205315589905
351.46820844238846,Move,601.9172973632812,87.2184784412384
363.8818041701944,Move,605.3413696289062,84.6846342086792
378.51629719626465,Move,609.9480743408203,84.21554160118103
384.6057761199645,Move,598.0621490478516,79.00824737548828
391.853139354682,Move,595.5354766845703,76.10480546951294
400.19273779804337,Move,646.795166015625,83.704509973526
419.94360832355926,Move,699.3307342529297,89.57556080818176
442.10302591024936,Move,704.3839874267578,81.09177660942078
449.43633627796663,Move,756.7068786621094,82.06125998497009
464.30776391358717,Move,831.6541442871094,86.32110571861267
481.5454720762151,Move,915.6758422851562,93.12767028808594
502.4724344714194,Move,991.1220703125,99.20685195922852
519.5176778703637,Move,1066.3888549804688,106.60377502441406
537.6522398862189,Move,1099.6767883300781,98.45214915275574
545.4118710635447,Move,1139.0719299316406,96.71793365478516
565.6086644657279,Move,1186.0724487304688,97.73441576957703
587.6813411807981,Move,1239.0702209472656,100.6314525604248
607.4507894762219,Move,1265.3190307617188,90.42174410820007
619.7164720926934,Move,1311.3644714355469,94.29591178894043
631.5767393792141,Move,1364.4596557617188,103.06015634536743
636.6548265385427,Move,1392.9913330078125,98.56772446632385
659.1566496559329,Move,1419.7400207519531,96.39899110794067
670.2836718765473,Move,1444.7298889160156,92.74268102645874
680.5815848174592,Move,1464.276123046875,85.8503201007843
699.7957693497009,Move,1482.970458984375,83.39555168151855
706.7546547166951,Move,1496.8466491699219,76.15557646751404
714.8920021609065,Released,1496.8466491699219,76.15557646751404