resolution:1536,864
0,Pressed,764.5617370605469,424.825138092041
8.87449311093129,Move,764.5617370605469,424.825138092041
22.455769748525547,Move,761.2537536621094,416.54280281066895
43.72123300437449,Move,757.3498992919922,409.31904315948486
55.289137138908885,Move,755.3455810546875,403.4608154296875
71.7107495987953,Move,753.6392211914062,399.31640338897705
92.72794166783893,Move,752.5151824951172,396.67286109924316
104.84705365791565,Move,752.0445098876953,395.4049701690674
116.71430704441502,Move,751.0348663330078,394.5871753692627
139.17855085905026,Move,749.9880065917969,393.8074893951416
157.3780931107487,Move,749.1330413818359,393.08092403411865
175.26850184567797,Move,749.2234497070312,393.35172843933105
183.61280673589312,Move,749.5114288330078,393.26562309265137
196.7009121895641,Move,749.6853332519531,393.06449604034424
201.77336013943165,Move,750.0191802978516,392.84186840057373
208.27255652224346,Move,749.8006896972656,392.7544240951538
227.63615980982982,Move,750.1773376464844,392.5869770050049
236.2974158861879,Move,751.5191802978516,392.67308235168457
242.82024643731341,Move,750.9962768554688,392.667031288147
253.70181650709216,Move,750.5688629150391,392.79608631134033
259.09181633363295,Move,749.8300323486328,393.1996021270752
277.28480331992245,Move,750.4275970458984,392.83386039733887
283.82364961755496,Move,749.9927215576172,392.2702360153198
304.2092426398027,Move,749.4162139892578,391.3523283004761
325.9249309925224,Move,749.1588134765625,391.254017829895
342.2028535693503,Move,748.6478576660156,391.99896812438965
362.4912372991676,Move,748.2235565185547,392.47159481048584
375.28733281051865,Move,748.3186340332031,393.3202886581421
394.6087514093673,Move,748.4637451171875,393.86624908447266
400.871182105206,Move,749.3504333496094,393.58514499664307
412.7333434154003,Move,750.1029510498047,393.6569080352783
432.04447653774827,Move,749.3448486328125,393.0099849700928
439.1317159633483,Move,749.8423919677734,392.9704599380493
461.9254067815625,Move,749.9192047119141,392.96268367767334
476.6138346902174,Move,750.3190612792969,393.35855197906494
485.4421089660352,Move,750.5015716552734,394.0434293746948
504.4711510039423,Move,749.5853118896484,394.0437641143799
522.7730354910344,Move,749.6825408935547,393.7827444076538
544.0231854938274,Move,749.6516876220703,392.82031631469727
561.8275099457111,Move,749.2982940673828,392.6962308883667
580.8450811976679,Move,749.8323669433594,392.8435163497925
598.0445648505003,Move,750.0210113525391,392.581955909729
603.6678322386026,Move,750.9290313720703,392.489953994751
624.6011766978977,Move,750.087890625,392.178955078125
632.8015266158703,Move,750.1022186279297,392.12176609039307
652.7959659774467,Move,750.0751647949219,392.09442043304443
669.05379471928,Move,749.2565460205078,392.14128398895264
681.6089563922562,Move,749.7737274169922,392.21608543395996
690.6567135693815,Move,748.5199127197266,391.10464668273926
709.5404069686749,Move,748.8789367675781,391.21629524230957
720.0492905878399,Move,749.1683807373047,391.62006855010986
741.9244682651776,Released,749.1683807373047,391.62006855010986