resolution:1536,864
0,Pressed,743.5282745361328,408.0321750640869
21.1599336132826,Move,743.5282745361328,408.0321750640869
26.539466008814554,Move,714.7281646728516,375.6501274108887
33.37183993415503,Move,682.2344970703125,340.15742111206055
42.89597662905022,Move,651.5798034667969,307.7722063064575
51.42826060403728,Move,622.4927673339844,279.6806974411011
67.13643378674129,Move,598.2602233886719,258.4690933227539
81.43035163866593,Move,578.326904296875,241.53826904296875
98.65831603225176,Move,561.3554534912109,227.1218547821045
106.20434815337232,Move,546.2756652832031,215.55448722839355
127.45986614535951,Move,532.2039184570312,206.08627223968506
138.111734496378,Move,525.0123138427734,199.80382633209229
145.25786624044014,Move,517.1900024414062,193.91498279571533
162.61207749518275,Move,511.8897399902344,190.3551549911499
172.7128380557096,Move,500.8509979248047,183.59686374664307
179.7929834826909,Move,495.88934326171875,180.21941757202148
194.28373819980177,Move,492.61317443847656,176.86433458328247
200.3442380385698,Move,488.1642608642578,173.95717191696167
212.8132856635113,Move,487.1062316894531,172.61733770370483
229.5857331465096,Move,483.3053741455078,169.98852396011353
247.31743810892058,Move,479.2900085449219,168.5155792236328
257.07524948185204,Move,478.3959045410156,167.85706901550293
265.61289306938767,Move,478.4012145996094,168.84766674041748
273.83540886471127,Move,479.62156677246094,169.55909156799316
278.95038653217114,Move,477.1577453613281,168.37090730667114
289.29677173057394,Move,477.4038848876953,168.9908323287964
305.7207464956916,Move,474.32794189453125,167.49233150482178
323.0335616620872,Move,473.84056091308594,166.90403938293457
341.2374112456248,Move,473.13294982910156,166.43872547149658
352.7756873546958,Move,476.51568603515625,167.50463962554932
360.7728765756065,Move,481.21165466308594,171.51784658432007
368.1610652864389,Move,483.8028259277344,172.53212070465088
383.6691567992246,Move,483.85675048828125,173.54869937896729
398.3007833264776,Move,481.75799560546875,172.65394020080566
408.2606657035627,Move,480.12290954589844,171.67020463943481
418.14390639319777,Move,478.2165069580078,171.01742362976074
440.6373446709325,Move,479.1173858642578,171.3484296798706
453.5612158661987,Move,477.57618713378906,170.8589630126953
471.4107954061312,Move,478.17164611816406,171.94668674468994
487.2741165983075,Move,479.5029602050781,172.4590573310852
504.7548044892039,Move,481.1388244628906,173.19565200805664
510.09147191309864,Move,476.04734802246094,170.51044750213623
524.493256713061,Move,475.4676818847656,169.12332487106323
529.7843230648031,Move,473.5049285888672,168.08706092834473
543.8849008898611,Move,474.2249450683594,167.85808610916138
559.1233547180975,Move,473.76214599609375,167.35234594345093
574.5896823312338,Move,477.8960266113281,170.08382177352905
589.0134301830971,Move,478.11854553222656,171.50244855880737
602.3053571823984,Move,479.6142883300781,173.18833923339844
612.7016790077478,Move,479.25856018066406,172.4226222038269
628.7780759223974,Move,480.5495910644531,173.35088109970093
648.9174676852455,Released,480.5495910644531,173.35088109970093