resolution:1536,864
0,Pressed,457.7281036376953,181.77441215515137
10.936994508018945,Move,457.7281036376953,181.77441215515137
21.68254132321877,Move,58.825801849365234,8.736777395009995
40.59067546410158,Move,10.31149935722351,0.9929488487541676
54.83708487455693,Move,150.46862411499023,8.94563403725624
60.71986802711271,Move,1377.5341186523438,85.84886527061462
74.54602663223542,Move,1520.2057800292969,57.977100133895874
85.28194311857084,Move,1531.4527587890625,28.052231669425964
94.40063157322894,Move,1534.2065734863281,16.60075807571411
116.54495777009124,Move,1535.19873046875,6.881683856248856
124.57521066265377,Move,1535.6694030761719,2.4105381220579147
141.19782747193335,Move,1535.8511352539062,0.6549157295376062
159.95516586464274,Move,1535.9218139648438,0.14110264694318175
174.4850909855905,Move,1535.9463500976562,0.028575056232511997
189.7834295157384,Move,1535.9555053710938,0.005280193130602129
196.9811658452277,Move,1535.947998046875,0.0008601061454101
211.82367201662174,Move,1535.9124755859375,0.00011300442565698177
221.5223495862789,Move,1535.806640625,1.2666416779438805e-05
241.60620855103025,Move,1535.2406616210938,1.0280053608369144e-06
248.81357339713318,Move,1534.6601257324219,9.980343751436749e-08
264.51738472718614,Move,1534.8884582519531,1.3539992127498124e-08
285.5582121914286,Move,1533.3181457519531,5.172407502307408e-10
307.1669066413739,Move,1532.5544128417969,2.9972766456276556e-11
321.30937313170625,Move,1532.7259826660156,1.0643856096796602e-12
337.89065790087045,Move,1530.0635375976562,4.296388912973753e-14
347.20343324055136,Move,1529.3673706054688,1.1519442776430449e-15
367.5156454228206,Move,1526.1442565917969,3.049849691088013e-17
383.9907013473104,Move,1521.2762145996094,6.233644922297437e-19
393.4856490247854,Move,1512.7465209960938,1.136879921754883e-20
408.11533302462226,Move,1470.3055114746094,1.6219030658998892e-22
423.1029380512792,Move,1426.3404235839844,1.688171458377182e-24
445.9936247722699,Move,330.06239318847656,2.653535636613791e-26
461.83592291064963,Move,333.24817657470703,7.044944636808008e-28
477.1065980679516,Move,2.8821501473430544e-05,1.2410478433580402e-29
484.16050127598623,Move,0.025509738363325596,1.2357821624649238e-25
493.02333941182184,Move,1.4644319285862795e-12,1.2299524951214305e-34
503.74703272154625,Move,1536,0
515.8195298223844,Move,1536,0
525.9358429753486,Move,1536,0
543.7941124263845,Move,1536,0
562.9346392304274,Move,1535.9959716796875,0
574.7025596988472,Move,1530.5055541992188,0
589.7882693612661,Move,420.71337890625,0
602.2131831241195,Move,1536,0
620.9086745700083,Move,1536,0
637.203897586666,Move,1535.6569519042969,0
652.4371262376712,Move,187.59169006347656,0
671.2297036452871,Move,1536,0
680.4006771657141,Move,1536,0
695.4432068384848,Move,1536,0
706.6694350706484,Move,1536,0
720.4878982794107,Released,1536,0