resolution:1536,864
0,Pressed,526.5824890136719,189.85904502868652
17.523162969003966,Move,526.5824890136719,189.85904502868652
22.964860435283335,Move,174.57545471191406,18.24641239643097
43.7868210523612,Move,131.38896560668945,5.142201840877533
60.953628232696445,Move,691.2701568603516,21.59239947795868
73.75944750872503,Move,1415.2787475585938,64.52597308158875
94.17271519958041,Move,1515.6865539550781,70.96605563163757
110.46894420339362,Move,1531.8021240234375,49.18943989276886
117.90069266760233,Move,1534.8675842285156,27.6776225566864
134.35403913348725,Move,1535.5487365722656,10.80989670753479
151.01549904792859,Move,1535.7835693359375,2.5559000372886658
168.8606154916106,Move,1535.8928833007812,0.4427447821944952
180.59468381665303,Move,1535.9489135742188,0.05348190036602318
194.63926608716017,Move,1535.9776611328125,0.004714775743195787
210.09818188163263,Move,1535.9908447265625,0.00037301300199032994
219.54350790118755,Move,1535.996337890625,2.6122193048649933e-05
240.4359080396171,Move,1535.99853515625,1.841127826196498e-06
259.4588908695525,Move,1535.9994506835938,1.1696412238748621e-07
281.49705110149506,Move,1535.9998168945312,6.579069788958947e-09
298.76219036953165,Move,1535.9998168945312,3.382828002093663e-10
305.1220449222132,Move,1535.9998168945312,1.8756694927703904e-11
328.0230449844276,Move,1536,1.1886049700634681e-12
343.640935230184,Move,1536,9.145583651050187e-14
356.0760917357411,Move,1536,9.360869499509412e-15
367.1412145616881,Move,1536,1.2680212062049087e-15
377.1177755007303,Move,1535.9998168945312,2.1500755942399976e-16
384.7027780468006,Move,1535.9996337890625,5.00871352216649e-17
404.3577797450276,Move,1535.9987182617188,1.306632140385204e-17
409.46088859615753,Move,1535.9946899414062,4.532981293051445e-18
432.0228368964557,Move,1535.9789428710938,1.3340491199826914e-18
438.8525027785367,Move,1535.8969116210938,2.3501580590926434e-19
448.0570481582097,Move,1535.6914672851562,3.364240264337966e-20
466.45278951880226,Move,1534.2038269042969,6.290488182283293e-21
471.9817724868387,Move,1532.6063232421875,1.203935361782834e-21
487.4568403872689,Move,1515.8727722167969,4.124901561249272e-22
503.0868126904056,Move,1352.920166015625,1.2407439279536694e-22
516.621314819708,Move,616.2399444580078,3.3753652814345234e-23
535.2726427454139,Move,119.88102722167969,6.364513759585986e-24
552.8464998039958,Move,31.181562423706055,1.2085297792027061e-24
568.6240409461266,Move,9.720723152160645,8.115501349029302e-25
588.2909374076455,Move,0.30076879262924194,3.398353730680024e-25
609.7557578848821,Move,9.539590791973751e-06,9.751036425580441e-26
623.5075788792348,Move,3.733083815404825e-07,1.0865162670209757e-25
638.3379833781885,Move,6.694797249906514e-08,4.8062462682540033e-26
655.7411654671291,Move,0.008098711492493749,1.7004195223328213e-24
677.8349840899558,Move,1428.4721374511719,1.5841450166855532e-23
695.6771942644939,Move,1536,2.866995181358071e-23
710.0197347887339,Move,404.9790344238281,2.5705588866824367e-24
718.744908885853,Move,1536,3.247942871055103e-22
732.8190030078417,Move,1535.2241821289062,1.0731212470722076e-24
737.9093831743885,Move,1535.9996337890625,2.094389150835975e-31
757.9376789573417,Released,1535.9996337890625,2.094389150835975e-31