resolution:1536,864
0,Pressed,524.7367401123047,196.02944326400757
10.26313059352118,Move,524.7367401123047,196.02944326400757
22.61687893747193,Move,170.11473083496094,19.16306483745575
30.301206802804984,Move,113.58136367797852,4.801863715052605
50.47359455974187,Move,629.4091186523438,19.863658905029297
57.395259819850345,Move,1409.7988586425781,68.43166422843933
73.78913936704576,Move,1514.7131652832031,72.16121792793274
87.89846130986054,Move,1531.5508117675781,48.90334367752075
95.93190813937446,Move,1534.7857360839844,28.17261564731598
108.52895296567348,Move,1535.5087280273438,11.272111058235168
118.61563191345893,Move,1535.7665405273438,2.6947303041815758
126.80425926163211,Move,1535.887939453125,0.4956446159631014
133.77807697089773,Move,1535.9474487304688,0.06301743001677096
141.44785256948478,Move,1535.9771118164062,0.005625319958198816
152.49893736540494,Move,1535.9906616210938,0.0004751141841552453
162.0702208803055,Move,1535.9959716796875,3.240044622998539e-05
182.28191798140386,Move,1535.9983520507812,2.071113648582923e-06
190.05859097125645,Move,1535.999267578125,1.2604526222759205e-07
206.15640637342688,Move,1535.9998168945312,6.991373480147445e-09
216.15166398928264,Move,1535.9998168945312,3.802947332043338e-10
221.55082130707746,Move,1535.9998168945312,2.1021210651079453e-11
243.016488535986,Move,1536,1.1716518868391118e-12
265.6906781862496,Move,1536,7.313710641748466e-14
279.624775291706,Move,1536,6.5548319602653875e-15
292.1669634414314,Move,1536,8.120209793458867e-16
298.84623927414697,Move,1535.9998168945312,1.3794546761616867e-16
316.46445389224084,Move,1535.9996337890625,2.928170264928605e-17
327.9438699593646,Move,1535.9989013671875,7.623253486047456e-18
341.44277044756205,Move,1535.9961547851562,2.141372431519597e-18
349.2832364613199,Move,1535.9805908203125,6.315035762566375e-19
368.5803765170538,Move,1535.9412231445312,1.0216919720361587e-19
383.42869652746697,Move,1535.804443359375,1.5561774612380056e-20
394.250631122424,Move,1535.7471313476562,1.9081052520028108e-21
406.37058604498185,Move,1535.08447265625,3.9931167461196747e-22
417.7598466658656,Move,1531.3166198730469,1.587090409327128e-22
431.55928173658725,Move,1504.6373291015625,6.944856136552911e-23
447.08297852747324,Move,1465.5314025878906,2.6364529582507072e-23
455.0192026419304,Move,1066.8232727050781,3.185005414167822e-23
467.0053108260744,Move,367.7350845336914,1.6690086612739213e-23
484.00221059070486,Move,88.60063934326172,5.0120470144581666e-24
503.8790369413084,Move,5.783847212791443,1.670463299829031e-24
512.1326853629166,Move,0.0017164485761895776,3.5430922886776626e-25
530.0245812819908,Move,2.1295259102771524e-05,7.817420711082738e-26
542.7698693455911,Move,1.7267114458263677e-06,9.593031365902189e-27
563.4395598085091,Move,0.0005762979271821678,4.107488310292447e-26
574.6236811599958,Move,9.959800958633423,3.872017934982472e-24
597.507460633435,Move,36.203335762023926,5.005690188394621e-24
603.3478316487764,Move,0.8361062407493591,2.5021966320442914e-24
619.5064236773927,Move,947.1272277832031,1.1807555644516848e-22
639.6951800132208,Move,1408.9010925292969,7.771902070827895e-23
650.3157333858812,Move,1526.3183898925781,3.573350463623978e-29
669.9456618749934,Released,1526.3183898925781,3.573350463623978e-29