resolution:1536,864
0,Pressed,520.6214447021484,213.7137279510498
13.273320206315324,Move,520.6214447021484,213.7137279510498
19.587304748900426,Move,155.76409149169922,24.09538972377777
26.7385156073473,Move,80.32546806335449,5.9567248821258545
49.61407582126758,Move,413.1092834472656,22.422006726264954
57.41278205123132,Move,1295.7131652832031,71.30608034133911
73.6427632606925,Move,1494.2436218261719,77.3135826587677
94.31487173977736,Move,1527.0471496582031,56.985395193099976
103.07559729165283,Move,1533.3616333007812,36.14440906047821
118.43265063958155,Move,1534.9264526367188,18.38437181711197
139.9304317289802,Move,1535.4755859375,5.534441113471985
154.84316300576717,Move,1535.742919921875,1.1798475533723831
176.70031748397147,Move,1535.873291015625,0.1889960328117013
198.71445374852948,Move,1535.9412231445312,0.02413073752541095
216.4838357017643,Move,1535.9727172851562,0.002576315455371514
223.79366274516028,Move,1535.9879150390625,0.00023282694837689633
238.88148599108004,Move,1535.9939575195312,1.9320541071010666e-05
252.31543814842186,Move,1535.9974365234375,1.5097484222792446e-06
260.26999046674024,Move,1535.9987182617188,1.0966375008081286e-07
265.4282192111236,Move,1535.999267578125,6.268915761498128e-09
271.0974901060331,Move,1535.9996337890625,3.5561500619230024e-10
292.2800722484699,Move,1535.9996337890625,2.009312930883328e-11
304.5805728069983,Move,1535.9998168945312,1.2961863943012752e-12
322.55670448761396,Move,1535.9998168945312,9.669666038340059e-14
332.16950139749747,Move,1535.9994506835938,7.618929329291778e-15
339.9011358021576,Move,1535.9970703125,8.410209820186527e-16
357.6469477430567,Move,1535.9456176757812,1.7313654370184746e-16
369.5199053499384,Move,1534.5325012207031,6.234633405714377e-17
388.60057056073157,Move,1490.3867797851562,3.242317734804849e-17
401.2429339597379,Move,770.6537475585938,3.0928418450785434e-17
410.6400138131104,Move,45.021225929260254,4.8749687775538376e-17
425.4749300727485,Move,1.7931740283966064,8.944467972771842e-17
446.2491675664611,Move,0.06108267791569233,5.251108891051416e-16
462.40780499246443,Move,1.5595815181732178,4.862963090550952e-16
468.4104117262484,Move,4.411906957626343,9.82361031364665e-17
476.04881245973127,Move,0.08159031718969345,7.650290737398759e-16
482.55725846216785,Move,0.0004899907362414524,2.5943717084310394e-15
498.14845021898,Move,4.233917366036621e-06,7.158932946571398e-15
511.1456081521398,Move,4.271661691035433e-08,1.0703915914480987e-14
523.6869217046002,Move,1.2854558750774459e-08,2.746539198789249e-15
536.2896308352538,Move,1.5699130329061006e-09,5.797492886895397e-16
552.3574235427412,Move,2.3115962269337764e-11,1.8892909580904456e-16
572.6581405319627,Move,8.435613047929474e-13,5.051861454945879e-17
592.4948138138765,Move,1.86069319945293e-13,5.473325434979344e-18
597.9891557153212,Move,8.231218688978015e-16,2.1652171599097052e-18
620.7891348237239,Move,5.287923705722334e-18,9.992877786828115e-19
625.9984591866943,Move,3.7609162417007086e-19,2.5047412003815124e-19
640.0433699729265,Move,6.2295528210330456e-18,6.793005175440012e-21
648.4987326436142,Move,1.1299555457977561e-09,1.1207196397368635e-21
659.4819269382195,Move,1.4244798194340547e-06,5.057249335973009e-25
673.0316726330865,Move,1.0307385878149944e-07,5.556019030158173e-28
691.458803272216,Released,1.0307385878149944e-07,5.556019030158173e-28