resolution:1536,864
0,Pressed,552.4844970703125,268.8844413757324
18.391933389994392,Move,552.4844970703125,268.8844413757324
30.26913697610337,Move,200.14734649658203,76.43214225769043
47.935257514707104,Move,31.163755416870117,14.00336480140686
60.94701381665427,Move,8.310381889343262,7.5939487516880035
67.48112629141937,Move,10.80121636390686,18.14390641450882
78.46386778149275,Move,33.60138416290283,53.901689529418945
87.891609924068,Move,83.36495590209961,95.44480919837952
95.26820653866716,Move,126.29270553588867,113.77241849899292
112.3204888807194,Move,153.07133102416992,122.77701902389526
132.5233516854836,Move,156.5452766418457,120.2565450668335
151.78209264416577,Move,155.05511856079102,117.72852659225464
165.52019068365462,Move,156.7235870361328,117.9301815032959
188.23038027706536,Move,149.06678009033203,112.0421233177185
203.72654647204803,Move,127.8468017578125,98.14997577667236
223.89059383020535,Move,117.46658706665039,93.8156247138977
244.47428889032915,Move,107.92849731445312,89.02850604057312
256.21526911223026,Move,105.66007232666016,88.88731670379639
275.4958674804939,Move,109.38698959350586,92.35342383384705
295.95995552849257,Move,104.87515640258789,89.75448560714722
304.62158255372856,Move,99.77181243896484,87.18489503860474
327.2846010138669,Move,98.17078399658203,86.31336164474487
332.88977840223936,Move,99.60911178588867,88.58469271659851
353.4031219799198,Move,102.8873405456543,90.82852363586426
360.37796203306425,Move,105.64386749267578,92.28919887542725
379.6873278805524,Move,111.1673812866211,95.03948450088501
397.10798082718,Move,116.22739791870117,98.4604082107544
419.08482310458066,Move,105.36539840698242,90.36385345458984
433.40485099134133,Move,112.42044067382812,96.28317761421204
452.7857624622813,Move,116.04911041259766,96.84396314620972
461.7497865835695,Move,112.61949920654297,94.10024356842041
469.33398226625064,Move,107.51597213745117,91.14917206764221
489.7857856057056,Move,109.72551727294922,93.63359713554382
499.69409847184284,Move,101.45702362060547,87.17147326469421
509.94641372249123,Move,103.43464279174805,90.77062654495239
519.0437830562656,Move,105.19232940673828,91.43695163726807
539.5822614416551,Move,105.93903350830078,91.25937867164612
554.8558772694071,Move,100.3443832397461,87.19356608390808
572.2343322387384,Move,102.53741455078125,88.91566014289856
594.6136572937783,Move,108.38459014892578,93.21483135223389
611.9463483000511,Move,112.29374313354492,95.58568954467773
619.583149975678,Move,114.13681411743164,96.56711411476135
639.7437096265439,Move,117.10495376586914,97.93525958061218
660.6447930709058,Move,114.28756713867188,95.35101127624512
676.6117936530512,Move,105.97804641723633,89.85922694206238
681.8340091037121,Move,104.44963073730469,90.46544694900513
696.7654563541876,Move,99.3929672241211,87.38956260681152
709.8943799783816,Move,99.35977935791016,87.92670392990112
729.223042783641,Move,100.8896713256836,89.20472717285156
752.2116718685676,Move,101.89315795898438,90.37627744674683
769.6655426733992,Move,103.95347213745117,91.29807329177856
783.0385095476297,Released,103.95347213745117,91.29807329177856