resolution:1536,864
0,Pressed,770.6069641113281,431.9186325073242
17.948784887967882,Move,770.6069641113281,431.9186325073242
25.01858908680962,Move,773.0212097167969,432.34957122802734
30.97967486252638,Move,774.7773742675781,432.37768936157227
38.67358143273131,Move,777.0453186035156,432.39859771728516
57.74328626883133,Move,778.6492309570312,432.154598236084
72.54124218818721,Move,779.7827453613281,432.137243270874
87.91122001643953,Move,779.9748229980469,431.7567472457886
106.15682284687652,Move,781.1708679199219,431.96168518066406
124.28998396441895,Move,781.0434265136719,431.76890087127686
140.1579200275577,Move,780.0586853027344,431.4258441925049
156.18596515194406,Move,780.1114196777344,431.4998731613159
161.8142146025922,Move,780.2748413085938,431.0648145675659
184.12072805639752,Move,780.8930969238281,431.01928997039795
196.76520431827294,Move,781.578369140625,430.91806983947754
217.17261471029343,Move,781.524169921875,431.19031620025635
230.92162261982955,Move,781.4111938476562,431.48089599609375
247.95030566389158,Move,781.259765625,431.38526344299316
253.02479545443623,Move,780.8533630371094,431.2677183151245
261.12444317678694,Move,780.5491333007812,431.2247943878174
270.9262369391723,Move,779.7919921875,431.3165645599365
277.22721928043126,Move,780.17138671875,431.8848752975464
285.68558056180007,Move,780.5629577636719,431.9422187805176
303.1491771400871,Move,780.8441162109375,432.10057640075684
323.0765983429264,Move,780.9592895507812,432.03821182250977
332.32136830232645,Move,780.3047790527344,431.67620372772217
352.14307013446887,Move,779.88720703125,431.62758922576904
358.51607124891194,Move,779.6437683105469,432.0036563873291
374.10126797905843,Move,779.5903015136719,432.4574089050293
379.9523105641861,Move,779.496826171875,432.26063346862793
391.032137710568,Move,779.9586181640625,431.89558696746826
413.781407384303,Move,780.2814331054688,431.43519115448
431.191233385775,Move,780.6390380859375,430.96972274780273
445.22441371146806,Move,780.8505249023438,430.77606296539307
463.3962358967007,Move,779.9686889648438,430.79236221313477
470.74682112038374,Move,779.4419860839844,430.88348865509033
481.7387497849254,Move,779.0006103515625,430.79439640045166
490.219985817487,Move,778.7167053222656,431.2155246734619
497.4866986976633,Move,778.4100036621094,430.97044372558594
505.5296760355512,Move,777.9114074707031,430.73980808258057
522.4980277167775,Move,779.2421264648438,431.1237802505493
528.3979185853055,Move,780.0718688964844,430.8714895248413
537.9345264136115,Move,780.7086181640625,430.59471130371094
559.8055256092528,Move,780.5944519042969,430.56038761138916
574.1111693659622,Move,781.2665405273438,430.748459815979
585.6407037528409,Move,780.3896484375,430.19310092926025
592.451706310979,Move,780.3159484863281,430.53244972229004
601.2490251296188,Move,779.7358703613281,430.63421058654785
607.3972039549935,Move,779.5279541015625,430.82980155944824
615.7863683277747,Move,779.9432373046875,431.1847801208496
622.836120373112,Move,779.9252014160156,430.73223781585693
636.6979005659277,Released,779.9252014160156,430.73223781585693