resolution:1536,864
0,Pressed,769.79296875,431.04045581817627
8.445144475237688,Move,769.79296875,431.04045581817627
29.15657386844093,Move,771.7370910644531,429.77835845947266
38.04103589337737,Move,773.1448059082031,428.5124759674072
53.28747865989611,Move,774.5549926757812,427.93571949005127
73.80756505656846,Move,774.8507080078125,427.2052402496338
94.49565939625914,Move,775.3363037109375,426.2270278930664
102.45994277047387,Move,777.0821228027344,425.80049228668213
108.65625879409096,Move,777.9065551757812,425.7016668319702
119.81720831993844,Move,778.3320922851562,425.62187004089355
131.78033193027252,Move,777.9934387207031,425.32853507995605
139.7705716119325,Move,777.2444458007812,425.0829391479492
144.99247282423633,Move,777.7752685546875,425.09818267822266
150.22613055240123,Move,777.49365234375,424.9060935974121
156.310813639377,Move,778.2861328125,425.006103515625
173.30614000915193,Move,779.3659057617188,425.0687770843506
196.2431746632663,Move,778.9369812011719,424.8801898956299
211.79185901980574,Move,778.7319030761719,424.92249584198
221.19801647676724,Move,779.4153442382812,425.3069314956665
237.3416175867008,Move,779.5794067382812,425.7328233718872
251.5623673957549,Move,779.1507568359375,425.3026828765869
265.44646888915014,Move,778.2734985351562,424.87506580352783
273.83950831021355,Move,777.6497497558594,424.5264472961426
283.47713360614006,Move,777.4616088867188,425.06558418273926
288.7147036742366,Move,777.36474609375,425.1712074279785
304.26550257496393,Move,776.6239929199219,424.6684799194336
318.3730762132575,Move,776.6934814453125,424.8260908126831
338.0896211614922,Move,777.2905883789062,425.47031021118164
352.17104600036953,Move,778.4593505859375,425.8944253921509
370.9047863684922,Move,778.7020568847656,425.83466148376465
387.7601407824912,Move,779.0330200195312,425.9940490722656
393.518148755263,Move,778.3953552246094,425.6325044631958
407.53430935789584,Move,778.5422058105469,426.1259880065918
418.9450402758159,Move,777.904541015625,425.7717819213867
431.20301337091485,Move,777.6648559570312,425.36394023895264
441.66535682353015,Move,778.0962524414062,425.1737823486328
462.3220730447502,Move,778.5180358886719,425.22193336486816
468.46411181851573,Move,778.7727355957031,425.1518440246582
482.65684465108836,Move,777.8173828125,424.98323822021484
488.37202835027176,Move,777.99169921875,425.26992988586426
505.7990308641972,Move,778.1580505371094,426.16989040374756
515.1963159110235,Move,778.4100036621094,425.8394250869751
524.1263610484511,Move,779.0153503417969,426.33744049072266
534.2825414180969,Move,779.10205078125,425.907995223999
552.6098844567263,Move,778.8607177734375,425.8797998428345
571.6811872141909,Move,778.9419250488281,426.0483798980713
576.9453708040373,Move,779.2497253417969,426.12678623199463
599.1080503927959,Move,779.1768493652344,425.9041328430176
608.7593006631746,Move,779.8167114257812,425.5632905960083
615.131494408007,Move,779.9629211425781,425.82472229003906
635.2356289645797,Move,779.8881225585938,425.7101125717163
648.825564324387,Released,779.8881225585938,425.7101125717163