resolution:1536,864
0,Pressed,562.7526397705078,273.92549228668213
21.172705562453118,Move,562.7526397705078,273.92549228668213
31.778686501362635,Move,190.85070419311523,71.7834062576294
37.79838277427115,Move,30.89165496826172,14.682207226753235
58.870022762058184,Move,8.844460487365723,8.512121200561523
77.07445896893284,Move,8.528845310211182,16.851513504981995
94.34500626533055,Move,26.03031635284424,54.428807973861694
105.81274657771569,Move,73.07906341552734,107.4927921295166
123.0245602264384,Move,114.23601150512695,129.73737716674805
129.6005798670717,Move,155.65692901611328,150.07364988327026
146.98754672983935,Move,164.8022804260254,146.42076444625854
163.03493179844867,Move,160.7255516052246,138.3557267189026
171.00044286456117,Move,146.5719337463379,127.27857255935669
179.80279657334498,Move,139.61260986328125,122.49006986618042
195.9437761635341,Move,128.4968605041504,115.40540742874146
208.15435985250076,Move,124.64936828613281,113.24977397918701
220.2623437280995,Move,116.67279052734375,107.71225261688232
229.35862048007738,Move,113.10746383666992,106.79415822029114
248.5107980636045,Move,114.09545516967773,109.04660224914551
255.27010286247216,Move,120.93780899047852,114.5884108543396
261.57486224626155,Move,115.69394302368164,111.54110813140869
269.4279755303185,Move,115.27756118774414,112.17637968063354
278.70067159539553,Move,107.38489151000977,105.70871329307556
294.9963376036964,Move,107.58461380004883,106.95442771911621
300.2329143618868,Move,110.7337532043457,109.37905025482178
311.4991203320726,Move,105.21033096313477,104.83876991271973
320.8371323825974,Move,111.62942504882812,110.66338205337524
332.66469446066316,Move,116.91240692138672,114.47381401062012
353.4246115626215,Move,112.76539993286133,110.1589035987854
358.9405883755026,Move,113.2510757446289,110.76231050491333
380.3838251904206,Move,117.6302490234375,114.11821746826172
399.7641102212574,Move,112.09783172607422,109.07557010650635
409.15861370996123,Move,108.55836868286133,106.9286527633667
428.47315831262983,Move,106.45588302612305,105.95978093147278
442.5117936720843,Move,113.30050277709961,112.62814950942993
459.5793585516286,Move,119.64966201782227,116.82327461242676
464.9075440961114,Move,121.52633285522461,117.64011669158936
482.2098965559861,Move,116.5532341003418,113.63135147094727
503.3028617829666,Move,110.5265007019043,109.73786544799805
517.9394060304573,Move,107.62422180175781,107.57164263725281
532.8651346636667,Move,107.78985214233398,107.60194945335388
544.4971268650463,Move,120.52856826782227,117.7197847366333
553.2488007099561,Move,131.73426818847656,123.64637660980225
560.093124080852,Move,125.33652877807617,117.03394174575806
580.3577523388716,Move,114.22692489624023,109.49260425567627
598.1336158376939,Move,105.85826110839844,103.89805483818054
620.2456165949665,Move,103.64935684204102,104.0894422531128
641.4557627662,Move,102.91778182983398,103.83457660675049
663.0316435452177,Move,97.42702102661133,99.65342688560486
670.2887712106418,Move,103.39250564575195,106.50925612449646
689.5297146430513,Move,106.35880279541016,107.51415753364563
711.9040531683504,Released,106.35880279541016,107.51415753364563