resolution:1536,864
0,Pressed,723.0321807861328,394.6465787887573
16.564339326146637,Move,723.0321807861328,394.6465787887573
28.021040662172844,Move,656.9152679443359,343.2660970687866
48.36252772315387,Move,583.283935546875,291.85896492004395
61.80970256550208,Move,518.9680023193359,251.9665174484253
78.5272654200891,Move,462.0198211669922,221.5653305053711
96.76074966347436,Move,414.4741516113281,198.7513918876648
114.00564135610277,Move,376.3414077758789,181.95784950256348
120.20966856957374,Move,351.4617233276367,172.12207746505737
127.19862502580072,Move,336.9814682006836,168.89071941375732
135.3611605110281,Move,331.75902557373047,170.1550054550171
154.83446849972265,Move,326.7180404663086,169.83644914627075
164.83261674144092,Move,321.4053039550781,168.68915462493896
181.92129740769943,Move,313.3703384399414,165.4565348625183
204.80186591091845,Move,312.9228057861328,166.18928003311157
226.1018523658246,Move,313.01129150390625,167.0732889175415
235.88086086094034,Move,314.4075622558594,167.91066598892212
256.000359266221,Move,315.84580993652344,168.34983158111572
263.0771220531669,Move,320.3060302734375,170.0247015953064
279.5175631931714,Move,324.3940887451172,172.30154943466187
290.309861081684,Move,327.97434997558594,174.1212329864502
302.4348907073935,Move,328.9449234008789,173.75952100753784
317.20572032284844,Move,327.2315368652344,173.0059061050415
328.99540807505355,Move,320.6454620361328,169.94101667404175
351.0746252220576,Move,310.71556091308594,165.82656383514404
360.8935414466999,Move,302.49082946777344,161.66442346572876
379.81861450955313,Move,305.9008483886719,164.31639862060547
387.50576995723964,Move,303.84727478027344,163.39234972000122
402.00067396063866,Move,303.88861083984375,163.1946473121643
412.05509566199385,Move,304.9844284057617,163.48087549209595
433.0384641728542,Move,311.48597717285156,166.81062126159668
440.2491043454947,Move,313.09776306152344,168.2222442626953
458.1219891753809,Move,317.32459259033203,170.3607931137085
468.52926088864166,Move,317.44395446777344,169.65473699569702
484.0232879809537,Move,316.55225372314453,169.0492959022522
503.33250366625873,Move,319.13587188720703,169.76426124572754
510.62129287225224,Move,319.52398681640625,170.22607326507568
522.0462872214714,Move,318.4291534423828,170.18938064575195
539.3084122122591,Move,319.56468200683594,171.00179386138916
546.782884322788,Move,322.24951171875,171.44729375839233
552.3005484958027,Move,318.82234954833984,168.81782341003418
567.3171866952474,Move,316.3154754638672,168.46937227249146
575.6603015651584,Move,318.3849334716797,169.94423532485962
585.8081775135352,Move,319.6545639038086,170.71617078781128
607.9846994958995,Move,318.2815246582031,170.61955976486206
630.0944961640672,Move,316.33612060546875,170.24103355407715
640.7970418563717,Move,316.07725524902344,168.87015867233276
660.3956667360833,Move,314.68995666503906,168.17575407028198
682.8033425157953,Move,316.41893005371094,170.220871925354
688.3892644472785,Move,319.595947265625,172.956609249115
695.7380759191637,Move,321.79925537109375,173.7221074104309
710.9309919152079,Released,321.79925537109375,173.7221074104309