resolution:1536,864
0,Pressed,559.0238342285156,210.20189666748047
9.490004473741884,Move,559.0238342285156,210.20189666748047
30.127056686207148,Move,219.27529907226562,22.349645018577576
51.07013958988182,Move,156.5361099243164,4.349130302667618
69.95994335673569,Move,779.520263671875,15.762169182300568
76.82714808505277,Move,1450.9330444335938,58.47281742095947
84.45261468478358,Move,1521.6008605957031,66.4044291973114
94.99034611672789,Move,1533.0602416992188,50.38972628116608
111.66470782519143,Move,1535.1985473632812,28.543652057647705
121.80298865832758,Move,1535.677734375,10.89613562822342
142.4262380884102,Move,1535.8500366210938,2.5363716781139374
157.79772267555654,Move,1535.9287719726562,0.36399699468165636
165.6376582894348,Move,1535.9681396484375,0.03687683364842087
184.18197348221642,Move,1535.9869995117188,0.0032015521283028647
197.74608210611433,Move,1535.9952392578125,0.00024914717687352095
203.09607401918052,Move,1535.9981689453125,1.8178647451350116e-05
218.80546980772152,Move,1535.999267578125,1.2021356390334859e-06
239.36402270136384,Move,1535.9998168945312,7.398512003042867e-08
258.50792321996505,Move,1536,3.973560730452519e-09
267.2526908987882,Move,1536,2.0152160409153685e-10
288.71915210448225,Move,1536,1.0309890392584328e-11
296.75095659759626,Move,1536,6.159340615666253e-13
310.6498974265886,Move,1536,4.455136820981191e-14
326.8552462709867,Move,1536,4.421263512846327e-15
335.01040181566765,Move,1536,5.740898843745744e-16
349.0296687577536,Move,1536,1.0589567359956718e-16
362.07646459044724,Move,1536,2.6995241329532674e-17
378.735416252094,Move,1535.9998168945312,9.073109426595349e-18
397.777901631752,Move,1535.9998168945312,2.719925919791489e-18
417.61000473164825,Move,1535.9987182617188,6.787995293254135e-19
423.64824776602063,Move,1535.9972534179688,1.0980249744443764e-19
434.80062857434586,Move,1535.9924926757812,2.2907777012665613e-20
439.99385586284484,Move,1535.9866333007812,4.9467362306861286e-21
445.3388682059112,Move,1535.9384765625,1.964314810052301e-21
456.34712383084104,Move,1535.8276977539062,5.500398673534054e-22
466.3702165101749,Move,1535.7097778320312,1.1231744415564183e-22
471.40971713638197,Move,1535.5225524902344,2.5319631248722097e-23
478.54535752504944,Move,1535.5218200683594,2.501749880392142e-23
490.7031326390815,Move,1531.0695190429688,2.9919019379765686e-23
497.7259094297821,Move,10.093593835830688,3.256245795771192e-23
505.61370340914624,Move,0.7304386049509048,4.479430786352061e-23
511.8820096238386,Move,1534.9768981933594,1.337204904643922e-23
524.8810513621356,Move,1536,2.621555649010606e-21
533.0717568969025,Move,1536,1.317525936326068e-21
544.5911101339707,Move,1536,4.46082542348965e-19
558.4530436066156,Move,1529.564208984375,2.870966120904894e-20
575.5394697080033,Move,42.456278800964355,3.74022774978087e-21
595.75879130271,Move,1536,4.157872876840867e-20
601.6230749443966,Move,1534.2889709472656,6.174972803539626e-20
619.9447958018873,Move,1536,7.44758797692511e-28
636.2119210307047,Move,1535.9987182617188,3.1069134497516803e-32
642.4915968170136,Released,1535.9987182617188,3.1069134497516803e-32