resolution:1536,864
0,Pressed,555.3896942138672,206.38438367843628
8.505922873574617,Move,555.3896942138672,206.38438367843628
17.583328791850057,Move,209.2605743408203,21.262214183807373
33.761364834890756,Move,148.2110366821289,4.425292029976845
44.38895432660816,Move,774.5879516601562,17.816622734069824
49.75425969689252,Move,1445.71875,61.872382164001465
60.77682232628167,Move,1521.9004211425781,74.56007194519043
71.93333232030822,Move,1533.2251281738281,56.35136604309082
81.5573555360344,Move,1535.2254638671875,31.814123153686523
92.64205535206139,Move,1535.6719665527344,11.665275692939758
98.83947240966712,Move,1535.8441772460938,2.7353148758411407
110.55670760352251,Move,1535.9208984375,0.37887925654649734
126.97416728760322,Move,1535.9642944335938,0.040609362185932696
145.81416933186108,Move,1535.9853515625,0.003584673337172717
164.77883469027813,Move,1535.9945068359375,0.00027902106558030937
177.3251305928695,Move,1535.997802734375,2.014807955674769e-05
200.17537545993682,Move,1535.9990844726562,1.3136360799137492e-06
212.8280565310905,Move,1535.9996337890625,7.671718860180476e-08
220.17248565995118,Move,1535.9998168945312,4.201852116247906e-09
233.28414288949654,Move,1536,2.118008034582286e-10
244.76022363155474,Move,1536,1.0598374472958402e-11
253.19105402777942,Move,1536,6.272083682501775e-13
273.26556797223105,Move,1536,5.486408179878482e-14
280.7083041789304,Move,1536,5.997884398160517e-15
287.13962964533266,Move,1536,8.869984829522653e-16
307.6574513613137,Move,1536,1.7440468354560454e-16
315.46023246063487,Move,1535.9998168945312,5.0624119782228705e-17
330.01668655349806,Move,1535.9998168945312,1.82714951501667e-17
336.5876895534375,Move,1535.9994506835938,6.13151524558629e-18
344.7944181710123,Move,1535.9974365234375,1.7013050302628439e-18
361.78268069023744,Move,1535.9932250976562,3.1737393858494284e-19
374.77283299368077,Move,1535.9683227539062,9.109962612979348e-20
396.5053450877979,Move,1535.9218139648438,3.3312053747615636e-20
405.9261164515962,Move,1535.735595703125,1.418736469872852e-20
425.6269644541988,Move,1534.8575134277344,5.21247957663599e-21
447.568096376768,Move,1533.3758239746094,1.2406077192854694e-21
459.3619281420299,Move,1530.7857055664062,1.3236488940232462e-22
467.216428719842,Move,1524.9444580078125,5.862430663987396e-23
484.51995566110753,Move,5.032638788223267,3.5100361441858715e-23
493.2406718920609,Move,0.014089209493249655,1.3636344714693296e-23
499.8486955053079,Move,0.15483001247048378,1.4683910446043807e-24
513.9522867639135,Move,97.05353164672852,4.406939140697923e-24
528.1670042378105,Move,1535.9207153320312,8.916559675801028e-23
540.6923450884148,Move,1536,1.175049709858394e-22
558.4492954775792,Move,1535.928955078125,7.522267449944959e-21
571.3918112579821,Move,0.009043748723343015,9.728308492718509e-23
582.0188281144989,Move,1536,6.794837932825668e-21
589.804294083828,Move,1492.8569641113281,2.9254778054239236e-21
600.0486075242112,Move,1535.9974365234375,3.2221750230823747e-27
607.3911492007644,Move,1535.9511108398438,3.5547622021832385e-30
627.5190237136933,Move,1535.9974365234375,2.74560112665806e-32
632.6863705380669,Released,1535.9974365234375,2.74560112665806e-32