resolution:1536,864
0,Pressed,553.6042327880859,210.27188301086426
9.539350639534243,Move,553.6042327880859,210.27188301086426
23.148813373601158,Move,216.1963348388672,25.664337158203125
38.47018452773956,Move,137.82110595703125,5.403985172510147
52.24806981920291,Move,631.8797149658203,17.860402822494507
68.63514149268235,Move,1405.0693359375,60.980886697769165
75.69063585734706,Move,1513.8316040039062,71.27105498313904
96.35873381153453,Move,1531.3341979980469,52.621760845184326
111.36091369315837,Move,1534.6476745605469,28.970075011253357
126.59494170679504,Move,1535.4647827148438,11.201916307210922
145.43949598313742,Move,1535.74951171875,2.7915272042155266
163.5266072501389,Move,1535.8787841796875,0.49455344304442406
172.46813937548708,Move,1535.9432373046875,0.06481795711442828
179.46114704402197,Move,1535.9760131835938,0.006605355127248913
191.83197095877895,Move,1535.9901123046875,0.000569882371564745
200.86649783396385,Move,1535.9959716796875,4.3337476199667435e-05
210.11937897677097,Move,1535.9983520507812,3.0096169396642836e-06
220.79390129383756,Move,1535.999267578125,1.8301415183330505e-07
226.36633528175602,Move,1535.9998168945312,1.073534636186757e-08
242.66362696410897,Move,1535.9998168945312,5.972158392819615e-10
262.18328691292544,Move,1536,3.3947502036009436e-11
267.22303568030816,Move,1536,1.8259393021018144e-12
287.96042735074184,Move,1536,1.240239943521061e-13
295.51767153912965,Move,1536,1.2077944597671417e-14
311.27371461700756,Move,1536,1.6502917678075354e-15
321.25802186945356,Move,1535.9998168945312,3.2204826853984143e-16
342.6967441717112,Move,1535.9998168945312,7.15450547888632e-17
351.3745194720233,Move,1535.999267578125,1.9463946882200628e-17
367.926842333118,Move,1535.996337890625,6.241899732446318e-18
386.4505956313398,Move,1535.9811401367188,1.861970052548426e-18
409.1965427580545,Move,1535.912109375,3.7763902544897756e-19
431.8954681608215,Move,1535.8037109375,6.633021200073703e-20
452.50089013043186,Move,1535.6743469238281,1.2814312484114627e-20
457.5235628291461,Move,1533.5824584960938,4.502812607016733e-21
478.79299306453163,Move,1528.1865234375,1.2764787140152579e-21
484.5768949364563,Move,1464.7955017089844,4.248413323853108e-22
504.2714676318643,Move,1194.2946166992188,9.046555886878695e-23
523.8835916807499,Move,850.8532104492188,2.740627829052034e-23
537.0500023004154,Move,470.72804260253906,1.126081335813666e-23
545.4323384274385,Move,1.8157857656478882,3.937599972619682e-24
556.2032499386662,Move,0.0008218095463234931,1.3563328907945493e-24
577.9393088763953,Move,3.427387218835065e-05,4.555722849535787e-25
583.3524479723548,Move,0.00013410548490355723,3.077425493061843e-25
595.0955651499406,Move,2.6516295075416565,5.561602797908729e-24
603.6113099295798,Move,1535.9979858398438,3.9750976918188386e-23
621.607446656986,Move,1535.977294921875,5.87831856913758e-24
626.8289797208442,Move,1535.997802734375,4.007661174802689e-24
636.5389985583012,Move,1535.9024047851562,1.9470361520995053e-24
644.9482327326168,Move,1534.9018249511719,3.1751462601566538e-24
666.7665200167988,Move,1535.8939819335938,6.1148331586263126e-27
678.0151344989574,Move,1536,3.171858043266673e-32
687.9325201611941,Released,1536,3.171858043266673e-32