resolution:1536,864
0,Pressed,683.480712890625,364.8949155807495
5.5073553659471735,Move,683.480712890625,364.8949155807495
15.734283125023866,Move,531.2444915771484,261.1528043746948
31.30742870017685,Move,346.38482666015625,161.35875463485718
40.35612775505572,Move,187.13393783569336,91.3166127204895
58.24541643632927,Move,81.53788948059082,48.60946798324585
71.31931728584058,Move,33.05829620361328,29.059099674224854
91.37275052661897,Move,15.681492805480957,22.424800515174866
108.5685069906904,Move,9.014146327972412,20.939240276813507
114.4176403896569,Move,6.900141477584839,24.611595332622528
120.83849889599492,Move,6.100900411605835,30.408725023269653
133.65055601948364,Move,6.326443433761597,39.408082365989685
151.676212067337,Move,7.755729675292969,53.604241132736206
162.21354307462505,Move,10.518389225006104,70.78231573104858
172.3411605016974,Move,16.424357414245605,93.08113503456116
186.66882699630062,Move,24.45073413848877,114.14699220657349
195.81669701819007,Move,35.578110694885254,135.0746340751648
203.33400219155945,Move,50.05392837524414,152.07165956497192
214.5114896877847,Move,67.62874603271484,165.7646884918213
226.069819188725,Move,83.39080810546875,172.6629137992859
231.84719545931492,Move,96.65307998657227,175.6283082962036
239.05014489534787,Move,101.1811752319336,169.68262338638306
253.52867649323872,Move,104.93888854980469,166.60493659973145
260.04263445876734,Move,105.42108535766602,161.07907962799072
272.6392796039603,Move,102.57463073730469,154.27096366882324
286.761527092197,Move,98.16716766357422,147.47322463989258
297.8962789062741,Move,96.4137954711914,144.80855512619019
306.60954060918584,Move,94.72563171386719,143.60882234573364
314.76411147795386,Move,91.8717098236084,141.37171840667725
321.2701955382971,Move,90.9041748046875,141.3478102684021
335.21633044815565,Move,87.33261680603027,138.7118124961853
346.3119836889208,Move,86.61006546020508,138.26779317855835
367.6336068895675,Move,84.44741821289062,137.2608060836792
383.3636980897559,Move,80.00883293151855,133.92923212051392
396.15560046010745,Move,77.69440269470215,133.77814865112305
416.0030519887149,Move,82.53723335266113,139.57251834869385
428.7483486620158,Move,83.94668197631836,141.88582706451416
441.4237284057247,Move,88.36785507202148,145.57352542877197
452.5345120548283,Move,90.14368629455566,146.0473494529724
459.6473723466988,Move,87.18167495727539,141.47495985031128
470.48843586311466,Move,88.33692741394043,141.73637866973877
492.55951349668146,Move,84.66674423217773,139.4290952682495
501.62562101159347,Move,79.78535270690918,134.89879274368286
513.6490633484892,Move,78.85011863708496,135.59062242507935
522.31075836006,Move,80.73714065551758,137.9953408241272
534.7771321634837,Move,81.14782333374023,139.09017133712769
552.2440866949904,Move,85.38299560546875,142.86868715286255
565.0704686667774,Move,83.72764205932617,140.7113800048828
580.491478180196,Move,82.05150032043457,138.19152402877808
595.5879806729017,Move,83.84798240661621,140.03878498077393
608.8744207469199,Move,82.51888275146484,138.80435514450073
627.7778880768388,Released,82.51888275146484,138.80435514450073