resolution:1536,864
0,Pressed,511.4689178466797,197.6437382698059
8.635145414859544,Move,511.4689178466797,197.6437382698059
20.21943385980767,Move,145.1279411315918,18.181918680667877
33.7534647655013,Move,80.01126480102539,4.267705276608467
52.23008493248282,Move,540.7125091552734,22.37259078025818
61.71035522157702,Move,1383.6578979492188,75.02295255661011
73.56644607277175,Move,1512.4754333496094,81.9822678565979
81.10332478228264,Move,1531.3795166015625,55.159255027770996
88.92956854965574,Move,1534.7802429199219,34.04816937446594
99.8782550741513,Move,1535.5006713867188,14.943870663642883
114.59437812209954,Move,1535.7672729492188,4.0723259299993515
134.0660424100408,Move,1535.8928833007812,0.7835422698408365
139.61839663733804,Move,1535.9492797851562,0.10890830587595701
152.12109188289477,Move,1535.9774780273438,0.011105639539891854
157.1533396632758,Move,1535.9902954101562,0.0009072529755940195
171.5629102508357,Move,1535.9957885742188,6.440314086830767e-05
186.88713043510722,Move,1535.9983520507812,4.401962186761921e-06
193.16818733879694,Move,1535.999267578125,3.0312482124372764e-07
200.69624343714298,Move,1535.9996337890625,1.7546107566879243e-08
216.10798781884637,Move,1535.9998168945312,8.985391181104418e-10
221.80603506480554,Move,1536,4.400456268902758e-11
230.02416833053965,Move,1536,2.221697801316029e-12
241.26035797169212,Move,1536,1.3020310690210627e-13
252.39175333278934,Move,1536,9.331708246248035e-15
261.9207566252153,Move,1536,9.179210750530086e-16
283.72323052586535,Move,1536,1.0531792971431982e-16
304.49634091124875,Move,1535.9998168945312,1.6152370400381268e-17
312.63999211441643,Move,1535.9970703125,4.1872748691385e-18
327.24391819697706,Move,1535.9485473632812,1.7884491992665986e-18
335.4249237137206,Move,1535.0943603515625,9.879747977987902e-19
341.831767308079,Move,1525.3446350097656,8.921132631250232e-19
351.2904210075723,Move,1456.1206970214844,6.9122820075677115e-19
369.6519943381311,Move,1209.9381408691406,5.191667945169677e-19
389.8790756020937,Move,1521.4569396972656,1.846865459913395e-19
406.61041145544846,Move,1535.9864501953125,7.127298350486594e-21
420.1728618806819,Move,1535.983154296875,7.121911175188629e-21
431.8755407809871,Move,1535.978759765625,7.190370013913097e-21
450.35836919469443,Move,1535.7965698242188,8.575428186633474e-21
457.5677307950691,Move,1533.2663269042969,8.8965171932783e-21
470.3930813486677,Move,1516.8363647460938,6.209840723132014e-21
490.4318284971128,Move,1534.3207397460938,5.3742308951484285e-22
506.90179692374124,Move,1535.2353515625,2.8308259226587534e-22
529.8991498689652,Move,1535.5740051269531,4.652839969419085e-22
544.8228501082502,Move,1533.8429260253906,7.129325271784574e-22
561.9537063497636,Move,1524.4411926269531,4.039139727522828e-22
567.9896358865589,Move,1484.2710571289062,1.9734644542822741e-22
581.6102271742187,Move,1366.4573364257812,6.996722459172222e-23
594.4365480715776,Move,982.1422119140625,2.656325685795241e-23
612.5160941312557,Move,100.70278930664062,8.252661827215244e-24
620.9920861733593,Move,48.24917221069336,1.0858800768935622e-24
629.654084393536,Move,14.257099628448486,4.505695417153329e-25
635.7500773979096,Released,14.257099628448486,4.505695417153329e-25