resolution:1536,864
0,Pressed,568.2987670898438,200.414288520813
11.61416519752051,Move,568.2987670898438,200.414288520813
24.57000572353884,Move,234.0505828857422,17.81662917137146
46.31123576607675,Move,214.99447631835938,3.737748384475708
60.44430708024451,Move,1051.0841674804688,14.887520134449005
67.5728247099255,Move,1500.9146118164062,60.85723257064819
78.34491181514622,Move,1530.4802856445312,69.24085879325867
87.36542289298943,Move,1534.8004760742188,51.19482672214508
105.66146738466536,Move,1535.6325988769531,26.999105215072632
118.9866475796385,Move,1535.8496704101562,10.739195823669434
135.30312679366727,Move,1535.9322509765625,2.4203892052173615
150.53357617991807,Move,1535.9688720703125,0.3640027530491352
159.21624347010106,Move,1535.9862670898438,0.03442056302446872
165.36381096418552,Move,1535.9943237304688,0.0023738166637485847
170.50297074682848,Move,1535.9979858398438,0.0001605718448445259
178.60263276534585,Move,1535.999267578125,1.0750912736057217e-05
201.5851464137271,Move,1535.9998168945312,6.140597150761096e-07
216.48510543404328,Move,1536,2.8058002921049763e-08
221.9592384261558,Move,1536,1.268443412805187e-09
238.91710692716384,Move,1536,5.4152883349409264e-11
256.6761964081555,Move,1536,2.5015535297509203e-12
278.13510689023974,Move,1536,1.2864569029187936e-13
294.1101181389508,Move,1536,9.193723482176096e-15
315.74541328294254,Move,1536,8.814806754145568e-16
334.77626534210333,Move,1536,1.2302537722902667e-16
346.76691332723783,Move,1536,2.1880454177438355e-17
365.3821836763941,Move,1536,5.574365637275576e-18
380.8718771497891,Move,1536,1.4838898021752466e-18
393.48438838585133,Move,1536,3.512913761566673e-19
407.479759196884,Move,1536,6.202136053723708e-20
415.5103144936695,Move,1535.9998168945312,1.2172400285395597e-20
425.3566513915806,Move,1535.9996337890625,2.0842948171399143e-21
434.6232203206396,Move,1535.999267578125,5.698146822712438e-22
441.1041735984322,Move,1535.9990844726562,1.9169626705990537e-22
458.05090454973015,Move,1535.9990844726562,1.1811553512698417e-22
474.43357123643574,Move,1535.999267578125,8.709867547896993e-23
495.59083196914116,Move,1535.9756469726562,5.146156775238773e-23
510.7177118165056,Move,1497.2444458007812,2.2995441720890413e-23
524.5610219250457,Move,1509.20654296875,5.097208382547736e-24
534.0253190352149,Move,1535.9912109375,5.3510194977257456e-24
543.5012093200147,Move,1536,3.8768428927617677e-22
564.3271430738362,Move,1536,1.1450496985041982e-20
577.0594309593639,Move,1535.9478149414062,8.795831557629944e-18
582.2854548284039,Move,7.533041954040527,4.23108102313551e-18
588.8061732446666,Move,1528.6385192871094,1.6646956462767166e-20
593.8307583683712,Move,1536,8.432000267325689e-23
602.6013617335931,Move,1536,2.170812603650057e-22
616.4120258396094,Move,1535.9987182617188,1.7874520623265992e-24
635.2687869125299,Move,1536,3.8974571677060744e-31
641.3161970944818,Move,1536,1.2380328141599114e-33
660.3258031913132,Move,1536,3.3715179277934636e-34
680.3188998888554,Released,1536,3.3715179277934636e-34