resolution:1536,864
0,Pressed,762.6731414794922,423.883695602417
13.333036915151933,Move,762.6731414794922,423.883695602417
35.28496082090456,Move,758.09912109375,414.2283868789673
48.99243776972956,Move,753.8941955566406,404.76624870300293
69.8326236473961,Move,750.2367553710938,397.61896419525146
78.29993344783632,Move,747.4552917480469,392.9628896713257
88.14716567168072,Move,745.2255249023438,389.3497610092163
93.53542436925143,Move,743.2577362060547,386.43806648254395
111.15287991917113,Move,741.3580169677734,384.67769622802734
119.1082966269119,Move,740.7197570800781,383.865797996521
129.31770497032392,Move,740.2627716064453,382.90684604644775
146.78772491803878,Move,739.8389282226562,381.6976375579834
162.46777402309652,Move,740.3054809570312,381.8158779144287
181.63247168505083,Move,739.8778381347656,381.9675922393799
193.13962722767573,Move,739.6056976318359,381.2531805038452
213.604541928651,Move,739.9905395507812,381.1222200393677
229.1773997883827,Move,740.3263549804688,381.431339263916
245.00239375051896,Move,741.1820526123047,382.5980615615845
266.89461244378964,Move,741.6236114501953,382.9082365036011
283.76179361983014,Move,740.9530792236328,382.82367610931396
300.4310428023295,Move,740.1685638427734,382.119589805603
306.48744569565247,Move,739.9344635009766,381.5752258300781
326.6156562531919,Move,739.1525115966797,381.41086864471436
341.8656513218191,Move,738.9227600097656,381.5403871536255
359.0334231911077,Move,739.2554626464844,381.58171463012695
377.5316309105892,Move,739.4715728759766,382.1248426437378
395.9421950828283,Move,739.4612274169922,382.75636768341064
413.4794998692434,Move,740.3233795166016,382.5217409133911
432.4647978256204,Move,740.8504028320312,381.877779006958
449.40154539732964,Move,741.6866912841797,382.1868209838867
460.20140238463716,Move,742.6795349121094,382.67960929870605
476.52500712573476,Move,742.512451171875,383.13222885131836
491.75191533106937,Move,742.0549163818359,382.8997392654419
512.7865697833087,Move,742.1599731445312,382.8943061828613
527.9745866794207,Move,742.2830200195312,382.52835845947266
538.0328722257067,Move,742.0215911865234,382.24485969543457
559.3064672764377,Move,741.7861175537109,382.76991176605225
571.076464109554,Move,742.3082427978516,382.2993965148926
584.0151668887685,Move,741.8538665771484,381.9465808868408
600.1504840047131,Move,741.8205413818359,382.4922580718994
613.86894140428,Move,742.2794952392578,382.29656410217285
620.4662434772927,Move,742.4321136474609,381.70222091674805
626.8123635242788,Move,742.0830230712891,381.296181678772
644.581138142015,Move,741.3830108642578,381.3395175933838
656.9395364339985,Move,740.3485565185547,381.1518831253052
668.6596208883094,Move,740.185546875,381.14856147766113
679.1441415190977,Move,739.7461853027344,381.1668176651001
696.7168086223754,Move,739.3174896240234,381.718056678772
715.2403610475194,Move,739.0292816162109,381.0328702926636
733.275660173917,Move,738.2234344482422,380.8435878753662
746.5712283899693,Move,738.5347137451172,380.5756673812866
755.5893915354789,Released,738.5347137451172,380.5756673812866