resolution:1536,864
0,Pressed,731.4696350097656,403.77562522888184
11.066855086254577,Move,731.4696350097656,403.77562522888184
19.307791571928014,Move,690.0794219970703,369.27410888671875
29.039094652645822,Move,651.1359558105469,360.5145893096924
44.36857939295162,Move,615.8049774169922,378.4225444793701
55.91633687664336,Move,589.0564270019531,408.3298873901367
62.97093345142303,Move,570.7733459472656,443.0336380004883
68.18107594499362,Move,557.2208404541016,478.87040519714355
86.96565502386775,Move,545.1084136962891,514.1149921417236
95.25183283851347,Move,532.8464813232422,548.3824996948242
104.13344511485566,Move,519.5401153564453,581.7702083587646
123.54244143374282,Move,504.6968078613281,614.5360736846924
143.30409348400022,Move,487.8181457519531,646.8189868927002
151.57167148032198,Move,467.8085632324219,678.4105854034424
164.79981022645262,Move,455.60797119140625,706.5542106628418
173.7125458459127,Move,469.2843933105469,727.408390045166
185.5637459316699,Move,503.5404510498047,735.4637718200684
197.4285071822322,Move,586.3013763427734,734.9750518798828
208.65631695153513,Move,696.8492889404297,712.171142578125
229.32573942626055,Move,840.0514526367188,636.229471206665
239.48172850534186,Move,989.0447387695312,434.2101058959961
252.38239046921325,Move,1087.9809265136719,117.14727687835693
272.2035586679756,Move,1024.6856689453125,9.903712123632431
279.85657911997504,Move,860.302734375,1.0228641964495182
290.60814896714334,Move,1017.6567993164062,1.3200334757566452
300.77641031235066,Move,1184.9848022460938,14.682718992233276
309.2972812336522,Released,1184.9848022460938,14.682718992233276