resolution:1536,864
0,Pressed,748.7313079833984,415.9395761489868
7.365037345654121,Move,748.7313079833984,415.9395761489868
19.82884207221681,Move,724.7801971435547,396.69521141052246
39.558779217541044,Move,704.8129119873047,379.92035007476807
54.04938082551172,Move,690.6669158935547,366.74723625183105
64.36561961093403,Move,679.6260223388672,356.4390563964844
74.80177433073153,Move,669.3183288574219,347.60076999664307
91.38042599594692,Move,661.6414947509766,341.2369050979614
112.37389767616713,Move,656.6459197998047,338.8333969116211
134.13618725974783,Move,654.2622985839844,336.0626277923584
155.47851439802346,Move,653.5911712646484,335.2339668273926
167.0730090569224,Move,652.3222045898438,332.5981750488281
186.59803561162448,Move,652.2926788330078,331.46199131011963
206.40472881201603,Move,650.9425964355469,330.33324909210205
225.37060282106071,Move,650.3358306884766,330.0956611633301
234.2056566513247,Move,649.3919219970703,329.7147274017334
239.67460804381605,Move,650.0323333740234,329.9740219116211
261.34790048984274,Move,651.4743347167969,330.2389039993286
283.39122222814757,Move,652.7708587646484,331.9354419708252
304.11181705511297,Move,651.0642242431641,331.39272594451904
314.9807925233413,Move,650.6547546386719,330.83283519744873
325.334874978755,Move,651.5768280029297,331.0943441390991
340.52270019436884,Move,652.4676361083984,332.29539012908936
345.95695961906944,Move,652.5473327636719,331.1627082824707
357.7261860551204,Move,651.9242248535156,330.8072919845581
373.0268467737158,Move,651.3011627197266,329.1338768005371
380.4289153980206,Move,652.4731750488281,329.4604539871216
386.5782078274024,Move,653.7772979736328,330.23707580566406
407.3709499684888,Move,653.3030548095703,329.7986183166504
429.4193249723645,Move,651.9898681640625,329.16588306427
450.56233565153474,Move,651.2779998779297,329.5067768096924
469.63930512205206,Move,651.5898284912109,330.0399913787842
481.4085652181909,Move,652.1655120849609,330.3274812698364
494.6496508954157,Move,650.4498596191406,329.3143787384033
505.73704616569967,Move,651.1297760009766,330.0176668167114
527.9646744223624,Move,648.3856658935547,328.6710090637207
544.226632349883,Move,650.3114776611328,329.9398527145386
556.1210781429074,Move,650.5077209472656,330.13536643981934
563.4593745674046,Move,650.5717620849609,330.00401973724365
576.1115615512081,Move,648.1789398193359,329.1843452453613
595.8625340316223,Move,650.3408660888672,329.8464603424072
610.9985026089124,Move,652.1426696777344,331.49448680877686
627.0749748150822,Move,653.3492431640625,332.6037368774414
635.8192495860944,Move,654.4938812255859,334.0777759552002
645.8937510964004,Move,653.1763458251953,334.01631259918213
664.5076015516669,Move,652.9941101074219,334.0088710784912
673.3200137523919,Move,652.4130249023438,334.5145854949951
692.257948579983,Move,653.5220947265625,334.12909412384033
704.4172776667762,Move,654.7713317871094,334.0378646850586
719.8766433622534,Move,655.1373596191406,333.8079500198364
737.0546587891214,Move,653.6686248779297,333.14933681488037
750.6640969294493,Released,653.6686248779297,333.14933681488037