resolution:1536,864
0,Pressed,748.2347717285156,414.11354541778564
11.357871322164602,Move,748.2347717285156,414.11354541778564
32.662117930695345,Move,744.6432495117188,410.3609848022461
48.880274921206514,Move,742.40771484375,415.3241186141968
70.7402127277188,Move,740.4064178466797,425.06197929382324
93.30252005073677,Move,739.1734313964844,436.03505516052246
102.94400060992744,Move,737.0763244628906,445.52904510498047
114.54543704060622,Move,734.5490570068359,452.80355644226074
123.84103188356619,Move,731.1317138671875,459.18431282043457
146.15696718703626,Move,727.3328247070312,465.5389595031738
154.09445728548909,Move,723.7206115722656,470.43702507019043
160.6565396670243,Move,720.3763275146484,474.6178207397461
171.6771951312182,Move,717.2932434082031,478.3708190917969
194.43092817962835,Move,713.3098754882812,482.41344451904297
202.55533331045973,Move,709.4283599853516,486.9920654296875
219.40961061857485,Move,705.5929412841797,491.121826171875
225.25461511098138,Move,702.7759094238281,494.55630683898926
236.55340013523733,Move,701.4676666259766,496.5428066253662
252.61373925467504,Move,700.6090850830078,497.01329612731934
265.44735322209016,Move,699.2788238525391,498.9503059387207
274.5218310304277,Move,697.2740478515625,500.99000358581543
283.4234725563439,Move,695.6112670898438,502.982271194458
305.5004358335433,Move,693.8232879638672,505.2143154144287
317.8319807196415,Move,693.0716400146484,506.2657070159912
336.719376610121,Move,692.9308319091797,506.6996841430664
357.54309597842797,Move,692.5557861328125,507.43049812316895
367.5082815041466,Released,692.5557861328125,507.43049812316895