resolution:1536,864
0,Pressed,684.7387390136719,342.5041265487671
20.31159578715141,Move,684.7387390136719,342.5041265487671
36.55207470981646,Move,649.7766265869141,279.992880821228
57.39521375860731,Move,644.0137481689453,247.29772281646729
68.72061867256048,Move,660.4489288330078,240.24962425231934
80.63586250788352,Move,673.7704925537109,240.03320217132568
86.29747994235541,Move,692.6040802001953,252.4203987121582
103.40679409718129,Move,710.0266571044922,273.3213129043579
111.27487442206218,Move,725.9398956298828,299.7513027191162
117.31698895106835,Move,739.3880767822266,327.2172861099243
135.6701068392477,Move,751.2960662841797,353.51520824432373
153.0651300776908,Move,757.4923095703125,371.0257759094238
168.59366918164164,Move,763.9124450683594,387.0114755630493
181.22895085461334,Move,768.1011657714844,401.97709465026855
192.98643000712767,Move,772.083251953125,417.2290449142456
207.94752417926676,Move,771.3074340820312,426.82876110076904
224.39834911551074,Move,775.8431396484375,435.5101833343506
246.39288959444517,Move,777.4562072753906,443.5986785888672
268.3328015821448,Move,776.8768615722656,449.90316581726074
275.88329780162917,Move,774.9372253417969,453.79490089416504
289.3021127734831,Move,771.4295654296875,458.42558670043945
301.0947351565262,Move,768.3218078613281,461.34899711608887
313.5528991956686,Move,766.3717346191406,465.8877067565918
322.95746387182885,Move,762.7186431884766,468.99851989746094
334.1240980780942,Move,759.3608551025391,472.16114044189453
353.8065224387138,Move,757.1006011962891,475.55725479125977
369.81181680417075,Released,757.1006011962891,475.55725479125977