resolution:1536,864
0,Pressed,740.4441833496094,424.7994918823242
10.781817355912594,Move,740.4441833496094,424.7994918823242
24.132390243696825,Move,710.7539978027344,416.9323625564575
32.77877249431291,Move,672.2384033203125,406.0875177383423
49.014112593863224,Move,626.5265350341797,392.37248611450195
67.9934264508589,Move,570.9387817382812,374.85185050964355
86.35769567484219,Move,507.27296447753906,353.6164026260376
106.0586774085306,Move,437.7770690917969,328.91037368774414
113.12705773399769,Move,363.09212493896484,299.8487377166748
128.0895839725089,Move,277.65438079833984,263.1558609008789
138.57033971776133,Move,185.561279296875,216.20444869995117
158.42330511708727,Move,97.65902709960938,157.23057746887207
173.77162756728484,Move,32.976365089416504,89.79324460029602
190.55114011262341,Move,4.378893613815308,29.906879425048828
208.44390138498312,Move,0.054625751450657845,2.6026050746440887
218.41095923637917,Move,2.366733156122791e-06,0.0080668622686062
229.3197460523838,Move,2.663848145973563e-14,1.2910739677352012e-07
236.8643898872701,Move,2.3334759517071544e-30,1.5194970156114044e-16
243.22387401486077,Move,0,0
254.83227503346043,Move,0,0
274.7278158264919,Move,0,0
296.6313690098432,Move,0,0
302.1721835967208,Move,0,0
323.1660761160575,Move,0,0
332.4047309862896,Move,0,0
354.7222625522852,Move,0,0
363.99304859397887,Released,0,0