resolution:1536,864
0,Pressed,737.6756286621094,406.2928419113159
18.075358158665118,Move,737.6756286621094,406.2928419113159
38.756793767834665,Move,697.0851287841797,370.75492000579834
44.0984939697291,Move,652.2106475830078,330.6315793991089
66.7700415541376,Move,609.7592926025391,290.7780647277832
73.98496160509778,Move,568.1834564208984,253.48960876464844
94.5420375510759,Move,532.9934692382812,222.8680601119995
109.71899740365428,Move,495.7225799560547,193.7381887435913
121.48135453061323,Move,458.9572448730469,166.20454931259155
143.43751585054733,Move,429.5801696777344,145.16085577011108
161.9557307439451,Move,400.8518371582031,125.38756370544434
167.57851618197995,Move,374.11834716796875,109.30234336853027
180.67296586372592,Move,344.0599365234375,92.54567384719849
188.22387628068958,Move,316.78694915771484,76.91567373275757
194.89462971184386,Move,286.1234436035156,62.84082913398743
210.68250206386054,Move,252.9426498413086,47.739189863204956
220.95792286698173,Move,220.16938018798828,34.834495425224304
241.5773756449254,Move,187.5619125366211,24.404982089996338
256.6705338180876,Move,156.40545272827148,16.00550079345703
278.07774985168754,Move,121.80188369750977,9.021578907966614
296.20373038908133,Move,87.04280662536621,4.1335925459861755
301.5263158068805,Move,56.33814811706543,1.497117005288601
308.8169795088305,Move,31.481406211853027,0.3790196953341365
325.766637493651,Move,14.179444313049316,0.05385950091294944
346.825891813813,Move,5.072535753250122,0.003163675617543049
355.21709362026155,Move,0.9463419020175934,3.905886251232005e-05
367.35840549149754,Move,0.06280912645161152,5.454209683897204e-08
381.93513331590896,Move,0.002690507797524333,2.398877239429345e-11
396.44942247027865,Move,3.917990284207917e-06,5.453923270578986e-16
418.2388285008855,Move,2.227141970845281e-09,3.2573387771493024e-21
428.91348169158204,Move,1.4452999941360972e-15,8.670143527075486e-33
444.61103770122355,Move,2.2982412973065873e-22,0
454.8492436195627,Move,2.390654865889683e-27,0
465.0177555837007,Move,1.4313079511846596e-34,0
486.7668172056215,Move,0,0
491.9187250852107,Move,0,0
513.0711870666577,Move,0,0
525.9644756087215,Move,0,0
546.8056657921651,Move,0,0
562.3129458315458,Move,0,0
577.2271291619653,Move,0,0
592.4438280203653,Move,0,0
609.8278753961558,Move,0,0
621.5789151658502,Move,0,0
629.9400701813825,Move,0,0
649.6607632505855,Move,0,0
672.0233359223696,Move,0,0
677.860038493327,Move,0,0
689.663039696312,Move,0,0
707.6425558074765,Move,0,0
720.2326988617175,Move,0,0
729.9149834545659,Released,0,0