resolution:1536,864
0,Pressed,713.4882659912109,382.97742462158203
18.90718062673087,Move,713.4882659912109,382.97742462158203
37.035714164971736,Move,646.32275390625,314.7502155303955
42.07638612145273,Move,596.5437927246094,268.769419670105
51.90913593389672,Move,555.2238464355469,247.15411949157715
58.19935857468837,Move,528.5608978271484,238.18206596374512
80.38046114271985,Move,515.2063751220703,233.50042247772217
90.86545897731386,Move,509.03411865234375,227.52871799468994
112.82222021290788,Move,505.3265075683594,216.80458545684814
130.97476590621534,Move,502.27825927734375,199.05156326293945
148.46490629228592,Move,500.1660461425781,171.74751663208008
171.31722902259918,Move,508.8262023925781,136.567946434021
191.00762472764566,Move,527.2252349853516,93.91912364959717
210.30260232804045,Move,561.7807159423828,53.254801869392395
220.7900503960094,Move,627.0288848876953,24.370595633983612
236.00074783719657,Move,733.4480895996094,9.699483901262283
249.94469107157806,Move,817.1311340332031,4.10434989631176
260.43435064605313,Move,906.7548522949219,1.744803048670292
273.8753667510023,Move,981.9634094238281,0.7357518430799246
284.4005504698394,Move,970.237060546875,0.21320227347314358
305.77092582631616,Move,898.2557373046875,0.040594601654447615
316.78549865483797,Move,623.3328094482422,0.004652182964491658
336.9239714448825,Move,530.2538909912109,0.0018319651280762628
351.938679654005,Move,609.0639953613281,0.0013872115887352265
374.13348408034005,Move,838.7076416015625,0.0013840404790244065
381.5698724424996,Move,1339.8124694824219,1.714890718460083
392.3436552471774,Released,1339.8124694824219,1.714890718460083