resolution:1536,864
0,Pressed,360.5325393676758,22.61494553089142
19.76911394362245,Move,360.5325393676758,22.61494553089142
36.95362697272204,Move,95.24041557312012,0.20028910925611854
53.63462707859067,Move,46.99779510498047,0.002843864625901915
62.91594516562892,Move,31.099419593811035,5.363883724385232e-05
71.3037662138293,Move,44.15196132659912,3.977848962222197e-06
78.40460761236386,Move,84.11218643188477,9.432198382341994e-07
89.55728603340721,Move,21.279390335083008,2.6642865513792913e-07
99.39247051716632,Move,1.457661509513855,1.2447009423155464e-07
115.14246763863078,Move,0.15362142026424408,4.857935953506143e-08
125.44592421543221,Move,0.31782688200473785,2.0053556815113893e-08
145.95819517264167,Move,2.509174346923828,8.151776753617668e-09
154.60243655615278,Move,4.924437761306763,2.8062567894449053e-09
168.69209179993115,Move,2.8198429942131042,6.71875289778856e-10
182.49172627362856,Move,2.619373619556427,8.622831550349208e-11
200.06669358756153,Move,2.8280137181282043,5.01961729018445e-12
221.10736520822434,Move,3.904726266860962,1.92090697596339e-13
236.708458295218,Move,3.084803581237793,8.956418361096417e-15
242.69054126388164,Move,0.37935206294059753,8.746941250184247e-16
251.46932569114875,Move,0.22733082622289658,1.5507510424399854e-16
259.3509560770118,Move,0.17347745597362518,3.631355717838352e-17
268.84044696084425,Move,0.19266781210899353,5.22519536869817e-18
280.57174343681385,Move,0.023155856877565384,5.326688442686252e-19
288.7607806458345,Move,0.009848513407632709,9.711743354662156e-20
298.7348480495156,Move,0.02010349463671446,1.355228461605033e-20
316.4017520985657,Move,0.0013203351118136197,1.446416013742182e-21
335.7060283208075,Released,0.0013203351118136197,1.446416013742182e-21