resolution:1536,864
0,Pressed,723.4308013916016,397.38518714904785
12.704569365976596,Move,723.4308013916016,397.38518714904785
28.333165913113426,Move,662.30126953125,346.4310350418091
48.69008040264051,Move,586.8564147949219,285.8487911224365
56.6251635199296,Move,505.06036376953125,221.96225452423096
69.40663780864661,Move,417.2384033203125,160.656174659729
87.08101793369089,Move,333.6272277832031,110.25745868682861
95.61639379735753,Move,253.2341079711914,69.18054127693176
103.30657531231797,Move,173.97335815429688,37.555182337760925
114.92623776144008,Move,104.1057243347168,16.079877376556396
126.5009172304286,Move,50.99677276611328,5.083059534430504
141.91616903242772,Move,16.725286960601807,0.8661867119371891
158.45790603556986,Move,3.02874755859375,0.06604822352528572
164.36231063588014,Move,0.2462492734193802,0.0010941435502900276
174.13105151367267,Move,0.003574737813323736,8.534535957949174e-07
181.95716878056035,Move,8.26225505079492e-06,2.7736801137129286e-11
195.69676252793715,Move,2.4368207451885837e-09,9.411339934303708e-18
214.57687191277805,Move,4.012904917215232e-13,1.0884759561098756e-26
221.72173519268213,Move,8.250383698628802e-19,0
241.97952109576454,Move,4.397693375806594e-27,0
254.9167474389913,Move,0,0
277.07676732930906,Move,0,0
292.67292490190897,Move,0,0
301.4570551748835,Move,0,0
311.9230661021308,Move,0,0
320.2166084327698,Move,0,0
336.4713300051498,Move,0,0
352.8180478595977,Move,0,0
372.8935786296525,Move,0,0
394.80834833200413,Move,0,0
407.44866254072645,Move,0,0
425.8966628289035,Move,0,0
446.85841576978555,Move,0,0
469.61412322496574,Move,0,0
490.6231175507768,Move,0,0
513.5366913011353,Move,0,0
528.7442150054368,Move,0,0
548.929043394031,Move,0,0
562.0141917657047,Move,0,0
575.1775723905387,Move,0,0
596.6680885975412,Move,0,0
612.6307668377782,Move,0,0
632.0202899606087,Move,0,0
648.4812250878732,Move,0,0
658.5512061809646,Move,0,0
673.8172902468342,Move,0,0
682.6964519776633,Move,0,0
690.2990023455553,Move,0,0
704.559872103016,Move,0,0
713.5593596997946,Move,0,0
730.7725301618343,Move,0,0
741.7892734312748,Released,0,0