resolution:1536,864
0,Pressed,675.5977020263672,339.1941432952881
9.955967812046286,Move,675.5977020263672,339.1941432952881
29.440692833897973,Move,642.3805389404297,279.1588125228882
43.4766650018027,Move,645.1090393066406,252.8266954421997
65.54748997185882,Move,656.511474609375,243.05981540679932
84.14585906163617,Move,676.7389984130859,252.32203674316406
95.99493394704996,Move,701.1355133056641,272.9107675552368
107.22945324450893,Move,720.7393341064453,297.46935653686523
116.55529040274463,Move,736.8755035400391,326.8159074783325
132.1428033331849,Move,750.6741027832031,355.8800411224365
153.39084854887702,Move,755.9906616210938,376.22024059295654
164.5915984300884,Move,763.98779296875,395.8319435119629
172.92350910626118,Move,768.3717956542969,410.3065767288208
179.95139913433815,Move,773.6569519042969,425.67555713653564
186.10892414364884,Move,777.277587890625,434.6250801086426
200.49268680692234,Move,778.153564453125,442.94882011413574
223.19507290467445,Move,773.8505859375,450.91201972961426
237.48520443379104,Move,772.3564453125,457.3458709716797
251.14436576402576,Move,770.0270690917969,464.7964553833008
261.3497558182023,Move,767.0307769775391,470.1925106048584
274.8442899043389,Move,760.7902679443359,473.2939510345459
294.3054415202696,Move,757.7311706542969,477.3573818206787
312.6815937736779,Move,753.6347351074219,485.2098083496094
324.59665959251674,Move,747.9422149658203,492.00389099121094
342.04010731288525,Move,744.0652313232422,496.2528705596924
357.06574690563355,Move,740.0932159423828,501.8171195983887
373.26263734288176,Released,740.0932159423828,501.8171195983887