resolution:1536,864
0,Pressed,1005.8160095214844,715.8971042633057
21.770940033085928,Move,1005.8160095214844,715.8971042633057
29.494304321982465,Move,1109.142333984375,794.8276920318604
37.411195618658624,Move,1155.8238830566406,791.637056350708
46.907979113818314,Move,1208.9680480957031,695.4406471252441
60.144239015330655,Move,1215.24169921875,319.00913429260254
71.29151357666991,Move,1298.8528747558594,39.33081865310669
91.10191327039365,Move,1381.9411010742188,1.935449369251728
107.37295023154785,Move,1447.8863525390625,0.05177206441294402
117.64075334790839,Move,1477.7621154785156,0.0008323926267621573
123.45832237595118,Move,1492.5338745117188,1.3426864995835786e-05
140.79578431844274,Move,1503.2425231933594,2.494393012142382e-07
157.649289293163,Move,1492.5390930175781,9.74627328842459e-09
173.8567879514498,Move,1324.2885131835938,2.5795041103116034e-10
193.44128093705933,Move,914.4651489257812,6.577984007103896e-12
205.20251960192496,Move,157.05496215820312,1.463554466827428e-13
214.63953104100057,Move,19.708030700683594,4.496041619602966e-15
228.8282588997849,Move,2.7268792390823364,1.9081628604270776e-16
234.59044017564537,Move,0.4382149279117584,7.390401187186196e-18
249.52419699036378,Move,0.41321535408496857,3.252510357710304e-19
258.1119308247898,Move,1.3148589134216309,1.3564114046018888e-20
275.3444120466932,Move,15.669938564300537,7.747650218626298e-23
289.7666176182181,Move,0.7548302114009857,4.216056476820405e-25
299.6121258582215,Move,19.69938325881958,2.4155581746647685e-22
309.18476079022724,Move,1459.0372009277344,1.5757068002191774e-27
323.7088076751031,Move,7.739428264930126e-10,3.936237461023671e-30
343.7874590318829,Released,7.739428264930126e-10,3.936237461023671e-30