resolution:1536,864
0,Pressed,702.7329254150391,567.0357913970947
12.895228915033845,Move,702.7329254150391,567.0357913970947
35.22680438761629,Move,509.29376220703125,460.28895378112793
54.378754373205346,Move,362.6297378540039,222.91252899169922
62.83984984672415,Move,267.9895706176758,43.87612974643707
84.96365337593514,Move,241.05894470214844,4.736615628004074
99.22576380895278,Move,250.70448303222656,0.5416704677045345
111.60784433117479,Move,231.9649429321289,0.05437308945693076
132.4776922144447,Move,262.4754409790039,0.007707382348598912
150.19751381445346,Move,275.3532485961914,0.0015237603547575418
167.26892179073482,Move,251.23040771484375,0.00039754968929628376
172.96556759710327,Move,238.947509765625,0.00016082506999737234
189.90301209855232,Move,231.0805206298828,6.83308257976023e-05
204.6640017590011,Move,245.0966033935547,3.695760267419246e-05
220.7187639737726,Move,262.2292785644531,2.336410744874229e-05
229.25488963553408,Move,208.2550048828125,1.207251284540689e-05
249.17499192093433,Move,228.1483154296875,6.709918636715884e-06
258.924555309572,Move,321.4672622680664,4.612694098682368e-06
265.01552502891,Move,483.6094207763672,2.283727191354501e-06
271.60631480408404,Move,1055.0371398925781,2.7594078062520566e-06
293.6448714964411,Move,1399.0735473632812,1.7026698770905568e-06
309.95028247333113,Move,1528.4131164550781,3.180563332705333e-06
315.5839731163585,Move,1535.694580078125,6.328145559564291e-06
333.84399672871706,Move,1535.9840698242188,1.4176104002672218e-05
355.54326808326533,Move,1535.9990844726562,4.867894119797711e-05
362.7615895043548,Move,1535.9998168945312,0.00013734119966102298
382.49719636043613,Released,1535.9998168945312,0.00013734119966102298