resolution:1536,864
0,Pressed,766.4170532226562,426.78722763061523
5.775099933583963,Move,766.4170532226562,426.78722763061523
13.20275366942519,Move,764.5127105712891,421.8942346572876
29.849212559222934,Move,764.3072204589844,419.0166835784912
36.77717922145331,Move,765.5701446533203,418.3062114715576
42.61369338034396,Move,767.9146728515625,418.025673866272
60.893118806597016,Move,769.8759155273438,417.9545545578003
79.0712941349639,Move,771.8910827636719,418.0347375869751
87.09732133891882,Move,773.8757629394531,418.8485155105591
92.28795190542891,Move,775.2479553222656,419.6551866531372
99.55090232154505,Move,774.9142456054688,419.47010135650635
110.65925150101748,Move,773.983154296875,419.5964012145996
133.34519089342447,Move,774.263671875,419.1055955886841
143.7457339260023,Move,774.4267272949219,418.70202827453613
151.0193104485826,Move,774.7386474609375,418.6167984008789
172.3928594582565,Move,774.990966796875,419.2616357803345
177.80607850245357,Move,774.8113403320312,419.4370393753052
183.79908262075344,Move,775.78564453125,420.0971202850342
190.3787648204354,Move,776.063232421875,420.94341945648193
204.6478392999053,Move,776.098388671875,420.645320892334
222.2926288553563,Move,777.1820068359375,420.7595958709717
244.74078741487406,Move,777.2428894042969,420.4488286972046
266.08210827670916,Move,776.7854919433594,420.3578052520752
282.4364346946702,Move,777.0588684082031,419.9913682937622
291.2709378883313,Move,777.7806701660156,420.782564163208
311.3360977807949,Move,775.9856872558594,420.30115699768066
323.4173776713885,Move,775.1250915527344,419.24286460876465
331.988518213919,Move,774.7117309570312,418.84663581848145
338.35993519154795,Move,772.67578125,418.8743677139282
357.33635747412666,Move,772.2322082519531,418.64151763916016
368.9148526415773,Move,772.9809265136719,418.509295463562
378.54490715568045,Move,773.0776062011719,419.0967893600464
388.5247290635504,Move,773.9212646484375,419.32250690460205
404.3078840051938,Move,774.4959411621094,419.4876880645752
419.6671238543793,Move,776.4193725585938,420.09369564056396
429.07305089822404,Move,777.2572631835938,420.42297649383545
449.3396532270536,Move,777.267333984375,421.3287305831909
465.44744607383814,Move,776.5320739746094,422.4715576171875
484.3581733489321,Move,776.2190551757812,422.10962677001953
502.89525381940405,Move,775.8565063476562,421.913649559021
510.64658086274653,Move,775.3649597167969,421.0575141906738
527.9464586447506,Move,774.3118286132812,419.66121196746826
549.8979427056545,Move,774.9260559082031,420.2738628387451
560.2595154083585,Move,774.4301147460938,419.38530921936035
572.0528702568829,Move,774.8153686523438,419.9216651916504
588.7724021984576,Move,774.6557006835938,420.7654666900635
598.7056194077333,Move,775.8987121582031,422.43023014068604
618.1933435074773,Move,775.3171691894531,422.17963886260986
632.8870875840074,Move,775.970947265625,422.6265163421631
655.0235600750037,Move,776.846923828125,423.2022943496704
667.4280834614648,Move,776.9415893554688,422.3952884674072
683.8652817319427,Released,776.9415893554688,422.3952884674072