resolution:1536,864
0,Pressed,737.0085296630859,421.5844974517822
9.899401602930203,Move,737.0085296630859,421.5844974517822
27.072119102241828,Move,699.0341033935547,407.72509002685547
37.92790814993387,Move,642.3748168945312,385.87269115448
50.184695522004176,Move,570.9368591308594,355.83438777923584
61.73862328305419,Move,476.6428527832031,313.07849979400635
71.03466361764399,Move,359.79139709472656,254.41372203826904
83.86595214261725,Move,217.37157440185547,173.1855583190918
100.58841201075754,Move,79.60609245300293,77.05481600761414
114.79410537273648,Move,8.256383657455444,10.700271874666214
129.93762001871085,Move,0.011651583015918732,0.04788396880030632
138.2171537248632,Move,1.4158003103226235e-09,1.92529464371205e-07
160.35093087709717,Move,3.0142004793647957e-25,6.291560982627296e-20
165.65936540694545,Move,0,0
171.02905712463718,Move,0,0
187.72188969349827,Move,0,0
205.92852907116549,Move,0,0
221.11504088112102,Move,0,0
235.64018800434195,Move,0,0
241.0030735284192,Move,0,0
247.88510488087343,Move,0,0
270.01788747811025,Move,0,0
276.4616932838074,Move,0,0
299.1445352459274,Move,0,0
307.98866648791716,Move,0,0
323.2787863827668,Move,0,0
328.50053799848223,Released,0,0