resolution:1536,864
0,Pressed,784.8248291015625,389.08598613739014
11.993706523597352,Move,784.8248291015625,389.08598613739014
29.090234005051997,Move,792.8110656738281,371.21765899658203
46.21580738962891,Move,792.8323059082031,372.4615259170532
66.6204485806288,Move,786.4363403320312,384.4026689529419
75.72327745040897,Move,775.9178466796875,399.456015586853
86.45016858332207,Move,763.6118316650391,417.19353675842285
95.85363105696882,Move,753.8444366455078,432.39349937438965
113.04680541616418,Move,745.3840026855469,444.5939884185791
128.64349335961097,Move,739.2221374511719,458.58631324768066
139.3977967549261,Move,732.4227905273438,472.6006278991699
151.97434937247127,Move,723.7036285400391,483.64101219177246
167.15126892567233,Move,713.7740020751953,496.2521495819092
172.93989317931624,Move,702.9231719970703,509.5905475616455
178.6270809065853,Move,690.8868255615234,523.2503471374512
194.73576552936558,Move,678.6788177490234,537.0069637298584
210.61497250347594,Move,664.1650543212891,550.325740814209
224.74267976439995,Move,650.619873046875,565.2856693267822
230.621812655578,Move,632.2088470458984,583.4708919525146
250.93844119315594,Move,614.2255096435547,601.2969131469727
256.1594952320545,Move,592.8731689453125,619.8238792419434
269.19399233507977,Move,572.3714904785156,638.8049583435059
288.57246766072524,Move,548.0930328369141,659.3688411712646
307.64484421278615,Move,521.6505432128906,681.552812576294
321.0042467846349,Move,490.6637420654297,706.9904022216797
336.7805308445373,Move,454.6947784423828,733.9427661895752
344.4256745396655,Released,454.6947784423828,733.9427661895752