resolution:1536,864
0,Pressed,578.1500701904297,49.74389111995697
21.454683952415042,Move,578.1500701904297,49.74389111995697
37.97400490973489,Move,238.8922576904297,0.7587015777826309
51.13922012038792,Move,145.3403778076172,0.01452030980726704
57.2730684365605,Move,100.31584167480469,0.0003720304039234179
78.08988536853533,Move,103.68208694458008,4.033810137116234e-05
87.85672952666235,Move,121.46024322509766,1.3793500613701326e-05
104.069238573227,Move,37.15424823760986,5.199206569272974e-06
116.36790447501114,Move,4.07243800163269,3.187791342895707e-06
132.08851593694982,Move,0.7303666770458221,1.3327649064365232e-06
150.29446608553118,Move,1.5051221251487732,6.356268151819222e-07
165.40953719302337,Move,9.10340166091919,2.403765906322519e-07
175.0257329728614,Move,19.27384328842163,8.227468906163438e-08
195.65030843477385,Move,24.137091636657715,3.323180131076242e-08
211.401193591289,Move,15.475125789642334,1.5871102931885872e-08
233.52640360871172,Move,10.24616289138794,8.123481637367647e-09
248.23719135212568,Move,8.658642053604126,5.184518564460561e-09
263.06328840207937,Move,6.650141000747681,4.271338033268179e-09
272.12282666534384,Move,5.962753772735596,4.470979086956817e-09
278.3093972815251,Move,5.030891418457031,5.047786688638922e-09
286.17267789797205,Move,4.249674081802368,9.181234272848116e-09
301.1527719567513,Move,4.030868768692017,1.8085686448454652e-08
306.9783717119784,Move,10.658087253570557,7.145002389741251e-08
312.59111508221207,Move,36.35098457336426,5.354971666093888e-07
334.283636200874,Move,129.57915115356445,2.9691275358345592e-06
340.5796364440975,Move,356.4121856689453,2.1129537287833955e-05
361.4255827961992,Released,356.4121856689453,2.1129537287833955e-05