resolution:1536,864
0,Pressed,722.8605194091797,421.9404544830322
7.227404585887475,Move,722.8605194091797,421.9404544830322
27.424863250313827,Move,665.9230041503906,406.6298475265503
43.53661285085195,Move,585.6165618896484,386.7867622375488
66.43772905293744,Move,465.48133850097656,365.25125885009766
88.92026669350889,Move,295.65765380859375,354.93252182006836
96.28314084731167,Move,110.94656753540039,402.8594169616699
118.67631830003589,Move,12.758505821228027,610.0421676635742
136.7676821639468,Move,0.3574254736304283,850.0234851837158
144.44268460275393,Move,0.023199797607958317,863.9929962158203
154.44902879127946,Move,3.893057942390442,864
168.12394475341227,Move,1535.9952392578125,864
186.2417932047894,Move,1536,864
202.08247274801602,Move,1536,864
216.89145530274354,Move,1536,864
227.87444641791654,Move,1536,864
245.84164711196854,Move,1536,864
268.7905693059469,Move,1536,864
281.9933601394026,Move,1536,864
290.2273008692365,Move,1536,864
310.81229504031904,Move,1536,1.1894160278273867e-12
328.1737881753346,Move,1536,0
347.1487634686329,Move,1536,0
369.39090271007905,Move,1536,0
392.15886807718186,Move,1536,0
407.05058288846254,Move,1536,0
419.29055583913856,Released,1536,0