resolution:1536,864
0,Pressed,699.1755523681641,339.6193141937256
13.95134751719938,Move,699.1755523681641,339.6193141937256
23.136720919451122,Move,633.4957122802734,246.51664638519287
39.25736084358657,Move,580.6260223388672,210.4878158569336
48.14403855209311,Move,556.5693054199219,214.87757921218872
62.22603923471213,Move,545.0246429443359,239.91854095458984
74.39600771985447,Move,542.5020904541016,271.13064765930176
93.0132296259178,Move,543.8054351806641,301.3495817184448
102.1512292528152,Move,546.1654815673828,327.6819305419922
113.21382834452862,Move,548.9968414306641,349.7790241241455
132.29334303404502,Move,550.6098175048828,367.9744176864624
143.28781827042528,Move,548.5125732421875,383.1215944290161
159.78019680447542,Move,552.1760101318359,395.2311887741089
174.74319634971008,Move,567.9725646972656,404.9150791168213
189.02635689313192,Move,573.0140533447266,413.0629005432129
194.30446997360818,Move,574.6873168945312,420.0779628753662
213.82845655826551,Move,575.0487213134766,426.6590995788574
227.62652715872176,Move,575.6038513183594,432.9500427246094
245.59295662685906,Move,578.1269073486328,439.2846050262451
266.9028911138809,Move,586.4992218017578,446.5901699066162
281.46325866218984,Move,608.4329223632812,456.5335350036621
288.7401975504507,Move,644.133544921875,462.12549018859863
306.42235171708,Move,706.3279266357422,448.21417236328125
320.67380832411885,Move,789.10693359375,361.35321521759033
342.5609400673414,Move,911.6946716308594,57.697341442108154
354.19286601447766,Move,1100.6911926269531,0.2393221529200673
360.38483462752043,Released,1100.6911926269531,0.2393221529200673