resolution:1536,864
0,Pressed,783.78955078125,349.14420318603516
12.175722857087845,Move,783.78955078125,349.14420318603516
19.211037853113247,Move,787.8828735351562,256.98027420043945
38.24409582037079,Move,790.1019287109375,199.44359493255615
57.539670686026966,Move,784.0037841796875,183.00550746917725
74.6028680199916,Move,781.4662170410156,196.0656337738037
95.05599804547968,Move,780.1803588867188,224.052472114563
115.28368470408404,Move,780.8186645507812,256.0568046569824
129.52307350862375,Move,783.519287109375,286.69524478912354
152.11424820754036,Move,788.2220764160156,313.69076442718506
161.62722485297414,Move,793.8343505859375,335.9618453979492
170.26769878275275,Move,799.9909973144531,353.51582622528076
180.37402974080666,Move,806.5851745605469,366.78354263305664
195.4913221260452,Move,813.62255859375,376.2319049835205
203.77622794790494,Move,821.0274353027344,382.25539112091064
213.94701522998918,Move,829.3481140136719,385.0076723098755
221.2614109018721,Move,840.80859375,384.4981212615967
230.89374769952596,Move,853.2008056640625,380.46201038360596
239.05063689159266,Move,867.7112731933594,372.2240409851074
244.98565929293983,Move,884.772216796875,359.2101345062256
250.00760036047512,Move,903.9326477050781,341.7850284576416
267.25530039755006,Move,914.6930236816406,322.3413133621216
272.8521426184791,Move,899.4101257324219,315.9112215042114
279.80303028075184,Move,873.2690734863281,332.0005102157593
295.04652650011394,Move,916.8511962890625,358.36738872528076
311.52597547803197,Move,1075.9245300292969,265.8700590133667
317.2621677197922,Released,1075.9245300292969,265.8700590133667