resolution:1536,864
0,Pressed,792.1549987792969,142.6645860671997
12.300613713054348,Move,792.1549987792969,142.6645860671997
34.07787065090489,Move,566.4678955078125,7.760996729135513
53.45682712879511,Move,331.6951446533203,0.1844316590577364
70.30608888977659,Move,158.91557693481445,0.0026827491892618127
92.81740304764563,Move,96.04994201660156,4.326528664932994e-05
104.98402781167951,Move,45.072967529296875,6.856131502530616e-07
123.42882295532671,Move,25.23472023010254,3.292027850321233e-08
132.74890286377052,Move,19.706371307373047,6.410812880552896e-09
139.92265596378135,Move,21.798996448516846,4.06053803081452e-09
145.1777976251882,Move,22.393149375915527,3.2056436255478715e-09
166.793328757867,Move,28.345547676086426,3.1866879135478143e-09
187.9375781596293,Move,62.61422538757324,4.27040053319061e-09
193.86365920785283,Move,34.22266674041748,1.0920366798339298e-09
202.49380955414205,Move,39.876657485961914,5.199654300874768e-10
222.46296475884432,Move,10.707476377487183,1.158963394004564e-10
228.13654354226014,Move,2.2775543332099915,4.4879877158371384e-11
233.2963966626524,Move,0.3328378200531006,1.5986993955226236e-11
246.08819161911936,Move,0.06296363845467567,8.451180185352347e-12
267.7139839313644,Move,0.007222192129120231,4.184683727466963e-12
275.5823555513518,Move,0.0014364038652274758,4.649394028956831e-12
297.17245799148213,Move,0.0004972245806129649,1.0687525327625694e-11
310.9560029577537,Move,0.00019922672800021246,5.562945416814902e-11
328.8088742798463,Move,5.432161378848832e-05,3.8690575743238753e-10
347.8059091091194,Move,1.2254729881533422e-05,3.0484454335844013e-09
366.80586875127443,Move,1.1287638130852429e-06,6.36328050251933e-08
377.32911543401576,Released,1.1287638130852429e-06,6.36328050251933e-08