resolution:1536,864
0,Pressed,739.8586578369141,413.9030714035034
9.323010794658021,Move,739.8586578369141,413.9030714035034
16.897828039064805,Move,704.6166687011719,385.1346158981323
35.32570237977061,Move,651.3842926025391,337.80636405944824
53.40686044171936,Move,572.6541595458984,264.80388736724854
72.84402607698487,Move,458.05796813964844,161.36964654922485
86.38977201618324,Move,282.6097183227539,46.71193492412567
101.89367113828541,Move,75.35579681396484,1.3266375437378883
113.70849867319997,Move,0.30391936004161835,7.703672349634871e-05
129.33068513988152,Move,5.239209599494643e-08,4.0292184855086834e-16
139.6433332843387,Move,1.5174368328053005e-27,0
154.9004586355056,Move,0,0
166.38491138445062,Move,0,0
172.73441005164048,Move,0,0
180.27032497685792,Move,0,0
202.00862551233965,Move,0,0
214.94320391048387,Move,0,0
225.30677354736426,Move,0,0
242.44085439508808,Move,0,0
265.18657328149897,Move,0,0
276.84100638391726,Move,0,0
298.69477657546844,Move,0,0
310.85372494457505,Move,0,0
329.30912274180554,Move,0,0
351.38340775928907,Move,0,0
361.230014334222,Move,0,0
368.1022400586502,Released,0,0