resolution:1536,864
0,Pressed,764.0601196289062,413.76448917388916
10.82577333478925,Move,764.0601196289062,413.76448917388916
26.56397250889901,Move,757.5845031738281,388.25464725494385
45.8036517565792,Move,753.3430480957031,362.5763282775879
56.27654156091111,Move,749.0256500244141,336.3976249694824
74.82523570143076,Move,746.1934661865234,312.96746921539307
97.73051629845988,Move,741.6611022949219,290.00159740448
114.04110711685806,Move,738.5786590576172,269.59913635253906
132.44420226682072,Move,735.66943359375,252.15245246887207
144.23832390392565,Move,733.0478210449219,236.13809394836426
158.46161788779352,Move,728.4132385253906,222.61334896087646
178.39254670673404,Move,727.30810546875,213.7180666923523
183.51513153191542,Move,724.428955078125,201.33650922775269
189.44104972009117,Move,724.0949249267578,195.47144508361816
206.55041394329646,Move,724.9960327148438,189.71907234191895
226.56855248379884,Move,724.0766143798828,182.60484981536865
245.52091205745626,Move,722.1463623046875,172.67823457717896
264.3695715003544,Move,726.2320404052734,166.28450059890747
271.9675755269287,Move,728.7263488769531,160.70858716964722
278.0689005537421,Move,731.6211547851562,155.7696189880371
283.5431883602514,Move,735.7321929931641,152.18136405944824
303.434162665652,Move,741.4109344482422,148.9510359764099
314.7786046234434,Move,742.4094543457031,145.6086344718933
322.5945223425448,Move,741.6956634521484,140.66680812835693
329.6390695608082,Move,748.0625610351562,137.9500994682312
350.37868146271643,Move,753.1149444580078,134.5504059791565
370.24127471665605,Move,759.1409912109375,130.1403136253357
385.6038141662485,Move,766.5799255371094,127.6136212348938
399.8885841105425,Move,771.8083190917969,125.37481784820557
408.77191585958235,Move,774.4228820800781,124.07340145111084
426.8045216915809,Move,771.07763671875,122.64605855941772
439.89364153840296,Move,773.2879943847656,122.21969032287598
452.9837026301632,Move,775.9563903808594,122.0902361869812
470.9202160398676,Move,776.3621520996094,124.71767234802246
484.113461798934,Move,779.8058166503906,123.46337699890137
497.95116742174275,Move,781.571044921875,122.43718099594116
506.6719637463565,Move,782.8819885253906,124.32921981811523
526.1213195967705,Move,781.4418640136719,126.43050956726074
542.989906273067,Move,784.1489868164062,125.61778736114502
556.1619058801297,Move,786.3511962890625,128.73224401474
575.1558058977357,Move,786.6457214355469,128.57554721832275
583.1711399577547,Move,786.3394775390625,129.93814373016357
591.9994513152608,Move,783.2816162109375,130.47831058502197
603.0264423123315,Move,783.6796875,131.98474216461182
620.4071939066513,Move,783.7424926757812,132.27091884613037
628.8615458012305,Move,784.8093566894531,129.9944829940796
634.4789958013788,Move,780.0189514160156,128.39482641220093
654.0271196484598,Move,778.2593994140625,130.51986980438232
665.0569846770395,Move,780.1365051269531,129.69790363311768
680.9345316171541,Move,780.8646240234375,133.16485404968262
687.0759972052754,Move,777.8938293457031,135.14117002487183
698.5094170620124,Released,777.8938293457031,135.14117002487183