resolution:1536,864
0,Pressed,763.6052856445312,416.2856454849243
9.988557539730913,Move,763.6052856445312,416.2856454849243
31.32269563577173,Move,758.5339965820312,397.0516576766968
48.5134006620828,Move,752.4468841552734,378.1447105407715
62.23469038022992,Move,746.7316131591797,360.08089542388916
72.79613082877779,Move,740.6179962158203,344.0425386428833
83.76846504584393,Move,734.8815307617188,331.14710426330566
100.17114942987274,Move,729.1548156738281,319.21505069732666
109.64645726073307,Move,726.4820709228516,309.11330223083496
120.36103058891929,Move,723.2742919921875,302.8942766189575
132.18705018915884,Move,720.4884796142578,296.4685106277466
151.32196692240302,Move,718.6622772216797,291.399959564209
166.55465850818334,Move,715.0647583007812,288.1614046096802
175.64034687409713,Move,711.4252624511719,285.2431182861328
183.01134298247172,Move,707.9563293457031,281.79148864746094
190.47574066480988,Move,705.0903625488281,277.89831161499023
198.73037892128912,Move,703.8717498779297,275.89927196502686
208.60291533316368,Move,704.7629699707031,272.6329593658447
214.30227308332795,Move,703.5031127929688,270.31110191345215
225.98196054695524,Move,701.7289123535156,267.4781484603882
240.43689149134133,Move,701.4608001708984,266.3761854171753
248.1346779651385,Move,698.2429962158203,262.4376640319824
258.7052322603123,Move,697.6587524414062,260.4413537979126
279.82603601659963,Move,696.7957763671875,260.62025928497314
288.01950591682726,Move,698.8019714355469,260.4497480392456
297.92555859122814,Move,700.423095703125,259.7641496658325
314.36330652611275,Move,701.2256927490234,260.6089553833008
319.45017705967507,Move,700.7430725097656,260.2080144882202
327.450756513353,Move,699.4766693115234,259.8482208251953
340.5155960715606,Move,699.8563842773438,260.5321969985962
346.4340660195762,Move,700.5326843261719,259.8699531555176
365.55255670734823,Move,701.6024780273438,259.5469808578491
387.50336464472684,Move,702.2100219726562,259.40587520599365
397.1866289321006,Move,699.7071075439453,259.6605863571167
418.8171066111541,Move,701.3530426025391,259.62237453460693
440.4090255457933,Move,702.2575378417969,258.12119579315186
461.32608937762603,Move,701.9033660888672,257.6977758407593
471.59434940329675,Move,702.0740203857422,257.28493881225586
484.5990632791086,Move,701.1033325195312,259.0838813781738
501.46107278047646,Move,700.4841613769531,258.5843210220337
514.2126588873564,Move,698.7367858886719,258.12922954559326
527.6948769243764,Move,698.4366302490234,260.0294437408447
533.5381171048241,Move,699.2175750732422,261.6991767883301
551.944019517314,Move,700.5604705810547,263.88288974761963
569.1977798191054,Move,700.7473297119141,264.83800506591797
583.4882310519067,Move,702.6338195800781,264.1896915435791
604.48367075989,Move,701.4300842285156,263.0401954650879
619.5211020145318,Move,701.9897918701172,263.3691158294678
639.921133917368,Move,701.7577972412109,262.6751232147217
659.0769531229759,Move,700.5651397705078,261.05485439300537
678.7789479522254,Move,699.279052734375,259.60697650909424
686.4142364207627,Released,699.279052734375,259.60697650909424