resolution:1536,864
0,Pressed,735.2232055664062,419.3535089492798
20.05456057120258,Move,735.2232055664062,419.3535089492798
42.86567522814439,Move,701.2318267822266,395.412823677063
64.34666996861435,Move,656.0431823730469,358.1901569366455
74.04849151509914,Move,593.4179992675781,301.4495658874512
88.22535495885715,Move,502.82533264160156,218.0027732849121
95.11570922162298,Move,372.03421783447266,113.34496879577637
100.68065144428067,Move,199.8347396850586,27.19748032093048
110.96743505284667,Move,43.11682319641113,0.8718928769230843
125.79687844726253,Move,0.6105161905288696,0.0003750606829271419
137.3184914348723,Move,3.9821442442189436e-05,4.6388274081363146e-11
151.540974313011,Move,2.060158887560136e-13,3.2635853822852716e-24
159.0328986560044,Move,5.258172993770551e-30,0
178.54348472096106,Move,0,0
191.75821884304605,Move,0,0
203.70131225275864,Move,0,0
216.6534173448551,Move,0,0
234.9193079175202,Move,0,0
252.08380291800958,Move,0,0
269.79399021031725,Move,0,0
281.590563708979,Move,0,0
297.19420185952436,Move,0,0
307.1886693725865,Move,0,0
327.4503940570019,Move,0,0
333.43484224320053,Move,0,0
339.57732897160145,Move,0,0
346.76722865369896,Released,0,0