resolution:1536,864
0,Pressed,719.6865234375,376.0857267379761
11.984855871515393,Move,719.6865234375,376.0857267379761
31.23465012913337,Move,655.4286804199219,307.06078147888184
47.473436941660935,Move,590.5852661132812,256.18379974365234
65.09396494990372,Move,540.7224426269531,229.3495216369629
87.9779774899564,Move,507.6547393798828,214.69335651397705
109.44080164465674,Move,489.1786651611328,202.9005675315857
122.0174883749927,Move,478.9368896484375,189.00992631912231
134.57261270083094,Move,471.6250305175781,170.31561613082886
143.17539001621407,Move,465.6149597167969,144.53840732574463
151.6633981697103,Move,464.44102478027344,113.01187705993652
173.31513018304116,Move,473.5370178222656,77.23772549629211
191.63443650826105,Move,488.4293975830078,43.38188982009888
202.81291713811413,Move,522.0801086425781,19.50434321165085
212.23037241959187,Move,592.650146484375,7.685541093349457
231.27539572048505,Move,653.9637908935547,3.1915765330195427
253.66460516696196,Move,738.8235168457031,1.3156314678490162
270.18281964395385,Move,832.3333740234375,0.5443371701985598
276.2009468527325,Move,899.3703002929688,0.1895818649791181
292.0671209229177,Move,893.0583801269531,0.04265665670391172
311.71237836992356,Move,747.5123748779297,0.006536803994094953
330.2102134683022,Move,642.8098297119141,0.0018420122141833417
348.35909928323696,Move,612.6755218505859,0.0010114169162989128
364.84981039183236,Move,819.6557922363281,0.0009028210442920681
378.74871939442585,Move,1073.5996398925781,0.001105484854633687
396.1341897819555,Move,1387.8125610351562,2.2494140714406967
410.459437875821,Released,1387.8125610351562,2.2494140714406967