resolution:1536,864
0,Pressed,699.5738067626953,348.1528329849243
5.667179382878564,Move,699.5738067626953,348.1528329849243
12.113966163668717,Move,651.0411987304688,274.10383129119873
26.999975544232903,Move,603.4671478271484,236.71701335906982
43.15761407446757,Move,576.8876953125,244.82206535339355
60.31877239035995,Move,564.0392303466797,270.85750007629395
67.37213452494478,Move,560.2162628173828,300.51298999786377
85.20833634388438,Move,560.3799591064453,327.84286308288574
100.35540934084358,Move,561.7148895263672,350.8271198272705
115.676488288042,Move,562.7557983398438,369.45298862457275
138.30776694812067,Move,562.2277221679688,384.6704864501953
150.11405548693364,Move,558.3524322509766,397.82037448883057
164.38332073881998,Move,577.3634948730469,404.82781505584717
176.28498332048682,Move,583.5632171630859,410.9709062576294
189.70722003754892,Move,585.9268341064453,415.97382259368896
212.36315657210042,Move,586.5746612548828,420.50542545318604
231.29322220411925,Move,586.7339630126953,424.60773754119873
248.81691987269338,Move,587.3709411621094,428.42104053497314
264.9908700427722,Move,589.8082580566406,432.25064277648926
273.26240687590547,Move,596.7338104248047,436.7709159851074
278.7319824394186,Move,615.6044769287109,443.9780673980713
289.5598332504288,Move,654.2492980957031,451.67883110046387
298.679432132268,Move,721.9048919677734,445.55211639404297
316.04695418919664,Move,858.1131591796875,391.4215679168701
332.84513810299256,Move,1147.1700439453125,126.80176162719727
353.34248979921375,Move,1446.1532592773438,1.5803876258432865
375.2836875736948,Released,1446.1532592773438,1.5803876258432865