resolution:1536,864
0,Pressed,414.2849578857422,20.896326005458832
14.199195946346371,Move,414.2849578857422,20.896326005458832
21.711021189058737,Move,233.7461700439453,0.1561484313569963
38.79480186309395,Move,244.3234405517578,0.001192993495351402
44.55408876671764,Move,484.09254455566406,1.0914375195625325e-05
57.649921909155516,Move,1305.8317565917969,5.897836459212158e-07
67.55400818532425,Move,1526.9468994140625,1.6759413856703986e-07
74.92160965651165,Move,1533.4259948730469,2.1979162490026738e-07
96.83687002620346,Move,1434.4772644042969,1.188013911246344e-06
112.94098112634279,Move,7.620742321014404,2.446086293517169e-07
135.47000364671834,Move,6.124222755432129,3.9495572812242585e-08
143.98521386067065,Move,510.7452850341797,3.1281070858590887e-09
161.8220492393493,Move,1476.5924377441406,1.3798810531706618e-10
171.0198654160512,Move,1517.9511108398438,1.0026793360439629e-11
176.45419293395364,Move,1447.8102722167969,2.351422218559423e-12
192.17106527218536,Move,1209.1285400390625,8.376441020300184e-13
208.536818914732,Move,790.30224609375,3.475393495937836e-13
220.42817058099436,Move,379.5597152709961,2.001830479335322e-13
243.22223704312165,Move,212.60881805419922,1.4607824075119373e-13
256.7718452291572,Move,168.8430061340332,1.3696867203050037e-13
270.1646788259109,Move,148.74530410766602,1.3442518582637564e-13
283.4726783662554,Move,132.05664825439453,1.3179958528372875e-13
298.85629605936464,Move,115.33859252929688,1.3525483681051933e-13
305.06791490937195,Move,107.12187194824219,1.4128827959886603e-13
310.4448969549179,Move,100.85063552856445,1.6206485387701875e-13
330.73552274631845,Move,93.99989891052246,1.8684623169352532e-13
348.9244984009702,Released,93.99989891052246,1.8684623169352532e-13