resolution:1536,864
0,Pressed,706.4035034179688,443.9523696899414
8.944313969463845,Move,706.4035034179688,443.9523696899414
22.771564893529696,Move,633.3717498779297,457.13580894470215
39.79159477608948,Move,520.8495025634766,481.16651344299316
45.88813458878985,Move,371.4495620727539,521.9028911590576
52.71026839476494,Move,189.8510856628418,597.1274471282959
59.53741077773499,Move,41.57794761657715,728.0658702850342
69.17192454622234,Move,0.7423913329839706,850.5451641082764
82.96976253824087,Move,2.0868914361926727e-05,863.9360389709473
104.8179869098051,Move,2.050976271141588e-14,864
116.02137050605161,Move,7.871855142650871e-32,864
121.44432149123935,Move,0,864
133.36814023865733,Move,0,864
138.70383037732927,Move,0,864
160.28363953447376,Move,0,864
178.62140411409393,Move,0,864
185.19055715040878,Move,0,864
199.97646038237536,Move,0,864
216.89051574700548,Move,0,864
228.28903923971527,Move,0,864
244.58164683872758,Move,0,864
265.35868484649285,Move,0,864
273.04811126821625,Move,0,864
286.47798885650826,Move,0,864
297.1386070820558,Move,0,864
318.5140303807781,Move,0,864
324.7107559008427,Released,0,864