resolution:1536,864
0,Pressed,769.1322326660156,658.6264400482178
20.299598327100846,Move,769.1322326660156,658.6264400482178
26.690442591869136,Move,672.1056518554688,697.2578201293945
36.61409072080051,Move,525.3465270996094,585.5721302032471
47.50263443258976,Move,404.2818603515625,268.3919620513916
53.08608813524848,Move,299.6375427246094,32.91996467113495
65.39981570103527,Move,221.3594512939453,1.7846284210681915
80.22604920439599,Move,258.2611541748047,0.10095092095434666
101.14336442206283,Move,264.77108001708984,0.004749397063278593
122.22302725781198,Move,252.52098083496094,0.00033940116918529384
132.3242961536475,Move,223.41265869140625,3.803106847044546e-05
138.38597894030715,Move,250.36933135986328,1.0071628651076026e-05
155.07746083626708,Move,252.14515686035156,2.5798582470315523e-06
174.40869187149127,Move,176.0342559814453,5.361077182186591e-07
183.95415942845761,Move,254.2859344482422,1.516287655434212e-07
205.31446897495496,Move,384.9206085205078,4.4842563662328416e-08
220.60574001877123,Move,873.5809936523438,2.141060129190464e-08
228.41818685285327,Move,1359.3099060058594,1.0245685799770143e-08
242.36805172970506,Move,1516.5198669433594,5.992349866312807e-09
263.5213539940786,Move,1534.2170104980469,3.988339283833575e-09
285.79032975745866,Move,1535.9598999023438,5.377831305275471e-09
306.446161362962,Move,1535.9979858398438,8.716980637313299e-09
324.11690016390673,Move,1535.9998168945312,1.9182847810217396e-08
344.0165047937885,Move,1536,4.212960480476369e-08
366.57807538982667,Move,1536,7.630973652972273e-08
384.1235959682283,Move,1536,6.233616822726162e-08
406.9871173017716,Released,1536,6.233616822726162e-08