resolution:1536,864
0,Pressed,730.8996734619141,405.6608018875122
16.76169348107232,Move,730.8996734619141,405.6608018875122
28.731617594333514,Move,682.7497100830078,375.11647510528564
45.06088375525614,Move,633.4583129882812,369.76980686187744
59.29081342404875,Move,596.0843353271484,384.28417110443115
65.05331898473015,Move,571.1880340576172,407.3334445953369
78.77533958588731,Move,556.1781463623047,433.6310062408447
92.68662862034589,Move,545.0635528564453,459.98521614074707
105.2358439265158,Move,534.5576477050781,485.0446014404297
115.2439247870042,Move,523.1569519042969,508.15266036987305
130.38088609844246,Move,510.2156982421875,528.5743045806885
137.18575253799577,Move,495.5354919433594,544.4805164337158
149.43239650208952,Move,497.1526336669922,547.646484375
157.55002006110715,Move,521.9900207519531,530.8480625152588
180.2928535872054,Move,585.7951354980469,472.53388595581055
195.16456062012597,Move,728.2067413330078,378.44023418426514
207.54004064601133,Move,894.0341491699219,236.27479648590088
219.4456409048273,Move,1073.8715515136719,93.75068521499634
241.46204822041338,Move,1192.279541015625,24.463226795196533
250.40671356142312,Move,1212.9226684570312,5.33712212741375
261.1925869502872,Move,1149.7538452148438,0.7617582902312279
275.41419901098715,Move,874.1954040527344,0.05554354679770768
296.83162902305685,Move,392.67864990234375,0.0037742892745882273
311.95318078226285,Move,198.5914306640625,0.0014648464130004868
330.6984780741274,Move,233.28609466552734,0.0008325730668730102
350.98639909786095,Move,767.6358032226562,0.003081372531596571
373.21860495024976,Released,767.6358032226562,0.003081372531596571