resolution:1536,864
0,Pressed,724.2144470214844,426.4646415710449
10.942298912264105,Move,724.2144470214844,426.4646415710449
23.471629071199175,Move,676.4881439208984,418.2114028930664
35.32696229459394,Move,613.489013671875,409.55189323425293
56.07611351869617,Move,533.7345886230469,405.0467863082886
70.28539616856625,Move,427.9009094238281,411.63863468170166
81.57781647469206,Move,298.07686614990234,447.20454597473145
97.23322297676172,Move,158.8937873840332,551.2603340148926
113.72155859969178,Move,51.765403747558594,736.487714767456
122.61962007256378,Move,7.7418372631073,854.4186172485352
129.444553218618,Move,0.6927912086248398,863.9623031616211
149.40072510046656,Move,0.17919176816940308,864
155.13659927948328,Move,2.904424488544464,864
174.27955929722597,Move,1479.5893249511719,864
185.65855449407158,Move,1536,864
202.26629422573478,Move,1536,864
223.64988742492628,Move,1536,864
229.98561178073766,Move,1536,864
245.1785496143091,Move,1536,864
263.3130810986986,Move,1536,864
271.1726532533964,Move,1536,864
282.9077791203462,Move,1536,864
300.58866299702174,Move,1536,864
305.8593595470168,Move,1536,864
316.6578334122073,Move,1536,864
323.8414841008596,Move,1536,864
335.9577423250431,Released,1536,864