resolution:1536,864
0,Pressed,934.8183288574219,70.96648693084717
6.1385871531248375,Move,934.8183288574219,70.96648693084717
12.058022551935702,Move,930.2360229492188,1.8076830133795738
21.38525695095779,Move,1057.00927734375,0.03636294649913907
37.06051771222824,Move,1231.7308959960938,0.0007108409681677585
44.182891431763345,Move,1411.1424865722656,1.5929054939078924e-05
61.178009030686574,Move,1497.3128356933594,5.495771677743733e-07
69.93420053196071,Move,1529.5328063964844,1.272316292322273e-07
88.98622572632256,Move,1534.7351989746094,1.1127933774446319e-07
102.81670806633379,Move,1535.7742309570312,3.304922815416944e-07
113.46310451175934,Move,1535.7139892578125,3.392021767467668e-06
134.8837360880479,Move,1519.1716918945312,1.934387574920038e-05
156.13489476732383,Move,164.6037254333496,2.6749805570602803e-06
162.5627901909483,Move,64.08871078491211,9.721344689239686e-07
181.90732108223963,Move,250.82947540283203,3.048280108330914e-07
192.24343703947176,Move,450.4351043701172,9.094986364033275e-08
201.79360253858525,Move,643.2416381835938,4.798800756766752e-08
219.53972944816636,Move,866.4824523925781,4.204803105700705e-08
240.44368052289786,Move,1132.4331665039062,5.135340352957485e-08
248.35478160372634,Move,1215.9307250976562,4.710036360933145e-08
265.4155897313662,Move,1322.2714233398438,5.4644728741948256e-08
278.1803587504314,Move,1328.1475524902344,5.628883559261055e-08
285.9269217690218,Move,1313.1383056640625,6.345269110141771e-08
300.56905316165415,Move,1271.904052734375,5.3758475671017436e-08
312.9768112210441,Move,1271.0420837402344,6.707568900310434e-08
332.4882888201487,Move,1147.2784423828125,6.684923814503918e-08
351.5738859717717,Released,1147.2784423828125,6.684923814503918e-08