resolution:1536,864
0,Pressed,718.3545684814453,424.6494770050049
19.590409719786965,Move,718.3545684814453,424.6494770050049
29.783758244787023,Move,656.8353881835938,413.891149520874
39.21747333454676,Move,559.9779052734375,402.5193214416504
60.35302185214917,Move,421.6766052246094,402.97515964508057
66.54064946580716,Move,231.1699676513672,451.9467258453369
76.11697903457349,Move,57.1062126159668,628.3957386016846
92.77770916258743,Move,3.452613115310669,848.3224411010742
104.32151157838048,Move,0.21366018801927567,863.9852714538574
126.94166860594247,Move,0.4875156730413437,864
135.86891267558687,Move,1535.2353515625,864
155.78232878279627,Move,1536,864
163.4325385857977,Move,1536,864
171.55345501002208,Move,1536,864
182.53931907308444,Move,1536,864
203.94870599511398,Move,1536,864
223.9169353044226,Move,1536,864
234.74005890600486,Move,1536,0
246.83668100650755,Move,1536,0
257.9534039656758,Move,1536,0
275.15768883265514,Move,1536,0
295.87914280364816,Move,1536,0
308.98049398394375,Move,1536,0
323.14673229424534,Move,1536,0
335.32673194431385,Move,1536,0
354.52864274913856,Move,1536,0
370.93477062126766,Released,1536,0