resolution:1536,864
0,Pressed,764.8364868164062,433.3246421813965
17.06926431122226,Move,764.8364868164062,433.3246421813965
37.95377834782207,Move,764.1887969970703,433.88319396972656
57.22311080751102,Move,763.9310760498047,434.1815242767334
73.25470622786962,Move,764.0238647460938,434.6225051879883
92.29218425123636,Move,764.0958251953125,435.05879974365234
113.52910889809985,Move,764.1828918457031,435.2628879547119
128.8477578601614,Move,764.2657470703125,435.488862991333
149.24947660794714,Move,764.156982421875,435.6697769165039
156.17911985940063,Move,764.056640625,435.77988052368164
176.48076144774672,Move,763.9763031005859,435.66637802124023
185.16891126451208,Move,764.0541229248047,435.8504333496094
208.1483748350767,Move,763.9936065673828,435.8902416229248
225.84096222672608,Move,764.0506896972656,436.08815002441406
244.7232664742608,Move,764.1556091308594,436.0327892303467
262.3745451450751,Move,764.0761413574219,435.9064636230469
274.07775715168543,Move,763.9552001953125,435.84790992736816
286.06507798304443,Move,763.8502807617188,435.6921272277832
293.61379852708,Move,763.89404296875,435.70958518981934
309.54444959537375,Move,763.8496398925781,435.654842376709
316.8786364541832,Move,763.8129730224609,435.5690975189209
323.4091560154994,Move,764.0169067382812,435.5012741088867
330.46090320998746,Move,763.9506683349609,435.4318027496338
350.3823496309276,Move,763.8869018554688,435.3222141265869
359.18047295388243,Move,764.1041564941406,435.64366722106934
367.564848311575,Move,764.1383056640625,435.8995113372803
380.3535843162144,Released,764.1383056640625,435.8995113372803