resolution:1536,864
0,Pressed,699.2214202880859,317.37174224853516
19.147406118184517,Move,699.2214202880859,317.37174224853516
38.40739689151498,Move,613.3811187744141,202.86016702651978
44.0182937843813,Move,546.800537109375,144.81930541992188
60.82652916464731,Move,507.2018280029297,125.35009860992432
70.47661939122419,Move,483.26499938964844,125.13435888290405
81.11814969272251,Move,468.37591552734375,131.0162115097046
102.80651022599831,Move,457.97113037109375,137.46107053756714
120.38098310049749,Move,450.04005432128906,142.09120273590088
142.83495926859518,Move,441.4966278076172,143.8542766571045
151.04147078055146,Move,430.6446533203125,142.05418825149536
164.55417253092247,Move,416.8374481201172,136.57328939437866
171.89346173089703,Move,399.5804901123047,127.07568168640137
189.8254650268931,Move,381.6053466796875,116.32309627532959
207.90799990447755,Move,394.36793518066406,109.44863748550415
217.8092401397047,Move,392.9988555908203,108.40078639984131
235.75371068869111,Move,392.4319152832031,115.1565670967102
241.80933448031277,Move,393.3245544433594,132.38561868667603
248.97003939184657,Move,410.73353576660156,161.58884954452515
271.8020598796673,Move,411.84352111816406,196.0854091644287
277.09158853897196,Move,381.5555419921875,210.29658937454224
295.807307971476,Move,344.25643157958984,158.753089427948
303.56922191064865,Move,332.86903381347656,60.686586141586304
313.8816152504849,Move,250.4249267578125,10.823460102081299
329.14447870034843,Move,214.73966217041016,3.161078207194805
340.7241967823415,Move,120.34627532958984,4.558296740055084
358.72262957125315,Released,120.34627532958984,4.558296740055084