resolution:1536,864
0,Pressed,339.91976165771484,20.06529289484024
17.751783184155414,Move,339.91976165771484,20.06529289484024
23.266552459214946,Move,82.7841854095459,0.13575119990855455
36.37547572683194,Move,28.846235275268555,0.0008700862417754252
57.24264045340355,Move,15.015655517578125,6.706557485358644e-06
77.22034837248538,Move,29.650365829467773,3.403017787562135e-07
90.16069934308348,Move,83.71330833435059,4.736713821174021e-08
110.58768952579692,Move,79.06743049621582,3.113110269570285e-08
131.51844133603777,Move,1.3763154745101929,2.39016806347081e-08
151.90943942500235,Move,0.035253516398370266,9.737309708546249e-09
158.68341268030477,Move,0.0975273884832859,2.735355629501779e-09
181.26419781766472,Move,1.1836720705032349,6.58290718810739e-10
202.16616667808245,Move,3.5332878828048706,1.4747087925814917e-10
218.7976984428872,Move,2.7518654465675354,2.9448317807705127e-11
240.95916050699316,Move,1.5262656211853027,3.2730635828601487e-12
261.83274244314686,Move,2.3110331296920776,1.0880220750842198e-13
275.3110616836131,Move,3.8303940296173096,1.925234294972647e-15
287.84086293272594,Move,3.190436840057373,4.53020742558531e-17
294.42886528657635,Move,1.0539691150188446,4.155180041651592e-18
313.275306802411,Move,0.3376490995287895,7.133500799519935e-19
325.7085706977024,Move,0.15346311405301094,1.7582970264509045e-19
345.6884846495762,Move,0.10197413340210915,5.288453129587143e-20
367.91054262224236,Move,0.08339445479214191,1.7957893946408798e-20
389.7959367178216,Move,0.06279347464442253,6.1584635376612905e-21
402.99009149832506,Move,0.05179446190595627,2.1345129829251383e-21
425.62834290938946,Move,0.0516958124935627,6.365068764648006e-22
443.0915896354792,Released,0.0516958124935627,6.365068764648006e-22