resolution:1536,864
0,Pressed,1179.7358093261719,97.09353733062744
10.991142641777628,Move,1179.7358093261719,97.09353733062744
20.156235792394362,Move,1270.7406005859375,1.1921910792589188
42.55304448673232,Move,1398.0438537597656,0.013787115924060345
59.71498436951051,Move,1476.05419921875,0.0001290215304834419
75.03166167404905,Move,1520.6356201171875,3.4955475314291107e-06
96.92908895456804,Move,1530.5404357910156,4.934440216430858e-07
106.88039132946051,Move,1531.3291625976562,2.58716424283989e-07
118.45073437358744,Move,1528.8688659667969,4.854969706258316e-07
125.02224953065009,Move,1508.3431091308594,1.559492215363889e-06
143.23045887189588,Move,921.9560852050781,7.121764618034376e-07
160.93804031894405,Move,559.4797210693359,2.31453352483868e-07
181.38574387964826,Move,1146.5859375,7.345841734895941e-08
201.4019074039852,Move,1142.6898193359375,2.1948324657738993e-08
216.29259272913595,Move,887.9067993164062,1.0025584612494143e-08
233.462684236606,Move,1085.4263305664062,1.0376990516869355e-08
250.49158682637932,Move,1015.17626953125,9.253741772852209e-09
270.29008599414334,Move,1049.2857971191406,8.484709185241357e-09
288.4907792039541,Move,1084.8778381347656,7.788952233189761e-09
310.07936179069384,Move,1045.9714965820312,5.9224109366651234e-09
326.8175338697197,Move,1173.9164428710938,6.558019877145327e-09
337.255524185886,Move,1220.9000244140625,8.059296979778807e-09
350.0089897557434,Move,1176.6952514648438,1.233481367046707e-08
369.95871756598837,Move,1037.3169250488281,2.2092082163638338e-08
387.6216549782893,Move,1076.3874206542969,3.6351052168370757e-08
393.3968470475651,Move,1334.6067810058594,6.612564096286633e-08
410.4057559432618,Released,1334.6067810058594,6.612564096286633e-08