resolution:1536,864
0,Pressed,728.7855834960938,412.0197744369507
12.28425009983686,Move,728.7855834960938,412.0197744369507
30.64704695284275,Move,683.8144226074219,388.0658025741577
42.64197802277703,Move,630.5442810058594,373.25153732299805
63.731722420306305,Move,587.0593414306641,384.64576721191406
80.75138628282168,Move,558.5929870605469,409.22662925720215
98.19928265210613,Move,542.2072906494141,439.1341781616211
110.06787546039482,Move,530.4725189208984,469.97230339050293
120.22704661957145,Move,519.2719116210938,499.6936855316162
127.1124767766326,Move,506.79469299316406,527.4590549468994
144.65566551936513,Move,492.17852783203125,552.438154220581
167.19028978981746,Move,476.6714630126953,571.7809066772461
177.78820690620836,Move,483.5624542236328,577.4088592529297
184.89046138770686,Move,514.0161437988281,561.2988681793213
200.79118552648225,Move,588.7353057861328,502.0685863494873
208.34931211459732,Move,738.9924774169922,397.36396980285645
220.11558867584418,Move,918.5981140136719,238.19604778289795
238.26660925652806,Move,1105.0002136230469,85.72209548950195
260.59293254526307,Move,1215.5960998535156,21.591375946998596
274.13063921094823,Move,1244.4486694335938,4.360933899879456
282.741103614297,Move,1199.2571411132812,0.575624568387866
292.0058022693854,Move,925.3156127929688,0.03676742780953646
304.87472357241893,Move,417.2504425048828,0.002375439740717411
317.5967157347805,Move,205.60448455810547,0.0009261598970624618
335.4263879254551,Move,237.56522369384766,0.0004958332174282987
345.78126928648805,Move,782.8349304199219,0.0020270907261874527
353.89818054681126,Released,782.8349304199219,0.0020270907261874527