resolution:1536,864
0,Pressed,738.5055999755859,330.0827865600586
16.313967356267735,Move,738.5055999755859,330.0827865600586
34.60600328889447,Move,686.806640625,208.1984281539917
49.0238737259331,Move,633.1031799316406,136.20362091064453
64.7919188975426,Move,587.3783111572266,108.023521900177
83.98968918197477,Move,552.4586334228516,94.75543212890625
106.88323851470173,Move,524.0419921875,84.74063229560852
122.64355367970103,Move,503.69371032714844,73.70823669433594
131.2520758022622,Move,490.6684112548828,59.3128981590271
148.29767578141946,Move,474.7375030517578,43.34327244758606
165.755514407139,Move,458.9289093017578,26.62913578748703
177.16120517892787,Move,442.1385498046875,13.299062043428421
190.5824227730994,Move,434.1243438720703,5.563515588641167
206.36131295945017,Move,436.3938903808594,2.6364910304546356
225.45019367732186,Move,432.6968536376953,1.1318577714264393
246.54911122538792,Move,460.2049255371094,0.46533055789768696
253.4780198513955,Move,518.7367401123047,0.17682744562625885
268.1013770464552,Move,622.4842987060547,0.060378959868103266
281.08444324308454,Move,733.2896575927734,0.015209857025183737
293.8293068441004,Move,810.3071594238281,0.003160920590744354
311.65363967164126,Move,896.8941650390625,0.0010978573554893956
325.25690979620225,Move,945.1931762695312,0.0005556486230489099
336.0820073805529,Move,1009.2774353027344,0.0003434478112467332
341.4305865459507,Move,1126.3667907714844,0.0003079382877331227
353.6343598341917,Move,1301.7889709472656,0.0006531406506837811
376.2209744569502,Move,1486.6531677246094,0.27988859452307224
385.52456657826843,Released,1486.6531677246094,0.27988859452307224