resolution:1536,864
0,Pressed,765.8836669921875,432.985782623291
14.059529725464564,Move,765.8836669921875,432.985782623291
35.14001316887665,Move,765.6602783203125,433.47342109680176
46.5933042412619,Move,765.6351928710938,433.72426986694336
69.47050330450162,Move,765.8121185302734,434.01904678344727
76.94744708490461,Move,766.1276550292969,434.2931213378906
85.14621436876058,Move,766.3672485351562,434.4668769836426
96.72845490555054,Move,766.4890594482422,434.6572666168213
105.94619951649425,Move,766.5197296142578,434.79358291625977
121.72624649912946,Move,766.5640411376953,434.8568229675293
139.79419911774605,Move,766.6184234619141,434.8040370941162
144.98960329804382,Move,766.3871154785156,434.6748275756836
161.776376841707,Move,766.4700164794922,434.6333198547363
180.83401208726937,Move,766.4880523681641,434.60607719421387
190.4253219073072,Move,766.4215850830078,434.7345657348633
213.07724754649152,Move,766.4278106689453,434.78709411621094
222.34078095535574,Move,766.4294586181641,434.6707077026367
242.61162927575532,Move,766.4396667480469,434.6392421722412
250.6460727482774,Move,766.3868408203125,434.6323928833008
260.5197134734111,Move,766.2771148681641,434.58089447021484
282.0504852909739,Move,766.5643157958984,434.83215522766113
302.61508294467296,Move,766.5791931152344,435.07198333740234
320.55633113390246,Move,766.5594635009766,435.17235374450684
327.99916552676115,Move,766.3460998535156,434.96363067626953
337.57456155235116,Move,766.3472900390625,434.96615409851074
346.671175388533,Move,766.3785552978516,434.99138832092285
360.7921595429792,Released,766.3785552978516,434.99138832092285