resolution:1536,864
0,Pressed,723.9725646972656,397.92949962615967
16.436019729621492,Move,723.9725646972656,397.92949962615967
27.595194781567315,Move,664.4525756835938,348.6022596359253
42.86256965112842,Move,591.3650665283203,288.64605617523193
52.181234555421355,Move,514.2235107421875,229.56972885131836
72.31580245282977,Move,440.07032775878906,175.70390796661377
93.96437116581741,Move,361.9380111694336,125.52869510650635
112.56281156022574,Move,286.338134765625,82.90028500556946
131.84401825073763,Move,214.38107299804688,50.67461550235748
145.66457010138944,Move,144.69573211669922,26.193979024887085
157.72525266675908,Move,84.34710502624512,11.097238540649414
178.4744902335681,Move,38.32005500793457,3.0922282487154007
195.11483131075775,Move,11.412724256515503,0.492514930665493
201.5812388283643,Move,1.8384093046188354,0.028428441029973328
212.77264727037118,Move,0.101558156311512,0.00025156936681014486
220.448878983122,Move,0.001015315210679546,8.803040896232517e-08
242.55664544167507,Move,1.6733008578739827e-06,1.193107685402723e-12
254.1591136099764,Move,3.309870086343203e-10,9.060091982705819e-20
276.83459369066765,Move,4.403723784555339e-14,7.584262543347195e-29
296.4737528509339,Move,1.206126389499383e-20,0
309.7575213340624,Move,5.337662630112138e-29,0
325.75404805830243,Move,0,0
338.70516753330713,Move,0,0
350.1839970891712,Move,0,0
358.82109349403333,Move,0,0
378.45497429645326,Move,0,0
394.6875905808287,Move,0,0
413.63321466281303,Move,0,0
432.0624929009713,Move,0,0
445.2823660435341,Move,0,0
467.9571628437869,Move,0,0
486.14994029443324,Move,0,0
498.2626448857499,Move,0,0
505.33775460202844,Move,0,0
514.8691933946084,Move,0,0
520.4029412462827,Move,0,0
527.2185091038565,Move,0,0
534.62527809423,Move,0,0
551.5892273820755,Move,0,0
562.429886450835,Move,0,0
569.0061788932227,Move,0,0
587.455835793604,Move,0,0
609.6210845054984,Move,0,0
626.8667657339912,Move,0,0
635.4681028400598,Move,0,0
640.569569902784,Move,0,0
659.1728313288005,Move,0,0
673.9225469720478,Move,0,0
691.0253655303393,Move,0,0
701.4061284632833,Move,0,0
714.5498375511111,Move,0,0
729.2308094669428,Released,0,0