resolution:1536,864
0,Pressed,796.7583618164062,379.8356866836548
15.254469982115321,Move,796.7583618164062,379.8356866836548
23.651550992886637,Move,811.0650329589844,362.53603076934814
40.24244739443748,Move,809.5870971679688,363.7336778640747
59.78714912339294,Move,798.9936218261719,372.189923286438
73.34832577062546,Move,785.58984375,389.34314346313477
86.36997677206912,Move,770.9354553222656,407.133038520813
100.56230128748874,Move,759.9079742431641,427.87680530548096
107.7870231439595,Move,749.5189361572266,448.82499504089355
125.77975610816034,Move,737.3932800292969,467.47390937805176
139.4711381972033,Move,724.5859222412109,483.5009365081787
147.09075380958433,Move,711.1079406738281,498.36971282958984
165.43423718381146,Move,698.4192810058594,515.1146278381348
171.54623173795375,Move,683.9713897705078,531.932825088501
188.99641809168662,Move,666.0518188476562,550.6076946258545
209.27818625061687,Move,648.0594177246094,569.1694221496582
225.5931657531662,Move,626.5786285400391,588.4813270568848
246.22647043614623,Move,601.2821502685547,611.6904258728027
267.5945629953696,Move,573.3443756103516,637.1574211120605
282.7736755432832,Move,534.2823486328125,668.9190673828125
288.5545439500425,Move,489.4701690673828,703.019926071167
299.576709613293,Move,433.68109130859375,740.5730323791504
312.4081927051615,Move,366.46195220947266,778.4513511657715
319.4366231484373,Move,294.1600570678711,810.7980194091797
332.5112148370191,Move,207.4153289794922,837.1829223632812
343.79163420516255,Move,119.12631225585938,854.1265182495117
364.7012445938592,Released,119.12631225585938,854.1265182495117