resolution:1536,864
0,Pressed,492.7231750488281,29.17158830165863
14.996256146885832,Move,492.7231750488281,29.17158830165863
26.163652890537463,Move,172.24375534057617,0.3330659866333008
48.70505302423195,Move,90.84086608886719,0.005379232650739141
63.71851957231146,Move,60.41326332092285,0.00017589509752724553
85.60677025329466,Move,65.5297908782959,2.3707308628218016e-05
108.3040921116468,Move,84.0391616821289,1.0889756680398932e-05
118.95061415560531,Move,19.773074626922607,4.167351903561212e-06
128.01961254592956,Move,2.6731055974960327,2.0333173864628407e-06
141.619310882973,Move,0.7790679931640625,8.99255518049813e-07
153.3152203737581,Move,1.9757357239723206,4.802303514850337e-07
168.95241456678585,Move,7.875318288803101,2.0018773838614834e-07
175.31986898926445,Move,14.945697784423828,8.498686554503365e-08
197.75923952765248,Move,12.549568176269531,3.578845619855997e-08
206.750860236085,Move,8.196388721466064,1.558733792039746e-08
226.40333904607215,Move,4.616010546684265,6.843969391212568e-09
248.01199438465204,Move,2.7875118255615234,3.106766219285184e-09
256.0444067273517,Move,1.7333768606185913,1.6296377997049305e-09
270.9460193860285,Move,1.3986859917640686,1.0584510767852606e-09
292.1224325712524,Move,1.1959318220615387,7.408888034327044e-10
306.04227044906384,Move,1.0797779560089111,5.590792672566236e-10
318.84040461437917,Move,0.9915696680545807,4.560824062166402e-10
340.3048840210695,Move,0.855126142501831,4.080962286850953e-10
355.72924576695954,Move,0.8518388271331787,3.8051601713301464e-10
377.2689520835566,Move,0.7661013901233673,3.9254864983573334e-10
384.179786780166,Move,0.6653353124856949,4.1922810535555133e-10
403.0570231411371,Released,0.6653353124856949,4.1922810535555133e-10