resolution:1536,864
0,Pressed,544.0909881591797,278.072247505188
15.883770547709437,Move,544.0909881591797,278.072247505188
21.015551903547774,Move,444.4735107421875,174.3760085105896
31.103352272447864,Move,428.3469543457031,121.30417728424072
46.04765320323649,Move,430.0229187011719,88.87871646881104
62.74445578221264,Move,479.8802947998047,78.02432513237
68.84418347104696,Move,547.0285034179688,87.74687790870667
75.42153217423402,Move,612.4063568115234,118.65569114685059
95.67379197070778,Move,664.7687530517578,171.36866855621338
116.17498945694521,Move,704.1080932617188,239.3704948425293
133.00626717792886,Move,730.0464019775391,315.13555240631104
144.08773037520763,Move,747.2767639160156,379.30293560028076
157.41585625010012,Move,747.1821441650391,427.02777671813965
179.34142679922292,Move,748.4080810546875,450.3785991668701
202.23366470491624,Move,747.8897552490234,469.19658279418945
221.5594749530474,Move,746.1583099365234,487.47161865234375
242.75557527400494,Move,742.6600341796875,504.2215805053711
261.29331454806754,Move,737.272705078125,523.1633148193359
283.55487798484245,Move,727.4718017578125,539.5244636535645
302.11099755477403,Move,712.3960418701172,556.6793060302734
309.69075138894266,Move,699.39111328125,574.4244232177734
319.98757790960093,Move,689.5394439697266,591.4773502349854
332.99177619953934,Move,674.7481384277344,607.6488304138184
345.4195514565189,Move,662.6965484619141,619.734992980957
351.2820798911157,Move,652.6081237792969,629.2013282775879
369.8331778115183,Move,643.1815338134766,635.3568820953369
383.14365222547076,Released,643.1815338134766,635.3568820953369