resolution:1536,864
0,Pressed,577.8197479248047,61.59941482543945
15.94930228696285,Move,577.8197479248047,61.59941482543945
29.11828063336193,Move,311.77569580078125,1.8970068097114563
34.236560906026384,Move,194.1830291748047,0.04460588609799743
46.496572423497426,Move,123.59263229370117,0.0010943026754830498
68.18039559085837,Move,90.63845443725586,4.147932122577913e-05
77.86525450241759,Move,92.23622703552246,2.975131756954852e-06
87.66511460817101,Move,116.92852020263672,4.9406613200631e-07
96.53057361187257,Move,125.40261840820312,9.272931822401631e-08
116.67729458297471,Move,149.9483299255371,1.948883704416815e-08
136.84448717112335,Move,244.0315933227539,4.8696976451267915e-09
157.93758642408238,Move,396.0290222167969,1.6912864858609211e-09
170.1577786845001,Move,806.4185485839844,1.1948170577924522e-09
186.36143526025648,Move,1274.9103698730469,9.101434918223905e-10
195.27965121989914,Move,1502.3676452636719,6.884616782915076e-10
216.66360496564508,Move,1529.1985473632812,5.872379926080695e-10
239.16608021710178,Move,1535.3702087402344,1.2167839548438142e-09
251.05296141858062,Move,1535.8533325195312,3.0358809841035672e-09
259.8527774865014,Move,1535.9262084960938,1.7183938771925256e-08
281.6565169295085,Move,1535.7332153320312,3.725789576858318e-08
296.37735575089414,Move,1533.9385986328125,4.0382722166221185e-08
309.11075226917734,Move,1500.7985229492188,2.5206288056800474e-08
317.3475157376146,Move,560.8992004394531,7.033779059195666e-09
322.629535062671,Move,43.32000732421875,6.543824544735788e-10
335.8067887525273,Move,59.36051559448242,1.475551399815478e-10
350.75817182540305,Move,124.40789794921875,5.7370504831164015e-11
361.78740101197906,Released,124.40789794921875,5.7370504831164015e-11