resolution:1536,864
0,Pressed,1059.4517211914062,236.06352424621582
12.08265037488289,Move,1059.4517211914062,236.06352424621582
25.958625889780933,Move,1210.9934692382812,49.944297194480896
48.94719442906389,Move,1277.1593627929688,3.8676362335681915
54.96928659315708,Move,1219.5821228027344,0.12476155674085021
64.00138850400154,Move,1058.8101196289062,0.0014595265238313004
82.44455271812727,Move,828.2668762207031,1.4483858080893697e-05
98.15948057733314,Move,591.4676055908203,2.2632467100436315e-07
117.43481894665898,Move,357.8308410644531,1.9168853504503147e-08
123.92303788903926,Move,189.1948013305664,5.829332766493778e-09
134.37116759914454,Move,99.3010368347168,2.5674563725042177e-09
148.19245781411368,Move,75.57183837890625,1.5181773026229362e-09
161.5175812065933,Move,52.234130859375,4.801720271396803e-10
184.15973052183915,Move,18.211017608642578,9.536397648120254e-11
190.72489574437878,Move,2.928090512752533,1.9986092370926495e-11
199.63339850084805,Move,0.3864889293909073,4.6394348324034496e-12
220.59111306657138,Move,0.06424209661781788,1.3672893383904344e-12
229.85451271432242,Move,0.010271483100950718,8.740085071694617e-13
236.35974754813589,Move,0.0033128036884590983,1.0416138776698537e-12
259.0256646901036,Move,0.001620057737454772,1.2160266080218397e-12
271.6139656606487,Move,0.0007514081080444157,1.819938243077107e-12
287.7273383129863,Move,0.0002903132844949141,5.411961040446313e-12
299.1629535177775,Move,6.161736200738233e-05,2.1017709545424063e-11
309.91631866689283,Move,1.5316610188165214e-05,2.505816491804591e-10
317.2529573665008,Move,1.117276639206466e-06,1.2993224995927477e-08
335.1086114119389,Move,1.2551104155988924e-08,2.983040438664375e-06
356.736935782258,Released,1.2551104155988924e-08,2.983040438664375e-06