resolution:1536,864
0,Pressed,1345.7677001953125,678.398998260498
14.27217585945274,Move,1345.7677001953125,678.398998260498
21.793076585704274,Move,1494.6281433105469,405.9445323944092
40.29375694031491,Move,1527.755859375,16.86453777551651
53.39480255275103,Move,1531.802490234375,0.20329568115994334
70.31375558729005,Move,1533.189697265625,0.00073049067032116
92.04455342352442,Move,1535.899658203125,3.078358201946685e-05
97.2990460776914,Move,1535.9939575195312,4.720271431324363e-05
106.46204569858827,Move,1535.753173828125,7.439185651492153e-05
113.50255991009064,Move,1519.5773620605469,4.948839162466356e-06
118.81853833802816,Move,1534.3532409667969,2.0384856302957388e-08
131.51469149227609,Move,1535.9445190429688,6.696095826257131e-11
141.64037108187148,Move,1535.9653930664062,8.435418623374893e-12
158.37183900573254,Move,1535.734130859375,2.0805249003100733e-12
166.6161830404052,Move,1535.1605529785156,3.416434234514566e-13
179.72882450755264,Move,1534.4512023925781,4.621644482521721e-14
194.8712560277505,Move,1534.8169555664062,5.728366322929181e-15
211.65801715258513,Move,1535.0780639648438,6.072413973539031e-16
231.25522381300908,Move,1535.455078125,3.598817213935326e-17
239.29865950268533,Move,1535.7654418945312,1.341151030996956e-18
251.59882696118484,Move,1535.9320678710938,2.786350391002121e-20
264.28686157905986,Move,1535.9853515625,1.4701507415879962e-22
271.5800494141048,Move,1535.9990844726562,1.132827875650351e-25
291.2156607016014,Move,1536,5.2787181429749005e-30
298.9054346397764,Move,1536,0
320.8153875065017,Move,1536,0
337.0257010219583,Released,1536,0