resolution:1536,864
0,Pressed,1099.1688537597656,307.01566886901855
15.245570229309147,Move,1099.1688537597656,307.01566886901855
34.76363686489816,Move,1251.097412109375,107.84538245201111
40.62217324335797,Move,1349.2242736816406,14.272040069103241
52.83384385620599,Move,1364.8436279296875,1.0301003269851208
58.617799510720864,Move,1357.5816650390625,0.0457323573064059
74.21356413691818,Move,1336.1437683105469,0.0010167541913688183
95.87864725722052,Move,1268.5820617675781,1.8425888526962808e-05
101.63062029559697,Move,1007.92529296875,5.016073796326737e-07
110.1381870443234,Move,590.9489593505859,3.750252408618593e-08
132.52469182404755,Move,186.21073150634766,3.946295290546686e-09
140.0559577004752,Move,55.22391700744629,6.728601894406827e-10
155.92222858705262,Move,28.111164093017578,2.1631505180835786e-10
165.685309154759,Move,22.796253204345703,1.2511305273049667e-10
176.44048468380967,Move,4.970120787620544,1.5244204824241964e-11
187.872625727392,Move,0.6411988288164139,1.6457966581359326e-12
202.24582513047375,Move,0.046564933843910694,1.7875008495466253e-13
214.55862911831883,Move,0.005727957584895194,2.3481546201940747e-14
236.91538632274003,Move,0.001199913618620485,2.2134421085100126e-14
245.80148100387692,Move,0.00041564853745512664,1.8884066616492125e-14
256.03113728541973,Move,0.00022946928947931156,1.3604807035424966e-14
276.21478792186826,Move,8.999932106235065e-05,1.502123792325715e-14
292.2307151871571,Move,2.6574240109766833e-05,3.491674112929104e-14
312.02809465728103,Move,6.757684332114877e-06,1.939145941599039e-13
329.4487544588362,Move,1.5229502992042399e-06,2.7010978902782673e-12
337.7697060300753,Move,3.1107210674008456e-07,2.410981492576014e-10
354.0920562960132,Released,3.1107210674008456e-07,2.410981492576014e-10