resolution:1536,864
0,Pressed,522.9303131103516,266.56781101226807
11.199917112288768,Move,522.9303131103516,266.56781101226807
24.603773427484107,Move,395.4348449707031,142.58159637451172
37.846485179230655,Move,356.99915313720703,80.8817081451416
51.69449816952108,Move,382.7654571533203,54.6721830368042
73.97645867718208,Move,423.6046600341797,40.11635935306549
94.17604833784908,Move,475.7600555419922,35.13999044895172
100.4997980020956,Move,537.3598937988281,37.334843158721924
116.42623531175747,Move,601.0899353027344,52.003841042518616
129.7795381159759,Move,655.3717346191406,84.33536553382874
138.94215094076037,Move,697.5064544677734,149.66816425323486
148.6030849255665,Move,726.5224456787109,241.05498218536377
160.36059891605652,Move,742.5629425048828,330.98570823669434
170.79086549646914,Move,747.1636962890625,406.52208709716797
190.80742685334945,Move,753.4633026123047,454.5296802520752
209.62916192031216,Move,746.7527160644531,486.1229782104492
231.6319719653781,Move,737.2070617675781,508.9585590362549
238.15940216464324,Move,730.2047882080078,528.0926914215088
252.45780533842247,Move,720.4685211181641,544.8359069824219
272.36672361722407,Move,704.3279113769531,562.7633800506592
291.3633777998287,Move,689.5628814697266,580.5607166290283
297.09069875947307,Move,679.5221557617188,601.1748104095459
317.2265039575718,Move,668.6076049804688,624.970630645752
335.5150780740284,Move,650.9643402099609,649.0993366241455
341.712579334218,Move,623.6725158691406,669.29567527771
363.7340141641688,Move,606.6937866210938,689.9489593505859
373.9323468847842,Released,606.6937866210938,689.9489593505859