resolution:1536,864
0,Pressed,312.4245071411133,17.89946436882019
18.910626976802508,Move,312.4245071411133,17.89946436882019
26.311645400455767,Move,76.19333267211914,0.13434194633737206
31.941555270699894,Move,31.978425979614258,0.001324689139437396
45.9036686676177,Move,20.74438762664795,1.6826994965413178e-05
62.97856359368322,Move,33.01766395568848,1.0031271813204512e-06
75.42952370803349,Move,88.93488693237305,2.0818229540253697e-07
82.27982477804078,Move,45.89966583251953,1.0536759864621104e-07
96.14497327100553,Move,1.5245380997657776,8.422022879095437e-08
117.04368951125134,Move,0.07266172952950001,2.8698410647898243e-08
129.52523440824282,Move,0.20134008675813675,1.1948975808806495e-08
136.3409871085895,Move,1.6803756952285767,4.68210432924554e-09
147.8111614330777,Move,4.325268745422363,1.5417496966596556e-09
156.71999056914603,Move,3.797874927520752,3.889099355058878e-10
164.18829874877025,Move,2.7111464738845825,5.213980028978549e-11
183.16483436450827,Move,3.6578482389450073,2.8770441839456526e-12
201.68567121491978,Move,5.463697671890259,1.0264519870669688e-13
208.2188484509177,Move,4.207188248634338,5.5556404098813786e-15
227.46928305167464,Move,0.9321051836013794,6.314258589028507e-16
246.7181869575988,Move,0.2699839174747467,1.4014659398540136e-16
267.702849162811,Move,0.31127990037202835,4.854067060847965e-17
289.6305987092858,Move,0.170466598123312,1.8416035811524815e-17
298.50920011646645,Move,0.11837132647633553,7.010619200110796e-18
310.24623397304936,Move,0.05802091397345066,3.3558087243047144e-18
320.0091309212394,Move,0.06353679299354553,2.3287458039277635e-18
333.8537434452645,Move,0.12617355957627296,1.6060020169859606e-18
349.7034045375103,Released,0.12617355957627296,1.6060020169859606e-18