resolution:1536,864
0,Pressed,780.9058227539062,335.78700828552246
11.836158446633581,Move,780.9058227539062,335.78700828552246
30.184628654338468,Move,777.2289733886719,233.10156726837158
50.92315324906751,Move,772.6652526855469,192.88845205307007
68.73558601483111,Move,778.6213073730469,187.3956184387207
90.28739226026109,Move,780.8760681152344,206.43653869628906
111.07843869859535,Move,782.1808776855469,235.28788089752197
128.47800011098775,Move,787.3817138671875,265.3876733779907
140.89164972970042,Move,789.8016357421875,292.78379917144775
146.84399109003363,Move,793.5354309082031,316.56388664245605
161.8293319426777,Move,797.93994140625,335.9938259124756
178.3010081696755,Move,802.9862365722656,351.0407609939575
188.96660062476795,Move,808.7716369628906,362.0379123687744
210.74034907786984,Move,815.3551940917969,369.3180627822876
221.28623375355662,Move,822.7278442382812,373.12544345855713
233.0061015235562,Move,831.4825744628906,373.4489049911499
254.23414906018272,Move,843.8321228027344,370.050009727478
276.7952901774079,Move,857.8405151367188,362.3070430755615
291.98258992488223,Move,874.9850463867188,349.00721740722656
311.9540722697567,Move,896.2454223632812,328.7964849472046
326.5763248141742,Move,922.1575927734375,301.3099536895752
347.77424805829247,Move,941.49609375,268.00883960723877
368.019080211765,Move,937.4459838867188,247.62769889831543
381.28212137791337,Move,915.1015319824219,266.4007501602173
400.2819566562745,Move,959.2384643554688,332.2696924209595
410.25089192674324,Move,1106.887939453125,272.56147956848145
416.1460102141029,Released,1106.887939453125,272.56147956848145