resolution:1536,864
0,Pressed,740.2509613037109,424.5396308898926
6.836095662060329,Move,740.2509613037109,424.5396308898926
15.615680819938568,Move,707.6101684570312,415.4548215866089
20.660088980705314,Move,667.7472839355469,403.4919204711914
27.370489939584147,Move,618.0122680664062,387.76590156555176
49.79541967572742,Move,562.6566925048828,368.98731422424316
55.32091261689604,Move,499.7624816894531,346.7136583328247
68.17266097371379,Move,425.44871520996094,318.9249086380005
88.74430860206661,Move,342.6682891845703,284.97988414764404
97.8765347978136,Move,246.28289794921875,240.10187530517578
106.25733234184167,Move,149.03154373168945,184.14511585235596
125.21609051005774,Move,62.04316520690918,114.59713983535767
141.23036688145868,Move,12.548028945922852,46.06332850456238
156.0878740419654,Move,0.44381198287010193,6.306668266654015
175.76350144023505,Move,0.00013720589413424022,0.04669548512902111
192.30912453048015,Move,1.927445442834186e-11,1.9980143619591217e-06
208.2206197639905,Move,8.772878493094052e-25,1.1078072310730501e-14
230.78447834258128,Move,0,7.537642422957043e-33
240.06182817711172,Move,0,0
258.610880356631,Move,0,0
280.1878865645853,Move,0,0
286.70663924036404,Move,0,0
306.14571091732387,Move,0,0
317.9267541803583,Move,0,0
336.86152750833594,Move,0,0
359.83102380215917,Move,0,0
382.68479717384537,Released,0,0