resolution:1536,864
0,Pressed,716.0279846191406,421.063307762146
17.4296353479291,Move,716.0279846191406,421.063307762146
27.607342470572902,Move,650.2567749023438,404.4608373641968
40.58955650232834,Move,554.6640930175781,383.2230978012085
52.372324122846926,Move,410.23406982421875,361.6764450073242
61.4700850895211,Move,214.1176528930664,360.1852569580078
71.82963323894035,Move,48.41437911987305,445.19003105163574
86.04378949196807,Move,1.944673776626587,740.3010177612305
93.75443492846303,Move,0.034034267999231815,862.7395248413086
108.41165941708853,Move,0.011479099513962865,864
116.30325448603631,Move,441.0552520751953,864
131.1811380180201,Move,1536,864
140.56576286315624,Move,1536,864
151.65788562696346,Move,1536,864
169.49336399790081,Move,1536,864
189.27088931963655,Move,1536,864
208.76467554659453,Move,1536,864
229.0092700200953,Move,1536,864
235.87797999337118,Move,1536,864
245.82946073172155,Move,1536,864
260.9253583579006,Move,1536,9.532786354200706e-24
282.52245823430883,Move,1536,0
304.44851921925175,Move,1536,0
318.7936119512027,Move,1536,0
332.6325860640317,Move,1536,0
349.0461177849256,Move,1536,0
362.4768511464813,Released,1536,0