resolution:1536,864
0,Pressed,1034.3870544433594,593.1649532318115
10.625186216750292,Move,1034.3870544433594,593.1649532318115
18.036200234776388,Move,1165.4067077636719,589.9775104522705
40.683835728469056,Move,1283.0591125488281,433.09032440185547
48.23143921751735,Move,1392.6661376953125,163.8792929649353
63.40383726326018,Move,1468.7969055175781,28.9174565076828
70.83701943080084,Move,1510.8172302246094,4.636868834495544
76.44924881966958,Move,1529.0626831054688,0.4589232299476862
91.24586903407926,Move,1534.7760314941406,0.03387350554112345
111.15739745058437,Move,1535.8447265625,0.0025091300485655665
118.76100415509623,Move,1535.9840698242188,0.0002507319459255086
137.40252520304637,Move,1535.9979858398438,1.9822095453037036e-05
153.9037266779888,Move,1535.999267578125,8.759898086907469e-07
162.78726883335491,Move,1535.9989013671875,2.9642487464620615e-08
176.80928442645316,Move,1535.9558715820312,6.038515937278888e-10
188.20899591390307,Move,1529.9956970214844,1.556483408956741e-11
202.98790657591374,Move,775.6008911132812,2.266544008142253e-12
220.08812736025473,Move,20.846879482269287,1.2252979148886026e-11
230.48974599353903,Move,0.16482926532626152,3.4555359550332565e-11
247.02538138930944,Move,0.010100716492161155,7.60389388173438e-11
268.7846439317532,Move,0.0008487096056342125,1.6862609355725033e-10
290.8253088354524,Move,7.279772398760542e-05,5.718958431821797e-10
296.2966712431967,Move,5.355235657589219e-06,4.065791703311561e-09
315.3660449845901,Move,3.561566828125251e-07,8.768472548048578e-08
337.07835843221153,Move,2.9407593693520084e-08,2.358454526074638e-05
346.19740879989723,Move,3.716772971529281e-05,1.8860730577330287e-06
356.3671746261083,Released,3.716772971529281e-05,1.8860730577330287e-06