resolution:1536,864
0,Pressed,710.0629577636719,341.96777057647705
7.5833458432961525,Move,710.0629577636719,341.96777057647705
22.748878693893545,Move,651.041748046875,250.39185047149658
34.02394561351551,Move,596.7227783203125,180.26308822631836
53.27211394529067,Move,556.3096618652344,145.07728672027588
72.43282269244995,Move,528.2431182861328,128.84702110290527
87.57119936749797,Move,503.9937286376953,126.2409439086914
93.8176791949703,Move,483.5056915283203,132.51215028762817
109.7859721951554,Move,466.6377868652344,141.47962045669556
130.2188448012268,Move,451.549072265625,149.5558590888977
140.25335497448367,Move,436.38739013671875,155.45126867294312
155.3668909307618,Move,420.3717498779297,158.34388303756714
171.2763728872763,Move,405.67218017578125,158.3012809753418
184.63994944977765,Move,390.8782653808594,155.25670766830444
204.27430321516232,Move,373.7936096191406,154.89835596084595
209.46444269118717,Move,366.0442428588867,156.05798435211182
228.39737956423681,Move,367.83888244628906,163.77527904510498
233.57447411430815,Move,389.4286651611328,192.94986391067505
247.70316190512298,Move,421.0663604736328,246.9874448776245
261.9391590573232,Move,497.8823547363281,350.77925205230713
272.6587066276138,Move,610.6879119873047,504.5596675872803
291.12265456033293,Move,710.3748779296875,609.8926162719727
299.0879373943636,Move,884.411865234375,611.7001075744629
319.42707822803516,Move,1113.1842041015625,383.97525787353516
330.9876055376199,Move,1376.3266296386719,160.19693756103516
338.5788449139544,Move,1521.7140197753906,629.9461498260498
346.70205447396137,Released,1521.7140197753906,629.9461498260498