resolution:1536,864
0,Pressed,762.2593231201172,416.24400901794434
14.043396610749166,Move,762.2593231201172,416.24400901794434
28.384192836346376,Move,755.655029296875,397.228554725647
36.726954965443994,Move,750.0767211914062,378.1235189437866
42.83476368507385,Move,743.5981292724609,360.3735866546631
65.66642834699041,Move,739.5632629394531,345.3508815765381
76.44913506209139,Move,734.3884735107422,331.79284286499023
82.5301664043657,Move,727.9887542724609,320.3321542739868
90.568396811485,Move,721.8971099853516,310.28962898254395
100.26979487965926,Move,715.9825286865234,302.17134189605713
114.25330021844077,Move,709.9322662353516,295.0320653915405
122.09073887042732,Move,706.8580169677734,290.5052261352539
134.91050991233774,Move,706.2811431884766,287.6499996185303
147.75884124164804,Move,705.6421051025391,285.15912437438965
170.50394056899074,Move,703.1886291503906,282.0145025253296
191.4357516002306,Move,699.4961242675781,280.2461757659912
198.8781112605087,Move,698.0807189941406,278.7477779388428
220.71766694422004,Move,698.4342041015625,277.3748559951782
236.0919220505295,Move,697.7578125,277.2646493911743
245.6286459545608,Move,695.3391723632812,275.6525173187256
266.2075960280999,Move,694.5044403076172,274.93944454193115
277.61972494923214,Move,694.53662109375,274.4268035888672
289.2071422733269,Move,694.8924865722656,273.60094928741455
304.8537905445086,Move,695.8097534179688,272.83576011657715
313.82783410417505,Move,695.2039947509766,268.92795753479004
322.53408251613257,Move,692.3519439697266,268.2343511581421
339.7716578297075,Move,692.093994140625,271.6460180282593
347.7582369167667,Move,692.8978729248047,273.8599605560303
358.7931329379625,Move,693.7928009033203,274.4791774749756
378.18591536681004,Move,694.4006652832031,274.08413314819336
395.2300492994142,Move,694.4846649169922,272.1979007720947
400.78469306518286,Move,695.2550811767578,272.1142416000366
415.58500421106964,Move,695.9312896728516,270.6286926269531
426.26999777949544,Move,696.8788146972656,270.50095081329346
432.68768964716355,Move,697.3112640380859,272.84765625
450.4213136441811,Move,697.1634063720703,273.21244525909424
458.78125965128726,Move,696.8412780761719,272.1218376159668
467.67017397132986,Move,696.3556365966797,271.7296772003174
477.91466107889477,Move,696.2842712402344,271.98134994506836
489.3631157820834,Move,694.3266906738281,273.07793140411377
507.2251424303584,Move,693.0086975097656,272.99246978759766
512.5689471646048,Move,691.5372619628906,271.8290433883667
534.9173069336704,Move,691.5026092529297,272.92583084106445
545.7460529657104,Move,692.6040802001953,271.65845489501953
568.018565582417,Move,691.9613800048828,271.94154167175293
588.9573677722041,Move,693.0597839355469,273.42201805114746
605.2245505923033,Move,693.9393310546875,274.5195779800415
613.34921702157,Move,694.4230041503906,275.59813499450684
631.7400268428862,Move,693.5133361816406,273.66949367523193
645.3813669460837,Move,690.8009490966797,273.2443742752075
661.8452929614476,Move,689.277099609375,271.87552070617676
677.150193436259,Released,689.277099609375,271.87552070617676