resolution:1536,864
0,Pressed,737.6071472167969,422.85511779785156
11.601147812476574,Move,737.6071472167969,422.85511779785156
23.18461487387414,Move,699.123046875,410.0212755203247
30.470661345447244,Move,646.7117614746094,391.2568759918213
42.584553918451604,Move,585.318603515625,366.9432907104492
64.61616899841668,Move,507.74537658691406,334.58758449554443
80.7477980264615,Move,410.36155700683594,290.41595363616943
89.61556205916564,Move,289.02587127685547,229.098801612854
96.23064442336677,Move,153.69043350219727,147.28533267974854
102.20402585874247,Move,43.37469291687012,57.511380672454834
115.68868034203788,Move,2.3971686959266663,5.641372740268707
129.14514035877622,Move,0.0007589379383716732,0.012013734405627474
138.99352292513376,Move,1.631695429812896e-11,2.7610682740153436e-08
156.29454605238507,Move,1.958712461862177e-28,4.588751139275059e-21
164.6287267029395,Move,0,0
183.4231875387236,Move,0,0
205.3944840738218,Move,0,0
218.05685598366898,Move,0,0
229.59863478129168,Move,0,0
239.80333893217403,Move,0,0
253.45901297353547,Move,0,0
269.3099436224619,Move,0,0
276.5688851152963,Move,0,0
282.9814350377126,Move,0,0
305.33112004368246,Move,0,0
327.6523345785423,Move,0,0
341.7462061150062,Released,0,0