resolution:1536,864
0,Pressed,722.9373321533203,396.4644727706909
7.755834580668989,Move,722.9373321533203,396.4644727706909
18.40427734915997,Move,659.2586517333984,344.754864692688
26.838095506170113,Move,588.5532531738281,286.62940406799316
34.81774797330446,Move,505.05601501464844,223.92635250091553
39.932656141639264,Move,419.98695373535156,164.7221803665161
57.69964137609871,Move,333.2123107910156,111.32496929168701
72.20832937129754,Move,251.3668441772461,69.64458703994751
81.40262197391246,Move,172.93967056274414,37.31998264789581
94.1840017391892,Move,106.29438400268555,16.714162409305573
107.19561915798597,Move,51.52359580993652,5.317010790109634
117.89380942052438,Move,18.21265983581543,1.0302071459591389
130.58414579584354,Move,3.4834227561950684,0.08450399874709547
142.29637244788339,Move,0.2937192991375923,0.0016164549051609356
150.1549236443433,Move,0.004246142227202654,1.2872800105867555e-06
160.7874522672953,Move,1.148913224824355e-05,6.682936235652415e-11
179.43820499063366,Move,2.603278093094019e-09,3.1928713696680244e-17
185.4899136730494,Move,5.823112987895368e-13,4.6518569061199194e-26
201.03014174213598,Move,2.295872256979971e-18,0
213.00282220495427,Move,7.91845923301117e-27,0
228.1764076890068,Move,0,0
248.8542662628611,Move,0,0
257.8106990866543,Move,0,0
280.6810079542342,Move,0,0
289.8861141405497,Move,0,0
299.1741685180714,Move,0,0
321.17550316112744,Move,0,0
341.9354058033048,Move,0,0
361.6202487833954,Move,0,0
367.6932591067312,Move,0,0
388.04032507804277,Move,0,0
397.07960972933125,Move,0,0
416.707193148418,Move,0,0
433.73635064316335,Move,0,0
449.00911439419116,Move,0,0
462.50786623779527,Move,0,0
483.72328082810753,Move,0,0
495.5644641187655,Move,0,0
512.4766930200848,Move,0,0
521.879583371136,Move,0,0
537.0966517114646,Move,0,0
553.3734976736301,Move,0,0
565.6312407361302,Move,0,0
587.416808781136,Move,0,0
597.6470685797309,Move,0,0
614.6356630875598,Move,0,0
619.9483340881807,Move,0,0
634.6329826285042,Move,0,0
646.3225578957778,Move,0,0
661.7692726180084,Move,0,0
680.6033327496606,Move,0,0
688.8011736546522,Released,0,0