resolution:1536,864
0,Pressed,759.6950225830078,432.24487495422363
10.16374964062954,Move,759.6950225830078,432.24487495422363
17.870711488151173,Move,754.4456176757812,432.2844772338867
40.069267427122824,Move,750.1809997558594,432.1383247375488
49.07766912096868,Move,747.328857421875,431.95911026000977
60.83325816585092,Move,745.5731048583984,431.77824783325195
83.27488423442611,Move,744.9399719238281,431.5614652633667
104.17211508682874,Move,744.4022369384766,431.41108989715576
125.7011328248089,Move,743.6387329101562,431.3604154586792
147.32525251915214,Move,742.4653930664062,431.3618574142456
159.2104325790483,Move,741.4483795166016,431.2305107116699
176.39176252491734,Move,740.5846252441406,431.3743715286255
195.15478863808207,Move,739.9201812744141,431.42486572265625
209.33390207267414,Move,739.537353515625,431.37591648101807
217.60725935424608,Move,739.6178283691406,431.374680519104
230.06645278192542,Move,740.033203125,431.33690643310547
237.41849326729067,Move,739.8034057617188,431.40509033203125
250.4399207234032,Move,739.8656158447266,431.35523986816406
272.15068666530516,Move,739.8994445800781,431.47412395477295
279.5232731544972,Move,739.8683166503906,431.44925022125244
299.9585290432446,Move,740.2826843261719,431.36590003967285
310.45593721383295,Move,740.3243865966797,431.34702587127686
326.6837764618333,Move,741.2574462890625,431.30621337890625
349.4264736555125,Move,741.2693939208984,431.34089756011963
360.6586402006777,Move,741.0799255371094,431.3754014968872
368.541379579952,Move,740.7145843505859,431.3562183380127
379.09064220038283,Released,740.7145843505859,431.3562183380127