resolution:1536,864
0,Pressed,515.5674133300781,263.5056896209717
12.781516456027479,Move,515.5674133300781,263.5056896209717
29.213767688263975,Move,390.4706268310547,139.97439908981323
36.996971612663714,Move,358.94547271728516,78.18680262565613
52.74949492106991,Move,356.38460540771484,44.55764043331146
73.99751719107941,Move,391.23207092285156,28.47677493095398
92.24552765576917,Move,449.2467498779297,21.696844696998596
100.42876518469008,Move,514.837646484375,19.448003947734833
119.52580046289224,Move,572.8364410400391,22.1656556725502
142.09221084490974,Move,617.6846466064453,29.683115601539612
164.1829086055298,Move,650.7182922363281,44.72036576271057
183.3913545087072,Move,682.0172424316406,73.16829514503479
191.4263690005943,Move,717.3636932373047,138.8928680419922
207.8971877778972,Move,733.24365234375,230.22113227844238
223.07028424866434,Move,742.9311676025391,325.4440927505493
230.0593159373185,Move,757.9018707275391,399.3675413131714
245.2053779363327,Move,753.6472320556641,455.5694332122803
266.17514986197426,Move,745.6687316894531,491.1438159942627
271.93687317744974,Move,735.1907501220703,517.2811145782471
284.0032199487693,Move,722.7850799560547,541.2882328033447
290.41334041341497,Move,715.3031616210938,560.1892318725586
311.24419115054826,Move,707.1726379394531,583.8499717712402
326.03155774655175,Move,698.1886596679688,611.7258567810059
339.0955727849981,Move,682.0122985839844,633.237361907959
347.4001692201786,Move,663.1964721679688,651.2611885070801
358.78995632269755,Move,640.607666015625,676.1334800720215
378.7274614651759,Released,640.607666015625,676.1334800720215