resolution:1536,864
0,Pressed,543.1052856445312,277.1847496032715
7.309837051932954,Move,543.1052856445312,277.1847496032715
22.78303219494503,Move,438.1607666015625,167.18716478347778
44.0043269355417,Move,410.2470703125,109.13210248947144
60.650823605606455,Move,413.92799377441406,74.61885094642639
71.91124984309242,Move,453.78932189941406,58.5103018283844
86.39411325716357,Move,489.392578125,51.95446693897247
109.22967119971828,Move,550.100830078125,59.14080333709717
131.75390120894713,Move,607.7492980957031,79.83178424835205
144.42295931042023,Move,653.0419464111328,121.2593994140625
161.32915494674148,Move,690.0293884277344,181.67284440994263
168.80645290323864,Move,719.9234619140625,261.50698471069336
178.29185362646018,Move,743.5298309326172,343.59996128082275
188.10352220921763,Move,751.3782348632812,401.22771549224854
206.6750461951904,Move,752.8640441894531,438.6405143737793
226.91429027534411,Move,749.8550720214844,466.91175270080566
235.7588504937227,Move,745.7728271484375,483.63993072509766
246.8657727247396,Move,737.0087127685547,496.5491409301758
269.31927650998114,Move,731.2414855957031,507.91381072998047
280.69414716204767,Move,726.7904663085938,519.5751628875732
295.79870394913735,Move,719.7926330566406,534.2377910614014
309.06814540839133,Move,707.2671203613281,549.0921478271484
325.564989433348,Move,700.5041198730469,563.3823909759521
332.463808392781,Move,684.6227874755859,581.1629905700684
340.8367396789171,Move,671.1580810546875,596.022497177124
357.6605470161297,Move,658.563720703125,612.7045841217041
376.49782177547024,Released,658.563720703125,612.7045841217041