resolution:1536,864
0,Pressed,1148.9328002929688,85.33075261116028
20.02137248251268,Move,1148.9328002929688,85.33075261116028
26.373011853974337,Move,1253.7519836425781,1.6977606564760208
43.79691052448885,Move,1363.675048828125,0.02442681568209082
55.86842959945897,Move,1445.57958984375,0.00048217546282103285
73.19926187945917,Move,1493.9098205566406,1.8459536875070626e-05
83.41477403981118,Move,1523.4399719238281,2.9592833143965436e-06
89.92939491288791,Move,1530.22119140625,2.0769872222103913e-06
100.50302734509603,Move,1530.840087890625,4.740202598441101e-06
119.63750354398489,Move,1520.663818359375,1.568349904346178e-05
142.47617446117331,Move,1229.1354675292969,2.4336866090379772e-05
159.6652583192177,Move,268.47528076171875,1.3989900821798074e-05
182.39476335021624,Move,302.5518264770508,1.1358861371491003e-05
197.71606778340316,Move,513.0410614013672,8.404258920791108e-06
220.3129536319953,Move,792.8717651367188,6.888958267836642e-06
231.48284740593328,Move,867.0091552734375,6.158157631830363e-06
243.38598882968793,Move,729.5145263671875,6.032586014725894e-06
265.07149384546756,Move,760.1490783691406,7.459779993723714e-06
284.64697089838853,Move,743.9196166992188,9.606499020264891e-06
303.5175550578359,Move,767.2496337890625,1.2597543104675424e-05
310.663997693494,Move,785.842529296875,1.5485151209304604e-05
328.0095754461466,Move,848.8558959960938,1.9314999008201994e-05
335.2469146415325,Move,891.1257019042969,2.6037274096779583e-05
346.93072610841,Move,892.8232727050781,2.7798284122582118e-05
354.1216295021497,Move,914.7870483398438,2.8644011194955965e-05
368.4466256444298,Move,897.3968811035156,3.037767464775243e-05
379.67857893717536,Released,897.3968811035156,3.037767464775243e-05