resolution:1536,864
0,Pressed,696.5019836425781,337.6698417663574
12.961259626737448,Move,696.5019836425781,337.6698417663574
23.728059630246264,Move,637.5484313964844,257.8607940673828
35.006183476830174,Move,598.0691528320312,214.54026460647583
54.0046569776092,Move,571.4653472900391,216.40145587921143
64.34518712989258,Move,555.5646514892578,241.04040813446045
76.32388111060098,Move,549.5878143310547,272.596266746521
81.57373264408065,Move,548.7906646728516,303.54920768737793
95.23202770018997,Move,549.9964141845703,330.54580879211426
107.37337830444416,Move,551.9756927490234,353.13625717163086
129.9484299434061,Move,553.2593536376953,371.63883876800537
152.9222181043685,Move,551.1739654541016,386.9742679595947
163.6073412235284,Move,553.4446563720703,399.08018016815186
171.73520274533794,Move,570.6663665771484,408.3329257965088
179.70981278970737,Move,576.2509460449219,416.1309185028076
187.5715224937119,Move,578.2510528564453,422.7445249557495
197.81336432831205,Move,578.798583984375,428.90625858306885
207.51871558215677,Move,579.3926696777344,434.735595703125
216.39978045767344,Move,581.6897277832031,440.51969146728516
239.20832887454011,Move,589.1168518066406,447.04263496398926
249.95398483489632,Move,608.9621887207031,456.0458450317383
272.66805672446253,Move,644.3738250732422,462.75310134887695
291.22366830529234,Move,702.9438629150391,452.35340881347656
311.54322344891216,Move,789.8881530761719,382.63758659362793
324.12249189035504,Move,931.2310180664062,84.3744785785675
332.42486467834004,Move,1157.6539306640625,0.6116461493074894
342.36521054463094,Released,1157.6539306640625,0.6116461493074894