resolution:1536,864
0,Pressed,730.7975463867188,389.57331562042236
20.29864779327204,Move,730.7975463867188,389.57331562042236
40.60577317292339,Move,670.5858306884766,332.2497367858887
52.9615358009424,Move,606.5715179443359,281.75021266937256
66.60789301456616,Move,554.0738983154297,255.93956851959229
86.68687494324766,Move,518.3200378417969,244.3857192993164
104.95510109552559,Move,502.01792907714844,238.41646099090576
122.12978710718905,Move,496.19004821777344,231.87237739562988
136.55302712819818,Move,494.40248107910156,220.6144895553589
148.56039152750964,Move,493.9483337402344,202.173113822937
168.1581405296151,Move,494.9194793701172,173.4478268623352
184.9970008035204,Move,511.3074645996094,136.71252822875977
203.0694842842438,Move,533.3252563476562,92.56947255134583
223.2130366315063,Move,576.6355133056641,51.57574760913849
242.90340169476707,Move,659.6249542236328,23.661338567733765
258.4026394688682,Move,771.0771789550781,9.440726906061172
278.38369166278454,Move,866.8020629882812,3.9983042031526566
296.83281314941297,Move,959.8518676757812,1.7171741500496864
309.85270526712304,Move,1025.0410766601562,0.6853118631988764
321.68137903115235,Move,1004.0598449707031,0.18225651746615767
329.8158437950102,Move,902.0052795410156,0.031225740909576416
337.610998847167,Move,622.8847961425781,0.0036789595324080437
358.9302508634414,Move,535.2998199462891,0.0016387385221605655
377.6160017781769,Move,631.9461364746094,0.0013161561982997227
398.75440356286913,Move,893.4373168945312,0.0013661140437761787
419.96327833702685,Move,1319.0406188964844,1.8192027658224106
436.83455747464944,Released,1319.0406188964844,1.8192027658224106