resolution:1536,864
0,Pressed,755.0856628417969,423.24918365478516
22.179081815685525,Move,755.0856628417969,423.24918365478516
38.4359072546314,Move,754.0032348632812,404.50427627563477
57.05535032990208,Move,766.6541748046875,372.0577268600464
73.122933287556,Move,807.2177124023438,320.3026456832886
90.25726126456486,Move,903.1522521972656,239.34842777252197
111.40027918141719,Move,1110.0475158691406,124.04376411437988
125.21548170634327,Move,1425.4815673828125,21.452985227108
146.35716122944254,Move,1534.2403564453125,0.3020921805873513
158.59821829834092,Move,1535.9996337890625,3.852758266020828e-05
164.9230583071992,Move,1536,1.0811349679276747e-12
174.19200715805286,Move,1536,2.4707969365786885e-28
182.46185095535418,Move,1536,0
198.5638013778351,Move,1536,0
215.3140627510924,Move,1536,0
230.24657752601456,Move,1536,0
243.89395421340595,Move,1536,0
258.8704536974338,Move,1536,0
275.78720987382366,Move,1536,0
287.3751669942851,Move,1536,0
294.1354193767347,Move,1536,0
299.47211033929864,Move,1536,0
314.9842164607414,Move,1536,0
320.0430525678087,Move,1536,0
332.1537582308081,Move,1536,0
341.45911360959326,Move,1536,0
355.6159129339351,Released,1536,0