resolution:1536,864
0,Pressed,749.6621704101562,416.24444675445557
11.612642828601057,Move,749.6621704101562,416.24444675445557
30.754392263353054,Move,745.8724365234375,413.9053373336792
53.349944225905155,Move,743.5593566894531,419.6084518432617
75.81332747282264,Move,741.2072296142578,429.63843727111816
82.77307753698267,Move,738.8184356689453,440.5689239501953
104.67133730915948,Move,735.7562255859375,448.8741760253906
115.04684497970291,Move,732.5520629882812,456.27995681762695
132.6738166991186,Move,728.244873046875,463.3677349090576
143.23029375083428,Move,724.2046508789062,468.85818672180176
165.65833248084317,Move,720.2152862548828,474.6771469116211
184.29800836837134,Move,716.8840026855469,479.7876434326172
197.09902661116695,Move,712.2756958007812,485.5623664855957
213.60924538742648,Move,708.6237487792969,489.22359466552734
221.75318073516743,Move,705.7004699707031,493.1685276031494
244.51115178426812,Move,702.8992309570312,496.7615203857422
260.60402468372826,Move,701.1016387939453,498.5986747741699
282.6060896865572,Move,700.4189758300781,500.3883476257324
290.5007027641061,Move,699.7128753662109,501.7104148864746
300.6295079714986,Move,698.5715789794922,502.4044075012207
306.9314073305347,Move,697.2586669921875,504.3336925506592
316.4471898817162,Move,695.4624938964844,506.5982322692871
329.3381642666054,Move,693.7161254882812,508.5643901824951
340.8619595781337,Move,691.8629150390625,509.926420211792
354.99937079544975,Move,691.3141937255859,511.61958503723145
376.40891551188184,Move,691.2661285400391,511.3593120574951
389.1324453512547,Released,691.2661285400391,511.3593120574951