resolution:1536,864
0,Pressed,792.5466613769531,368.2649202346802
9.856164346446352,Move,792.5466613769531,368.2649202346802
25.762787125623888,Move,812.3250732421875,335.0062665939331
39.78359753630065,Move,821.6456909179688,321.74851512908936
51.48467319807023,Move,823.6537170410156,322.5408182144165
65.23596199247677,Move,817.8564147949219,334.8559684753418
74.72081803345006,Move,809.7529907226562,351.56357288360596
88.11051050280375,Move,799.0243835449219,368.9568786621094
105.15202857238079,Move,789.0894470214844,386.4064722061157
110.23457558804265,Move,780.3056945800781,404.07920837402344
125.56329791185831,Move,771.5279846191406,420.21090602874756
131.70815387878037,Move,762.0628509521484,434.5499439239502
154.42203300289853,Move,756.5630950927734,448.9027576446533
162.98835019790883,Move,749.7980804443359,461.3166561126709
174.12670345974576,Move,741.6970367431641,473.69218826293945
185.08756968161921,Move,732.1799011230469,484.90452575683594
192.98397902104227,Move,725.5540924072266,493.5513668060303
198.92674781502504,Move,718.8615417480469,501.6539726257324
205.37683951586553,Move,707.9586639404297,513.3095569610596
217.36010210661453,Move,698.6329650878906,523.8856830596924
229.10873693237377,Move,683.7176055908203,539.4685878753662
237.11523570040188,Move,669.2010040283203,554.6934757232666
244.93567371085595,Move,658.8417205810547,568.9310874938965
264.07669183867375,Move,642.541259765625,584.7841529846191
271.4057898740261,Move,623.8453674316406,601.1265048980713
288.7886036336364,Move,602.8750762939453,620.1187591552734
303.96116143770286,Released,602.8750762939453,620.1187591552734