resolution:1536,864
0,Pressed,723.4985504150391,360.8866138458252
20.96621157171414,Move,723.4985504150391,360.8866138458252
26.703087670624228,Move,668.98681640625,280.79895973205566
39.444558159798504,Move,606.7047271728516,212.32930898666382
45.86119660190892,Move,547.1082916259766,171.91846561431885
60.54348036031543,Move,502.05015563964844,147.98139810562134
68.24080063064336,Move,471.3636474609375,130.26486253738403
89.19551424642509,Move,456.40846252441406,112.42771768569946
97.79200045078608,Move,448.1531066894531,90.42216897010803
115.98100066300998,Move,447.46055603027344,66.31556868553162
124.26850067590894,Move,447.3240966796875,41.36483860015869
144.43356782067207,Move,453.8150939941406,21.05923157930374
167.03498319592376,Move,478.3380432128906,8.658756494522095
172.3908064376113,Move,525.3136596679688,3.7503087669610977
177.57130675740848,Move,568.7477874755859,1.5430345796048641
187.91482464543907,Move,654.3866271972656,0.628635797649622
196.3474988967583,Move,767.3935546875,0.24765843339264393
219.0060148165306,Move,862.3631286621094,0.08108440227806568
235.6247647676649,Move,894.2457275390625,0.01796487910905853
257.6550401673773,Move,843.3425903320312,0.003618374088546261
276.19352515124814,Move,780.7679443359375,0.0012371849188639317
284.3291445828006,Move,689.6903228759766,0.0005456210346892476
296.93327188317556,Move,637.8545837402344,0.00027570765178097645
316.17665594699383,Move,700.8262481689453,0.00017126369493780658
329.3388153252151,Move,887.4636840820312,0.00018592846890896908
348.5300557580439,Move,1174.8811340332031,0.00042452912020962685
370.1804632938754,Released,1174.8811340332031,0.00042452912020962685