resolution:1536,864
0,Pressed,712.5017852783203,331.13961124420166
21.094482866522505,Move,712.5017852783203,331.13961124420166
36.15160528736335,Move,643.9828033447266,225.29744625091553
47.54040558647731,Move,596.6995697021484,172.4284930229187
69.30186441135912,Move,573.6189880371094,158.73415088653564
82.05328045837129,Move,560.3630218505859,161.9392318725586
88.98446071203993,Move,551.243408203125,170.3631362915039
98.61616498469397,Move,547.7352905273438,179.60909700393677
120.93032716250309,Move,546.8384857177734,187.35130405426025
138.25990784802036,Move,546.5703735351562,192.7510929107666
144.4668571459652,Move,545.8038024902344,195.51054525375366
155.03123484765433,Move,543.8278656005859,195.49548196792603
176.60797041744837,Move,538.6681823730469,192.32887029647827
189.95349285826128,Move,534.9954986572266,186.08982467651367
196.47076405866878,Move,552.6751098632812,178.95063829421997
203.02303311824872,Move,559.4217681884766,167.53100681304932
217.1995920866869,Move,574.6018524169922,155.57668018341064
226.8855265818268,Move,595.5075531005859,143.08917760849
236.18177054208562,Move,644.7490539550781,145.75687265396118
245.36948006151098,Move,682.8815002441406,154.73989534378052
257.09842855816873,Move,705.5959625244141,168.18556451797485
279.0584505916065,Move,670.6277160644531,174.9827756881714
301.9739637124461,Move,533.4576873779297,152.90203285217285
324.2846500585603,Move,322.5527801513672,73.28132772445679
336.7008844006247,Move,299.76727294921875,38.2166086435318
353.3172857530904,Move,176.58939743041992,24.20444244146347
363.0595958749654,Released,176.58939743041992,24.20444244146347