resolution:1536,864
0,Pressed,1133.6401062011719,80.00637674331665
16.536835241859563,Move,1133.6401062011719,80.00637674331665
37.671815693938896,Move,1280.5523986816406,1.6990515366196632
44.99433224770337,Move,1381.4719848632812,0.023430160770658404
63.169060140846824,Move,1463.4332885742188,0.0003879103614963242
73.29222011158569,Move,1514.9439697265625,1.7375788104345702e-05
86.06636059609458,Move,1530.7997131347656,4.4298217574123555e-06
98.76704758178815,Move,1533.0179443359375,3.389914525087079e-06
103.98930617172486,Move,1533.6166076660156,7.661076125486943e-06
112.31702655828114,Move,1526.5255737304688,1.7434743313060608e-05
132.83461727299579,Move,1216.3416137695312,1.3275401386181329e-05
145.43814030433379,Move,315.81676483154297,7.303224009547193e-06
160.47954784101628,Move,452.4906921386719,4.397093505303928e-06
167.42872530671465,Move,674.5143127441406,2.3604354950634843e-06
188.39145646834464,Move,792.6007690429688,1.691100763423492e-06
210.35452891461807,Move,831.0428466796875,1.520818830869075e-06
227.2870629579237,Move,976.4540405273438,1.8109348260963998e-06
249.5465862605348,Move,1063.7231140136719,2.1958685749723372e-06
257.40230719218124,Move,1127.6620788574219,2.255524982786028e-06
264.60389233966026,Move,1158.787353515625,2.780597064599988e-06
281.48324684841,Move,1185.378662109375,2.7929097754508803e-06
299.8090264226019,Move,1207.3970947265625,2.8971971701707844e-06
318.64435703487237,Move,1222.7413330078125,3.434361914855799e-06
326.62120910396857,Move,1223.8617553710938,3.855117441275979e-06
345.1524717380239,Move,1218.3699645996094,3.9027632965371595e-06
358.85012643053494,Move,1239.5508728027344,4.0419786557777115e-06
368.26150182738303,Released,1239.5508728027344,4.0419786557777115e-06