resolution:1536,864
0,Pressed,723.5565032958984,332.1466884613037
15.797780004196971,Move,723.5565032958984,332.1466884613037
21.739245694119198,Move,680.4972381591797,244.69010066986084
41.81387628394391,Move,642.1411743164062,186.31841325759888
53.51888837190893,Move,627.6308441162109,169.8907928466797
59.02139432005962,Move,625.2118377685547,175.7643928527832
70.76797244788348,Move,625.878662109375,189.9621319770813
75.94247323635128,Move,632.732666015625,206.7736473083496
93.84619651098612,Move,642.4898071289062,223.041841506958
114.91033631296801,Move,653.1252593994141,237.4861936569214
135.92723074261636,Move,663.3875885009766,249.69662189483643
146.43913554140835,Move,672.9513244628906,259.7107458114624
154.3738136838583,Move,680.8154296875,267.540075302124
164.48360942059102,Move,686.6078338623047,273.1837863922119
181.17501140433555,Move,716.1298370361328,279.3155994415283
200.9094215547135,Move,736.2186584472656,283.62635135650635
222.63056775245676,Move,757.4656677246094,285.45251083374023
235.9859868614707,Move,784.7557067871094,285.8416328430176
245.72206442716322,Move,824.0835571289062,285.8591938018799
265.8094864468655,Move,886.547607421875,286.17809772491455
277.1518510024715,Move,959.1016845703125,300.2392244338989
295.0231202715992,Move,985.3928833007812,309.9467525482178
312.46903487055584,Move,909.3270263671875,292.1787700653076
329.95945882316926,Move,648.5219421386719,192.95068788528442
335.7927713331156,Move,405.1028137207031,173.81956815719604
343.47718634630115,Move,160.99047088623047,193.16659498214722
349.8769343773852,Released,160.99047088623047,193.16659498214722