resolution:1536,864
0,Pressed,1081.0181579589844,67.63792562484741
21.337210039235433,Move,1081.0181579589844,67.63792562484741
34.814484491195124,Move,1162.6118774414062,1.4940772913396358
48.59487618443087,Move,1286.5152282714844,0.024786994967143983
61.31870759021908,Move,1382.6012878417969,0.0002978259062729194
75.27516424753402,Move,1480.8958740234375,5.181201004234026e-06
84.60484807872712,Move,1527.0091552734375,2.6152709597937474e-07
101.00736474644613,Move,1534.3998413085938,7.828501247253428e-08
119.21691126358434,Move,1535.6830444335938,8.622955749437722e-08
140.40782612731329,Move,1535.8126831054688,2.710727562416082e-07
154.6040547172002,Move,1534.415771484375,2.5335447659813326e-06
166.15102618379174,Move,836.4816284179688,8.808908162905027e-07
184.649762378433,Move,54.97480773925781,5.563363529859089e-07
195.33583779902878,Move,187.66823959350586,2.1344407041823388e-07
200.6727229415599,Move,446.4280242919922,7.697871140521784e-08
223.33640869442468,Move,530.1387176513672,3.722028185659809e-08
235.01708377724825,Move,540.7645111083984,2.5756530908083164e-08
249.00359661428647,Move,492.67030334472656,2.146609590081283e-08
264.213000376106,Move,462.0535125732422,1.934441556938893e-08
272.03667355339684,Move,592.4594421386719,2.2166218860419917e-08
294.2009070099838,Move,758.1080474853516,2.748619531978136e-08
299.58773754434736,Move,888.0701293945312,3.2585901976744935e-08
305.007163320314,Move,991.1313171386719,3.490270072958879e-08
314.537865894277,Move,1074.4137268066406,4.127670305553721e-08
321.66345829596173,Move,1157.9039611816406,4.6654392349410045e-08
337.79370780161526,Move,1237.3867492675781,5.748065823318882e-08
344.56959190271834,Released,1237.3867492675781,5.748065823318882e-08