resolution:1536,864
0,Pressed,424.71327209472656,241.31906604766846
7.730944378641227,Move,424.71327209472656,241.31906604766846
25.682998077173156,Move,235.40689086914062,81.07682275772095
31.94756289136973,Move,155.92184829711914,18.602937519550323
53.858833523592594,Move,130.45618057250977,2.8019978776574135
62.880755366468335,Move,136.14126205444336,0.3715044977143407
76.44585580876807,Move,131.41465759277344,0.05717916204594076
86.81593124227118,Move,136.93767929077148,0.010950730968033895
99.53420329337973,Move,142.78405380249023,0.0028457788430387154
119.55080614201906,Move,140.29108428955078,0.0010370406889705919
130.17358953621803,Move,136.90705490112305,0.0005059220984549029
137.45451760524057,Move,130.28704833984375,0.00026602481011650525
145.85862675558542,Move,123.96509170532227,0.0001727911126181425
154.8091091180336,Move,100.79667663574219,0.0001380373109896027
175.95686103761744,Move,88.13669013977051,0.00013080448161417735
193.07429918586155,Move,101.77301788330078,0.00013608271092380164
206.94826875160354,Move,136.07679748535156,0.000110836774638301
212.21507658722803,Move,210.69193267822266,0.00010233688021799026
221.88855193754517,Move,339.13275146484375,9.905165097734425e-05
240.12426619846966,Move,670.2359161376953,0.00012805528695025714
249.79477713135702,Move,1176.1213073730469,0.0001882724100141786
264.56643413111215,Move,1427.0340270996094,0.0002553038975747768
270.8175683331949,Move,1501.6557312011719,0.0004154708203714108
280.3708156986852,Move,1526.1612854003906,0.0007738034673820948
288.62432596149034,Move,1526.325439453125,0.0008574166349717416
302.06095796660543,Move,1526.1442565917969,0.0012090175987395924
316.73312565368997,Released,1526.1442565917969,0.0012090175987395924