resolution:1536,864
0,Pressed,712.9130859375,324.93840408325195
20.32665814181208,Move,712.9130859375,324.93840408325195
39.30798531016147,Move,649.4119262695312,205.92545557022095
61.41575240401484,Move,603.6998748779297,131.27412843704224
68.76740686595161,Move,568.1592407226562,98.34380292892456
80.57958298958252,Move,550.4397125244141,90.65832138061523
98.53492474376144,Move,538.5506744384766,97.87068057060242
115.13559370397937,Move,527.9761962890625,112.03277635574341
131.63663944709154,Move,520.1446838378906,128.97612762451172
151.8144962113965,Move,513.8196258544922,146.01634740829468
170.26574910340733,Move,508.2406311035156,161.68249940872192
188.1578937837235,Move,502.52366638183594,175.2034206390381
200.19145411507105,Move,496.2466278076172,186.21403884887695
216.73751068356566,Move,489.57151794433594,194.90782070159912
227.48033812565467,Move,484.9919128417969,201.33711433410645
233.61443465358556,Move,485.7686004638672,205.31178760528564
247.3194588103256,Move,482.7772521972656,206.58016777038574
256.33465182323476,Move,478.9514923095703,210.08606386184692
262.6028595425103,Move,482.9585723876953,214.7353277206421
278.90562282383024,Move,503.3116149902344,221.34805870056152
287.83949025590834,Move,554.1448974609375,250.05587482452393
302.1869787778679,Move,595.2821960449219,282.59383392333984
315.9660772078856,Move,623.6248168945312,286.32018184661865
333.16219135024227,Move,665.1918640136719,215.0240020751953
354.3466437647585,Move,875.6444091796875,246.56253147125244
365.52976505765866,Move,905.7214050292969,301.37391471862793
383.79637461663134,Released,905.7214050292969,301.37391471862793