resolution:1536,864
0,Pressed,722.1810150146484,396.65349769592285
13.304818475084378,Move,722.1810150146484,396.65349769592285
23.31675468893701,Move,659.8880310058594,345.4904680252075
35.74406172342569,Move,584.3638000488281,285.5021810531616
56.541905176657615,Move,501.4251708984375,223.2723741531372
61.99907562668717,Move,415.77809143066406,162.96603298187256
75.85601929012766,Move,335.3851547241211,113.17306709289551
94.98930388803262,Move,255.39653778076172,71.37397456169128
112.79205231941528,Move,181.2637710571289,39.70452010631561
127.92943297671498,Move,116.34111785888672,19.06321907043457
138.58539893779798,Move,61.8790225982666,6.80917489528656
148.16307134919396,Move,23.363060474395752,1.44647978246212
154.61564455366218,Move,5.099003434181213,0.14080136362463236
169.80830899007427,Move,0.5207676440477371,0.003661641603684984
190.63654634756486,Move,0.011097400216385722,5.465794600922891e-06
212.95920040221438,Move,4.0708431697566994e-05,3.6979361760225427e-10
233.8832560027083,Move,1.6427448734646077e-08,4.003465739149172e-16
241.99246634233182,Move,3.5055051309657026e-12,8.668855719605633e-25
260.4075998358044,Move,4.4934062221713717e-17,5.190525454173022e-34
283.1891597331556,Move,3.815234186280708e-25,0
291.6018939157652,Move,0,0
311.9658385761551,Move,0,0
334.5674744185633,Move,0,0
353.03363373871684,Move,0,0
372.2996344030312,Move,0,0
379.5796458483498,Move,0,0
398.0169301184286,Move,0,0
404.98704290997637,Move,0,0
424.064449319242,Move,0,0
438.81514228529755,Move,0,0
444.3313914567762,Move,0,0
465.44088480647684,Move,0,0
481.6691808143588,Move,0,0
503.9120911132105,Move,0,0
512.8658533048217,Move,0,0
521.458944993837,Move,0,0
526.6838123094826,Move,0,0
545.7750248426765,Move,0,0
557.1566445895637,Move,0,0
571.5984099021051,Move,0,0
577.2145845332615,Move,0,0
584.7758817228888,Move,0,0
605.855701967571,Move,0,0
628.0251411687906,Move,0,0
650.2059176731677,Move,0,0
666.3736593416028,Move,0,0
674.3720816606799,Move,0,0
686.5606862765625,Move,0,0
702.0981073952216,Move,0,0
713.8369376744258,Move,0,0
719.0861517103132,Move,0,0
734.7997178820458,Released,0,0