resolution:1536,864
0,Pressed,481.9303894042969,248.76179695129395
14.772260699831609,Move,481.9303894042969,248.76179695129395
32.92816388374131,Move,342.7624053955078,118.26202440261841
54.321403815376385,Move,293.58929443359375,54.23251533508301
66.5697454723767,Move,318.38037872314453,28.943637013435364
80.82438203758201,Move,355.5885543823242,16.009702742099762
100.13168465764619,Move,413.98191833496094,10.56694570183754
108.18690160301811,Move,494.2607116699219,7.933535724878311
119.76149242049573,Move,559.0911712646484,6.368970483541489
137.1443821216797,Move,634.2294616699219,6.185080111026764
159.31483756425635,Move,728.114501953125,8.6644848883152
173.3934183492306,Move,755.470458984375,14.374565362930298
193.78339291436197,Move,774.3836975097656,31.5477637052536
205.10590600964645,Move,770.2197875976562,75.74763822555542
213.4687580180468,Move,756.6618804931641,164.58183431625366
218.47824934094277,Move,745.8095855712891,301.4514970779419
226.60126902061043,Move,733.6736755371094,414.5499429702759
242.66746509153242,Move,720.6011352539062,489.2046432495117
261.92048683577633,Move,717.5567321777344,525.5294609069824
282.68856843229605,Move,704.9519805908203,551.3245010375977
296.7163591721093,Move,693.7575988769531,576.525146484375
306.89499210797976,Move,683.4189147949219,597.7829189300537
314.8268908631576,Move,671.1140899658203,621.4196605682373
320.5346147387446,Move,661.3955841064453,645.6849918365479
341.02730057880063,Move,638.7723541259766,670.3896045684814
361.10206802220154,Move,617.9630584716797,688.985372543335
379.439540506666,Released,617.9630584716797,688.985372543335