resolution:1536,864
0,Pressed,709.5677490234375,446.79106521606445
11.18591366641342,Move,709.5677490234375,446.79106521606445
23.55068976102052,Move,641.2567291259766,463.54555892944336
38.338025925598,Move,535.5524597167969,492.9561996459961
46.715589661826414,Move,390.1266632080078,542.2603168487549
64.85858620018546,Move,208.622314453125,628.6059036254883
86.63646095135522,Move,51.39764213562012,760.3247337341309
106.53927521632772,Move,1.0696821212768555,857.2941856384277
126.80070634816255,Move,4.438024006958585e-05,863.98681640625
144.14013351382167,Move,8.811315121547841e-14,864
154.4363335105284,Move,4.442344273311166e-30,864
175.3337261192965,Move,0,864
196.1756403432365,Move,0,864
207.77934312478553,Move,0,864
230.49190537959703,Move,0,864
247.8357038380004,Move,0,864
269.85811096584405,Move,0,864
292.6540418500355,Move,0,864
313.1686233744358,Move,0,864
331.64955372606386,Move,0,864
344.89617365374863,Move,0,864
352.80289807671306,Move,0,864
361.1972685595227,Move,0,864
379.366745164197,Move,0,864
390.4886056685463,Move,0,864
408.701034846762,Move,0,864
426.31082797755437,Released,0,864