resolution:1536,864
0,Pressed,702.4677429199219,350.46794414520264
5.855491684867342,Move,702.4677429199219,350.46794414520264
16.240180304744012,Move,640.5772705078125,266.6791763305664
28.75753438875386,Move,603.1429595947266,232.96465873718262
49.06086741494363,Move,579.3235931396484,238.62809371948242
66.43883581565346,Move,565.6663513183594,263.7543754577637
85.67384458749508,Move,560.9696960449219,293.75892162323
98.96102450868405,Move,560.2289886474609,321.9695978164673
118.47041784233046,Move,561.0252685546875,346.0955228805542
141.35564008872961,Move,562.1538391113281,365.966365814209
153.23223620628468,Move,562.2495574951172,382.04780101776123
169.96203715169008,Move,560.1626129150391,395.2738552093506
178.99742423793762,Move,557.2079772949219,406.43237686157227
194.56047554952738,Move,576.8345947265625,413.2939224243164
213.82564852478234,Move,582.7820892333984,419.3959436416626
226.8576963502856,Move,584.7770233154297,424.4948787689209
233.07653475766546,Move,585.1108245849609,429.30271911621094
255.70865454405825,Move,585.2254486083984,433.84441566467285
277.65262847848317,Move,586.4621429443359,438.2863082885742
299.0561570605794,Move,590.9488220214844,443.0483150482178
309.5009600895378,Move,604.4091339111328,449.5176486968994
322.5071868998604,Move,636.7047271728516,459.6345634460449
331.3744347842559,Move,684.9516448974609,459.8898410797119
345.9882986066534,Move,768.8191223144531,427.4604148864746
358.32737368130097,Move,927.9864807128906,236.40112209320068
380.474364229958,Move,1206.8302917480469,7.6815893948078156
393.0574777872432,Released,1206.8302917480469,7.6815893948078156