resolution:1536,864
0,Pressed,699.6897125244141,347.8264102935791
13.297369697267484,Move,699.6897125244141,347.8264102935791
30.60317524346809,Move,675.1168212890625,290.57410526275635
51.785648687997984,Move,677.6650085449219,264.16293811798096
62.17250002264847,Move,691.3657836914062,256.7959098815918
73.66186930515838,Move,702.5445098876953,260.57777309417725
95.68504668787715,Move,715.0491943359375,272.6286334991455
117.73992647924797,Move,726.8335876464844,288.6759510040283
129.6416382338841,Move,737.3930969238281,307.24421882629395
140.65658709719077,Move,748.1847381591797,329.21581077575684
157.76115595117645,Move,757.8231353759766,350.60907554626465
167.28111097558622,Move,764.9410858154297,371.072021484375
184.1934021099691,Move,771.4971313476562,388.2653331756592
205.46731473253269,Move,775.6607666015625,402.21133518218994
225.75086975085264,Move,778.4461669921875,416.14734649658203
238.37031833745576,Move,779.3215026855469,430.1642875671387
249.78947388303453,Move,780.4791870117188,438.77394676208496
271.577413857434,Move,776.5777587890625,443.9022617340088
284.5312895503805,Move,773.0657043457031,448.8157253265381
306.5535016754989,Move,770.9612731933594,454.7244987487793
315.65833722041185,Move,770.2901000976562,460.2465705871582
332.97695777186726,Move,768.7196044921875,464.9491996765137
349.3789763254864,Move,769.4479064941406,469.9116897583008
362.45343187746295,Move,766.7579040527344,476.46002197265625
368.47307556087793,Move,760.3547973632812,481.8849678039551
381.94289815356996,Move,756.1034088134766,487.0257453918457
393.73997587404864,Released,756.1034088134766,487.0257453918457