resolution:1536,864
0,Pressed,752.990478515625,341.28240394592285
6.5078621022699705,Move,752.990478515625,341.28240394592285
27.197474327981205,Move,708.8699798583984,233.61359024047852
45.90051632540321,Move,680.2727508544922,163.70522832870483
54.78583635039202,Move,641.4068756103516,127.1236138343811
65.22018822131261,Move,610.1580047607422,111.64073181152344
84.45252027554872,Move,587.2552185058594,103.264315366745
105.92916758182186,Move,571.721923828125,94.47904658317566
111.3814484145752,Move,563.4343872070312,82.2238404750824
133.57838030853986,Move,556.5867919921875,65.37602519989014
145.5581943000025,Move,548.9257049560547,46.855950236320496
158.58945539838945,Move,544.9670562744141,27.365806102752686
171.45287031311486,Move,543.3057403564453,13.045289129018784
184.93432079441075,Move,553.9959411621094,5.346556395292282
198.1621169984868,Move,581.0547180175781,2.491743676364422
216.04805588390334,Move,602.433837890625,1.0667215324938297
222.8585566305656,Move,661.2579345703125,0.4402429349720478
232.36707413128588,Move,755.2338409423828,0.16758784325793386
249.61326616610648,Move,897.61083984375,0.05584519472904503
257.7941712119483,Move,971.0415344238281,0.010942582972347736
269.95890427003445,Move,942.1787109375,0.0017284425994148478
284.35025896249283,Move,943.6556396484375,0.0004997905725758756
298.8768158329853,Move,907.5229797363281,0.00018879559547713143
308.77556258360613,Move,948.3628234863281,8.48688323458191e-05
317.0575934284932,Move,1160.8385925292969,5.85314703585027e-05
338.93997393943965,Move,1436.7208557128906,7.986733476172958e-05
361.08892727848075,Released,1436.7208557128906,7.986733476172958e-05