resolution:1536,864
0,Pressed,726.4061279296875,408.94696712493896
19.423613389231413,Move,726.4061279296875,408.94696712493896
39.99797613147558,Move,682.6487731933594,373.38535594940186
49.19993864043864,Move,641.2825927734375,360.2343864440918
61.254608523816465,Move,606.5191040039062,375.2537441253662
74.91073567473924,Move,582.0807037353516,403.65326499938965
93.27556535930884,Move,566.4941253662109,437.37906074523926
114.02239859645249,Move,555.1474456787109,472.35961532592773
123.21531246196028,Move,544.6323852539062,506.9215908050537
138.39703886450175,Move,533.3006286621094,540.5802326202393
161.00721483497506,Move,520.4163665771484,573.3387336730957
174.43965235480343,Move,505.5304412841797,605.1874122619629
188.89429546677036,Move,488.43434143066406,635.7114486694336
205.56314194327064,Move,484.24420166015625,659.8257350921631
221.7892030295156,Move,496.7862854003906,673.2926731109619
227.1716777064059,Move,559.4624633789062,666.3199939727783
240.61884880377121,Move,673.7991027832031,640.1018943786621
246.65839669441456,Move,824.8964538574219,565.436559677124
259.4811476847768,Move,1009.3122253417969,404.85093784332275
276.03394971154125,Move,1180.0068054199219,170.6189546585083
288.743004596126,Move,1267.0229187011719,31.993395566940308
303.89218104893394,Move,1243.55859375,4.149633899331093
322.6681177122589,Move,973.52197265625,0.2808069409802556
329.0749988163132,Move,589.3097991943359,0.038488415884785354
339.51696785772094,Move,590.2796173095703,0.019390346948057413
359.5037050782132,Move,1083.296630859375,0.6287953220307827
364.99037230686105,Released,1083.296630859375,0.6287953220307827