resolution:1536,864
0,Pressed,764.9366455078125,416.4881372451782
12.865229451189185,Move,764.9366455078125,416.4881372451782
28.04578900602644,Move,761.2339782714844,394.0524158477783
36.48005073160293,Move,757.5441284179688,371.0763988494873
41.74171453054703,Move,752.5645751953125,351.6606731414795
58.14975835139351,Move,748.4931335449219,334.1925916671753
67.2192761265664,Move,743.72314453125,316.9573345184326
89.00111868814064,Move,738.8663177490234,302.23458194732666
97.50190718159948,Move,737.1787261962891,291.0366897583008
104.42187852196739,Move,734.9227752685547,281.6075620651245
113.68731408621309,Move,730.810546875,273.6927709579468
130.340768632885,Move,726.7474365234375,264.94262409210205
147.5116299274051,Move,723.5873107910156,258.36341857910156
156.30848268249045,Move,721.1979217529297,252.25972366333008
169.68425957667648,Move,718.9618835449219,248.2681589126587
181.96497273316513,Move,716.6034393310547,245.51994609832764
202.16446823977984,Move,716.4852447509766,242.15071392059326
214.39651553347258,Move,715.7330017089844,239.81013679504395
230.6470355732295,Move,717.0197296142578,236.87895011901855
242.30388178595055,Move,716.9288635253906,236.42457962036133
260.02071361464857,Move,714.8965301513672,235.0051031112671
266.89314276533725,Move,714.9657897949219,236.07299995422363
289.59113753623006,Move,715.6141662597656,234.94819736480713
302.19963430289266,Move,716.5090484619141,231.8514175415039
317.351596602929,Move,714.9239044189453,231.35278415679932
332.59645056553774,Move,712.6018524169922,229.41533660888672
342.8113896207361,Move,710.5170135498047,227.64682960510254
348.3188914529535,Move,711.5486297607422,226.7308530807495
370.9887720112033,Move,713.0113220214844,227.7410717010498
391.1186205728406,Move,712.2741851806641,226.18512439727783
399.3645874001644,Move,711.7206115722656,230.531023979187
409.7372543432846,Move,711.2419738769531,230.24804019927979
427.97732335605247,Move,712.7856903076172,230.2543487548828
447.325043520913,Move,714.7389221191406,232.18456077575684
467.05358900140646,Move,714.4653167724609,234.46866989135742
472.9401811141085,Move,714.7313232421875,236.18328380584717
487.36887514863463,Move,716.8734283447266,236.62964630126953
496.5314401187272,Move,716.2833709716797,234.9613037109375
509.06052946763174,Move,714.9202423095703,232.84435844421387
530.5853116958267,Move,714.3224029541016,231.94571113586426
540.0819859160397,Move,714.0622100830078,232.88640689849854
550.4125720595239,Move,714.6710815429688,233.9022388458252
561.5217436410358,Move,715.5957183837891,235.10246086120605
581.7020932313526,Move,714.4366149902344,235.83559226989746
589.5467304572544,Move,713.8229827880859,233.9095516204834
598.7303893516868,Move,712.3812103271484,231.0503339767456
615.4627046618714,Move,712.8762359619141,230.88574504852295
636.9858238942552,Move,713.5137176513672,229.86880588531494
659.043973475977,Move,715.7687072753906,228.8451976776123
669.09682059389,Move,715.0242004394531,227.70849895477295
685.5695507244418,Move,715.4364624023438,229.82250881195068
700.0209018536522,Released,715.4364624023438,229.82250881195068