resolution:1536,864
0,Pressed,596.4042663574219,57.35770297050476
17.35412907739505,Move,596.4042663574219,57.35770297050476
36.17286916394512,Move,323.8583679199219,1.5068798772990704
46.76911575217583,Move,206.40692138671875,0.02799200895242393
59.101331544249895,Move,137.5634765625,0.0006139163888292387
80.63823504605101,Move,115.99629592895508,1.8410959796710813e-05
103.55717796305417,Move,160.16886520385742,9.828411364765088e-07
123.0112412176208,Move,316.9038391113281,1.4153426830532112e-07
135.91874216071992,Move,436.8871307373047,2.6921986640005002e-08
146.35511989289208,Move,643.9868316650391,6.258994447727595e-09
157.00206791118575,Move,1139.9495544433594,2.468629738128225e-09
163.6556126264812,Move,1368.7055969238281,1.3046707464381413e-09
180.05887281011442,Move,1520.8125915527344,3.9870004797659675e-09
195.6284344055445,Move,1533.4997863769531,7.493557274695917e-09
201.40271084666506,Move,1535.2342529296875,7.410356728243528e-08
219.22416349637808,Move,1532.1308898925781,1.337978408066931e-07
236.50840682355556,Move,1484.1459045410156,2.3952385674874677e-07
245.36693180816803,Move,253.24557495117188,7.866826789992842e-08
255.46422162779035,Move,4.727990627288818,1.3066263071515039e-08
262.6363494471206,Move,4.8832783699035645,2.490896676421439e-09
269.06229858851674,Move,24.3918399810791,5.040431509673038e-10
283.398674042065,Move,31.26298427581787,3.4644104967597456e-11
302.3227763776071,Move,1183.3785095214844,1.400548583357919e-09
315.7635707178255,Move,1350.4009094238281,7.92483695853663e-11
322.5101401420446,Move,1528.7638549804688,3.4602082449319838e-09
339.9519609185316,Move,1533.5886840820312,7.672804891445395e-09
359.8286563657139,Released,1533.5886840820312,7.672804891445395e-09