resolution:1536,864
0,Pressed,728.2414855957031,334.9415588378906
20.722553292752586,Move,728.2414855957031,334.9415588378906
34.156301414580625,Move,673.8496398925781,213.43942165374756
48.36591115445117,Move,620.4534301757812,135.58267879486084
53.57926981072965,Move,589.1285705566406,104.7880311012268
76.03985168142319,Move,567.5207977294922,92.49299097061157
90.86345875152296,Move,556.8582000732422,98.08131551742554
103.33348394740523,Move,552.6144561767578,114.00471496582031
114.74523005354436,Move,551.8653259277344,134.05690956115723
131.90288892903985,Move,552.8712615966797,154.88643407821655
137.90637190321627,Move,553.8392944335938,174.68335103988647
143.70298504629383,Move,554.4151153564453,192.41630172729492
162.77733185518156,Move,554.3607330322266,207.5805630683899
178.71068626691053,Move,554.4737091064453,220.5302381515503
199.40634749025014,Move,555.3835144042969,231.3242540359497
213.07223859711178,Move,565.9569854736328,239.7364683151245
223.24374718792097,Move,572.7147216796875,245.25179386138916
232.7834756148413,Move,578.2236328125,248.95864963531494
250.7087990962952,Move,591.8932800292969,253.842604637146
269.41755245784896,Move,622.7086029052734,257.86573791503906
283.09063428553566,Move,679.6519775390625,270.9367561340332
304.7918314566318,Move,732.7634582519531,287.12252712249756
310.9906423487671,Move,744.1088104248047,277.192834854126
318.3510301789556,Move,709.6256103515625,187.83545351028442
329.0533875589473,Move,803.5774841308594,171.1171760559082
339.8791430216194,Move,891.1965637207031,257.1211223602295
355.39584699549033,Released,891.1965637207031,257.1211223602295