resolution:1536,864
0,Pressed,763.8278503417969,426.8798475265503
10.599625399853437,Move,763.8278503417969,426.8798475265503
17.831647699681724,Move,762.674560546875,422.82532596588135
39.335427238933946,Move,761.4299468994141,418.8678789138794
59.325807356788815,Move,759.6080474853516,415.96375465393066
67.99559303735046,Move,758.5327606201172,414.25622177124023
86.43946661537898,Move,758.2260131835938,413.1008548736572
100.04605356539327,Move,756.9903259277344,411.84437084198
114.16958169598685,Move,757.0349578857422,411.37334060668945
121.5767850898514,Move,757.0170135498047,411.4316883087158
136.62853582017038,Move,757.6203918457031,411.92728328704834
159.0647827330511,Move,757.1193237304688,411.71850872039795
180.087579079296,Move,756.5399780273438,411.2743091583252
189.86228604326277,Move,754.9702606201172,410.7245635986328
204.5456064874112,Move,754.9879302978516,410.2903804779053
221.94442003111328,Move,755.2033538818359,410.91029262542725
230.68524092156457,Move,756.1382904052734,410.9065589904785
243.20756877473028,Move,756.4785003662109,410.95828914642334
259.1323480964441,Move,757.1570434570312,411.70099925994873
275.12941262950113,Move,757.4456176757812,411.68879413604736
286.4872170158709,Move,756.2865142822266,411.6859359741211
299.63899218344596,Move,756.378662109375,411.1179084777832
318.6381372792951,Move,756.5211639404297,410.7143154144287
335.5653697178063,Move,756.8017730712891,410.4927177429199
344.7544690302823,Move,756.2335968017578,409.82354736328125
351.0004640838608,Move,755.1814270019531,410.0775375366211
365.55002965232495,Move,753.8485107421875,410.02302646636963
379.3197213464261,Move,753.5716094970703,410.3780822753906
387.5887699858216,Move,755.2028503417969,410.5792865753174
398.81329474375144,Move,756.3890533447266,410.85560131073
415.516610250679,Move,756.8049774169922,411.60008811950684
421.76565318792694,Move,756.3127899169922,411.4070978164673
427.29707437483796,Move,755.6423492431641,410.7477378845215
449.61656681472044,Move,755.5685577392578,410.9039583206177
458.8322660994035,Move,755.3326263427734,410.8124198913574
479.6948456653084,Move,755.4321899414062,410.9543237686157
487.43907258227654,Move,754.06201171875,410.65921211242676
509.88364187523337,Move,753.9098052978516,410.24889850616455
527.1183795031726,Move,754.0887908935547,410.2415599822998
536.861523420026,Move,753.9974212646484,410.2058973312378
552.5789585067389,Move,754.0885162353516,410.1057586669922
571.8266281834667,Move,755.1434326171875,410.3531312942505
587.5103627780086,Move,755.0326538085938,410.3575086593628
599.6770731461507,Move,756.3880920410156,411.1473913192749
606.8291881264099,Move,756.5774688720703,411.66271018981934
625.2758198315472,Move,756.0978240966797,411.647234916687
634.079546570505,Move,757.3272857666016,412.78020000457764
650.9411357759337,Move,757.0702056884766,412.50172233581543
667.7315779975269,Move,756.1411285400391,411.9192237854004
678.5821526332352,Move,757.2681884765625,411.7570037841797
696.5264221258149,Move,756.8414611816406,411.7244052886963
704.1354199548038,Released,756.8414611816406,411.7244052886963