resolution:1536,864
0,Pressed,739.9917297363281,425.3518896102905
17.77876934698574,Move,739.9917297363281,425.3518896102905
37.19860425290422,Move,708.6749725341797,417.88075733184814
44.70588730909878,Move,670.9351043701172,408.15438079833984
59.160203314714664,Move,630.1441955566406,396.860032081604
69.20297060850075,Move,580.9063110351562,383.12743949890137
89.07839247307882,Move,530.1517639160156,367.9818592071533
99.87030278122411,Move,470.8006896972656,349.53221797943115
107.78982890018928,Move,403.1421203613281,327.10823822021484
126.16334540647262,Move,328.2107162475586,299.894082069397
141.40080109699045,Move,245.78643035888672,265.43502616882324
162.7639793794295,Move,165.2655258178711,223.77870655059814
174.91982837992975,Move,88.18630027770996,170.54295587539673
189.35509279855322,Move,32.05337047576904,107.87508416175842
206.85256457189485,Move,5.265588283538818,45.49457359313965
215.2066745461099,Move,0.1392812579870224,7.579361826181412
229.22833640342577,Move,3.424348233238561e-05,0.12246029684320092
243.68407746346728,Move,6.430859100445274e-12,3.6611155451282684e-05
261.2820947909388,Move,2.111116619609679e-24,1.679077726466846e-11
275.0881915223633,Move,0,1.3602709214112676e-23
292.28835707058585,Move,0,0
303.58961659589403,Move,0,0
323.4501196478206,Move,0,0
342.79514474455084,Move,0,0
356.06600239289344,Move,0,0
363.9571085689576,Move,0,0
382.05041073170787,Released,0,0