resolution:1536,864
0,Pressed,721.2637939453125,426.00125885009766
20.21503530806661,Move,721.2637939453125,426.00125885009766
31.143480954502774,Move,672.01611328125,417.54709911346436
52.29028526459672,Move,600.5424041748047,408.1600456237793
60.714826562737926,Move,511.9199981689453,403.1162395477295
68.11083501488362,Move,399.1153106689453,409.03505516052246
80.49284383708945,Move,261.4646987915039,444.3593101501465
91.4305688779805,Move,118.33109664916992,551.2858257293701
99.9087268569186,Move,28.37698745727539,742.3375225067139
110.75044669400253,Move,2.203552722930908,857.0312347412109
126.84502422272939,Move,0.06692286394536495,863.9797096252441
139.8104118169879,Move,0.00453780556563288,864
155.4907026902215,Move,0.0245577497407794,864
171.68170993060795,Move,38.54381561279297,864
190.47376972448632,Move,1535.9540405273438,864
206.66458868470144,Move,1536,864
226.6760355427786,Move,1536,864
249.3402694017792,Move,1536,864
271.94176905042366,Move,1536,864
279.8306284343004,Move,1536,864
295.065562951649,Move,1536,864
313.32326116927,Move,1536,864
325.2347509095979,Move,1536,864
338.8487882711358,Move,1536,864
352.35341489365265,Move,1536,864
369.948676168435,Move,1536,864
380.0724859292677,Released,1536,864