resolution:1536,864
0,Pressed,775.9095153808594,347.1007719039917
13.12696198117046,Move,775.9095153808594,347.1007719039917
21.11298348294232,Move,761.728271484375,243.71536445617676
38.45552827655262,Move,748.2354583740234,190.47183752059937
50.175338815915275,Move,741.9510955810547,179.31084394454956
66.81810042377234,Move,737.6445465087891,185.89190340042114
78.54988705538341,Move,736.1633148193359,197.3616428375244
86.11425393796316,Move,736.1870269775391,207.94353675842285
100.27121218213789,Move,738.2581329345703,215.3161654472351
106.43531097667288,Move,742.642822265625,218.14081478118896
117.03565060691957,Move,748.7607421875,215.24303770065308
129.36424082129662,Move,757.0607757568359,205.41372871398926
143.66633933483644,Move,768.7903747558594,187.01315259933472
163.13711881546186,Move,779.7819213867188,159.6015386581421
180.79150876961248,Move,793.4573364257812,123.89175367355347
196.32688052673257,Move,828.4711303710938,80.30828619003296
205.00648869949433,Move,887.6180419921875,41.753297567367554
226.42774498390244,Move,965.1310729980469,16.501456260681152
240.37053562616157,Move,1050.63134765625,6.500084236264229
255.85782604410775,Move,1106.9031372070312,2.6519761607050896
274.80411646833574,Move,1137.9179992675781,1.0225381068885326
283.1991143167696,Move,1117.927734375,0.34144297800958157
300.30612692469987,Move,944.316650390625,0.07197677087970078
322.21568071572125,Move,923.0234985351562,0.03515622904524207
333.63584904489073,Move,1154.6287536621094,0.03319273260422051
348.9266735019208,Move,1389.592529296875,3.006036400794983
362.8865166340931,Released,1389.592529296875,3.006036400794983