resolution:1536,864
0,Pressed,775.8966064453125,432.56122970581055
10.00949294089004,Move,775.8966064453125,432.56122970581055
25.303812126188262,Move,789.7469787597656,435.0779056549072
31.02633862305081,Move,805.3508605957031,439.4123725891113
42.33732480674752,Move,819.2371215820312,443.8080196380615
57.661989158351304,Move,831.78662109375,448.04098320007324
65.91841369580142,Move,842.9079895019531,452.2870273590088
71.72175869573061,Move,851.1305236816406,455.5785484313965
92.00103860512442,Move,858.1796264648438,458.18457412719727
111.67079580390856,Move,863.3879699707031,460.9461250305176
132.89882358547428,Move,866.679931640625,462.3569755554199
141.1803700893506,Move,869.6855163574219,464.1946449279785
155.36484900548777,Move,871.7510375976562,465.9081516265869
164.48012562186193,Move,872.3156433105469,466.92359733581543
169.63092096344943,Move,873.5519714355469,467.38970947265625
175.29157295154977,Move,873.2664184570312,467.5346260070801
193.23955595460546,Move,875.1912231445312,467.79186058044434
207.9454605685316,Move,875.6928405761719,468.8824939727783
227.49601822558694,Move,875.794189453125,469.5003719329834
248.09383790248145,Move,876.3109130859375,469.4938316345215
264.24258421598495,Move,876.0797424316406,469.3040599822998
282.02059018065444,Move,876.5497741699219,470.039457321167
297.91363356306925,Move,877.6441955566406,469.80884742736816
317.27185663457493,Move,877.5236206054688,469.3953151702881
327.52671617011634,Move,876.7072448730469,468.97544860839844
345.4856034949535,Move,875.7493286132812,469.10723304748535
352.8385916894572,Move,876.2889404296875,469.4040184020996
369.39005458971167,Move,878.0562744140625,470.002893447876
382.39202227305344,Move,879.3307800292969,470.0368309020996
404.9054711686794,Move,880.3957214355469,469.97740173339844
410.27673667136776,Move,881.2626342773438,470.31785774230957
423.721308351185,Move,880.3407897949219,470.6154155731201
443.54287724712225,Move,880.1121826171875,471.7082118988037
465.08155935473206,Move,879.8054809570312,472.36255073547363
478.13906951496415,Move,879.8566589355469,472.04974937438965
488.3259566743352,Move,880.1313171386719,472.00103187561035
508.66504116278065,Move,879.7105407714844,472.06334495544434
525.4391175878775,Move,878.5132141113281,472.1696891784668
534.6882854690612,Move,880.2806396484375,472.10840606689453
552.8927580849423,Move,880.6825561523438,471.303897857666
561.0523234848662,Move,879.1932678222656,470.46993255615234
572.6071356946502,Move,878.1941528320312,470.33474922180176
579.8709078330114,Move,877.2829284667969,470.181489944458
597.9124094794284,Move,875.8192749023438,469.3001461029053
602.9214187307624,Move,875.5922241210938,469.1027526855469
620.0045012830055,Move,874.1192321777344,469.2041015625
635.7702137049204,Move,872.6244506835938,468.9679298400879
652.6588202526932,Move,872.7192993164062,468.3104496002197
658.3937289649558,Move,873.9892272949219,467.98595809936523
670.3530511510794,Move,875.0044555664062,467.38492012023926
693.3307958425967,Move,874.5650024414062,467.47797775268555
713.2414769412577,Released,874.5650024414062,467.47797775268555