resolution:1536,864
0,Pressed,502.6753692626953,309.79130458831787
19.200046006535693,Move,502.6753692626953,309.79130458831787
37.83525720234509,Move,279.71651458740234,113.66541767120361
60.75469622239767,Move,175.37488174438477,25.896908819675446
79.25894864151533,Move,141.56040573120117,3.699434772133827
91.64327978136981,Move,149.26005935668945,0.49684029445052147
109.00517461703849,Move,158.26219940185547,0.08632630831561983
116.36887442129274,Move,176.56068420410156,0.01846258027944714
133.29600469138168,Move,199.10458374023438,0.005604297359241173
146.23806733971122,Move,197.92517852783203,0.0021962806858937256
162.16302349024465,Move,186.26023864746094,0.0011461936956038699
179.42559985700274,Move,158.08491897583008,0.0007067450660542818
191.338447814068,Move,153.50109100341797,0.0005565124665736221
199.34918205951806,Move,122.6436538696289,0.0004524946361925686
210.41946285691233,Move,110.2448616027832,0.00038057611436670413
228.97275218530748,Move,124.83373260498047,0.0002989015974890208
234.52349948216286,Move,172.33638381958008,0.0002502431516404613
248.17611401526045,Move,203.849853515625,0.00018099314456776483
268.5590979893169,Move,274.08922576904297,0.00014169694486554363
286.4646082009264,Move,514.1813049316406,0.00016694832038410823
298.87667070806026,Move,817.7264099121094,0.0001804405160328315
319.4502608537179,Move,1260.686279296875,0.000284252748315339
338.32983420308204,Move,1464.2764892578125,0.0004104404260942829
354.4794759670495,Move,1511.331298828125,0.0005481726366269868
368.02997382480487,Move,1522.3558959960938,0.0007249404916365165
378.6672385327669,Move,1529.0303649902344,0.0013906488893553615
394.45931639216894,Released,1529.0303649902344,0.0013906488893553615