resolution:1536,864
0,Pressed,658.3425750732422,332.52023220062256
5.549141171498169,Move,658.3425750732422,332.52023220062256
17.04200298057415,Move,613.8652038574219,263.13696098327637
35.65064745471598,Move,610.5611572265625,230.74814128875732
51.940096600828454,Move,625.5805206298828,219.58109664916992
69.15007045684627,Move,642.861328125,217.68495082855225
81.84602040849163,Move,667.805419921875,231.3071050643921
99.24512620098632,Move,685.6625518798828,250.6850824356079
114.00090771538672,Move,707.7959747314453,278.26948642730713
124.59907854685757,Move,728.9035949707031,315.0604419708252
132.9906711198896,Move,741.1036376953125,346.29961109161377
151.93958998844334,Move,749.2095336914062,372.32000827789307
172.87306713887327,Move,757.1225280761719,391.7610197067261
181.3001885886205,Move,763.1364898681641,411.92123222351074
199.57158801256995,Move,769.4160461425781,424.43048000335693
208.68005716897446,Move,769.327880859375,436.9431781768799
216.4121565166534,Move,767.8802490234375,446.9988098144531
233.1143070316666,Move,766.1631774902344,455.39336013793945
238.63149820643895,Move,765.3993988037109,463.2004165649414
246.46791085115848,Move,762.0088348388672,471.9020004272461
259.9791612766307,Move,758.4043579101562,483.9488697052002
279.99719138473347,Move,748.9727783203125,494.01917839050293
297.3839371359592,Move,740.430908203125,501.95745277404785
310.91370893652993,Move,733.4108276367188,510.7225341796875
321.3275874451697,Move,728.2576446533203,519.7412452697754
331.94170590559804,Move,723.3782501220703,527.6192150115967
337.06127526761907,Released,723.3782501220703,527.6192150115967