resolution:1536,864
0,Pressed,678.2126770019531,341.5190649032593
9.927498109155689,Move,678.2126770019531,341.5190649032593
25.23964328412562,Move,645.0576324462891,280.8368110656738
32.325090117829475,Move,636.7553100585938,247.92142009735107
47.720451884907945,Move,647.6587829589844,236.3179521560669
60.466265998869225,Move,666.9058227539062,239.23984336853027
79.877584397605,Move,684.4023742675781,251.68386840820312
90.53393092087455,Move,698.3943786621094,266.8098793029785
112.77525124833683,Move,704.9450225830078,286.55532360076904
124.21365577289913,Move,721.1248626708984,310.2699565887451
140.6636111201272,Move,729.3411712646484,328.0262231826782
157.9751338472539,Move,740.7256164550781,349.86312103271484
172.7971224615176,Move,749.6618041992188,369.2917728424072
191.89214305336446,Move,760.6936798095703,391.4194049835205
198.9282637466884,Move,768.5345764160156,411.647518157959
215.11541640356518,Move,769.7254943847656,425.2880573272705
234.35599324681587,Move,769.7017822265625,436.5666217803955
254.53336859590559,Move,770.8130493164062,446.2265396118164
267.26130572378196,Move,768.0034790039062,454.6106357574463
279.3548538262115,Move,764.5068511962891,463.1169891357422
290.1193720326724,Move,763.9242095947266,470.86724281311035
312.0471226557898,Move,759.5787963867188,478.7801284790039
322.59201362692824,Move,755.5411376953125,483.8250160217285
345.5723217436398,Move,750.4692993164062,490.6596794128418
353.4053394786833,Move,745.5270080566406,497.3354187011719
375.9508490667016,Move,738.6788177490234,505.390079498291
386.7463139567857,Released,738.6788177490234,505.390079498291