resolution:1536,864
0,Pressed,758.9276275634766,418.42038345336914
7.82851012538195,Move,758.9276275634766,418.42038345336914
27.909635652597405,Move,750.2378082275391,402.2790298461914
33.74388697443166,Move,739.9714965820312,385.78553009033203
43.85119635518478,Move,726.9251403808594,370.40279960632324
54.44813539101247,Move,715.2737731933594,359.01740169525146
74.40074464484127,Move,702.9195556640625,350.26457691192627
85.02907341821275,Move,691.6242828369141,341.7030944824219
103.18939815889215,Move,680.2901916503906,336.6068630218506
111.45044944440535,Move,670.0008544921875,333.3671751022339
124.68216750097038,Move,661.4348602294922,330.5810079574585
137.15967375147645,Move,651.9774627685547,327.1835289001465
154.58339559422555,Move,645.5878143310547,324.23285007476807
170.3272229537605,Move,639.4435272216797,321.2945566177368
190.88130037576633,Move,636.3713836669922,320.6404752731323
206.59226164845975,Move,631.2812805175781,319.45068168640137
225.8756725856479,Move,626.1244812011719,318.73042488098145
231.75207358513197,Move,623.7342224121094,318.44955253601074
247.36190507787248,Move,619.5245819091797,316.71951484680176
259.8469612909112,Move,618.0793762207031,315.94778537750244
268.9055871178649,Move,616.68017578125,316.5534324645996
274.9009008795258,Move,615.0185394287109,316.57995414733887
280.6739721270927,Move,616.1197357177734,318.16839694976807
297.9531478582045,Move,617.6116790771484,318.1418237686157
307.589810975242,Move,615.6812896728516,316.2248468399048
326.1094478878757,Move,614.0287628173828,315.4010009765625
335.5895406351672,Move,614.8000030517578,315.04141330718994
343.25974561898715,Move,614.1118011474609,315.2822456359863
357.2914862514968,Move,614.1080932617188,315.5156364440918
365.18353960461326,Move,613.6306457519531,314.6923313140869
377.7265360816051,Move,612.9090270996094,313.5906000137329
398.70608212027605,Move,612.1008453369141,313.1898651123047
411.1394643912926,Move,613.3712310791016,311.77134132385254
425.3331266506457,Move,613.3928375244141,312.79306983947754
439.00351112451784,Move,612.8257598876953,312.6166105270386
449.5952078949983,Move,611.2458801269531,312.1819896697998
469.65889576195525,Move,610.3890380859375,312.3551015853882
479.01584504025277,Move,611.2537536621094,312.62443828582764
495.92219880379463,Move,611.4014739990234,313.5378141403198
508.89223218971665,Move,610.639892578125,313.15113830566406
519.7788581328907,Move,609.1102752685547,311.99365997314453
527.5329323527781,Move,610.1363983154297,313.1898651123047
549.0901319224334,Move,608.5619201660156,314.53343296051025
569.5052196046848,Move,609.9124145507812,316.25659561157227
578.231050515357,Move,610.8004302978516,316.4740991592407
601.2008442818483,Move,613.6419067382812,316.1231632232666
611.8292374567059,Move,613.4419555664062,315.22814655303955
629.9206685412944,Move,614.0887298583984,315.8389434814453
648.369688977216,Move,616.1560363769531,316.1411361694336
659.2068824949549,Move,617.0446472167969,317.0578079223633
675.323726565499,Move,617.384765625,317.2399835586548
685.16227748056,Released,617.384765625,317.2399835586548