resolution:1536,864
0,Pressed,718.1302185058594,425.7305574417114
13.738907288096193,Move,718.1302185058594,425.7305574417114
29.07327665939177,Move,661.1216583251953,415.7027349472046
49.632255153646796,Move,586.1630401611328,404.9887990951538
68.74009313360276,Move,486.3211669921875,397.402361869812
90.32315709897293,Move,358.95435333251953,402.03778553009033
96.44398578707538,Move,212.75889587402344,441.0539360046387
106.8054296271275,Move,81.84309768676758,562.7793445587158
115.50024922935648,Move,14.514830589294434,762.2337284088135
135.89233267135603,Move,0.692412257194519,860.1107883453369
151.31830750959116,Move,0.010867032688111067,863.9924812316895
158.6828290552594,Move,0.00028071845008526,864
170.99454721631486,Move,0.00039088983612600714,864
179.24749517978205,Move,0.018171783071011305,864
184.47453819778733,Move,14.451792240142822,864
199.4061569655408,Move,1535.9998168945312,864
209.53610839397388,Move,1536,864
227.98406534565825,Move,1536,864
238.8357157899269,Move,1536,864
248.3875019227389,Move,1536,864
270.51395905940797,Move,1536,864
276.502445528615,Move,1536,864
288.6781585202035,Move,1536,864
296.9963816367858,Move,1536,864
307.21976934455563,Move,1536,864
314.3491430936342,Move,1536,864
322.8490757417746,Released,1536,864