resolution:1536,864
0,Pressed,762.7282104492188,433.353120803833
20.418631096112353,Move,762.7282104492188,433.353120803833
40.49853381504154,Move,775.67724609375,431.0066213607788
46.4631819291362,Move,809.165771484375,424.7348871231079
51.78924977378712,Move,873.5845642089844,413.06977558135986
72.83362079657905,Move,991.6404418945312,393.49909114837646
85.76139516379881,Move,1186.4166870117188,358.9060363769531
105.15411835515674,Move,1418.39501953125,291.89179515838623
117.20249122574147,Move,1527.8421020507812,163.91495561599731
128.65966559009092,Move,1535.9712524414062,21.60763657093048
140.7576803048957,Move,1536,0.23400954343378544
146.44058612578502,Move,1536,2.2081917222749325e-05
163.408147083149,Move,1536,1.114840565444807e-13
175.97411618690694,Move,1536,5.78331089502865e-29
195.0330242782941,Move,1536,0
200.64956592385846,Move,1536,0
211.6042087113601,Move,1536,0
218.1931800456654,Move,1536,0
229.58679917182417,Move,1536,0
237.44384761503215,Move,1536,0
257.91944214412274,Move,1536,0
274.94806272341657,Move,1536,0
287.8937343469701,Move,1536,0
297.8979662681043,Move,1536,0
305.2931395200461,Move,1536,0
312.0895354628554,Move,1536,0
334.0031607525942,Released,1536,0