resolution:1536,864
0,Pressed,748.4746856689453,414.9527635574341
17.730819398107634,Move,748.4746856689453,414.9527635574341
35.46943580275968,Move,744.5391082763672,411.7115821838379
49.73461784811552,Move,742.4486389160156,417.30822372436523
64.94778478877873,Move,741.0272369384766,428.1524248123169
79.63464487792498,Move,738.7300872802734,438.7928981781006
85.72752356905117,Move,736.2732238769531,447.7199420928955
99.0576281479251,Move,733.3908233642578,454.8599910736084
110.41572412416156,Move,729.4811553955078,461.0965518951416
120.18202322698886,Move,724.9248962402344,467.801851272583
140.41077296962686,Move,721.5076904296875,473.37140464782715
150.86615733775875,Move,717.6000366210938,478.2166328430176
172.30344892754414,Move,714.6329956054688,482.4287910461426
188.67581266524843,Move,711.2855529785156,486.33231925964355
198.39749959027597,Move,708.9892730712891,488.917179107666
215.4069533693475,Move,707.6849212646484,490.89312171936035
234.23258011946243,Move,706.3359832763672,492.8984184265137
249.6859797704753,Move,706.0437469482422,493.25844383239746
256.2207825963614,Move,705.4008636474609,494.15317726135254
266.501998611548,Move,703.7920989990234,495.4995002746582
280.32999522382966,Move,702.4535064697266,496.3867664337158
291.35825473326014,Move,700.5,498.4853267669678
312.0496565464413,Move,699.0554351806641,500.7465190887451
332.4910660915631,Move,696.7083435058594,502.7361087799072
347.2957413808789,Move,695.0541687011719,504.82848930358887
358.7129950884984,Move,693.6899871826172,505.9958553314209
368.4643795724796,Released,693.6899871826172,505.9958553314209