resolution:1536,864
0,Pressed,778.5586853027344,372.42125415802
13.813840153116537,Move,778.5586853027344,372.42125415802
31.29464820983404,Move,779.21630859375,276.1307830810547
45.716472993403826,Move,781.3460083007812,204.81375932693481
55.01007826760939,Move,797.2808532714844,168.53742742538452
66.96110400632156,Move,824.724609375,168.09882831573486
85.47920745849817,Move,852.1326599121094,194.5900754928589
93.11446137567803,Move,877.9509887695312,237.17151260375977
102.16716033620565,Move,900.2417907714844,289.52917671203613
116.44418065652258,Move,922.9801940917969,345.3183603286743
129.31098830814997,Move,945.3316040039062,399.31359672546387
135.56817149662857,Move,966.8596801757812,448.9472007751465
149.27239887683484,Move,988.004150390625,493.8036575317383
162.74985981263495,Move,1009.4235534667969,535.0024909973145
167.78901472204916,Move,1032.7981567382812,576.5645427703857
179.31046417996845,Move,1054.5570373535156,624.7781810760498
184.83230403423403,Move,1073.7138061523438,653.700101852417
203.88719420302556,Move,1087.2647094726562,673.5987281799316
224.87781715874195,Move,1089.0072326660156,684.5208206176758
240.58554838821723,Move,1072.0989990234375,684.2030754089355
247.94102519485142,Move,1023.0839538574219,665.3258171081543
256.93122063466427,Move,913.196044921875,613.7811069488525
263.82275201603784,Move,787.1274719238281,539.5780735015869
275.86857621083635,Move,704.0017547607422,506.6646137237549
287.26596969149733,Move,672.9494934082031,491.876895904541
304.69328164894495,Move,595.9925537109375,454.86266899108887
312.86225998324807,Released,595.9925537109375,454.86266899108887