resolution:1536,864
0,Pressed,782.994140625,380.2281303405762
16.291258298614288,Move,782.994140625,380.2281303405762
28.47164414590022,Move,787.5066833496094,301.70092964172363
48.35245043945281,Move,800.2737121582031,248.51576328277588
70.47905551028963,Move,820.9248962402344,219.85599517822266
79.94633201579421,Move,847.4727172851562,225.56724643707275
94.87413774010724,Move,869.86376953125,252.1208324432373
106.31888667017482,Move,890.8825378417969,296.2292232513428
123.89963495146436,Move,914.900390625,351.5744905471802
138.31421908919017,Move,942.4822998046875,410.06486892700195
156.08762616279785,Move,970.3721008300781,465.4232940673828
170.7710601263068,Move,997.6667175292969,517.0375270843506
182.13130043987013,Move,1024.3294372558594,562.5077934265137
195.03459073447902,Move,1050.8917236328125,603.351390838623
209.31311598664203,Move,1075.6405334472656,641.1848545074463
228.35946802906733,Move,1102.3978271484375,682.2585983276367
236.03588876343613,Move,1124.0818176269531,705.9773254394531
256.4256519545134,Move,1139.9783935546875,722.1577663421631
267.1898213593491,Move,1144.8831481933594,730.4712066650391
276.085699272323,Move,1131.6755676269531,728.7274703979492
297.24503642482466,Move,1083.9340209960938,709.8607177734375
313.7177150902205,Move,966.2926025390625,656.6797485351562
321.7550117260183,Move,807.5494995117188,569.0022583007812
340.5292451293616,Move,707.5367889404297,519.1598796844482
349.2490147664688,Move,677.9536285400391,495.87657165527344
364.72192301335497,Move,622.680908203125,433.15706634521484
378.5714939089778,Released,622.680908203125,433.15706634521484