resolution:1536,864
0,Pressed,1057.5722351074219,64.90343713760376
17.200658583079083,Move,1057.5722351074219,64.90343713760376
28.895441676271105,Move,1125.7060546875,1.5023305155336857
42.68857048172269,Move,1236.6443481445312,0.03020971908699721
64.59300830819936,Move,1365.3107299804688,0.0005659361158905085
70.3955641055095,Move,1455.9958190917969,1.1141770897893366e-05
79.86909457732881,Move,1513.1794738769531,5.732932368829324e-07
95.25167807940693,Move,1531.9645385742188,1.3126360798310088e-07
101.89381877801432,Move,1535.1477355957031,8.461732714515335e-08
114.44711699532944,Move,1535.7000732421875,2.107329670764102e-07
133.31948741424986,Move,1535.5296936035156,2.2748166870201203e-06
141.91780672631265,Move,1470.9846496582031,7.568408108227231e-06
147.54576113974704,Move,140.03996658325195,1.9334570424689446e-06
165.34878172979597,Move,66.43915557861328,1.208602306235207e-06
178.3693984907804,Move,160.49423217773438,5.501688704612206e-07
187.39602283936784,Move,267.7635955810547,2.863727575075359e-07
194.26813168261305,Move,345.5054626464844,2.0797570066122262e-07
202.73883852250333,Move,520.5334625244141,2.0940570077954135e-07
224.12055380450116,Move,778.7005920410156,2.695428760191021e-07
230.2916980105094,Move,937.1694946289062,2.8114556283043157e-07
235.8574900356469,Move,1059.5233154296875,3.5028940548187393e-07
247.084711599983,Move,1130.2782897949219,4.515077591804584e-07
265.8101092824575,Move,1115.6399230957031,4.865565390588245e-07
274.7000929575014,Move,1092.0551147460938,4.686792234309678e-07
293.2164279029738,Move,1104.4250793457031,4.986293458131286e-07
298.32141549419083,Move,1114.3770446777344,5.156497788760817e-07
317.5285057451165,Released,1114.3770446777344,5.156497788760817e-07