resolution:1536,864
0,Pressed,582.7819976806641,295.0727491378784
5.482378378298526,Move,582.7819976806641,295.0727491378784
26.32440792476887,Move,495.6829376220703,194.43049478530884
47.30935769015748,Move,471.06312561035156,137.96871614456177
53.83057630203953,Move,482.15757751464844,110.23197984695435
71.53136321970945,Move,529.4447479248047,107.96806454658508
92.1689654876391,Move,570.9479370117188,115.76160907745361
104.81881806760052,Move,613.7864227294922,138.88932752609253
116.17194234541788,Move,659.0892333984375,186.30396795272827
137.1024183449024,Move,695.7350463867188,245.91730785369873
145.8287765982231,Move,719.7037353515625,305.63468742370605
152.4221413025268,Move,741.5537109375,362.41822814941406
172.10101787692233,Move,757.0303344726562,409.4178686141968
189.4082787148209,Move,762.2138671875,440.81410789489746
205.6087795582942,Move,761.1093292236328,461.3659915924072
222.3011232855381,Move,753.5511474609375,478.0027084350586
242.9510893309409,Move,740.6747131347656,489.6892948150635
250.93587855982366,Move,735.0666961669922,499.9559669494629
271.85423842925906,Move,731.1061248779297,510.28392219543457
277.22238279988994,Move,719.5696563720703,521.6863403320312
299.97286410721887,Move,711.5755004882812,535.0750007629395
322.03499931887666,Move,704.9486389160156,549.8131256103516
340.56110130945825,Move,694.4307861328125,565.7203674316406
360.7467785687303,Move,689.6731109619141,581.2537822723389
376.494240224557,Move,680.3773498535156,602.2062721252441
383.5772801179372,Move,663.2311248779297,620.7053260803223
391.8050237903164,Released,663.2311248779297,620.7053260803223