resolution:1536,864
0,Pressed,720.1549072265625,337.36358070373535
10.204710475814338,Move,720.1549072265625,337.36358070373535
17.27742808764483,Move,658.052490234375,211.6537914276123
38.152300540598645,Move,602.8078308105469,135.79925537109375
44.210798444915724,Move,563.2959594726562,98.63623023033142
63.906950363388226,Move,544.4185638427734,91.84668588638306
76.13827354631582,Move,530.9067535400391,96.66474866867065
86.30537036516534,Move,519.8555603027344,108.47175121307373
102.55385163146043,Move,512.1741027832031,124.08570957183838
122.22219907649713,Move,505.51414489746094,140.31318140029907
136.40231609061206,Move,499.57859802246094,155.41919803619385
155.38803147983577,Move,493.41815185546875,168.3984718322754
170.24262375595228,Move,486.65794372558594,178.7949457168579
180.00503877615688,Move,478.68177795410156,186.44696617126465
188.16164184470736,Move,474.9736633300781,191.39481782913208
204.4150079367282,Move,473.2727966308594,193.4624662399292
218.42439499882497,Move,469.7189025878906,192.2632098197937
231.27048424461634,Move,465.472412109375,192.86886978149414
239.7998097687283,Move,468.6870574951172,193.58038473129272
260.622497126765,Move,488.2397918701172,195.0153751373291
271.83604811264547,Move,538.3119049072266,213.72675704956055
278.6114771148137,Move,584.9000701904297,236.653000831604
296.9028714201972,Move,623.2671661376953,229.12146091461182
316.2447118114249,Move,717.0083312988281,178.34105157852173
332.65555269163707,Move,968.1000366210938,240.72783851623535
353.8664674814257,Move,1012.7048950195312,258.1238737106323
370.33615279549787,Released,1012.7048950195312,258.1238737106323