resolution:1536,864
0,Pressed,728.7767944335938,410.47361183166504
10.802263261099135,Move,728.7767944335938,410.47361183166504
18.299218554944616,Move,689.6173553466797,385.1732397079468
29.389374742773217,Move,643.0763397216797,380.8903741836548
44.573423304644905,Move,605.5240173339844,394.25864124298096
49.592877307430754,Move,579.5145721435547,415.33531951904297
70.9738313415724,Move,564.2491149902344,439.41994285583496
79.70574134624134,Move,553.4132537841797,463.3774166107178
85.66009826211389,Move,543.6741027832031,485.7410144805908
104.25499396282989,Move,533.5234222412109,505.5837650299072
113.26146986420105,Move,522.4462738037109,521.698751449585
133.2147893765037,Move,511.3312225341797,530.7333755493164
146.39127424615097,Move,523.5729217529297,522.909273147583
155.89901909713686,Move,562.3750762939453,487.62137603759766
163.836440869548,Move,650.839599609375,404.04285049438477
183.77125072456582,Move,817.73291015625,284.3192882537842
195.42002953885336,Move,1005.2057189941406,143.06787014007568
205.53800252559736,Move,1177.4920349121094,43.716487884521484
223.03815118168575,Move,1263.3195190429688,12.849662750959396
243.6253561034025,Move,1291.8086242675781,2.7860770225524902
255.2976308567976,Move,1289.3361511230469,0.3762962892651558
277.98090756214685,Move,1090.8479919433594,0.021738948358688504
290.24348665536746,Move,524.3856811523438,0.0010027227872342337
302.0049924998292,Move,237.11112213134766,0.00031927964118949603
309.8993298089871,Move,227.35334014892578,0.00016058052551670698
318.94115485102583,Move,569.9600830078125,0.00015151128582147066
333.5434213481772,Released,569.9600830078125,0.00015151128582147066