resolution:1536,864
0,Pressed,765.9787445068359,418.9817934036255
11.10160705622965,Move,765.9787445068359,418.9817934036255
25.284374181166292,Move,763.1192321777344,402.60290336608887
41.30033350784524,Move,760.6551818847656,385.38129329681396
63.12936816894304,Move,757.2924041748047,370.13768577575684
83.30510709246843,Move,752.3329010009766,356.9450798034668
99.99052122013474,Move,746.7179260253906,345.9192695617676
111.94443541109753,Move,741.8370208740234,336.6832094192505
129.22704463993733,Move,736.0084075927734,329.30564975738525
134.81687812678842,Move,730.4343109130859,322.2359218597412
156.50387334910073,Move,724.7979583740234,314.83562564849854
164.8452842216769,Move,721.4946899414062,309.10441875457764
176.92191215508453,Move,717.2557067871094,303.76429080963135
186.26765752369315,Move,713.1908111572266,298.9385805130005
198.63244850476258,Move,710.6725158691406,297.3899974822998
215.18548027676448,Move,707.9159088134766,294.47758197784424
221.18833534579613,Move,705.4004974365234,292.5224189758301
238.8846198791747,Move,703.7611999511719,290.7188673019409
252.77386990657433,Move,701.8206939697266,289.62962436676025
265.9718026831624,Move,699.4260406494141,289.1690483093262
286.6441807552048,Move,696.9947662353516,288.3196849822998
306.3882621998996,Move,695.5697937011719,285.044282913208
314.0772662577697,Move,696.2984161376953,283.98488330841064
320.2048708854914,Move,697.1938934326172,284.6884288787842
331.1948912111403,Move,697.0094146728516,283.6568384170532
347.28018313208173,Move,696.8863677978516,283.5393190383911
352.50967874984053,Move,694.2332153320312,281.31430435180664
358.8906403596903,Move,692.0547180175781,279.9289970397949
377.24890293447214,Move,690.5407562255859,279.183274269104
390.0644938564575,Move,690.2304840087891,278.86851596832275
404.290380134841,Move,688.1721496582031,277.997034072876
411.19386549640706,Move,684.3421783447266,275.7442874908447
432.83500091611705,Move,684.0683898925781,275.9255361557007
454.58706573161896,Move,685.03857421875,275.0157651901245
469.19859732677327,Move,682.2063903808594,272.83079051971436
477.4187453756933,Move,680.5711212158203,272.7105417251587
500.2476737435779,Move,680.9002990722656,273.21028232574463
511.47830227257117,Move,682.4920806884766,271.3834533691406
516.7045240637593,Move,681.4105224609375,271.3225564956665
530.237211216924,Move,683.6420288085938,272.86004161834717
544.2664863666653,Move,686.7006225585938,275.1751012802124
561.0764871758677,Move,687.4553833007812,274.3459768295288
571.80894027523,Move,687.9851989746094,276.0456304550171
590.8643587598378,Move,687.0692138671875,275.43910789489746
602.1770357176639,Move,687.3569183349609,275.97615909576416
613.0093037957903,Move,686.0204315185547,274.94639682769775
624.5178444577887,Move,686.0940856933594,273.988320350647
632.931417620608,Move,684.0877990722656,272.48963928222656
639.0007996520004,Move,682.4724426269531,271.247652053833
659.7715327375865,Move,681.7498168945312,271.09691619873047
681.2838874269812,Move,682.3340148925781,274.1790189743042
696.2023720490982,Released,682.3340148925781,274.1790189743042