resolution:1536,864
0,Pressed,774.5516052246094,427.4028911590576
18.662145393647176,Move,774.5516052246094,427.4028911590576
32.27196579012627,Move,783.3227233886719,423.06126594543457
37.95297023743664,Move,793.2310180664062,420.8521385192871
57.05889047369112,Move,803.2790222167969,418.65840911865234
71.66897539364618,Move,811.8283996582031,417.6134548187256
77.03765604999553,Move,817.6166381835938,417.3234930038452
93.98136027115328,Move,823.2582092285156,416.9399585723877
115.46040551222526,Move,828.0627136230469,416.63815212249756
130.23120131002722,Move,831.8379821777344,415.7878360748291
138.2291108285939,Move,834.7068786621094,415.5049295425415
159.34231202269527,Move,837.1668090820312,415.29638671875
182.0540216446705,Move,837.8048400878906,416.16390323638916
190.5842023920523,Move,838.0224609375,416.9394178390503
200.0962364428978,Move,838.8097229003906,417.47314739227295
220.26669566632896,Move,837.5699157714844,418.08373832702637
234.06185873691578,Move,836.1587219238281,418.5689306259155
256.83273306460507,Move,835.6504211425781,418.3763780593872
262.94392105796,Move,835.19677734375,417.7319269180298
278.3722211482608,Move,836.4256896972656,417.08536434173584
286.4138352540467,Move,838.1665649414062,417.03005504608154
306.66316342867117,Move,838.5645446777344,417.32763862609863
312.3883126618351,Move,839.4444580078125,417.5870361328125
323.83585124373167,Move,839.7650756835938,417.988826751709
342.1650964245293,Move,840.2587280273438,417.27534198760986
364.09675661754545,Move,840.2945251464844,417.23182582855225
374.62791713020414,Move,839.47119140625,416.96287536621094
385.9981660563782,Move,839.5088195800781,417.36857986450195
393.02964287816377,Move,839.2077941894531,417.496244430542
403.33470743462766,Move,839.016357421875,418.21245861053467
409.55336957592544,Move,838.4877319335938,417.84414196014404
427.9377874174832,Move,838.6710205078125,417.54727935791016
447.0302885124798,Move,839.5811462402344,416.9217281341553
462.00225469731697,Move,839.0353088378906,416.50492572784424
479.0174956497356,Move,839.4693603515625,416.7717390060425
493.08428520058385,Move,838.647216796875,417.2840967178345
512.7435378016648,Move,838.4765625,417.5719213485718
532.0167358968471,Move,839.8814392089844,418.0354070663452
548.2166162805113,Move,839.9131164550781,417.79135608673096
555.9264094077835,Move,838.5378112792969,418.07215118408203
561.3920705785991,Move,838.0804138183594,418.3305444717407
569.3020877788765,Move,838.0355529785156,418.25110816955566
580.0690555838707,Move,838.0347290039062,418.1565828323364
597.6790321091497,Move,838.2030029296875,417.9821319580078
616.5529213537001,Move,836.7071228027344,418.3717432022095
629.8694357982232,Move,836.6876220703125,418.21868991851807
651.04729798325,Move,837.9691772460938,417.88693714141846
669.401221747953,Move,837.3695068359375,418.0811376571655
690.5352376358006,Move,836.2079772949219,418.37748527526855
708.8980696051806,Move,835.4102783203125,418.77160263061523
719.9440694950318,Move,835.6681823730469,418.95210456848145
729.6277916602396,Released,835.6681823730469,418.95210456848145