resolution:1536,864
0,Pressed,761.5808715820312,434.5496349334717
21.854393639157813,Move,761.5808715820312,434.5496349334717
34.44553124485859,Move,759.5782470703125,435.7862148284912
55.84799833187361,Move,758.2194213867188,437.0815544128418
71.23797357142429,Move,757.1997528076172,437.98993492126465
77.85046564837064,Move,756.4935150146484,438.8074722290039
93.264426189484,Move,756.0745697021484,439.4823589324951
113.5896564816363,Move,755.7210845947266,440.0786590576172
130.94903292340854,Move,755.3767547607422,440.4224624633789
145.10324112372464,Move,755.0801696777344,440.6678009033203
164.49278686173363,Move,755.03466796875,440.74134063720703
174.87519366109666,Move,755.0833282470703,441.0872554779053
194.8501279732543,Move,754.9736022949219,441.3416576385498
207.9662939331152,Move,754.8001556396484,441.0491466522217
226.52236215858954,Move,754.8927612304688,440.98961448669434
245.84424460079734,Move,754.8397064208984,440.91478729248047
254.9938705565463,Move,755.0616760253906,440.5880813598633
267.7361173796123,Move,755.0950927734375,440.5583152770996
283.7314089659162,Move,754.9170227050781,440.7294445037842
292.48026388874774,Move,754.9161071777344,440.6242332458496
312.27355069266724,Move,754.8596649169922,440.72620010375977
329.4984285175285,Move,754.7797393798828,440.76549339294434
351.5137435104378,Move,754.6538543701172,440.9281253814697
366.51435231902144,Move,754.5541534423828,440.9973392486572
372.8866450526968,Move,754.4906158447266,441.05877685546875
381.62906479681544,Move,754.4665832519531,441.165584564209
388.57837652737277,Released,754.4665832519531,441.165584564209