resolution:1536,864
0,Pressed,717.70458984375,348.5990924835205
13.498014624199206,Move,717.70458984375,348.5990924835205
34.068927023099434,Move,705.6887054443359,294.36984729766846
48.905188630054454,Move,709.6782989501953,265.5537815093994
68.1122448162308,Move,717.217529296875,253.54007720947266
84.31753449082962,Move,733.3905487060547,256.67388439178467
90.7884572239252,Move,745.568115234375,266.34415340423584
111.97170314167327,Move,752.9718017578125,278.84716987609863
124.21637985722218,Move,760.3889007568359,296.67164611816406
137.45121133315632,Move,767.69677734375,318.00324153900146
142.85229572851551,Move,772.1470642089844,335.59715938568115
160.00132543047255,Move,774.1910705566406,348.79370498657227
170.40275825954066,Move,777.1607666015625,363.47247791290283
177.51836587413732,Move,777.9388732910156,373.3700866699219
196.3906605249447,Move,779.7793579101562,383.3048257827759
213.26145100234993,Move,780.3040466308594,390.65663623809814
236.2373094773252,Move,782.7769775390625,400.0728120803833
247.95969042434405,Move,784.8817749023438,410.04148864746094
269.6972475040304,Move,787.5787353515625,419.7822074890137
285.7576458063865,Move,788.0394287109375,425.8042516708374
306.480840565057,Move,787.4924926757812,430.15030574798584
324.1626287158583,Move,788.1831665039062,435.2192687988281
336.2979731295196,Move,789.6508483886719,440.6595096588135
348.4199699972348,Move,784.9093322753906,444.2450351715088
363.3690164519173,Move,783.5213928222656,445.71263694763184
373.084384745594,Move,779.9808654785156,445.83922004699707
379.9134948757555,Released,779.9808654785156,445.83922004699707