resolution:1536,864
0,Pressed,451.7031555175781,241.3939447402954
8.862589673498405,Move,451.7031555175781,241.3939447402954
19.19005716027182,Move,282.46875,95.47705364227295
26.771620975399614,Move,231.43567657470703,34.505053639411926
44.65619392529749,Move,231.24508666992188,11.799054890871048
57.76014725455096,Move,254.10704040527344,3.449819952249527
69.38938682186586,Move,318.74620056152344,0.9420746527612209
77.9294965988569,Move,358.68360900878906,0.3043893417343497
88.83532069948596,Move,408.88458251953125,0.11792360851541162
94.50023408385775,Move,431.42747497558594,0.05417907773517072
113.53689203980902,Move,467.32855224609375,0.027511889347806573
136.04729103437333,Move,456.98606872558594,0.01682300615357235
143.4460502491283,Move,464.2002868652344,0.013383934332523495
151.86376504430555,Move,436.9735565185547,0.010328493313863873
163.7445358874997,Move,387.2176208496094,0.008163204125594348
173.48760914312683,Move,404.62852478027344,0.007479287189198658
185.90140633940828,Move,417.6250305175781,0.007153278565965593
207.77814173757045,Move,413.89361572265625,0.006514132386655547
223.15377157527416,Move,463.6225891113281,0.006313707330264151
237.69946533741918,Move,575.6570434570312,0.007226087182061747
260.38170578337537,Move,645.0874328613281,0.006950010865693912
272.1253323429894,Move,662.9121551513672,0.006752777349902317
280.45236404445075,Move,720.4185333251953,0.007842537394026294
292.14781666357186,Move,710.14453125,0.008142756734741852
299.66993316654015,Move,682.0000762939453,0.009682140138465911
316.29467408826093,Move,655.5010986328125,0.011528332630405203
322.660632652453,Released,655.5010986328125,0.011528332630405203