resolution:1536,864
0,Pressed,728.5381164550781,333.41239070892334
6.263921114957249,Move,728.5381164550781,333.41239070892334
12.261406432263252,Move,678.9388732910156,228.72590160369873
28.337267327823902,Move,626.1264953613281,154.58164072036743
50.036321646038516,Move,600.4567565917969,127.83776807785034
56.45530172481715,Move,593.7661743164062,130.33343267440796
64.39954213682545,Move,594.2178039550781,145.26826858520508
76.50793459462679,Move,600.7091217041016,163.92172765731812
81.70320628031855,Move,611.8854217529297,182.75307512283325
92.44459128728101,Move,625.4942321777344,200.24945497512817
98.8811787210084,Move,639.9708709716797,215.49642276763916
121.44547819117878,Move,653.7940063476562,228.18632698059082
130.92388861407503,Move,666.2850952148438,238.258695602417
152.68150615765722,Move,676.8479919433594,245.63512229919434
172.34102223852443,Move,709.9488830566406,252.41169548034668
194.43115449033294,Move,735.4509887695312,256.44520568847656
204.8526136043367,Move,764.2535247802734,256.77755069732666
219.1463239791187,Move,803.6523742675781,254.96805095672607
235.2982367432174,Move,869.108642578125,250.85482120513916
255.14580797368865,Move,953.05078125,252.5293951034546
262.3048897374802,Move,1034.7914428710938,262.1362953186035
269.4225704950981,Move,1071.3128356933594,261.51669216156006
280.77084357779734,Move,1003.3294372558594,228.66747665405273
289.2624546290811,Move,702.2117614746094,127.34747743606567
303.9559973214384,Move,416.3077697753906,108.7513747215271
321.62796732490244,Move,163.78512954711914,199.35419368743896
335.40354630749283,Released,163.78512954711914,199.35419368743896