resolution:1536,864
0,Pressed,754.7291564941406,420.8040647506714
9.437467103796651,Move,754.7291564941406,420.8040647506714
24.828690708414335,Move,739.4728546142578,408.1563892364502
35.147187393427686,Move,726.6329040527344,397.8947639465332
48.322038533750444,Move,717.6109313964844,390.00304412841797
66.39538166965363,Move,711.2089691162109,384.59751319885254
80.89965166507884,Move,706.8532104492188,380.88105297088623
99.18006764522687,Move,704.6415252685547,378.34838676452637
109.6173954705549,Move,703.4177856445312,376.39049434661865
120.86623697257936,Move,701.7148132324219,375.04612827301025
140.69896358298604,Move,701.6863403320312,374.7794179916382
156.71298053351018,Move,701.4484405517578,374.48216915130615
173.82870401346025,Move,701.6343383789062,374.2123689651489
181.4401817234244,Move,701.5750579833984,373.32232189178467
199.2261114905927,Move,702.0370330810547,373.4538230895996
216.87455144699035,Move,702.0438537597656,373.3909435272217
234.21893025222076,Move,700.0538635253906,372.8893232345581
255.81770774143317,Move,699.2175750732422,372.4887943267822
264.2453332253465,Move,698.60009765625,371.9720849990845
282.22416400675144,Move,699.6145477294922,372.28254318237305
287.64302317678073,Move,699.8084106445312,372.64630222320557
293.11226645723497,Move,700.1610717773438,372.9580993652344
300.2672629934859,Move,699.8778991699219,373.1598958969116
313.03139016056514,Move,700.3613433837891,373.9075756072998
323.5598051116153,Move,701.1257629394531,373.934663772583
331.5259711173478,Move,701.0534362792969,374.5374526977539
344.3622150690909,Move,700.8732604980469,374.0283136367798
357.75180633479675,Move,700.9632568359375,374.030837059021
370.27454605423463,Move,701.9124755859375,373.85133934020996
385.5662870104277,Move,702.3109130859375,373.3295831680298
397.3970099209474,Move,701.1071319580078,372.55741596221924
405.9957995901395,Move,699.9140167236328,371.787540435791
413.8307255975814,Move,698.7687377929688,371.6923713684082
422.1952227552887,Move,698.64697265625,371.9022274017334
435.97003263386677,Move,698.9279479980469,371.9810972213745
457.39976492414644,Move,698.1515808105469,371.46407890319824
476.7068625385646,Move,698.9815521240234,371.9239854812622
496.4036915636862,Move,699.8506164550781,371.91131687164307
504.10144838304484,Move,701.684326171875,372.6620864868164
516.2736197628059,Move,701.1754760742188,372.5555877685547
524.9839799204696,Move,702.8904876708984,373.5357313156128
532.0382388069587,Move,704.5969390869141,374.6110954284668
548.851500665487,Move,703.6897888183594,374.9796438217163
570.6239191082251,Move,703.2854919433594,375.13182163238525
580.3738984536839,Move,701.6769104003906,374.69951820373535
591.508880922185,Move,701.660888671875,374.45945835113525
609.7985363260831,Move,702.9070587158203,374.5695104598999
624.8728385124782,Move,701.2313690185547,373.62145042419434
646.2028503803451,Move,701.1423797607422,373.47398471832275
663.3002795681264,Move,701.3449401855469,374.15064811706543
680.0963894898216,Move,700.8290405273438,373.2773380279541
686.4297455213298,Released,700.8290405273438,373.2773380279541