resolution:1536,864
0,Pressed,546.0066833496094,274.5862169265747
20.44190239405392,Move,546.0066833496094,274.5862169265747
41.263318179780356,Move,442.9988708496094,163.47066593170166
54.44241383574703,Move,420.7447814941406,106.98197293281555
60.52736912249465,Move,454.9122619628906,86.51808071136475
75.98154477741018,Move,496.4772033691406,79.08748412132263
81.65937841961942,Move,543.2521362304688,82.19231057167053
94.54979782267421,Move,592.2004852294922,97.36800456047058
103.29957833382,Move,649.5752563476562,136.02842330932617
110.98508422279627,Move,681.6868743896484,184.68400812149048
132.64575032855035,Move,708.3315124511719,242.53496932983398
144.5122123246337,Move,732.6231994628906,311.8601760864258
160.1730856913334,Move,750.6578063964844,375.10473346710205
177.4413551197987,Move,760.4572906494141,418.52165508270264
197.7939525187716,Move,765.8117523193359,450.7471733093262
216.48035225124084,Move,761.9397125244141,469.88104820251465
222.51915791584608,Move,755.2201995849609,483.3987121582031
241.8232394944022,Move,744.733154296875,493.2417583465576
255.45600852820883,Move,732.3748626708984,503.77241134643555
267.4007396846284,Move,721.6470794677734,514.5563335418701
275.20816962308686,Move,718.2821502685547,526.0659198760986
288.0905092654963,Move,710.2349395751953,538.9803829193115
301.57799778800677,Move,698.9157257080078,553.2690811157227
321.25989522032125,Move,688.3139190673828,566.5521183013916
335.4730278582843,Move,677.4855651855469,580.0011863708496
340.66842279972576,Move,663.4162902832031,597.2168483734131
346.7501079772875,Released,663.4162902832031,597.2168483734131