resolution:1536,864
0,Pressed,907.7927856445312,725.7191905975342
6.931715024779064,Move,907.7927856445312,725.7191905975342
27.186689486318752,Move,997.1613464355469,817.1052875518799
48.80326937241876,Move,1051.9443969726562,830.196699142456
63.28730814475869,Move,1077.7458801269531,819.3762645721436
79.35119816946886,Move,1119.2208251953125,763.5831413269043
98.72656703332781,Move,1216.2894287109375,576.7012195587158
107.00705945695134,Move,1239.7000122070312,226.9631109237671
112.47385795485229,Move,1320.33251953125,15.877161920070648
117.72330782347558,Move,1391.6357116699219,0.41888449620455503
139.01823986032147,Move,1413.3165893554688,0.009451229445403442
144.88354163952633,Move,1397.9591674804688,0.0001656294843996875
159.47536166844304,Move,1417.5044860839844,4.986603002521406e-06
168.1056146229732,Move,1318.5411987304688,1.5618755488944203e-07
188.30475344733625,Move,1016.3490600585938,4.0408198037633625e-09
200.57476812619728,Move,559.2220916748047,9.597564539984282e-11
213.89942506329777,Move,301.5032501220703,4.998294136980379e-12
235.90493922773902,Move,173.91934204101562,2.916247108299694e-13
246.6161539428357,Move,159.36709213256836,1.0618754163172855e-14
263.2137436319963,Move,140.52747344970703,2.1905490453038497e-16
284.01828354500657,Move,35.72904968261719,4.570193021033515e-18
305.4743132936859,Move,117.71491241455078,1.7213665221056445e-19
324.66629852563983,Move,687.5548553466797,7.99882901343196e-22
345.8191992140264,Move,1383.0350646972656,1.0661100383312897e-22
362.6601343901575,Move,1535.9562377929688,1.1630808124372369e-22
370.0589889458361,Move,1536,1.8409663807044602e-23
385.5757261975997,Released,1536,1.8409663807044602e-23