resolution:1536,864
0,Pressed,604.6514282226562,305.60226917266846
19.974356416462868,Move,604.6514282226562,305.60226917266846
37.0919421989265,Move,533.1924133300781,216.24304676055908
47.8459979247205,Move,517.5433044433594,168.31716871261597
66.12986462692922,Move,534.5304565429688,147.07475566864014
73.55668323758368,Move,570.9801177978516,144.73729419708252
95.0824143701642,Move,602.8792419433594,154.0574254989624
106.68575526982234,Move,640.0790863037109,181.2213191986084
120.77254444055743,Move,675.8675994873047,227.49380207061768
134.12735574122502,Move,700.6581573486328,272.2343101501465
140.23742193483594,Move,723.3856658935547,318.9578676223755
162.98180164616454,Move,732.1305084228516,352.15322971343994
174.16220152595645,Move,742.7694396972656,379.9344606399536
179.4367320417969,Move,751.0427856445312,405.44316959381104
197.2201921618857,Move,761.0744476318359,431.3929624557495
218.77961157934703,Move,763.3330535888672,449.0072994232178
239.31008111329487,Move,765.7336578369141,461.75588607788086
260.05473210075326,Move,762.9150695800781,473.430627822876
280.89498195390854,Move,756.3507843017578,482.52560806274414
289.23467747584755,Move,750.0147399902344,492.53849601745605
307.7648708268341,Move,743.2153930664062,501.36753845214844
328.2544037854642,Move,735.8461761474609,514.9701747894287
341.5475210104573,Move,726.7994842529297,530.99143409729
359.1974905942371,Move,712.1880340576172,544.1524200439453
366.0050919465994,Move,701.2438201904297,555.3623371124268
383.76982399611495,Move,697.0166473388672,562.1042518615723
396.93096417967905,Released,697.0166473388672,562.1042518615723