resolution:1536,864
0,Pressed,1085.0584716796875,470.8648223876953
22.31996401000645,Move,1085.0584716796875,470.8648223876953
33.59035995084937,Move,1256.8780517578125,363.9539623260498
41.516374034982675,Move,1388.8583679199219,157.86747121810913
47.11922971924206,Move,1468.9918212890625,29.55608832836151
67.71632628203706,Move,1504.9121704101562,3.904932349920273
87.5462077382301,Move,1524.0627136230469,0.30713862273842096
105.08904890623305,Move,1531.8921203613281,0.013086773338727653
122.73417969067421,Move,1534.7388610839844,0.0005109243265906116
138.2255174729203,Move,1535.5655822753906,1.5560506994916068e-05
152.49339897471145,Move,1535.7255249023438,4.2443567060956866e-07
174.81703330498448,Move,1534.3742980957031,1.1602418525935576e-08
183.6733130513048,Move,1460.3888854980469,3.0420566066169386e-10
190.76023859150436,Move,237.97295379638672,2.1783466632070703e-11
210.65585099596785,Move,17.458435535430908,1.7650598756017988e-11
230.58468651862546,Move,0.988998681306839,2.5809676661506242e-11
244.6868386597049,Move,0.22163593769073486,4.966116970775425e-11
264.9483400303713,Move,0.03249732591211796,4.261726420980855e-11
275.7210812233908,Move,0.005171132739633322,4.05703966515486e-11
297.7590035793575,Move,0.0006759932439308614,4.3889061330550094e-11
311.86072514919226,Move,8.316325147461612e-05,7.896140187015066e-11
328.0576274129302,Move,7.599796163049177e-06,2.966538811474684e-10
347.4811797083436,Move,6.126360858615953e-07,2.151465443300804e-09
369.2304339478002,Move,5.668556823934523e-08,1.3147896771315004e-07
383.60656200928264,Move,1.1049550607822312e-06,5.59884746564876e-07
391.84122001296635,Move,3.7242008943394467e-07,8.726584894702683e-07
403.40161442308164,Released,3.7242008943394467e-07,8.726584894702683e-07