resolution:1536,864
0,Pressed,762.7307281494141,425.09488677978516
12.36572698342816,Move,762.7307281494141,425.09488677978516
17.665107412335836,Move,776.2288513183594,410.48625469207764
25.086110690081576,Move,814.4230041503906,382.20798683166504
42.26870088078739,Move,904.3280639648438,331.4901866912842
64.64559342308243,Move,1096.811279296875,241.2842788696289
79.30540462846595,Move,1397.8164367675781,104.44244456291199
96.656465723322,Move,1532.704833984375,7.918416917324066
111.19686388456927,Move,1535.9994506835938,0.015138001588638872
127.78676630507132,Move,1536,3.2817895401215935e-08
134.0666288764981,Move,1536,1.134459646010567e-20
139.63922916825524,Move,1536,0
148.11660762476293,Move,1536,0
157.15753155278438,Move,1536,0
169.07446650541982,Move,1536,0
181.26288897982133,Move,1536,0
191.65958247848084,Move,1536,0
197.715695792273,Move,1536,0
207.91866003661738,Move,1536,0
222.36948478703093,Move,1536,0
233.89451639358202,Move,1536,0
249.99326032059807,Move,1536,0
262.7814644993349,Move,1536,0
270.01254865786683,Move,1536,0
290.4115474327185,Move,1536,0
309.02309986102057,Move,1536,0
326.59225203442884,Released,1536,0