resolution:1536,864
0,Pressed,773.2518310546875,425.6090211868286
12.634198872356531,Move,773.2518310546875,425.6090211868286
27.785980051558635,Move,780.1892395019531,419.1850061416626
34.17081529068002,Move,790.1302185058594,413.7466449737549
50.041085283082154,Move,798.5267028808594,409.48437881469727
59.84699978486903,Move,806.1318054199219,406.82518100738525
79.35308335861336,Move,810.8492431640625,405.3091707229614
94.54784816678887,Move,814.6475830078125,405.09406185150146
113.7283934969488,Move,816.4770812988281,404.47981452941895
132.23135503919835,Move,818.3462219238281,403.87030506134033
139.58025020421093,Move,820.3449096679688,403.1605796813965
144.81807399323776,Move,822.25927734375,402.5793685913086
151.33758271850184,Move,823.4400329589844,401.4207830429077
160.34687771526023,Move,823.3799743652344,401.850022315979
174.87695925051273,Move,823.6430053710938,402.41454792022705
182.48738787995794,Move,823.3374938964844,402.7303876876831
195.15596778909568,Move,822.9329223632812,403.37360286712646
201.54585122628734,Move,821.8109436035156,403.7277317047119
213.34982234791062,Move,820.3592834472656,404.0995759963989
220.80704877520316,Move,821.794189453125,402.95286083221436
239.61681880013708,Move,823.5596008300781,401.9871368408203
254.5404798622731,Move,822.5794372558594,402.315336227417
267.6226125244044,Move,823.242919921875,402.18911361694336
281.94225438362287,Move,823.6348571777344,402.34785747528076
301.80569902406506,Move,824.7036437988281,402.5957450866699
316.17311758535675,Move,823.604736328125,403.63073444366455
323.3461466429881,Move,823.1220703125,404.3235683441162
329.46527145808034,Move,822.25341796875,403.861704826355
351.3832808618051,Move,821.6505432128906,403.23744106292725
367.0215234055378,Move,821.1549682617188,402.42719078063965
383.3694205249158,Move,821.42578125,402.17574977874756
404.8107948015573,Move,821.8992919921875,402.06829833984375
410.38785727832055,Move,822.0675659179688,402.06608390808105
428.7143239988134,Move,822.7761840820312,401.2879943847656
451.3220979535172,Move,822.5724792480469,401.14549827575684
463.9817689402132,Move,822.6331787109375,401.5553226470947
471.09146436701553,Move,823.0881958007812,401.3498182296753
489.1711754462684,Move,822.7072448730469,401.4740581512451
501.44515913934134,Move,823.5658264160156,401.3009719848633
523.8178784459323,Move,822.9954528808594,401.2229518890381
531.4230181540381,Move,822.9123229980469,401.0053195953369
544.2426364716417,Move,823.1401062011719,401.04002952575684
559.8566087609846,Move,823.71826171875,400.8833198547363
574.174318665472,Move,823.184326171875,401.10589599609375
592.9674716649503,Move,821.5838012695312,401.90417289733887
602.2049044995173,Move,821.971435546875,402.2652540206909
612.3945201781772,Move,821.7501525878906,401.45358753204346
624.4654995475817,Move,821.1676025390625,401.37520694732666
647.2148617158313,Move,819.8623352050781,401.6907377243042
667.955117030093,Move,820.7339172363281,401.8831615447998
687.6111426193811,Move,821.6417541503906,402.31232357025146
699.7939857596647,Released,821.6417541503906,402.31232357025146