resolution:1536,864
0,Pressed,763.4767913818359,416.79148864746094
8.025856252689495,Move,763.4767913818359,416.79148864746094
27.2414484020765,Move,755.9649353027344,397.7486629486084
49.06601117112011,Move,749.2994384765625,379.67745780944824
66.24930937429554,Move,743.2080230712891,363.5637845993042
71.52963836634781,Move,735.9905090332031,349.44843006134033
88.91027745969023,Move,728.8902282714844,336.0130863189697
110.4793043694477,Move,723.3781127929688,324.99371337890625
118.06570195934812,Move,717.2331848144531,316.0659227371216
139.7707101990162,Move,712.6109161376953,309.36131858825684
156.39476961178605,Move,708.4144592285156,304.0005397796631
166.52613745091452,Move,702.2579956054688,297.76696586608887
174.6420922465839,Move,699.0765838623047,294.2678289413452
186.07441877076306,Move,697.5830383300781,291.661828994751
205.2750427191343,Move,694.6190643310547,287.96040630340576
218.86766877986523,Move,691.4495544433594,284.446515083313
236.3245648801935,Move,690.1453399658203,283.83561515808105
246.27346949697375,Move,687.0924682617188,281.1113748550415
252.9382681846519,Move,685.833251953125,279.9247226715088
275.151655505383,Move,686.3330841064453,278.35466480255127
292.8721682185606,Move,685.5619354248047,278.87212085723877
303.2020376594835,Move,684.2711334228516,278.581335067749
314.78139033597154,Move,685.2726287841797,278.2228031158447
331.1321364797742,Move,688.7094268798828,278.20405769348145
351.00754691925175,Move,689.6874847412109,279.3204917907715
365.3198986445421,Move,689.4697723388672,281.30753231048584
377.55062164279985,Move,690.1972045898438,282.14770317077637
397.958779364523,Move,689.5869598388672,280.1903257369995
416.7240349306307,Move,689.6127777099609,281.0795488357544
439.2889735967709,Move,690.1772003173828,282.5008792877197
447.6111131053678,Move,692.5192108154297,283.69775390625
453.2059245004868,Move,690.7338409423828,284.31375217437744
468.5197227977807,Move,690.6689758300781,284.8030128479004
480.9165059306246,Move,691.9928741455078,285.86707305908203
492.63140300999254,Move,691.8289489746094,285.52203369140625
510.9922259625195,Move,691.6066589355469,285.23145389556885
529.6531838242905,Move,691.4806823730469,284.1785945892334
545.8300476489719,Move,691.3868408203125,282.44840240478516
562.2177794313068,Move,691.8326568603516,281.6884660720825
579.2045996044322,Move,692.1314392089844,281.12182903289795
599.5702798142237,Move,693.5034027099609,283.98645401000977
611.0555297279216,Move,692.4689025878906,283.71258544921875
617.095684390886,Move,690.7865753173828,283.20221042633057
626.7389211909997,Move,688.9231109619141,284.4747619628906
645.1143905844511,Move,688.5370330810547,284.15364360809326
655.2575681366484,Move,688.7509460449219,285.74914169311523
664.2611742840063,Move,688.2045593261719,284.8574981689453
680.9774531061454,Move,686.8939819335938,284.54382133483887
689.1357763136975,Move,687.2062225341797,283.31550693511963
707.9976662351662,Move,686.1467742919922,281.0980110168457
724.9719325930786,Move,685.6858978271484,281.0813512802124
741.1409215247521,Released,685.6858978271484,281.0813512802124