resolution:1536,864
0,Pressed,703.0038299560547,323.4060945510864
11.387651648178917,Move,703.0038299560547,323.4060945510864
22.831464227055953,Move,634.8475799560547,219.53186416625977
45.681993690957356,Move,563.7491455078125,156.71787214279175
51.85010788717379,Move,520.8418579101562,136.90811920166016
72.50750083103671,Move,492.4069519042969,137.74334621429443
84.58853856336809,Move,473.8666076660156,145.6228609085083
96.51366596040025,Move,461.32164001464844,154.5782675743103
109.0765812882819,Move,451.7896728515625,161.78982210159302
123.86929747648637,Move,442.26104736328125,166.18812131881714
140.0778009518523,Move,430.93995666503906,167.2158236503601
154.7723829215738,Move,416.63525390625,164.5592908859253
159.78772047916908,Move,398.2232208251953,157.78190660476685
165.8931529644656,Move,384.0823516845703,150.6522216796875
182.15827398696405,Move,396.79522705078125,148.0475606918335
192.53421228931683,Move,400.63453674316406,155.8355369567871
213.84831932911482,Move,408.5596618652344,175.56513261795044
233.48022116978746,Move,426.91094970703125,208.34046077728271
246.58566775829465,Move,451.9510803222656,252.77354907989502
252.70262069402105,Move,463.181396484375,298.3553867340088
261.1686845090664,Move,432.6101531982422,294.96645641326904
268.7160878073783,Move,403.79603576660156,193.25307369232178
285.8954656544286,Move,337.593017578125,70.0194890499115
298.75734513519586,Move,219.97540283203125,15.777428805828094
309.42506464338265,Move,160.1092987060547,5.282553523778915
322.65020473081614,Move,86.55913352966309,13.710979342460632
338.2966776969794,Released,86.55913352966309,13.710979342460632