resolution:1536,864
0,Pressed,779.4181823730469,387.28403091430664
11.480955586277958,Move,779.4181823730469,387.28403091430664
27.37759120919736,Move,779.8091125488281,323.8523540496826
50.364614627856625,Move,785.2723388671875,268.3367557525635
70.03631130198772,Move,788.8846435546875,229.73439502716064
75.72372153525971,Move,811.3309936523438,221.30261135101318
90.05373270373232,Move,843.1855773925781,233.67999744415283
109.26714252222246,Move,881.3587646484375,269.0867528915405
117.78293872604095,Move,917.2757263183594,321.5890760421753
124.72197678857955,Move,953.0110473632812,381.3080520629883
145.99048567843548,Move,985.9949340820312,440.9026851654053
160.17363963218762,Move,1016.9826965332031,497.946138381958
166.53299346973748,Move,1042.6870422363281,552.1738128662109
174.16322240847919,Move,1066.6251525878906,600.4091320037842
180.24990834289775,Move,1090.0550537109375,644.0571784973145
201.02871658930135,Move,1110.1786193847656,683.161262512207
219.00809941706322,Move,1126.8344421386719,716.0724563598633
232.07969549438576,Move,1135.2448425292969,732.8466739654541
243.18087085600948,Move,1128.5583801269531,738.3137454986572
251.62268923672474,Move,1090.2658996582031,727.6897773742676
266.83028216930666,Move,989.4345703125,683.6545658111572
280.13617942624705,Move,832.7609252929688,596.1797218322754
296.2900714745674,Move,719.4588317871094,536.993522644043
307.7058698393389,Move,655.7367553710938,534.7389221191406
325.72222224207474,Move,617.2227172851562,479.0104293823242
333.7281856756543,Move,440.8977355957031,377.4383068084717
345.1977642989711,Released,440.8977355957031,377.4383068084717