resolution:1536,864
0,Pressed,725.8180389404297,399.09784412384033
21.297140416362325,Move,725.8180389404297,399.09784412384033
27.663873237906543,Move,660.6144561767578,346.8269290924072
35.272863483545365,Move,584.6466979980469,286.98703479766846
56.6453925297569,Move,506.8648681640625,226.3520050048828
75.29252864862808,Move,423.99732971191406,166.74304246902466
97.10322298729423,Move,337.5949172973633,112.85677671432495
107.69558174524222,Move,255.2995834350586,70.09177994728088
115.9400184615785,Move,176.29486083984375,37.53069806098938
124.7700829874444,Move,110.34941482543945,17.287042021751404
138.1956576188343,Move,56.42623329162598,5.665153339505196
159.1700860716287,Move,20.444716930389404,1.1004312671720982
172.59669511577346,Move,4.039624214172363,0.09564130380749702
194.55135915130796,Move,0.35920409113168716,0.0019166197307640687
209.43410764802627,Move,0.005878804950043559,1.7389117985544544e-06
223.80805896050117,Move,1.6063438579294598e-05,7.521627266339481e-11
229.57825258655632,Move,4.327372793433426e-09,3.70606672246293e-17
249.63367318182475,Move,7.637045293037992e-13,4.6805058458960584e-26
260.743510288944,Move,3.391070348143296e-18,0
266.4997137580049,Move,2.2185187622825002e-26,0
275.1152755095864,Move,0,0
294.45330250189386,Move,0,0
303.1646646422186,Move,0,0
320.61517114757856,Move,0,0
336.5778106787971,Move,0,0
353.45435676673054,Move,0,0
368.69219937693754,Move,0,0
380.9346309168803,Move,0,0
390.7735940056079,Move,0,0
397.3066727076896,Move,0,0
404.09144116689544,Move,0,0
418.1021667032935,Move,0,0
424.32642657034353,Move,0,0
439.20689492527924,Move,0,0
457.1259259964063,Move,0,0
479.1052243573401,Move,0,0
489.4521961699715,Move,0,0
497.1772322554367,Move,0,0
514.915637648711,Move,0,0
526.6013043416391,Move,0,0
543.083143128994,Move,0,0
561.323096267405,Move,0,0
568.3634259393299,Move,0,0
579.8408248182598,Move,0,0
585.3518984150345,Move,0,0
602.077505364471,Move,0,0
607.1601894394389,Move,0,0
613.9126244255779,Move,0,0
636.2772502662249,Move,0,0
653.6813823641849,Move,0,0
673.2004827876146,Move,0,0
688.3761327871522,Released,0,0