resolution:1536,864
0,Pressed,475.0865020751953,31.77383852005005
21.773278582557673,Move,475.0865020751953,31.77383852005005
33.72628614212313,Move,151.08745193481445,0.342549841850996
44.36200229581721,Move,73.16575241088867,0.004932121897581965
58.4967407257513,Move,40.85884094238281,9.558154306432698e-05
72.95958735659218,Move,54.65902519226074,1.0189287365847122e-05
82.30654080926796,Move,80.49839401245117,3.2865959553873836e-06
104.81313453064732,Move,19.230764865875244,1.6854625854989536e-06
123.24224413743457,Move,1.1437819004058838,8.749296647181382e-07
136.26264445075162,Move,0.22167404741048813,2.99015995963714e-07
145.72254764387768,Move,0.5650501102209091,1.3510288887630395e-07
150.95950993029425,Move,3.289269804954529,5.0588967015485764e-08
165.87987249875462,Move,7.0581278800964355,1.694874540714153e-08
187.30095000924524,Move,8.45571756362915,6.4439528713045036e-09
199.98809574489096,Move,7.928385972976685,2.3689362346757115e-09
210.79438762377205,Move,4.8846012353897095,7.676853527871508e-10
224.2640333045348,Move,2.1382323503494263,2.788508642742604e-10
244.87728398014255,Move,1.1217127740383148,1.5305736756135446e-10
252.67652003873334,Move,1.202307790517807,1.1508465664819556e-10
262.3129866864788,Move,1.0711860358715057,9.156942196685003e-11
277.8685755885358,Move,1.0167430937290192,7.582872611072711e-11
297.00680617749236,Move,0.8691174387931824,6.492525852878905e-11
311.64190009381616,Move,0.7132721990346909,5.84850859148417e-11
322.39456644273196,Move,0.6309777796268463,6.307807401406684e-11
339.28432199743054,Move,0.544108048081398,9.184634303105454e-11
349.5710341059234,Move,0.45214301347732544,2.4000095660836607e-10
357.3380640085263,Released,0.45214301347732544,2.4000095660836607e-10