resolution:1536,864
0,Pressed,758.225830078125,419.6028642654419
17.702174620998242,Move,758.225830078125,419.6028642654419
24.59432525563876,Move,743.5260314941406,403.4193334579468
43.43232133451998,Move,726.4190826416016,387.3990526199341
51.651724524881296,Move,708.8184356689453,374.01659774780273
57.758496619518105,Move,691.7609710693359,363.42095375061035
73.30885100755066,Move,673.9342346191406,355.5140676498413
87.7784774860474,Move,658.834716796875,349.71246242523193
101.91678335467401,Move,643.5385894775391,345.403281211853
122.00630504375991,Move,626.4895477294922,341.24985694885254
137.9537459000009,Move,613.2876892089844,339.3812885284424
147.0934366354126,Move,599.2873992919922,336.04295539855957
156.05171780140864,Move,589.8102264404297,335.90223598480225
170.8705436978986,Move,580.1934356689453,335.76537895202637
175.9793658592745,Move,570.1654357910156,333.2249364852905
198.20979371545437,Move,563.4707794189453,332.27010440826416
209.6852932363458,Move,559.6228637695312,333.3890104293823
217.72376321319666,Move,555.0892181396484,333.4030694961548
235.94348904010755,Move,546.7206115722656,331.7411642074585
247.44125136292823,Move,543.3306884765625,331.0068483352661
262.82203430155846,Move,541.7245330810547,330.2738199234009
283.2874307587933,Move,540.5718841552734,330.27129650115967
292.3998260013942,Move,536.6881713867188,328.9613571166992
301.49137692563664,Move,538.4175109863281,330.32838249206543
308.5991584861206,Move,539.0225830078125,329.1880531311035
323.74943901511614,Move,537.8523101806641,328.7334508895874
338.21547158380423,Move,539.6065979003906,329.05845737457275
344.7931245635582,Move,540.687744140625,328.77040100097656
364.3192114452611,Move,540.3289031982422,330.08492374420166
384.7724905175637,Move,541.5089721679688,331.6932964324951
392.8852464081914,Move,540.5141143798828,331.41664695739746
409.55310779079156,Move,539.2847442626953,330.02343463897705
417.1322366437066,Move,539.2223968505859,329.57879734039307
428.8825027734615,Move,539.5141754150391,329.38498306274414
435.2586251428779,Move,539.1894378662109,328.4742851257324
453.16750674043396,Move,537.6800994873047,327.48415088653564
459.89079056073723,Move,538.1441345214844,327.65824127197266
478.601042185228,Move,540.4831695556641,329.36989402770996
501.0359713492559,Move,537.8019561767578,328.96202659606934
508.5596611355747,Move,531.8436584472656,326.94452476501465
523.7041699989038,Move,531.4400939941406,327.405255317688
546.4986483536886,Move,530.4269256591797,328.0676021575928
557.216464574892,Move,534.796875,330.24384784698486
564.7220941656459,Move,536.9868621826172,329.164981842041
578.989990936586,Move,537.9490356445312,330.3223056793213
595.9965132828133,Move,537.6021423339844,329.1222896575928
607.5578019228333,Move,537.5987548828125,329.8656177520752
622.5477444816711,Move,538.7091522216797,329.70841884613037
633.3146895334874,Move,533.4803924560547,326.7996597290039
641.2912573054564,Move,534.4654083251953,327.1050453186035
653.7810980524325,Move,529.9072265625,325.06305599212646
676.7172421650996,Released,529.9072265625,325.06305599212646