resolution:1536,864
0,Pressed,800.0631408691406,443.388822555542
16.412410769736002,Move,800.0631408691406,443.388822555542
30.886725072890783,Move,828.1213989257812,444.0933723449707
36.79740719491203,Move,848.8869323730469,443.2675952911377
51.30933817116979,Move,866.1846313476562,447.82345390319824
62.84738942192927,Move,873.8771667480469,449.92700958251953
79.89656356600537,Move,889.8695983886719,458.3059558868408
88.1783467063286,Move,901.8202514648438,466.9445571899414
104.01356312272686,Move,910.5310363769531,476.8737087249756
123.83516366441593,Move,920.1589050292969,487.1908493041992
140.8400900196875,Move,927.6052551269531,495.62047004699707
150.03743940031424,Move,932.2824096679688,505.13691329956055
165.59623109060172,Move,935.7243347167969,513.4197635650635
170.93352484065534,Move,937.3211059570312,521.1179008483887
188.79149893724878,Move,936.9583740234375,527.623025894165
208.60731539383625,Move,938.2037658691406,532.723222732544
221.77774894474504,Move,937.0362854003906,537.7427730560303
238.2458601561841,Move,934.7140502929688,546.5687255859375
258.4625216639065,Move,934.5740661621094,566.8747043609619
273.30004533600174,Move,929.5104675292969,579.0577354431152
289.5348766602843,Move,898.6015319824219,566.1803512573242
298.63039920907505,Move,827.3551025390625,525.1637191772461
315.71816130666514,Move,766.9425659179688,499.8164577484131
321.558283385198,Move,704.9239654541016,507.8009262084961
332.89335308427025,Move,687.4522247314453,536.7360305786133
350.25562992980736,Move,698.0825958251953,533.5285034179688
359.55869563824297,Released,698.0825958251953,533.5285034179688