resolution:1536,864
0,Pressed,1017.7684936523438,672.489091873169
22.588109259152823,Move,1017.7684936523438,672.489091873169
29.263990482239212,Move,1115.3692016601562,709.2234764099121
51.97953510831823,Move,1195.8685913085938,597.3983287811279
69.17905109303156,Move,1277.7695617675781,272.1329097747803
79.29732424470501,Move,1362.8629760742188,32.35617935657501
89.22005248562567,Move,1445.5182495117188,2.454919695854187
95.67168221819618,Move,1503.721435546875,0.11391993379220366
118.51232913241975,Move,1525.6782531738281,0.003623702621553093
136.67274552160777,Move,1531.3413391113281,0.00013206148469180334
145.12868133256788,Move,1530.6400451660156,6.205666892356021e-06
152.85992736890617,Move,1517.0146179199219,2.4211994809064663e-07
163.52473996103316,Move,1364.688720703125,9.245156640247387e-09
179.02121804605258,Move,457.0367431640625,6.254370459035652e-10
188.0202103875048,Move,97.35731506347656,1.4227591760979097e-10
207.40568739705674,Move,12.45329761505127,5.4612453231558944e-11
212.96074943546108,Move,0.4711921066045761,7.449512686406867e-12
231.57444156961714,Move,0.05112416110932827,1.2304715047166317e-12
251.4268498691548,Move,0.001331036793999374,2.530094740283589e-13
260.76704304347777,Move,8.173696369340178e-05,1.6479979536172785e-13
278.06307208752764,Move,1.5722723219369072e-05,7.841513960072332e-14
298.57365238096776,Move,3.503016159811523e-06,3.056424665971529e-14
310.9035247156572,Move,6.727394321615066e-07,1.1358400696890729e-14
323.8538088749993,Move,9.286726054824612e-08,4.1896830110011064e-15
333.05969447113534,Move,1.549603512174258e-08,3.4858207076289707e-15
350.36615624592474,Move,6.143337172304086e-09,1.2516270330650565e-14
360.9853207094606,Released,6.143337172304086e-09,1.2516270330650565e-14