resolution:1536,864
0,Pressed,594.210205078125,58.88331127166748
15.542892608771657,Move,594.210205078125,58.88331127166748
27.179018193481845,Move,364.6742706298828,1.8810334503650665
49.40084751276626,Move,239.17801666259766,0.03936510847415775
67.56625228749365,Move,150.5895881652832,0.0006489609622803982
79.79998924693147,Move,136.93279266357422,1.8114398812940635e-05
96.18527954664954,Move,187.67155838012695,8.393643859960775e-07
112.53353449945601,Move,299.1661148071289,1.0301576391924527e-07
133.23374710388163,Move,418.69459533691406,1.9594297184788445e-08
145.2141462459866,Move,747.4663238525391,5.19937243259605e-09
152.98298899598075,Move,1107.0240783691406,1.6353529155854751e-09
169.24133407543997,Move,1410.0770874023438,1.0127938487869415e-09
176.21495659573918,Move,1517.6346130371094,1.2438456514773932e-09
194.98447836983135,Move,1533.8387145996094,3.824046704292705e-09
203.29328440540985,Move,1535.3553771972656,2.005164734253384e-08
214.78833793127492,Move,1534.5120849609375,7.373806365507107e-08
222.75263619546567,Move,1519.9241638183594,1.3329889592128552e-07
244.73193233103825,Move,587.7239227294922,2.874427995624984e-08
255.29195882047807,Move,6.474486351013184,4.232181105567889e-09
271.9718117780822,Move,2.5296835899353027,8.882796373455015e-10
288.47420679324875,Move,19.96925640106201,2.8566605331237227e-10
295.2098835181956,Move,134.3788948059082,1.287540620995009e-10
317.81648264589023,Move,848.1251220703125,1.4815838399878656e-10
333.5751770182507,Move,1308.5417175292969,8.049267307373709e-11
351.1293305818289,Move,1479.8394470214844,2.1518322280283941e-10
360.0958009894125,Move,1439.0238647460938,4.487525195190356e-11
372.4507855960512,Released,1439.0238647460938,4.487525195190356e-11