resolution:1536,864
0,Pressed,798.4833068847656,452.34326362609863
7.544255874522873,Move,798.4833068847656,452.34326362609863
23.037171222269357,Move,828.3236389160156,462.67698669433594
33.032355328270555,Move,845.3008117675781,472.9750728607178
44.86459982028053,Move,859.6388854980469,484.6416263580322
61.181204761834266,Move,870.93603515625,496.8665256500244
80.68451091616562,Move,877.160888671875,506.45743560791016
94.84545198443509,Move,879.3586120605469,515.1114349365234
113.39265913318896,Move,879.208740234375,520.5894756317139
130.49091781670137,Move,878.4932556152344,523.5944080352783
151.0973249888472,Move,879.050537109375,524.9969158172607
171.53676275678774,Move,880.5456848144531,524.9156513214111
184.44400417612482,Move,879.79833984375,524.9652442932129
193.65587083270367,Move,876.8683776855469,524.1815414428711
203.24782863311904,Move,872.5459899902344,522.270486831665
219.98547295615052,Move,867.3386535644531,520.2949562072754
237.2931272760423,Move,859.8584289550781,516.5030765533447
254.36200930854346,Move,848.5902099609375,510.0856533050537
262.6675769883707,Move,830.1514892578125,498.28515243530273
272.259965479016,Move,809.6572265625,486.47229194641113
284.5272879024834,Move,784.1659240722656,488.74671936035156
295.76099488161117,Move,748.4790344238281,498.75574493408203
313.04180558990225,Move,830.5975341796875,518.6877937316895
335.8727763916478,Move,831.8565673828125,583.2466163635254
358.7907185942121,Move,823.9865112304688,701.224588394165
366.6662951893327,Move,664.0785827636719,619.6129417419434
385.37387920785466,Released,664.0785827636719,619.6129417419434