resolution:1536,864
0,Pressed,725.9126586914062,391.2970447540283
9.239710553067876,Move,725.9126586914062,391.2970447540283
25.02413700720144,Move,667.3827209472656,322.580060005188
37.157666615648154,Move,610.1328735351562,276.9133529663086
59.988182365335554,Move,569.6987915039062,275.9604263305664
67.67961356662967,Move,540.7586059570312,298.50661182403564
74.15714717662226,Move,522.0831756591797,330.8987789154053
91.75083378401928,Move,508.62982177734375,366.99999046325684
106.42030366175915,Move,496.3462829589844,403.77917861938477
126.40724944404056,Move,483.32391357421875,440.19818687438965
145.76566801474627,Move,468.60841369628906,476.2532043457031
162.90163785028278,Move,451.60528564453125,512.361162185669
174.2847921320123,Move,431.7048797607422,549.0579528808594
180.23147460133768,Move,408.21253967285156,586.7790985107422
191.2694417379691,Move,382.53973388671875,626.6819744110107
209.56292950195268,Move,358.9965133666992,669.1188297271729
220.0914913344743,Move,328.3836364746094,716.87109375
237.6557203599372,Move,296.3169708251953,760.5495758056641
245.9141601131537,Move,274.9342346191406,799.3684616088867
257.36170488976643,Move,260.40728759765625,827.3554801940918
278.2086445528165,Move,237.6943130493164,843.1217193603516
289.21352734152197,Move,214.87227630615234,849.2645015716553
308.57165373138224,Move,222.78973388671875,837.8614139556885
327.02221470573954,Move,566.4141082763672,614.0729999542236
346.3650445660262,Move,1275.9537963867188,232.40211582183838
366.71741264085654,Move,1112.0117797851562,337.93323040008545
381.7995889944976,Released,1112.0117797851562,337.93323040008545