resolution:1536,864
0,Pressed,759.9845123291016,434.70289421081543
15.237435798932543,Move,759.9845123291016,434.70289421081543
33.86769119686965,Move,757.3455505371094,436.6332607269287
44.82414306538779,Move,755.4761352539062,438.4540901184082
66.95944954864088,Move,754.1019287109375,439.8276557922363
84.88324328207992,Move,753.1203918457031,441.26832389831543
106.67483911253044,Move,752.0704650878906,442.2322196960449
124.39601851263623,Move,751.3227996826172,442.9361515045166
136.01525751499997,Move,750.7357635498047,443.36003494262695
151.2371597122425,Move,750.4498901367188,443.29380798339844
160.7655046275314,Move,750.3758697509766,443.3652877807617
173.73070811323691,Move,750.4796905517578,443.45340156555176
189.4850528107834,Move,750.5853881835938,443.5081443786621
201.27731943662994,Move,750.3251495361328,443.73648834228516
214.23814828748434,Move,750.0669708251953,443.95406913757324
236.17331490561799,Move,749.8321380615234,444.1281337738037
252.88024414414767,Move,749.5930480957031,444.34700202941895
270.8026432186018,Move,749.3592224121094,444.53234481811523
276.63264718024357,Move,749.4390563964844,444.52647399902344
286.70160802317514,Move,749.4873962402344,444.4628219604492
302.0970587447849,Move,749.6590118408203,444.60047721862793
312.16422286293,Move,749.4898223876953,444.7968406677246
319.47471643275145,Move,749.4113616943359,444.828821182251
329.51148445979646,Move,749.4728851318359,444.56494331359863
340.2535061054324,Move,749.4099426269531,444.51797676086426
358.97821311035466,Move,749.4270629882812,444.1713409423828
377.33675186522726,Released,749.4270629882812,444.1713409423828