resolution:1536,864
0,Pressed,365.6975326538086,23.32012939453125
10.356751779025544,Move,365.6975326538086,23.32012939453125
21.86017788060542,Move,101.37398529052734,0.2334206309169531
43.38700080276277,Move,44.17438888549805,0.0028664560813922435
64.22871745695934,Move,32.5246696472168,6.68857333039341e-05
72.180170464906,Move,47.69472599029541,9.019034990842556e-06
86.85789388724751,Move,69.2977294921875,2.23959519729533e-06
95.13215475881587,Move,16.823840618133545,7.626354108225541e-07
100.20172003817731,Move,1.2678254842758179,3.131789947374841e-07
111.18848085651396,Move,0.1828075647354126,9.963151303971074e-08
116.92833730765653,Move,0.5569856464862823,3.811866622349669e-08
132.7867188707424,Move,3.732267737388611,1.2747087385633904e-08
141.6467774094257,Move,6.794498920440674,3.894929129222291e-09
163.7766687181156,Move,4.66041898727417,1.0645332115810646e-09
177.11611608721526,Move,3.2794253826141357,1.8857916400313868e-10
199.18266238544993,Move,3.8476123809814453,1.557442553829641e-11
206.2562548803135,Move,4.181203365325928,6.045027302212453e-13
225.9282472108847,Move,0.3948647081851959,3.141963770457662e-14
240.09869589441644,Move,0.15151985362172127,5.3266592139232654e-15
245.84728200291465,Move,0.11909058317542076,1.0857718601943871e-15
254.57445576605647,Move,0.34067825227975845,9.410654703054147e-17
266.3216213039707,Move,0.002229760168120265,6.937448535033763e-18
276.8247395073866,Move,0.01694018254056573,5.314140032014466e-19
287.95998114868024,Move,3.406106679904042e-05,5.0585919562105525e-20
301.7082089686043,Move,0.0003775404766201973,3.2604583496871043e-21
308.3468943966236,Move,4.827449799904571e-07,1.3971557814756905e-22
317.361338367113,Released,4.827449799904571e-07,1.3971557814756905e-22