resolution:1536,864
0,Pressed,572.3252563476562,289.5134696960449
5.837014141679917,Move,572.3252563476562,289.5134696960449
16.42832224535071,Move,494.78892517089844,193.76742696762085
31.49215051171712,Move,478.66827392578125,142.45488452911377
52.00115298800553,Move,506.9094543457031,122.05793380737305
60.75627304604436,Move,553.0968475341797,123.04719257354736
70.22002273200441,Move,604.474365234375,139.35331535339355
85.20214803415402,Move,648.5565490722656,174.04757738113403
96.10167751131075,Move,675.6463165283203,215.27487659454346
108.12063700617057,Move,705.3684539794922,273.01662254333496
118.01725860294988,Move,725.6871643066406,323.8264503479004
125.17240682321764,Move,750.9106750488281,379.43327808380127
133.65663747126126,Move,761.7765655517578,422.6170406341553
152.53004126086608,Move,763.467041015625,447.3633155822754
163.4703978573566,Move,759.4425659179688,469.48188400268555
168.85863613939287,Move,754.0992736816406,486.7594985961914
178.34017403031538,Move,746.6258697509766,501.5123519897461
198.3536131071609,Move,742.5559387207031,513.5545864105225
209.3437793611725,Move,735.4474639892578,529.2240085601807
222.47675985535363,Move,724.6427307128906,545.6460800170898
229.7169548698776,Move,708.5343933105469,556.5284671783447
238.10495737720976,Move,698.7431488037109,568.7271537780762
251.27365331471333,Move,687.5007019042969,580.9051380157471
266.3590212863776,Move,677.3303833007812,589.0964241027832
283.2508513878044,Move,665.9007110595703,597.4534320831299
296.0774423368284,Move,658.6227722167969,611.9311294555664
309.31960609675434,Released,658.6227722167969,611.9311294555664