resolution:1536,864
0,Pressed,727.7400970458984,402.73839569091797
13.9881104606864,Move,727.7400970458984,402.73839569091797
22.272076678412468,Move,682.9157409667969,370.49874114990234
30.946600602113044,Move,639.5401153564453,354.99488639831543
47.09588476856629,Move,600.2826232910156,367.88210678100586
57.12026490224265,Move,572.6636352539062,393.6722803115845
68.12417697928626,Move,554.2438659667969,424.05590629577637
85.22042020977794,Move,540.9523773193359,455.2726993560791
100.37196591401026,Move,528.7677612304688,485.2393684387207
108.81669716707496,Move,515.9498291015625,513.1223087310791
117.3404829823391,Move,501.7042694091797,538.2039928436279
138.51820634593068,Move,485.79505920410156,558.9253063201904
157.12852228378557,Move,487.5823974609375,567.0282211303711
178.93043826925572,Move,513.2232971191406,556.2021217346191
196.93159403800115,Move,578.0650634765625,504.87401390075684
214.74727613088993,Move,720.8701171875,416.528769493103
223.52401643677027,Move,891.7224426269531,272.50017070770264
235.3496858831548,Move,1080.2506713867188,114.15427923202515
249.35528934783005,Move,1209.7539367675781,29.90318763256073
263.88905183285783,Move,1246.7748413085938,6.596293330192566
282.90860424579284,Move,1211.5106506347656,0.9788890779018402
289.8173373924575,Move,1005.9406127929688,0.077558106277138
304.806438409432,Move,467.0914306640625,0.0038277313724393025
326.6879756704021,Move,223.53934478759766,0.0013168576260795817
339.92861349122046,Move,224.3968048095703,0.0007312482830457157
353.15967884805224,Move,616.2162322998047,0.0006746231902070576
368.30610053079647,Released,616.2162322998047,0.0006746231902070576