resolution:1536,864
0,Pressed,751.3447723388672,419.0672035217285
11.121253311814787,Move,751.3447723388672,419.0672035217285
28.793111108161078,Move,747.5093078613281,417.49753189086914
38.338517944002625,Move,744.5754089355469,424.1437110900879
56.48593770374711,Move,742.3899536132812,432.8834037780762
64.23650787142212,Move,739.4512023925781,441.40664863586426
75.30368594954535,Move,736.4946441650391,449.79259872436523
81.67340423359144,Move,733.6536254882812,456.60594177246094
100.46643535061997,Move,730.2524871826172,462.95456314086914
121.27500027930746,Move,726.3676300048828,468.9305934906006
137.93895806093872,Move,722.3383941650391,474.0361976623535
152.34005928367762,Move,718.3284759521484,479.2892417907715
169.0182189755759,Move,714.7213897705078,483.1420955657959
176.3178292288784,Move,712.1731567382812,486.06936836242676
197.97013492202043,Move,708.7284393310547,489.65350341796875
216.68938764480683,Move,706.2754211425781,492.2241497039795
229.15828024557317,Move,704.2342987060547,494.85376167297363
241.94036401146792,Move,702.8345031738281,497.00119400024414
262.26212115707517,Move,702.7266540527344,498.0274028778076
276.08982098684095,Move,701.3253479003906,498.8638401031494
281.2079769385316,Move,700.4293212890625,499.465856552124
297.9996622719959,Move,699.2770843505859,500.6718463897705
305.1032817498433,Move,698.7840728759766,501.2331790924072
311.5452940642732,Move,699.1309204101562,500.9733695983887
333.8220341528968,Move,698.701171875,501.2071723937988
348.63507972103156,Move,699.1877288818359,501.53011894226074
370.4916163503354,Released,699.1877288818359,501.53011894226074