resolution:1536,864
0,Pressed,726.6117553710938,398.2917137145996
7.288340527412811,Move,726.6117553710938,398.2917137145996
20.960564514730034,Move,666.9314575195312,349.5623960494995
35.077071443990825,Move,592.9872894287109,290.28437519073486
43.49028705573046,Move,509.0430450439453,226.52277374267578
59.851567485184766,Move,424.5597839355469,167.0836272239685
76.01242106329428,Move,342.33666229248047,115.26302719116211
84.91440497899495,Move,258.82598876953125,71.25261211395264
92.86519141794616,Move,178.9314422607422,38.58588767051697
114.52849383676286,Move,112.90128707885742,17.75937581062317
125.23922628057666,Move,56.493553161621094,5.9437545239925385
145.49735445274916,Move,19.53757953643799,1.1367978975176811
158.45098158195134,Move,4.305192589759827,0.11233005858957767
181.2894688118452,Move,0.40133947134017944,0.002711915658437647
192.12456779201233,Move,0.00825347495265305,3.8712007039976015e-06
201.19881348048375,Move,3.3943646485568024e-05,2.60146388805782e-10
210.085975828621,Move,1.531355575679072e-08,2.7217100475601287e-16
218.93293544540325,Move,3.388882273760996e-12,8.163668425530119e-25
231.11437352642344,Move,3.125241134484477e-17,2.3820573172371002e-34
253.8766973425926,Move,1.9765127533358969e-25,0
261.1823263561741,Move,0,0
268.94444868545963,Move,0,0
279.86373489469815,Move,0,0
289.42199838604824,Move,0,0
311.5055132965353,Move,0,0
332.34089129601364,Move,0,0
343.23589189435114,Move,0,0
360.7123774181382,Move,0,0
382.85723577124355,Move,0,0
395.77505336805064,Move,0,0
404.23478448526015,Move,0,0
420.69541359216015,Move,0,0
437.3944570316595,Move,0,0
454.8161432211356,Move,0,0
477.7757242391214,Move,0,0
484.5884050919887,Move,0,0
502.49025035408795,Move,0,0
516.0344069257608,Move,0,0
529.5395548165831,Move,0,0
535.5561685739415,Move,0,0
540.7187168803272,Move,0,0
548.441285320836,Move,0,0
555.0343701084664,Move,0,0
571.9729444699944,Move,0,0
588.4011789174434,Move,0,0
604.2530079014235,Move,0,0
615.9657115257331,Move,0,0
625.2034678624791,Move,0,0
630.9601462691093,Move,0,0
638.7549443401838,Move,0,0
650.690248993887,Move,0,0
658.633283169968,Released,0,0