resolution:1536,864
0,Pressed,697.3861999511719,328.9366636276245
22.798444895305504,Move,697.3861999511719,328.9366636276245
42.75405282024123,Move,625.0670471191406,205.21533107757568
49.29879426984466,Move,551.4979705810547,134.28351545333862
56.843317222781295,Move,492.4197692871094,111.81251764297485
71.5665993691505,Move,453.46998596191406,112.1230788230896
81.73552387086913,Move,426.7687683105469,120.1207823753357
96.93510164722038,Move,409.0088653564453,129.85179376602173
102.94633992802768,Move,395.8150177001953,138.06429719924927
122.54813759963146,Move,384.0537872314453,143.12850952148438
128.61021186953766,Move,371.36666107177734,144.6783413887024
138.4868348293161,Move,356.8827896118164,142.66019582748413
149.56730404514624,Move,339.93299102783203,136.80050039291382
170.76604853255787,Move,322.95835876464844,130.55998706817627
181.76551190568327,Move,319.02632904052734,124.43641376495361
202.8860205285612,Move,349.0806427001953,132.01334953308105
225.0389784715203,Move,358.5582046508789,144.65819263458252
238.89470272187282,Move,388.5677032470703,162.04638719558716
250.0450702287981,Move,430.7002716064453,184.07397079467773
265.1066241408023,Move,464.51271057128906,194.8261570930481
285.72228924155837,Move,455.7419128417969,163.05535697937012
303.4287848935281,Move,475.0593566894531,94.66722178459167
325.283275005534,Move,473.0259704589844,37.759846687316895
345.57076736849456,Move,390.1991271972656,12.20624640583992
351.7324151821094,Move,278.1398620605469,5.156541734933853
359.37194860815913,Move,171.9345474243164,2.8808137848973274
370.7053245058771,Released,171.9345474243164,2.8808137848973274