resolution:1536,864
0,Pressed,723.9954986572266,426.0289134979248
17.03436485216624,Move,723.9954986572266,426.0289134979248
23.839932691418646,Move,680.3412780761719,418.50195693969727
30.375323475309308,Move,625.3648223876953,411.5868787765503
53.06611346775342,Move,557.6971893310547,409.45255279541016
73.38705276365499,Move,467.45960998535156,417.20097827911377
81.55628173079992,Move,358.2843246459961,450.3340015411377
90.11048930106979,Move,227.99436950683594,538.7657375335693
102.69747624993047,Move,98.60363388061523,708.835126876831
119.53765657049958,Move,26.18104648590088,844.9717483520508
133.26392156584808,Move,4.97118866443634,863.8520965576172
152.640437694527,Move,2.917942464351654,864
159.44280688745926,Move,130.49460983276367,864
174.14528421211097,Move,1535.7174682617188,864
191.23910847507108,Move,1536,864
201.77615475331163,Move,1536,864
207.9424128386358,Move,1536,864
227.78158393564564,Move,1536,864
248.52548358030884,Move,1536,864
260.49949030089675,Move,1536,864
266.41929147944177,Move,1536,864
277.712515134796,Move,1536,864
290.6710076248929,Move,1536,864
306.6531504140997,Move,1536,864
322.4740190223961,Move,1536,864
344.64774655039605,Move,1536,0
353.097205456563,Released,1536,0