resolution:1536,864
0,Pressed,738.14208984375,421.71154403686523
21.479797988300888,Move,738.14208984375,421.71154403686523
37.67913783993415,Move,701.0955505371094,407.71909046173096
50.021753063352165,Move,648.0075531005859,386.3249502182007
56.88655753825229,Move,578.0468444824219,355.778151512146
66.67073149330548,Move,485.9406280517578,312.57309436798096
75.87384069709654,Move,365.6956329345703,251.2052936553955
94.05977756699303,Move,221.75958251953125,167.65146160125732
113.49795652307856,Move,81.20154190063477,70.8628978729248
132.28237915627219,Move,7.676804780960083,7.987006366252899
144.64011552801577,Move,0.007455584825947881,0.02235720434691757
165.30918832677688,Move,4.0261519118622857e-10,2.9734411932658134e-08
171.7540849573239,Move,4.056722886592389e-27,2.8485460420638605e-22
191.39206975301454,Move,0,0
206.66356156785014,Move,0,0
226.8756309521181,Move,0,0
244.29092636332345,Move,0,0
250.56188176914742,Move,0,0
261.63156034303023,Move,0,0
280.34970585732356,Move,0,0
287.35028752664675,Move,0,0
303.41551924438073,Move,0,0
314.2732445146335,Move,0,0
333.8005413718447,Move,0,0
353.4630305896474,Move,0,0
372.8009912585934,Move,0,0
395.7377933352835,Released,0,0