resolution:1536,864
0,Pressed,726.2729187011719,398.3898696899414
5.834608821055857,Move,726.2729187011719,398.3898696899414
28.312275200187806,Move,664.3311767578125,347.925235748291
38.4607175356747,Move,588.1576995849609,287.25940990448
43.565706054771425,Move,501.74267578125,223.5975866317749
50.59287370190341,Move,413.79551696777344,162.31720447540283
60.28992749933598,Move,325.45740509033203,107.83368587493896
79.06749077829389,Move,245.0980453491211,66.93493366241455
88.04667241064463,Move,167.129150390625,34.887107491493225
107.72559791642004,Move,97.05107116699219,14.418903887271881
121.86736511569282,Move,45.1532621383667,4.3015284687280655
127.02445862513036,Move,14.349120140075684,0.7048649657517672
136.33268331362598,Move,2.4223721623420715,0.04782203177455813
143.68583419518055,Move,0.15230514854192734,0.000571338367080898
162.2892221392318,Move,0.0017533221398480237,2.8419124653566996e-07
179.2304562825112,Move,3.305076916149119e-06,6.33330253475492e-12
195.04773335133868,Move,8.083577973660994e-10,1.3231167746585896e-18
203.4671511886716,Move,1.2046550687322063e-13,7.0872451000681105e-28
214.0973581438981,Move,9.576824421030753e-20,0
230.27830720686893,Move,2.92201266623674e-28,0
237.37716455590103,Move,0,0
246.7896139571185,Move,0,0
263.6427134667043,Move,0,0
283.18268474428385,Move,0,0
303.5657979218044,Move,0,0
316.73913744957235,Move,0,0
329.2370326581532,Move,0,0
350.41922703843574,Move,0,0
361.63937032010426,Move,0,0
384.5214691094529,Move,0,0
394.5035517582979,Move,0,0
414.56571061736906,Move,0,0
432.657083566825,Move,0,0
446.22697882458016,Move,0,0
464.848184601177,Move,0,0
470.74000467789705,Move,0,0
480.12600367524186,Move,0,0
486.1426092867054,Move,0,0
502.218357416482,Move,0,0
510.56747568411447,Move,0,0
531.84542996872,Move,0,0
541.3069400345878,Move,0,0
557.5612765452424,Move,0,0
573.0524579051286,Move,0,0
591.2046838777053,Move,0,0
606.0349665956028,Move,0,0
625.4073955682424,Move,0,0
647.7775052092777,Move,0,0
661.0457531236317,Move,0,0
668.9825513812934,Move,0,0
678.571609737496,Move,0,0
691.2922232599179,Released,0,0