resolution:1536,864
0,Pressed,494.2085266113281,29.13110089302063
20.785587011886324,Move,494.2085266113281,29.13110089302063
28.497328596226517,Move,171.89267349243164,0.34992628544569016
37.416908413927594,Move,83.22664833068848,0.005076238245237619
54.19365873546157,Move,50.42648506164551,0.00011538991611814708
62.72844575177058,Move,64.24889373779297,1.7319369874257973e-05
85.56233446748826,Move,90.46220970153809,8.316839824829003e-06
98.63132163561016,Move,25.128018379211426,4.75984576553401e-06
107.90595210420057,Move,2.2283012866973877,2.417917322361518e-06
122.14784739029359,Move,0.5372305512428284,9.461585435133202e-07
133.78914644258026,Move,1.5849759578704834,4.4312804625690205e-07
141.05255387999193,Move,8.762936353683472,2.0009248657970602e-07
156.970225757573,Move,13.727980613708496,8.927912009681904e-08
177.69158377418006,Move,12.186209678649902,4.540416143061776e-08
193.8770546189097,Move,8.673623085021973,2.3929441428371945e-08
200.42486990238635,Move,5.815157532691956,1.2305754915065137e-08
213.37372327461966,Move,4.771831154823303,6.7627313748985785e-09
223.7937625300792,Move,3.9541178941726685,3.99827521091467e-09
235.44783229392627,Move,3.3900954723358154,2.470484317118604e-09
254.0348605764082,Move,2.312452018260956,1.7050218736880396e-09
266.9899447893046,Move,1.7496592998504639,1.3064347416380517e-09
275.73920133025246,Move,1.765105962753296,1.0524091285935011e-09
295.7058962158378,Move,1.8188838958740234,8.733211341593883e-10
314.85697432927685,Move,1.49302276968956,7.944757664246627e-10
328.3638698109802,Move,1.5225479006767273,7.249728473796013e-10
338.12040115896053,Move,1.5751835703849792,6.468971608386553e-10
345.10188670290006,Released,1.5751835703849792,6.468971608386553e-10