resolution:1536,864
0,Pressed,1180.2560119628906,99.6980631351471
15.071815741231394,Move,1180.2560119628906,99.6980631351471
27.44001731739536,Move,1262.8851928710938,1.2848886251449585
49.63365603187871,Move,1377.1751403808594,0.012388548493618146
61.13227373524069,Move,1455.5773315429688,0.00011769438287956291
70.27027870121056,Move,1502.4765014648438,4.240638048713663e-06
82.53335263606081,Move,1519.1210632324219,1.0160312591267484e-06
105.52252921912223,Move,1526.2783813476562,6.984923839326029e-07
123.68612031018989,Move,1526.7211303710938,1.649146035731519e-06
129.06441782068262,Move,1483.2130737304688,4.03116656855218e-06
144.54490294729936,Move,638.9427337646484,2.7297918805402333e-06
162.32568087988201,Move,155.06227111816406,1.0209001324312794e-06
178.5606673926808,Move,415.5392303466797,4.5673701620785323e-07
195.96058273074098,Move,776.0423583984375,1.9534933271003752e-07
205.4865175039532,Move,697.4024505615234,1.487988852133526e-07
226.8386456569924,Move,854.4519653320312,2.2150133727194543e-07
241.12674661432317,Move,735.1093597412109,2.726545549336379e-07
258.9063316857035,Move,718.1984710693359,4.6048344337634717e-07
269.7124533766805,Move,741.3166351318359,6.709396238591125e-07
290.6725440281088,Move,766.3236694335938,1.1433107900415962e-06
300.3834698195492,Move,799.3072814941406,1.6339694397515814e-06
317.7066641033944,Move,800.0042724609375,2.0023485589604206e-06
326.3989854749022,Move,759.5654296875,2.5963025649389238e-06
348.09733800393957,Move,764.2927093505859,3.6057783319165537e-06
363.85565776160746,Move,772.6373291015625,4.321047072153306e-06
380.38483203138173,Move,877.5781860351562,5.979140638601166e-06
386.70161847584274,Released,877.5781860351562,5.979140638601166e-06