resolution:1536,864
0,Pressed,741.5455627441406,424.628568649292
12.941743322259683,Move,741.5455627441406,424.628568649292
20.62521391418492,Move,712.2522125244141,416.04913902282715
37.131246204070486,Move,669.8740539550781,402.9443893432617
51.56377023805366,Move,618.1322021484375,386.06738090515137
71.1119617777135,Move,555.0923767089844,364.24773502349854
91.3111499028038,Move,479.8054962158203,336.3174161911011
98.75377643527254,Move,397.9168395996094,303.0459909439087
121.41558456912249,Move,296.7714614868164,258.1749601364136
136.28326384884605,Move,186.59600830078125,199.6806936264038
157.9603133404405,Move,83.33692359924316,126.13472843170166
178.50279656594648,Move,17.82107162475586,49.87893605232239
192.88020612705537,Move,0.7194270640611649,6.489906460046768
209.45364105442374,Move,0.00022661931143375114,0.036140715004876256
224.18423612290576,Move,1.8662609218428328e-11,7.402141140033791e-07
241.76213220252515,Move,8.00825244258732e-26,5.362589329150556e-16
258.0722648357108,Move,0,0
265.9733589219767,Move,0,0
287.96794382638075,Move,0,0
307.46900265848575,Move,0,0
315.97312496113165,Move,0,0
326.77735199010596,Move,0,0
345.15793165854984,Move,0,0
355.93559154875106,Move,0,0
365.01871827636546,Move,0,0
378.3852776915274,Move,0,0
395.12997184065966,Released,0,0