resolution:1536,864
0,Pressed,756.8419647216797,405.4258918762207
9.868831270172432,Move,756.8419647216797,405.4258918762207
29.412542640141748,Move,754.7420654296875,396.987979888916
51.05332329812605,Move,755.1939697265625,401.25876903533936
57.742484347270874,Move,754.1769561767578,409.5223331451416
75.29235021074561,Move,752.0468902587891,421.0313014984131
95.15998910274914,Move,749.5244293212891,430.36634159088135
107.42129221290112,Move,747.2837219238281,437.6279010772705
115.76374396876602,Move,744.5227661132812,444.60264015197754
127.70041943203543,Move,742.5446319580078,452.64643478393555
141.45558053883582,Move,739.7794647216797,458.57091522216797
161.34695297616386,Move,737.464599609375,463.03876304626465
178.51892796711442,Move,734.4001007080078,467.5836524963379
193.2048334881631,Move,732.0591888427734,470.6385898590088
214.1288441439106,Move,729.6844024658203,474.89307975769043
228.08609012072284,Move,726.9313659667969,478.96274185180664
248.82935332436955,Move,724.2789001464844,481.18556785583496
257.02465230098966,Move,723.1734924316406,482.975549697876
265.7619168962112,Move,722.4743041992188,483.85524559020996
283.58998299640405,Move,721.9036102294922,484.020658493042
298.8594825216823,Move,723.0606536865234,482.06819915771484
315.8464603217476,Move,723.3396606445312,481.1242847442627
324.92388543391644,Move,722.9937286376953,482.1255168914795
347.5979314469348,Move,721.938720703125,483.6072807312012
356.23183457808307,Move,720.7344818115234,484.9108600616455
367.5687869973534,Move,719.4758605957031,486.9557590484619
382.69723174205944,Released,719.4758605957031,486.9557590484619