resolution:1536,864
0,Pressed,367.12699127197266,21.126062035560608
10.344978293823047,Move,367.12699127197266,21.126062035560608
19.703814398980633,Move,115.2996711730957,0.25746395252645016
28.66938892794237,Move,59.72332191467285,0.00534561401582323
39.24844786634223,Move,37.968435287475586,0.0001794048148440197
46.30127089148098,Move,52.57394027709961,2.52798394058118e-05
54.16737902737671,Move,66.90815734863281,8.907549897685385e-06
72.41367398946926,Move,21.026049613952637,3.969805604242538e-06
91.82453854522927,Move,2.5015965700149536,2.0275782972589695e-06
108.47281558283268,Move,0.4056464284658432,7.089440394736357e-07
127.3366637183977,Move,0.9955662488937378,4.013575631844901e-07
136.17970211813343,Move,6.02847146987915,2.1863265597943382e-07
154.30103400294294,Move,11.05213737487793,1.1582234771267963e-07
165.83525763093678,Move,13.308913707733154,7.224334530597787e-08
178.8043943397939,Move,10.048451900482178,4.016229648851066e-08
201.28751924760186,Move,6.265060901641846,2.0369875786130365e-08
209.60185121947535,Move,3.3614548444747925,9.355275054634404e-09
218.0532014341334,Move,2.350347340106964,4.3369012131533324e-09
240.02243011703098,Move,1.4127088487148285,2.1597013552532296e-09
261.3897190122901,Move,1.138389676809311,1.0982364705147685e-09
283.5141085319951,Move,0.8730491995811462,5.900458090873917e-10
302.9377172574446,Move,0.5794537961483002,3.4418627323229423e-10
315.87515061565097,Move,0.5250402688980103,1.8562179527822908e-10
328.25515129021727,Move,0.31430236995220184,8.952084191125864e-11
334.5304515605338,Move,0.18239744380116463,5.027660319317784e-11
341.56783964539926,Move,0.17058312892913818,3.0446595440138113e-11
355.875928557961,Released,0.17058312892913818,3.0446595440138113e-11