resolution:1536,864
0,Pressed,760.0537261962891,424.60194396972656
17.37459897712923,Move,760.0537261962891,424.60194396972656
33.06803130486653,Move,766.8781127929688,408.52831077575684
39.591699699511054,Move,793.7349243164062,379.32487392425537
56.53073624629904,Move,861.2143249511719,327.49038219451904
78.84868827785792,Move,1013.6822204589844,240.66040134429932
86.64872171720685,Move,1296.6339111328125,111.63232469558716
106.93537931697672,Move,1519.1358947753906,11.512599796056747
121.31122879406246,Move,1535.9805908203125,0.04339730157516897
132.542418823371,Move,1536,5.565614369373861e-07
139.51430475926,Move,1536,1.946631287724647e-17
147.88072372788108,Move,1536,0
162.395941581523,Move,1536,0
168.00948770692676,Move,1536,0
184.38126997319742,Move,1536,0
203.25333282589213,Move,1536,0
210.47991988699377,Move,1536,0
227.70403106279306,Move,1536,0
233.03749997778613,Move,1536,0
252.65827346585561,Move,1536,0
269.2955271249427,Move,1536,0
283.80632026234474,Move,1536,0
302.5070059032825,Move,1536,0
324.0433925763756,Move,1536,0
345.96476764128664,Move,1536,0
354.27453259252127,Move,1536,0
369.5619173932547,Released,1536,0