resolution:1536,864
0,Pressed,722.4577789306641,394.68188095092773
7.6114929534469375,Move,722.4577789306641,394.68188095092773
16.80917977572514,Move,672.7892761230469,354.6946506500244
26.540070453579826,Move,618.8009948730469,330.9304246902466
32.770829251248834,Move,578.4938507080078,331.29786586761475
45.79390895148101,Move,556.3463745117188,343.9487600326538
52.01616417146592,Move,547.2654876708984,360.940712928772
65.3111377902818,Move,543.687744140625,377.6532869338989
87.56510521221895,Move,541.3468322753906,391.43415927886963
100.98728055203784,Move,538.5663757324219,400.2662658691406
115.26501919770655,Move,535.14697265625,401.45963859558105
122.1135622808398,Move,533.4897308349609,388.9532747268677
137.24000910469175,Move,554.4071044921875,357.96673107147217
153.89564453477544,Move,597.7958679199219,295.1979160308838
165.82492798437136,Move,695.5014953613281,204.85418558120728
180.2362704221669,Move,864.6446228027344,115.99856615066528
189.15820506698068,Move,1043.2592468261719,46.45403730869293
207.7723251725016,Move,1171.5912780761719,15.458455681800842
223.6856742198946,Move,1235.3833923339844,4.9502322524785995
246.16894185045635,Move,1246.3475646972656,1.1241109818220139
253.76399858199818,Move,1216.632568359375,0.1455572722479701
261.9683569505063,Move,915.4568481445312,0.007236039382405579
277.1578654211153,Move,450.6386260986328,0.0006767822833353421
296.18086639952253,Move,250.6819610595703,0.0002686654042918235
316.85300427909107,Move,305.5422134399414,0.00014922297714292654
332.3049960276886,Move,888.9714660644531,0.003648729674750939
347.43892769491356,Released,888.9714660644531,0.003648729674750939