resolution:1536,864
0,Pressed,509.0052795410156,261.68009662628174
17.836571825914554,Move,509.0052795410156,261.68009662628174
23.051120761165866,Move,385.9138641357422,138.56993436813354
42.64109015425694,Move,339.2282180786133,74.04557061195374
55.37573055928727,Move,325.9768753051758,37.78859567642212
63.17584538480112,Move,338.3221206665039,19.006907165050507
69.78920283529416,Move,399.9712829589844,11.69321921467781
80.50407966914334,Move,487.41920471191406,9.204099744558334
96.24024633163486,Move,563.0960540771484,9.31911501288414
106.53901993820087,Move,640.9477386474609,11.932017356157303
123.97775349778567,Move,697.8559112548828,19.380286753177643
136.1774145890552,Move,748.5246276855469,44.856038331985474
153.54826015503428,Move,777.4297485351562,118.41559267044067
164.8015073695498,Move,764.5842132568359,237.4546766281128
178.7399567584035,Move,757.1444091796875,358.36437606811523
201.16562380442417,Move,740.8964996337891,451.6300621032715
207.78970240218254,Move,730.18212890625,505.5981845855713
216.63123252283043,Move,713.0207977294922,536.1490516662598
225.6644870923534,Move,698.6075592041016,562.685359954834
242.479213922973,Move,693.4778594970703,580.5007209777832
264.086904618813,Move,690.8498382568359,596.1254425048828
277.7569247442979,Move,684.4773559570312,611.6937217712402
286.06162215942965,Move,666.1663055419922,629.9290523529053
291.8400519008794,Move,646.9733734130859,653.6495819091797
310.3957958752141,Move,627.9091644287109,678.7258071899414
325.5137673494478,Move,598.6837463378906,706.0185241699219
339.05590047520633,Released,598.6837463378906,706.0185241699219