resolution:1536,864
0,Pressed,790.3524169921875,70.01151323318481
9.593444038581715,Move,790.3524169921875,70.01151323318481
22.80213634623526,Move,630.9087066650391,1.2846614085137844
44.029309254804204,Move,686.3731842041016,0.024172100645955652
53.619957712124716,Move,766.7391357421875,0.0006495566012745257
71.38486603389433,Move,959.9738159179688,9.2720954626202e-05
83.50913233625613,Move,1153.9158325195312,8.107653275146731e-05
98.31377854964967,Move,832.8930358886719,0.00010224357220067759
118.351451757929,Move,143.89947509765625,0.00014514257009068388
129.49476645917144,Move,17.27841567993164,8.12774405858363e-05
151.7041174037563,Move,28.353466987609863,5.045870614139858e-05
173.30236896591683,Move,88.29188919067383,3.4471937624402926e-05
180.69009083591712,Move,120.60665130615234,2.6272821742168162e-05
189.06017858327615,Move,113.19202423095703,2.7537041319192213e-05
202.55254683561532,Move,133.8607292175293,5.2136816975689726e-05
210.88896795371897,Move,208.95510864257812,0.00014443756936088903
219.08170651976545,Move,309.25618743896484,0.00037084450377733447
224.39022234281603,Move,361.7687072753906,0.0006739616910635959
237.5924223796225,Move,505.0170593261719,0.001081476300896611
250.5100387329755,Move,693.4002227783203,0.0024326886632479727
257.03537306956974,Move,805.34619140625,0.005650691979099065
266.42123574804344,Move,879.0603332519531,0.010922796442173421
272.7803615401808,Move,901.8902893066406,0.020091069862246513
286.2601039575673,Move,946.8301391601562,0.05031557776965201
300.93438229702684,Move,941.8244018554688,0.08547170623205602
319.5279566304915,Move,1034.7200317382812,0.24840146396309137
332.07246684768256,Released,1034.7200317382812,0.24840146396309137