resolution:1536,864
0,Pressed,595.4395294189453,300.6524991989136
8.753646047945443,Move,595.4395294189453,300.6524991989136
19.31876509555019,Move,517.9373474121094,209.72597408294678
28.756006942674002,Move,513.7289428710938,163.34994077682495
42.12849454893822,Move,537.6843109130859,146.2689471244812
56.904858666497894,Move,565.5361633300781,143.1144118309021
65.10378268754808,Move,592.6123352050781,148.97007751464844
73.99470512879577,Move,635.3191223144531,175.3661298751831
85.85947304427866,Move,672.5064697265625,216.01933765411377
106.34635906575603,Move,695.6788787841797,259.08460235595703
114.89774717604838,Move,719.2046356201172,307.1873388290405
124.17772707559295,Move,739.6236877441406,350.627254486084
138.1656049763959,Move,754.3933410644531,388.4313383102417
150.16070883173086,Move,764.5330352783203,416.2476396560669
170.192865045909,Move,766.8284454345703,438.3054656982422
177.27575870588893,Move,766.6117401123047,453.55064392089844
183.44900711245597,Move,764.2879943847656,465.80809020996094
205.45819472049556,Move,757.5037078857422,478.3665962219238
212.51772328488767,Move,752.1338653564453,489.9961223602295
224.88984359239797,Move,741.4954833984375,503.7089653015137
231.5618670773025,Move,727.5078735351562,520.2043704986572
254.54226365110435,Move,716.0565490722656,534.2557125091553
269.299624552648,Move,707.5405426025391,546.9029502868652
284.47725868002084,Move,699.0167541503906,556.9921073913574
292.3784825095139,Move,694.9591827392578,570.1617965698242
312.9460299760642,Move,690.7710113525391,581.7054233551025
332.5200880361858,Released,690.7710113525391,581.7054233551025