resolution:1536,864
0,Pressed,1140.7896423339844,91.5582754611969
5.00704648673962,Move,1140.7896423339844,91.5582754611969
27.8545502909478,Move,1256.5186157226562,1.1437082402408123
43.02935310973842,Move,1368.9781494140625,0.009175625396892428
57.07839678995804,Move,1461.3560485839844,7.156610740821634e-05
75.96518879202819,Move,1511.8863830566406,2.7859875686431224e-06
85.88668575515324,Move,1520.3987731933594,7.473847141170609e-07
95.20652051691874,Move,1522.904296875,6.994987629127536e-07
106.29856779702371,Move,1520.2819519042969,2.3597241280981507e-06
123.75128724088844,Move,1275.4530029296875,4.227483131558074e-06
132.6746235789248,Move,128.52984237670898,1.8272500312832562e-06
149.8678537805692,Move,76.01304244995117,8.330309562154525e-07
170.46514339583257,Move,283.5960159301758,4.2064708516420524e-07
185.149954611904,Move,432.831298828125,2.113766841560505e-07
196.90843918473925,Move,573.2801513671875,1.8947003965763543e-07
214.39059061565985,Move,603.5739898681641,2.469174544827979e-07
222.70383956545962,Move,608.4446411132812,4.022047574991916e-07
241.54861740575276,Move,639.3907012939453,6.230765983161746e-07
250.0615959168344,Move,654.0279235839844,9.138279892795254e-07
270.36197105946314,Move,635.9598083496094,1.1548502634184388e-06
290.5788574922501,Move,591.9394226074219,1.5120136502844161e-06
296.01338193438204,Move,566.0629577636719,1.8888080219880976e-06
302.74667142129704,Move,572.4831848144531,2.083877198799655e-06
309.275813852082,Move,632.9641571044922,2.5263232785732725e-06
315.33327477105814,Move,675.6362457275391,2.8250960610876064e-06
333.8840453519929,Move,631.0895233154297,2.6513448716514176e-06
346.93813364568615,Released,631.0895233154297,2.6513448716514176e-06