resolution:1536,864
0,Pressed,763.9200439453125,433.41775131225586
17.3434406991516,Move,763.9200439453125,433.41775131225586
22.765794908197652,Move,761.6079711914062,434.1715850830078
30.20038133966314,Move,760.1764068603516,434.5846538543701
52.32404146343243,Move,759.1738586425781,434.98366355895996
73.63646490796695,Move,758.2306365966797,435.3146438598633
94.6429846267545,Move,757.486083984375,435.4410209655762
102.18197513610728,Move,756.9648742675781,435.51291275024414
113.05476490199344,Move,757.0589904785156,435.45683097839355
133.11105341388264,Move,756.8835754394531,435.5372200012207
149.6562114542807,Move,756.777099609375,435.5591583251953
157.91534351416573,Move,756.7135162353516,435.54406929016113
171.60382371705703,Move,756.7040863037109,435.54664421081543
189.42168964319222,Move,756.7049102783203,435.63805389404297
207.7413293015158,Move,756.5220336914062,435.7074222564697
219.69605913655332,Move,756.5191040039062,435.67111587524414
225.99826523649585,Move,756.3843841552734,435.75021743774414
247.99325801523855,Move,756.3072967529297,435.66040420532227
270.9292748742251,Move,756.3439636230469,435.6250247955322
277.96573070303543,Move,756.58740234375,435.6167850494385
289.25418176736673,Move,756.5510101318359,435.62342834472656
312.10884486014857,Move,756.4159698486328,435.6299171447754
320.4457150543798,Move,756.1500091552734,435.745325088501
334.16841395442447,Move,756.3410339355469,435.67178535461426
356.3783065378892,Move,756.5356292724609,435.6573143005371
367.9504543217886,Move,756.5079803466797,435.6961441040039
373.6856161752491,Released,756.5079803466797,435.6961441040039