resolution:1536,864
0,Pressed,500.81053161621094,259.13633251190186
15.496765619217078,Move,500.81053161621094,259.13633251190186
30.163588902884484,Move,376.42000579833984,136.6257791519165
35.242217412120986,Move,317.5510482788086,65.72846102714539
48.96808393216255,Move,301.8959197998047,30.755515336990356
62.80605764745376,Move,333.1560516357422,16.225091636180878
84.97599191946631,Move,395.0287170410156,10.060646295547485
100.7551457052361,Move,482.460205078125,7.994228214025497
114.70745019627512,Move,576.8106079101562,7.612060099840164
130.88060145309603,Move,654.1402587890625,8.854115724563599
136.23991701059012,Move,712.1607513427734,12.561625689268112
155.01653572172376,Move,751.6439666748047,23.919033408164978
175.91201331596312,Move,766.3060913085938,52.000242590904236
186.29680445689354,Move,766.0880126953125,117.99670457839966
192.4444397872015,Move,761.1831665039062,226.57877826690674
210.33240711897656,Move,751.5963592529297,345.7327423095703
225.26071158371676,Move,736.9233856201172,434.1078300476074
235.08922775472791,Move,729.5082550048828,483.56860542297363
253.93681532695146,Move,726.7261962890625,508.9834327697754
264.5604336559705,Move,722.433837890625,523.8931503295898
286.58511750386765,Move,720.8448028564453,541.0393924713135
292.65268026998245,Move,711.3149871826172,563.4646339416504
312.9656977916675,Move,692.1067657470703,582.0427894592285
332.10521656955626,Move,677.7703399658203,604.3935127258301
346.04734242685515,Move,654.1690979003906,632.9889335632324
355.941059893007,Move,630.7791137695312,655.1453018188477
377.2608932869481,Released,630.7791137695312,655.1453018188477