resolution:1536,864
0,Pressed,718.5003662109375,419.4475450515747
15.721891686247194,Move,718.5003662109375,419.4475450515747
35.79411253609664,Move,657.3893280029297,395.7581977844238
50.209354032224326,Move,554.6012420654297,353.8055305480957
56.326980757647114,Move,404.42674255371094,288.9893960952759
66.23407477479837,Move,198.1571502685547,191.12694883346558
81.88369017521543,Move,29.483064651489258,72.23255610466003
101.0034500659306,Move,0.142529658973217,3.613928899168968
118.05181465571994,Move,3.1846169434857075e-07,0.0015799156353750732
135.78047077747635,Move,1.5763048435903717e-18,4.869820172115347e-10
145.19020134299433,Move,0,6.254102553212518e-25
151.4749281874016,Move,0,0
169.74471729817898,Move,0,0
191.79059447751538,Move,0,0
212.56339725506572,Move,0,0
232.3618741436337,Move,0,0
251.38270984318797,Move,0,0
259.1346157890854,Move,0,0
276.0311047169508,Move,0,0
291.94368836621584,Move,0,0
297.9959115220392,Move,0,0
310.00193012763316,Move,0,0
325.2594387642341,Move,0,0
332.0355254147588,Move,0,0
354.46101317370426,Move,0,0
376.2227689344775,Move,0,0
388.21063117829556,Released,0,0