resolution:1536,864
0,Pressed,793.7060852050781,351.7950325012207
6.302875329163762,Move,793.7060852050781,351.7950325012207
21.213484134534713,Move,791.6691284179688,265.6851797103882
36.07579037426535,Move,788.6913757324219,216.27628898620605
48.45235629614622,Move,779.4430847167969,207.36378049850464
70.6287815674744,Move,772.2006225585938,216.65047645568848
92.41653837820581,Move,765.9085235595703,230.96337890625
112.64993255606926,Move,765.6253509521484,244.70233154296875
125.53198199161662,Move,765.5592956542969,255.59167098999023
140.05071790651573,Move,768.0843200683594,262.857195854187
154.02411960035968,Move,772.443603515625,265.5650854110718
173.05849798892373,Move,778.7612915039062,262.9109859466553
184.21331033683762,Move,787.5964050292969,253.86791610717773
199.44696260726127,Move,800.0018920898438,236.77510356903076
211.16961996247372,Move,815.7292785644531,209.15429019927979
229.74772244544326,Move,830.0452880859375,171.58556699752808
242.313185104584,Move,863.927490234375,121.93189144134521
257.50176262134266,Move,924.6185302734375,69.57975053787231
277.33795916322515,Move,1004.81396484375,30.79726767539978
284.67268789130145,Move,1098.1678161621094,11.013729840517044
297.5433518966941,Move,1151.0367736816406,4.456288039684296
303.4773797598569,Move,1164.8807373046875,1.6589079201221466
311.5487332482842,Move,1097.2010192871094,0.5090436078608036
332.62517692250185,Move,925.279541015625,0.1387670380063355
347.5249129105755,Move,1031.2567749023438,0.09164607804268599
362.39100299029354,Move,1335.4552001953125,1.6090049520134926
372.28833242203547,Released,1335.4552001953125,1.6090049520134926