resolution:1536,864
0,Pressed,717.2335052490234,328.0583324432373
12.221473067992983,Move,717.2335052490234,328.0583324432373
32.38539760711979,Move,662.5815582275391,224.96947860717773
42.16837308751998,Move,624.2371673583984,166.03618812561035
51.467820437633215,Move,586.5954437255859,137.8709979057312
71.48776713675396,Move,564.1024932861328,133.84561157226562
80.77651707208385,Move,547.2080841064453,145.9132218360901
94.70874258336853,Move,534.6004943847656,163.84839391708374
106.4299187480147,Move,526.2387542724609,183.047607421875
120.84184771033988,Move,519.9245910644531,200.92452192306519
130.20074799880155,Move,514.2371978759766,216.55924701690674
139.30283077784867,Move,508.2579803466797,229.6340503692627
160.13691536197513,Move,500.79762268066406,239.999831199646
179.46426654231107,Move,490.84808349609375,247.51641082763672
186.88838009784897,Move,476.32859802246094,251.63023281097412
200.6549396178399,Move,479.58045959472656,253.1194896697998
219.62437579507613,Move,475.0462188720703,253.2646894454956
226.65782833661873,Move,475.36610412597656,250.335768699646
232.92955801280243,Move,490.3495788574219,250.564679145813
240.11069060198838,Move,524.7995910644531,261.19446659088135
250.23329121518486,Move,555.2208709716797,260.84736728668213
268.82994323033915,Move,570.6945648193359,238.13262748718262
282.65129066937567,Move,529.2741851806641,182.23210430145264
294.5089315215896,Move,394.6291809082031,98.16403484344482
308.5207367770262,Move,270.04490661621094,33.384103775024414
318.80314477972644,Move,256.5271911621094,61.022162675857544
339.9677339489101,Released,256.5271911621094,61.022162675857544