resolution:1536,864
0,Pressed,684.1615447998047,325.1240301132202
21.301010922391267,Move,684.1615447998047,325.1240301132202
33.94255250918586,Move,626.4100341796875,226.91959476470947
55.631681112709146,Move,560.58544921875,175.9662537574768
78.58135085280938,Move,515.3757934570312,164.81213521957397
87.246755940418,Move,492.6151885986328,182.7675976753235
100.81189011899845,Move,484.5728302001953,212.60231494903564
113.93778897773473,Move,482.98114013671875,244.8028049468994
124.99063669754509,Move,484.98069763183594,275.2113561630249
141.3642229288149,Move,487.61842346191406,302.4790449142456
163.7880101636216,Move,489.17431640625,326.6188488006592
172.47216963182018,Move,488.41786193847656,348.00495529174805
183.25023772983732,Move,483.4189453125,367.258358001709
204.133065167713,Move,500.68263244628906,386.40000915527344
225.28900467945013,Move,503.5891571044922,404.3376531600952
240.98563698230285,Move,502.84263610839844,421.56526279449463
248.78702206076517,Move,500.54383850097656,440.1049747467041
254.6699957590787,Move,498.60411071777344,460.097843170166
268.9900992339434,Move,500.5188446044922,482.466796875
291.8723382434001,Move,510.49603271484375,507.9118537902832
303.4518668406775,Move,530.8476104736328,533.5626983642578
309.73758654481514,Move,551.0592956542969,538.6428623199463
332.100084821862,Move,585.9540710449219,503.9784564971924
340.5524479192236,Move,609.36474609375,403.32612133026123
355.86504488851455,Move,462.4997863769531,76.62014365196228
377.6252516748735,Move,248.33230590820312,0.35299868881702423
384.7741133701466,Released,248.33230590820312,0.35299868881702423