resolution:1536,864
0,Pressed,1352.719482421875,787.0539035797119
17.097230562640238,Move,1352.719482421875,787.0539035797119
30.81401895673111,Move,1519.8902893066406,849.8667755126953
42.31209798515256,Move,1535.3946533203125,860.442798614502
51.79066386328761,Move,1535.9747314453125,862.6805591583252
58.659062186704624,Move,1535.99853515625,863.2753143310547
72.12371702747039,Move,1536,863.182050704956
87.82924841461708,Move,1536,863.499641418457
100.44926469253194,Move,1536,863.825008392334
108.38083152065806,Move,1536,863.4855308532715
123.44608155045302,Move,1536,860.7852115631104
129.43535231464008,Move,1536,262.0158405303955
149.28170712872335,Move,1536,1.7453469070005667e-05
160.16372401415146,Move,1536,8.586190840351865e-12
165.2981419405075,Move,1536,1.75332619516827e-10
185.88075056984792,Move,1536,1.2407779862606952e-15
199.4591334585606,Move,1536,4.874092870833326e-19
219.92624132329667,Move,1536,1.5025891713829228e-22
225.27313751486614,Move,1536,7.533555368796452e-27
247.74902398700604,Move,1536,1.3638009565386155e-31
270.6680168398625,Move,1536,0
293.4045623030263,Move,1536,0
314.65386206921403,Move,1536,0
328.4179467336893,Move,1536,0
343.66223021674483,Move,1536,0
357.53110320556385,Move,1536,0
374.14923890290163,Released,1536,0