resolution:1536,864
0,Pressed,724.4374237060547,331.6172332763672
15.153759161883114,Move,724.4374237060547,331.6172332763672
21.309375576219306,Move,666.5505523681641,218.66756629943848
32.96578343606755,Move,623.5315704345703,161.69417667388916
43.57470999214939,Move,598.1719207763672,137.67159605026245
66.20162828562862,Move,585.4156036376953,133.7443528175354
76.18284829636552,Move,580.1399688720703,145.4777126312256
97.25803430286531,Move,579.5558624267578,163.31215381622314
116.08050429409519,Move,584.798583984375,182.71809482574463
123.12598409829461,Move,592.8601684570312,201.34552145004272
141.02541530453595,Move,602.0457458496094,218.18932628631592
159.52828581691068,Move,611.2547149658203,232.78814792633057
174.38010550833087,Move,619.2513427734375,244.95498275756836
182.61428082357725,Move,626.9964294433594,254.8421115875244
192.75988391968684,Move,655.5670623779297,264.2431983947754
215.06759831541456,Move,677.7176971435547,270.97968006134033
223.52716431104577,Move,706.5016021728516,275.0106153488159
235.2331805287351,Move,760.3224792480469,280.1047353744507
242.86551620053078,Move,835.5099792480469,295.13459873199463
261.43912740580924,Move,918.7711486816406,321.93303394317627
282.27742670089407,Move,972.1057434082031,339.09578132629395
300.0956377246802,Move,947.0602111816406,319.795334815979
310.82341275708194,Move,716.164306640625,215.9315972328186
325.94444256694226,Move,373.7734909057617,104.67886734008789
336.0015080682656,Move,228.67657470703125,230.2249174118042
358.16596205453544,Move,25.090221405029297,130.59391164779663
375.369264692898,Released,25.090221405029297,130.59391164779663