resolution:1536,864
0,Pressed,747.3081665039062,407.748496055603
7.319229506528025,Move,747.3081665039062,407.748496055603
27.446246622160874,Move,733.3934783935547,374.62742042541504
48.169130836674455,Move,718.3366241455078,322.67118644714355
70.99400582871161,Move,706.9164733886719,251.9710235595703
88.67805690434011,Move,704.1468658447266,164.62599420547485
97.50369215895702,Move,719.4092559814453,73.39952301979065
113.10463195379722,Move,786.7784729003906,13.014893800020218
129.89636350042093,Move,988.9208679199219,0.3528592558577657
136.28723813798217,Move,1350.0110778808594,0.00038261124700511573
151.0443260841209,Move,1523.802978515625,1.093877675939492e-09
161.08559516294414,Move,1535.9430541992188,2.907267121820852e-20
167.92944686322608,Move,1536,0
182.23608400690603,Move,1536,0
199.48617543977747,Move,1536,0
222.15047497934242,Move,1536,0
234.55192438279656,Move,1536,0
244.82658642917215,Move,1536,0
264.4246030163537,Move,1536,0
286.20393428295677,Move,1536,0
292.4738750322497,Move,1536,0
302.2744631640445,Move,1536,0
310.6197483341588,Move,1536,0
329.163450620985,Move,1536,0
341.3284319901442,Move,1536,0
348.8261594388148,Move,1536,0
355.0998503107618,Released,1536,0