resolution:1536,864
0,Pressed,593.1827087402344,91.33587312698364
7.658814602592104,Move,593.1827087402344,91.33587312698364
26.008413665324255,Move,320.8041687011719,4.110579997301102
35.13766107124919,Move,164.8484344482422,0.08744060900062323
41.114393718346136,Move,81.28358459472656,0.0019226191434427164
55.34118899411851,Move,45.00671195983887,6.341166567835899e-05
61.0013531271801,Move,33.55155086517334,3.5727039886523926e-06
81.1018236944356,Move,29.588544845581055,4.576763448227439e-07
93.61582119348719,Move,36.43919849395752,1.1459378645994889e-07
105.28808452838275,Move,35.23562049865723,3.6651019219569037e-08
111.29536366420434,Move,40.08570384979248,2.0639770892394438e-08
119.95757528506168,Move,67.50165367126465,1.925979625783114e-08
136.58131622906564,Move,50.509151458740234,1.1176338604590441e-08
148.07098669752125,Move,130.90387344360352,1.3220005590230954e-08
155.79762500704513,Move,290.8777313232422,9.015555302305245e-09
163.75236816665895,Move,808.5730590820312,7.74784986168342e-09
180.9563735959008,Move,1475.4686279296875,1.2558766776527008e-08
201.61630199084325,Move,1535.1182556152344,1.9868195588745863e-08
218.0178968219406,Move,1535.987548828125,6.88569061768618e-08
238.12122455668882,Move,1535.9996337890625,3.001987538553408e-07
245.03123776671927,Move,1536,1.4867793652229011e-05
264.3461568295496,Move,1535.9983520507812,4.8434869427183e-05
277.37335752680445,Move,1533.8546447753906,0.0002509674413886387
293.86690702234966,Move,1529.6288452148438,0.004483811615500599
308.7458479435463,Move,1310.1585388183594,0.0008589766512159258
319.8353787140417,Move,1099.218017578125,0.005863803831744008
331.5549318649917,Released,1099.218017578125,0.005863803831744008