resolution:1536,864
0,Pressed,735.4552001953125,335.4657869338989
8.061481990970762,Move,735.4552001953125,335.4657869338989
19.792730233003475,Move,689.004638671875,244.81763648986816
31.59626828791679,Move,646.7264556884766,179.66767644882202
46.337636113428175,Move,622.1444091796875,158.46315336227417
57.78409932173778,Move,614.6383209228516,162.35072994232178
63.68320765924792,Move,613.3878936767578,176.22656536102295
85.91664228603608,Move,619.4478607177734,192.85408973693848
91.0628922191382,Move,629.4898681640625,209.18439102172852
106.65106475260905,Move,640.7792358398438,223.6445016860962
120.8038861465215,Move,652.0110626220703,235.73429489135742
131.36660133238536,Move,662.4241333007812,245.41285514831543
145.2513106385907,Move,671.4832763671875,252.7423152923584
166.26076098787345,Move,678.4160614013672,257.67138290405273
185.36520006971716,Move,707.3538665771484,262.5449094772339
198.9845204046836,Move,727.6701507568359,265.15314960479736
216.17837046311013,Move,749.4577331542969,264.72604751586914
235.4231387877569,Move,777.7960510253906,262.25154876708984
252.07821584212067,Move,820.0572509765625,258.42568016052246
260.7714999127358,Move,885.1376953125,254.15460777282715
271.1976041287704,Move,963.2845458984375,263.58309173583984
278.8113254030397,Move,999.01611328125,269.4358606338501
287.78087107184786,Move,945.0565795898438,253.36956596374512
294.33832948832514,Move,705.4832153320312,176.56930017471313
306.98000805540346,Move,413.1946563720703,139.42180824279785
323.76984085078055,Move,208.5929946899414,223.58406829833984
330.9018032134299,Released,208.5929946899414,223.58406829833984