resolution:1536,864
0,Pressed,779.2625427246094,344.64452934265137
16.200285109220353,Move,779.2625427246094,344.64452934265137
24.317103549953274,Move,779.1615600585938,239.71592044830322
39.16197109943132,Move,770.5209045410156,174.50042867660522
59.9304376605388,Move,791.9183349609375,147.45241928100586
69.7350713809678,Move,814.2774353027344,149.124418258667
80.50573146577383,Move,837.9939880371094,175.5565710067749
96.23800664312101,Move,848.6835021972656,215.17079830169678
108.81298034081246,Move,851.1318054199219,261.7633180618286
128.76426863722259,Move,852.78662109375,309.7167863845825
150.6419506459314,Move,854.5974426269531,353.9157371520996
162.13918279140262,Move,857.2957763671875,393.13425064086914
174.08961989904364,Move,862.0096435546875,428.6727647781372
187.11749289100715,Move,870.1387023925781,463.4479179382324
202.5091629168944,Move,886.3317260742188,506.2178134918213
208.15005420380842,Move,913.705810546875,560.886417388916
215.26760654402926,Move,934.7615661621094,594.5985145568848
226.21003027629362,Move,952.4975280761719,619.5975952148438
244.27453071002432,Move,963.0715942382812,636.8576488494873
263.0119160503839,Move,964.5671081542969,646.090799331665
270.308596372669,Move,947.2377319335938,643.065731048584
278.3274258662767,Move,894.8313903808594,617.4085006713867
286.40345765365436,Move,788.4180908203125,551.5579948425293
297.7629088071104,Move,732.7453765869141,500.1273021697998
307.9004870775552,Move,728.5025482177734,463.3082027435303
314.43675936374683,Move,787.4991760253906,383.612606048584
322.9137467518623,Released,787.4991760253906,383.612606048584