resolution:1536,864
0,Pressed,454.14353942871094,32.1964795589447
20.118513256482096,Move,454.14353942871094,32.1964795589447
26.571467232725393,Move,151.8896026611328,0.38373572286218405
34.616533005127295,Move,70.12378692626953,0.005152104815351777
46.71414635087494,Move,48.94463539123535,0.00014432799889618764
58.68855449635338,Move,59.44607734680176,2.3693773471222812e-05
65.03119589942497,Move,91.10655784606934,1.2685387332567188e-05
75.05531937114506,Move,25.45474147796631,7.429700758621038e-06
94.96176029089807,Move,1.9919997453689575,2.600878680425467e-06
102.71500160565888,Move,0.5973968803882599,1.077467523202813e-06
118.92874152085447,Move,1.8650121688842773,6.328814432521312e-07
125.3336896502044,Move,8.46825098991394,3.342709149478651e-07
143.25656079504796,Move,12.206790447235107,2.0199049632907418e-07
155.20756476815959,Move,11.199438571929932,1.3280213329025514e-07
172.59885705292461,Move,9.982595443725586,8.863932388081253e-08
192.5896005693241,Move,6.646929502487183,6.175034683586489e-08
208.39395650996343,Move,5.1890294551849365,4.478024351328713e-08
227.83444793681133,Move,4.497736930847168,3.430033257423304e-08
242.36581031550594,Move,3.9003467559814453,3.006161519714112e-08
248.89908507681832,Move,3.2846646308898926,2.9000179257998582e-08
256.5500359963702,Move,2.6866743564605713,3.033662121509906e-08
277.45033518932894,Move,2.556350827217102,3.231989176288863e-08
286.5017737742491,Move,2.3452289700508118,4.8776029215602534e-08
297.71557531607704,Move,2.2185357213020325,9.266730383039601e-08
315.45626771431586,Move,2.462005913257599,1.8605836071827753e-07
333.21299348868956,Move,11.895731449127197,1.4627376749842824e-06
355.62911752912584,Released,11.895731449127197,1.4627376749842824e-06