resolution:1536,864
0,Pressed,716.4122314453125,420.02669620513916
9.978823210216248,Move,716.4122314453125,420.02669620513916
19.873655349084775,Move,653.348876953125,402.8970365524292
32.44618847873875,Move,554.3074951171875,378.79727268218994
42.08635093407683,Move,414.76341247558594,355.0123701095581
50.77485534020325,Move,226.84453582763672,349.84424686431885
59.56053846148232,Move,58.088327407836914,422.8142795562744
65.65560815139267,Move,3.239706873893738,707.7203922271729
79.97862136933183,Move,0.08150854334235191,861.4557723999023
95.10701731406206,Move,0.03609903808683157,863.9998970031738
106.60488983706026,Move,546.8337707519531,864
122.79028371563308,Move,1536,864
145.1712093904051,Move,1536,864
164.9725997768322,Move,1536,864
183.782608785562,Move,1536,864
206.44732978250983,Move,1536,864
211.45595445577254,Move,1536,864
222.82460589576135,Move,1536,864
229.15027949520245,Move,1536,864
241.31924024861524,Move,1536,864
263.3372479348972,Move,1536,2.9292330558273966e-31
277.8195973446061,Move,1536,0
293.5232998907717,Move,1536,0
310.68746588383874,Move,1536,0
321.2067564197924,Move,1536,0
334.1093925884389,Move,1536,0
352.52551252921296,Released,1536,0