resolution:1536,864
0,Pressed,715.2832489013672,439.17099952697754
9.512172855314192,Move,715.2832489013672,439.17099952697754
31.737877452808306,Move,658.0342712402344,444.07972526550293
38.40862196507131,Move,575.2407989501953,452.90459632873535
54.77912149424897,Move,473.6678466796875,466.30345344543457
75.08823979914071,Move,342.3200454711914,490.1058654785156
95.07009083599486,Move,191.93108367919922,535.4678821563721
113.9650857166948,Move,63.10850143432617,621.9135303497314
124.93086287877362,Move,5.495242238044739,766.7016792297363
142.08497430816445,Move,0.011028292821720243,858.6129570007324
158.8896180574316,Move,7.969535698038044e-09,863.9677619934082
172.36059729191606,Move,1.2811929089195352e-19,864
181.74081205230777,Move,0,864
199.36300454308252,Move,0,864
212.06080552234837,Move,0,864
222.35607315773163,Move,0,864
240.90372898857328,Move,0,864
261.6396469863178,Move,0,864
283.95573052806174,Move,0,864
302.56782722661234,Move,0,864
316.32665299226454,Move,0,864
338.71709069241643,Move,0,864
358.24119109681516,Move,0,864
368.2408666360597,Move,0,864
385.7562164381626,Move,0,864
403.29345877927597,Move,0,864
416.44378478203936,Released,0,864