resolution:1536,864
0,Pressed,775.7859191894531,431.45609951019287
17.956280455360236,Move,775.7859191894531,431.45609951019287
37.202149783602145,Move,788.1164245605469,432.28442573547363
56.56846239680289,Move,801.9827270507812,434.7430114746094
67.57468276058705,Move,813.6450805664062,437.9966812133789
73.16132266037845,Move,823.2825622558594,440.6865978240967
94.95674456053194,Move,832.0251159667969,443.00232696533203
101.41649341726456,Move,839.594970703125,444.74353981018066
123.01940085100038,Move,846.5077514648438,446.93943214416504
141.8381293565183,Move,852.4706726074219,448.57641220092773
148.45681093182887,Move,855.38818359375,450.0649223327637
154.51481377049186,Move,859.0559692382812,450.8795757293701
174.43923704936432,Move,861.4228820800781,452.35778617858887
179.59781382315367,Move,863.3236999511719,453.26935958862305
193.06231146557332,Move,864.54931640625,453.4686584472656
198.99896374307596,Move,864.4897155761719,454.3193607330322
219.99354756489868,Move,864.8494262695312,455.02679443359375
233.2018140577002,Move,865.9104309082031,454.450475692749
248.10516393445357,Move,865.9686584472656,454.71471405029297
270.4510365467342,Move,865.7070922851562,454.93188285827637
286.22471178802425,Move,865.3255920410156,455.1009521484375
304.04022982864086,Move,864.4844055175781,455.0841636657715
325.06145083730644,Move,864.3533935546875,454.5817451477051
340.58859582704923,Move,864.7887268066406,454.8409881591797
347.03451173747976,Move,865.628173828125,455.2312431335449
359.3930155963474,Move,866.8667907714844,455.5565586090088
365.08364851118216,Move,867.5372314453125,455.68077278137207
379.52248056210294,Move,867.281982421875,456.7019348144531
391.5915850972234,Move,866.4864807128906,456.437593460083
413.02827281943746,Move,866.9532165527344,455.42930603027344
430.856069710805,Move,865.3920593261719,455.56469535827637
447.46041355011505,Move,864.0272827148438,455.46005058288574
461.5587864080408,Move,863.6045837402344,454.9269390106201
475.9997874246925,Move,863.9285888671875,454.4634017944336
494.93370170918234,Move,864.3996276855469,454.7434501647949
507.83887139055946,Move,865.8021240234375,454.7918586730957
526.6081039086575,Move,865.4249267578125,455.2910327911377
546.451166546106,Move,864.7174987792969,456.25353813171387
552.2991330047627,Move,864.4465942382812,456.29020500183105
569.5115492186427,Move,865.0317993164062,456.0251941680908
591.5207390681959,Move,866.2411193847656,456.4694194793701
614.0630533465178,Move,866.099853515625,455.986364364624
631.5573280668342,Move,866.0751342773438,455.59657287597656
651.7619893747792,Move,866.6246337890625,455.3663749694824
674.3928594028117,Move,867.3686828613281,455.00047874450684
692.8957710154009,Move,866.2577819824219,454.956241607666
709.9023694747228,Move,866.4387817382812,454.2564296722412
730.6871163108206,Move,865.7313537597656,454.30025482177734
737.3024069526476,Move,865.5305786132812,454.2177543640137
757.9104630437131,Move,864.6029663085938,454.27012825012207
777.2084777862806,Move,863.8936157226562,454.99635887145996
799.5966272653833,Released,863.8936157226562,454.99635887145996