resolution:1536,864
0,Pressed,778.4222717285156,376.84411811828613
16.995380305385765,Move,778.4222717285156,376.84411811828613
26.461148373523272,Move,774.8779907226562,294.82929039001465
48.1118639673011,Move,793.8643798828125,235.85253524780273
59.390321646803656,Move,811.2101440429688,210.60557985305786
82.16663501570483,Move,842.9617309570312,207.9087495803833
100.8896921993642,Move,876.2825317382812,233.5092544555664
119.73223900995933,Move,914.3989562988281,279.47586250305176
137.19912074107006,Move,952.2844848632812,339.77419567108154
148.14701835913496,Move,986.2197875976562,407.22344398498535
167.82501898816489,Move,1020.5313720703125,474.8895778656006
186.5670919600963,Move,1053.6771240234375,537.8813552856445
203.40853309991545,Move,1085.9681396484375,596.0555591583252
223.420773932881,Move,1115.3373413085938,645.2754249572754
239.7178687447915,Move,1143.2967224121094,687.8681659698486
257.10091904471443,Move,1170.228515625,727.3315544128418
275.95050592863157,Move,1191.603515625,750.8589134216309
298.1143845307139,Move,1206.4997863769531,766.021900177002
315.6666747994697,Move,1210.2134399414062,773.3742771148682
331.10810849086386,Move,1190.7580261230469,770.0634441375732
343.1450303655881,Move,1119.0518188476562,745.4307231903076
356.1302818807504,Move,946.5470581054688,672.761209487915
375.5546264830754,Move,772.7124938964844,573.3446044921875
383.5153954791274,Move,680.8339233398438,534.7831077575684
404.44716377468734,Move,665.7540893554688,491.9912738800049
423.5649198786987,Move,556.0770721435547,421.4075746536255
443.7044288668955,Released,556.0770721435547,421.4075746536255