resolution:1536,864
0,Pressed,776.5694274902344,365.12889862060547
9.121649628994463,Move,776.5694274902344,365.12889862060547
22.612076540871698,Move,793.1866149902344,330.27302169799805
41.66162868786651,Move,805.6169128417969,322.3410816192627
48.23307196542145,Move,809.520263671875,329.447527885437
70.09485006401209,Move,807.0422058105469,345.4702033996582
83.23039227238043,Move,798.5380554199219,366.2070436477661
96.43163941515522,Move,789.6865539550781,388.3577470779419
119.14087004899284,Move,781.6143493652344,411.2001256942749
139.71298334502464,Move,768.5278930664062,433.0928478240967
155.40459037051187,Move,756.0775909423828,452.20622634887695
165.77889006488027,Move,743.7915344238281,465.97314262390137
187.62277974623512,Move,734.2458343505859,479.77209091186523
196.78718241835793,Move,722.4803009033203,495.38105392456055
218.91330025595195,Move,709.4284973144531,511.13184356689453
226.78164447671105,Move,692.7074432373047,528.3920001983643
249.5707483763494,Move,676.6991729736328,546.5771713256836
261.50316512356517,Move,654.7547149658203,567.7402381896973
266.7486050432128,Move,627.8096008300781,593.6716461181641
285.1355475602521,Move,604.8704681396484,620.5597400665283
299.59993568640624,Move,572.2521057128906,652.1341381072998
319.64338994377425,Move,535.884521484375,684.8937721252441
330.13653673230425,Move,489.60227966308594,722.2285766601562
335.31745691987237,Move,424.9471893310547,764.347017288208
342.8363727188433,Move,347.7729721069336,801.5876312255859
354.84399664759616,Move,251.11237335205078,833.1878814697266
369.4110087821199,Released,251.11237335205078,833.1878814697266