resolution:1536,864
0,Pressed,764.0421752929688,414.21332359313965
17.570242764389935,Move,764.0421752929688,414.21332359313965
27.21984301205168,Move,759.6135406494141,391.1963653564453
49.43444019043673,Move,755.1945190429688,365.67048168182373
67.26262118090474,Move,751.4662628173828,340.50014305114746
75.71882859443531,Move,749.0433197021484,316.8752717971802
94.97816243143305,Move,744.2866058349609,294.06806659698486
112.79210600439477,Move,742.6400756835938,275.8715658187866
129.82901658524665,Move,739.4533996582031,261.615234375
145.40871284243488,Move,734.9266662597656,248.0031223297119
167.9994728406987,Move,730.8532562255859,234.88493156433105
178.26298529076948,Move,728.4243621826172,223.89699840545654
198.8551184496035,Move,728.3873748779297,216.5943946838379
206.51734414444715,Move,730.537353515625,210.8659815788269
229.49563117849166,Move,731.3376159667969,202.26900386810303
240.6062625147962,Move,731.0662994384766,195.45557069778442
257.8938531803109,Move,732.6363830566406,189.4682879447937
263.411810758336,Move,731.8238525390625,186.8689570426941
271.3466071783426,Move,734.8362121582031,183.9973282814026
276.38599841326715,Move,736.459716796875,181.90103387832642
296.45159186409717,Move,737.7198028564453,180.49372386932373
317.1159003944895,Move,738.9004669189453,183.21053552627563
327.07351671781225,Move,741.8332672119141,181.19808053970337
344.5613306168223,Move,744.7220764160156,178.55134534835815
361.3614362411726,Move,743.4998931884766,178.27806901931763
380.82145091254796,Move,741.8380279541016,176.26436519622803
393.28585891495055,Move,740.8220672607422,177.1641969680786
407.359045455438,Move,738.9313201904297,176.75612354278564
424.01913382592073,Move,740.429443359375,173.4534788131714
442.337933993368,Move,740.4123687744141,169.1451859474182
462.6192037650858,Move,743.1627502441406,166.86443710327148
481.5743714263373,Move,742.9359741210938,164.58522033691406
495.3304713055657,Move,742.6793975830078,162.929584980011
507.691192355722,Move,741.2109832763672,160.4101152420044
512.7530014380469,Move,741.9169006347656,158.6330852508545
520.6927820215652,Move,745.8950958251953,160.3419313430786
531.2410141258765,Move,746.8192291259766,160.06225633621216
553.384261924409,Move,749.1215057373047,159.40948820114136
559.3968264986652,Move,749.5317535400391,160.00451374053955
580.6736609436598,Move,751.0501098632812,159.850172996521
603.2363347409705,Move,754.4770660400391,161.65020990371704
624.4331067879583,Move,756.302490234375,160.95925569534302
634.3653842243552,Move,757.4486389160156,162.32559871673584
653.8202589563826,Move,755.0544891357422,162.73680067062378
670.0058287681945,Move,757.037109375,164.24571704864502
676.9110475634177,Move,759.685546875,164.57659435272217
687.7027542329187,Move,759.6349182128906,164.06028413772583
699.7945730746994,Move,758.5261688232422,162.83870315551758
708.2444598706562,Move,759.1664886474609,164.59420680999756
722.5755466813453,Move,757.9916381835938,167.6099796295166
731.9690034410737,Move,759.5788879394531,171.14559030532837
745.8944480370684,Released,759.5788879394531,171.14559030532837