resolution:1536,864
0,Pressed,813.0566711425781,709.6019382476807
15.503621563086728,Move,813.0566711425781,709.6019382476807
21.399827681272086,Move,823.3849182128906,805.2158489227295
33.54570533254924,Move,838.6242370605469,823.210578918457
52.249330567093374,Move,868.9390869140625,819.4362087249756
57.57144470315835,Move,939.35888671875,789.4876670837402
71.5250904185549,Move,934.4164123535156,717.0758514404297
79.33269455544155,Move,905.9517517089844,479.4972438812256
100.27300049453638,Move,897.9094848632812,140.7037968635559
110.0782731252932,Move,972.8726806640625,14.093628644943237
122.92516744732185,Move,1091.735595703125,0.544936241582036
130.74359391912628,Move,1179.7478942871094,0.01607732113916427
150.87805386004788,Move,1115.5141296386719,0.00041592309935367666
159.8681722644283,Move,1201.9984130859375,1.560102651865236e-05
176.29722800820159,Move,1370.442626953125,9.866075636466576e-07
190.85140083384402,Move,1419.2828063964844,6.168653987614903e-08
213.0403848028055,Move,1300.2073974609375,1.4932033422232482e-09
229.54499845582933,Move,1170.1644287109375,9.127788759208388e-11
244.82884476106744,Move,1286.0693664550781,7.4143962454018e-12
265.9212302372887,Move,1502.2941284179688,4.0420819157603073e-13
286.503302976364,Move,1521.8583984375,3.307113532304625e-14
292.67042095861365,Move,1535.9829711914062,2.5234436046476876e-14
298.5251802603076,Move,1536,3.738625181684644e-15
303.94058058782855,Move,1527.1197509765625,3.767931158465993e-15
322.1133806092396,Move,1535.91943359375,2.3007261855707844e-14
331.47131087078355,Move,1535.0166320800781,7.434716567526966e-16
351.8403837344139,Released,1535.0166320800781,7.434716567526966e-16