resolution:1536,864
0,Pressed,694.7034301757812,326.9657678604126
15.658079956674936,Move,694.7034301757812,326.9657678604126
24.25168467644695,Move,626.0876770019531,229.36968326568604
38.31296899319694,Move,561.3256072998047,180.96935033798218
44.291517630796726,Move,520.3720550537109,171.73967599868774
56.264821492183145,Move,501.7639617919922,192.4265627861023
73.74193791632412,Move,497.0144348144531,224.71618366241455
80.11261022648924,Move,498.3223114013672,258.9658727645874
95.41933576735067,Move,502.5065002441406,290.80584812164307
106.73336482154257,Move,507.035888671875,318.79562187194824
117.72682147934775,Move,510.56410217285156,343.02598571777344
123.47704696754519,Move,511.45738220214844,363.8816843032837
129.37472637197212,Move,508.3235778808594,382.03708934783936
147.83418622503024,Move,526.5612945556641,398.99273586273193
163.0439123090912,Move,531.3425903320312,414.06122303009033
173.93978695492456,Move,532.3771820068359,427.6946039199829
185.25045389705423,Move,531.7001495361328,441.3126640319824
190.45596935261995,Move,531.2441253662109,455.18458557128906
201.4747158486926,Move,533.4167633056641,469.87697982788086
216.89762280232827,Move,541.156494140625,485.4529838562012
224.05340523783576,Move,561.1693725585938,501.81021881103516
245.0916044576615,Move,587.9601745605469,508.88903617858887
259.15866866175224,Move,634.1596527099609,492.4229335784912
274.3240057577356,Move,684.8547821044922,419.42264556884766
286.30897189775385,Move,620.8594207763672,128.7209529876709
294.0675359642491,Move,497.09765625,1.6076180152595043
311.53986002531434,Released,497.09765625,1.6076180152595043