resolution:1536,864
0,Pressed,723.6399078369141,401.7796239852905
7.828428964562475,Move,723.6399078369141,401.7796239852905
14.071480920097965,Move,681.1724853515625,371.8025007247925
36.73815388439523,Move,637.8409423828125,363.07429218292236
46.25336491247201,Move,598.2120666503906,378.1244201660156
62.19594994631392,Move,570.0390014648438,404.49245738983154
77.90933043802401,Move,554.0246429443359,435.72750663757324
100.57651974656568,Move,543.1371002197266,467.87121963500977
121.83855081888953,Move,533.2477569580078,499.23143577575684
140.9989536913362,Move,522.4237060546875,529.2174682617188
160.17997355826995,Move,509.89283752441406,557.586347579956
180.68769708459953,Move,495.3437805175781,583.6468620300293
200.8229284223998,Move,488.5763397216797,601.627893447876
210.623656110469,Move,505.33428955078125,608.0670490264893
224.04453591033993,Move,549.6047058105469,586.6994304656982
244.77242561976502,Move,673.6528015136719,538.7081108093262
266.35161997589154,Move,826.1196899414062,433.9010124206543
282.68601555568193,Move,1013.1486511230469,261.68645668029785
303.20569532787664,Move,1179.9531555175781,91.77075147628784
313.8412290980191,Move,1257.1116943359375,19.95962619781494
320.580008471142,Move,1257.4865112304688,3.3333790227770805
328.3850370632875,Move,1126.2117919921875,0.33772219251841307
339.1812435000791,Move,555.2346496582031,0.012609505414729938
351.66982476897317,Move,294.2238464355469,0.004657666300772689
359.87030347052246,Move,334.9453125,0.002567458272096701
381.2198997955041,Move,884.360595703125,0.018960806366521865
388.67205830944397,Released,884.360595703125,0.018960806366521865