resolution:1536,864
0,Pressed,730.9253997802734,412.8258533477783
6.613793823392737,Move,730.9253997802734,412.8258533477783
27.753718668892194,Move,677.1731872558594,377.30608463287354
46.24938588867933,Move,632.1627044677734,372.74296474456787
51.89700689206035,Move,598.8532104492188,388.6896028518677
63.819190134975656,Move,572.2336120605469,412.89442348480225
78.44857878434128,Move,552.7782897949219,439.9576892852783
86.68056787401576,Move,540.2032470703125,467.5339050292969
94.2461348449269,Move,529.3600158691406,493.7428379058838
101.5513529444517,Move,518.0629119873047,517.6539630889893
112.37603414182504,Move,505.3506317138672,538.1252002716064
128.10575629091832,Move,493.5346984863281,550.8182201385498
147.46813574918062,Move,506.6990661621094,547.6193447113037
160.2605220248863,Move,546.3844299316406,517.3471355438232
177.03667277929122,Move,636.8385314941406,440.6468925476074
183.95892901944126,Move,802.2025451660156,318.7908582687378
195.0399498142471,Move,990.9540710449219,164.60539484024048
209.7731187488498,Move,1164.3299560546875,49.9999862909317
221.6656408239091,Move,1247.9254760742188,13.482237070798874
234.96381904640137,Move,1268.6653747558594,2.6939986646175385
243.58534184323116,Move,1235.8677978515625,0.33123686257749796
266.21491326809206,Move,935.2471618652344,0.016910291626118124
278.6655029815979,Move,423.3302307128906,0.001250084962521214
286.66440777966164,Move,211.80228424072266,0.0005018444662709953
291.8854040853325,Move,264.99181365966797,0.00025269070829381235
308.10415597896053,Move,874.8426818847656,0.003662803806946613
313.51361358744884,Released,874.8426818847656,0.003662803806946613