resolution:1536,864
0,Pressed,788.9237365722656,413.48204612731934
20.815924925113947,Move,788.9237365722656,413.48204612731934
40.16788927040031,Move,801.6697082519531,382.0093832015991
58.83192015170342,Move,820.5707702636719,358.74041748046875
63.99710702241778,Move,828.6314392089844,339.0250482559204
74.93848294291985,Move,832.600341796875,324.3149642944336
85.19659734316971,Move,843.3388366699219,322.5887632369995
101.13860931170112,Move,859.8522033691406,332.8041687011719
112.70340715954599,Move,883.1725158691406,356.8539791107178
122.14940901776079,Move,904.5701293945312,389.4847640991211
144.43405773357918,Move,925.8183288574219,423.0637378692627
152.27219372566196,Move,944.7609558105469,454.8862552642822
159.37250167169324,Move,959.5279541015625,485.2488441467285
175.98719372490896,Move,975.457763671875,509.46993827819824
188.25766711506054,Move,986.7182006835938,533.6116218566895
200.38945277443938,Move,996.2256774902344,556.397403717041
208.00134899274002,Move,1004.9154968261719,582.1043300628662
222.79542362867699,Move,1010.9766540527344,613.7940330505371
231.49781339641058,Move,1007.9965209960938,624.2985248565674
246.3147418874462,Move,984.0829467773438,618.7417945861816
268.2250911288969,Move,921.3229064941406,588.2344951629639
280.79466381269566,Move,816.7865295410156,530.6818256378174
286.1441030112182,Move,740.0841979980469,505.84372901916504
301.83209721335436,Move,675.7568664550781,513.5827045440674
315.0315137767905,Move,624.4345550537109,483.6595516204834
328.96627502813084,Move,477.3291320800781,382.76020431518555
347.58261883179114,Released,477.3291320800781,382.76020431518555