resolution:1536,864
0,Pressed,453.799072265625,245.46177864074707
19.365538601145495,Move,453.799072265625,245.46177864074707
35.589230485095484,Move,325.6454772949219,115.31864547729492
44.08866731153756,Move,284.5879211425781,52.82711720466614
49.71550302872782,Move,312.9854965209961,28.568355202674866
67.30257589590406,Move,346.84151458740234,14.62074065208435
83.120102145823,Move,433.0652618408203,10.541013836860657
95.96958439326963,Move,493.21632385253906,7.411542981863022
117.35614294261146,Move,555.6838531494141,5.913376495242119
124.17198024495755,Move,632.7643432617188,5.750417813658714
144.96267097114125,Move,713.6480712890625,8.338756620883942
161.5779745117882,Move,754.7503967285156,15.30075466632843
177.26781214591284,Move,773.8625793457031,35.41335046291351
188.26873756621683,Move,773.5309753417969,91.2431116104126
199.84550411822573,Move,748.9389038085938,198.16862297058105
211.20182421148814,Move,734.4309997558594,329.87900733947754
223.98420125991714,Move,735.6315765380859,423.40012550354004
243.69547686473885,Move,721.3501281738281,484.9837818145752
265.12997404567926,Move,711.3560943603516,526.2666606903076
280.73253480797473,Move,705.5831451416016,554.5613307952881
303.7144910843038,Move,696.5018463134766,579.6335906982422
312.4113683306355,Move,679.5780944824219,599.9874629974365
334.1113962035435,Move,672.8818817138672,620.1372470855713
353.26398518738023,Move,649.9487457275391,642.1605434417725
361.2639040732775,Move,633.3818206787109,653.8038711547852
368.72487570085406,Move,620.0753173828125,670.159252166748
376.51352962023736,Released,620.0753173828125,670.159252166748