resolution:1536,864
0,Pressed,1089.60498046875,70.47765111923218
8.128041492957795,Move,1089.60498046875,70.47765111923218
28.27505081564635,Move,1179.6373901367188,1.576677829027176
47.78291697817713,Move,1304.8035278320312,0.030623733764514327
58.95772256594089,Move,1406.9214477539062,0.0005569349341385532
72.89065857414498,Move,1487.5343627929688,1.9530051304172957e-05
91.58121397875267,Move,1522.8571472167969,2.480147735184346e-06
99.89828085627192,Move,1530.9868469238281,1.2021164543796203e-06
120.2631545661078,Move,1533.157470703125,1.8394637493202026e-06
137.14446504113374,Move,1533.1994018554688,9.340727103790414e-06
143.5014958749738,Move,1503.8983154296875,2.7410858479015587e-05
164.62879945648916,Move,609.6305236816406,9.535890285405912e-06
180.4806063400842,Move,175.3546028137207,5.223927914244086e-06
186.13280402918457,Move,274.4036636352539,3.746490477851694e-06
203.3484931679785,Move,465.32460021972656,3.2026015119868134e-06
225.31838548916463,Move,782.5025024414062,3.7655339326647663e-06
235.781240308093,Move,1003.647216796875,4.462250345227403e-06
256.2011970670451,Move,1151.6598815917969,5.7227396581538414e-06
264.6158902518721,Move,1156.3323669433594,6.256461333009611e-06
277.1563599733858,Move,1171.3036193847656,7.766914023932259e-06
285.34604255778424,Move,1128.1777954101562,7.547215204795066e-06
290.46695059826766,Move,1135.3477478027344,7.484387765543943e-06
309.58218646090916,Move,1163.8250427246094,8.062280187459692e-06
324.1066058248482,Move,1127.930419921875,8.13612038541578e-06
332.16332144297496,Move,1129.8594360351562,9.375071471140473e-06
352.7127707817233,Move,1069.72412109375,9.564754748225823e-06
374.008713496994,Released,1069.72412109375,9.564754748225823e-06