resolution:1536,864
0,Pressed,637.2685546875,323.35294818878174
15.782416535922481,Move,637.2685546875,323.35294818878174
30.74526434650494,Move,580.144775390625,246.5890016555786
45.20271749238973,Move,574.0055236816406,208.54104709625244
65.72398334911738,Move,593.8520965576172,198.8151340484619
75.1857628952005,Move,623.7671813964844,207.94580268859863
83.37205203070957,Move,653.4739837646484,224.66097736358643
105.64353882686771,Move,685.5050811767578,257.55782890319824
112.14400270949685,Move,710.1719055175781,292.89562797546387
128.90078501331467,Move,734.7881927490234,334.6464214324951
138.6038127884995,Move,748.5684356689453,368.0478801727295
149.42288463478874,Move,758.2890930175781,392.42671394348145
163.3190932150218,Move,766.2653503417969,414.93746852874756
177.51870047896256,Move,771.5445556640625,437.32823181152344
189.7101421518593,Move,771.3387451171875,452.44466400146484
201.44410103098556,Move,767.0658416748047,463.66683769226074
209.95960635568366,Move,758.7059783935547,472.4985580444336
231.9769110604972,Move,755.1117553710938,479.82729721069336
245.8094772415505,Move,752.1136779785156,486.80327224731445
261.83116507279766,Move,749.3743743896484,497.26342391967773
280.4446218567605,Move,744.0242614746094,508.86380195617676
285.9613622557028,Move,736.1926116943359,520.0873146057129
303.6070428284782,Move,731.0992584228516,529.1727676391602
321.40873456260783,Move,722.1869659423828,539.9329490661621
333.6544977109144,Move,714.983642578125,550.8270263671875
342.76742541257073,Move,707.1505737304688,559.3968257904053
357.5702001971064,Released,707.1505737304688,559.3968257904053