resolution:1536,864
0,Pressed,745.8593902587891,427.2113428115845
6.02654617867245,Move,745.8593902587891,427.2113428115845
28.064949708630895,Move,722.7382049560547,422.4203939437866
44.365551627954986,Move,697.3873901367188,416.72181129455566
59.232914508278895,Move,670.9632568359375,410.5287666320801
74.71593669033216,Move,645.9663391113281,404.44798851013184
94.62310681197093,Move,619.1305389404297,397.8908758163452
116.19533751074721,Move,591.2536468505859,390.9842948913574
128.9259661896046,Move,564.0095672607422,384.10289669036865
151.8069794716672,Move,540.8843536376953,378.0644760131836
173.89845437127582,Move,519.0127716064453,372.39125633239746
194.08232178922276,Move,499.19618225097656,367.12278842926025
210.56117895149202,Move,478.98243713378906,361.6630811691284
221.6161660843762,Move,457.05029296875,355.6857633590698
239.33340555321467,Move,434.80645751953125,349.39384174346924
260.5007228710012,Move,416.5571594238281,344.07091426849365
275.9664045496708,Move,397.7185363769531,338.5305347442627
288.2792925081399,Move,380.80030059814453,333.4218406677246
295.4889732742476,Move,366.8392639160156,329.07913398742676
309.8022617709385,Move,351.0903854370117,324.18243312835693
327.06338944353104,Move,333.0578384399414,318.44584465026855
336.6566803784854,Move,313.9555892944336,312.114089012146
351.6347187971864,Move,296.4250030517578,306.0189428329468
371.6176149127515,Move,282.37708282470703,300.9121799468994
392.32557605632957,Move,266.3323974609375,295.07318687438965
415.28557517027195,Move,253.3157501220703,289.9706211090088
436.8661446002462,Released,253.3157501220703,289.9706211090088