resolution:1536,864
0,Pressed,721.7035217285156,417.4649848937988
11.067350586043288,Move,721.7035217285156,417.4649848937988
21.63146389927882,Move,664.6613616943359,388.89500427246094
44.57146714317493,Move,580.1336517333984,340.5488090515137
58.152015024448254,Move,453.6778564453125,263.1981153488159
72.63458497721821,Move,272.64063262939453,150.53232049942017
87.41378689174697,Move,80.23841285705566,38.275625824928284
97.94227763660557,Move,2.531170070171356,0.9085490852594376
118.51678482628063,Move,0.00024687442055437714,8.928275155994925e-05
137.06156587561188,Move,7.322740233194763e-13,3.8778404315778503e-13
142.52793299498802,Move,1.0638129835393636e-28,4.4525851448306994e-30
149.50582381793822,Move,0,0
156.1054075928379,Move,0,0
170.79085165690475,Move,0,0
182.0257234521851,Move,0,0
191.7838374919481,Move,0,0
210.20159807359855,Move,0,0
224.39497327038876,Move,0,0
246.12419574284414,Move,0,0
259.49058318793,Move,0,0
266.70623365190056,Move,0,0
280.2218002413727,Move,0,0
296.67995206244564,Move,0,0
319.03706554237135,Move,0,0
331.3234277387053,Move,0,0
340.84951015368824,Move,0,0
360.9616411053336,Released,0,0