resolution:1536,864
0,Pressed,1066.8670349121094,503.46228790283203
6.457909434870135,Move,1066.8670349121094,503.46228790283203
26.454035541869366,Move,1207.711669921875,411.46567726135254
37.074100857634576,Move,1324.1067810058594,190.17115116119385
57.30049473348439,Move,1428.4510803222656,41.206416606903076
66.6506936511224,Move,1479.52734375,6.516241058707237
73.76764857953684,Move,1511.7127075195312,0.8313658386468887
81.89995098521095,Move,1528.8880920410156,0.06764112878590822
97.41349988490187,Move,1534.1294860839844,0.0052899543807143345
112.49039276795685,Move,1534.9941101074219,0.00046087719420029316
134.9028744003657,Move,1534.1899108886719,4.439371878106613e-05
141.45939569210796,Move,1526.4026184082031,4.276383279488982e-06
164.17922106603586,Move,1437.3964233398438,3.454608199504605e-07
180.83070676686492,Move,874.3071899414062,3.808582149655848e-08
189.4460077207887,Move,307.5984191894531,9.61781104757975e-09
198.71933933400757,Move,92.20279312133789,4.679901466353442e-09
219.25715129153622,Move,35.33023452758789,4.810647505348875e-09
236.3221898309621,Move,6.258180856704712,4.646744988789919e-09
254.04928279362193,Move,1.4543872475624084,6.675094227359679e-09
274.0019231594491,Move,0.35792870074510574,1.0521600840585066e-08
289.8794288203864,Move,0.06843891553580761,1.545976746619715e-08
300.04386128527756,Move,0.013379175681620836,3.29168822199577e-08
318.04107844664094,Move,0.0019934558076784015,1.1718360681811646e-07
338.2549850063913,Move,0.0001408056814398151,1.2363742030174762e-06
353.13498033116724,Move,6.7774931267194916e-06,5.128567829615349e-05
370.5714246756074,Move,3.8273354618922895e-07,0.010066159127745777
382.3071079727301,Released,3.8273354618922895e-07,0.010066159127745777