resolution:1536,864
0,Pressed,766.9365234375,432.7800464630127
12.869025485173548,Move,766.9365234375,432.7800464630127
31.317569675264455,Move,766.3475646972656,433.3355083465576
36.87373116393158,Move,766.0637969970703,433.65284156799316
52.657789749467625,Move,765.9072418212891,433.8569812774658
66.9695997209578,Move,765.7639617919922,434.02234268188477
76.47645266747504,Move,765.6949768066406,434.1002597808838
94.00641324612675,Move,765.7120056152344,434.09928131103516
108.56278041236015,Move,765.7036285400391,433.95312881469727
114.52860683570682,Move,765.6187133789062,434.0849132537842
129.3259897158936,Move,765.5129241943359,434.22637939453125
139.35389830788807,Move,765.4348754882812,434.3218574523926
144.79284012917623,Move,765.4772644042969,434.3302516937256
151.12432927658563,Move,765.5491333007812,434.30661392211914
174.04113986249973,Move,765.5711517333984,434.3599662780762
185.71655968526665,Move,765.6821136474609,434.2583599090576
201.02164087229545,Move,765.7006988525391,434.2471332550049
206.9962376969433,Move,765.5838775634766,434.3382339477539
227.09055466533374,Move,765.4987335205078,434.37572479248047
249.1911686299763,Move,765.6264495849609,434.2034111022949
255.45080987980816,Move,765.6735992431641,434.1539726257324
270.93278004428237,Move,765.5709686279297,434.22380447387695
277.27144873538015,Move,765.6186218261719,434.1883735656738
284.94514543540197,Move,765.6065368652344,434.301721572876
304.9923348110317,Move,765.520751953125,434.3906078338623
313.24700630630815,Move,765.5398406982422,434.39550018310547
327.50159857353265,Released,765.5398406982422,434.39550018310547