resolution:1536,864
0,Pressed,784.7578125,382.2251100540161
13.416042661903056,Move,784.7578125,382.2251100540161
31.904931394176863,Move,794.5447998046875,321.6605043411255
50.21798647143642,Move,807.906005859375,265.7179841995239
67.99559855008506,Move,843.2779541015625,237.85211563110352
75.67859043972251,Move,882.4999694824219,227.17636585235596
83.35523945621276,Move,913.5263671875,247.56747150421143
102.5494014241784,Move,945.6047058105469,294.8866596221924
123.04366393864147,Move,979.6784362792969,358.8855400085449
133.5481996707357,Move,1009.2863159179688,434.20629501342773
146.7840486362145,Move,1045.9645385742188,511.66243171691895
169.56162580933878,Move,1083.5928955078125,585.2432613372803
190.16395789299148,Move,1118.4691772460938,649.4408740997314
212.38761131577516,Move,1152.690673828125,703.532901763916
235.11341940849087,Move,1187.5120239257812,747.482831954956
249.96698819414462,Move,1222.8229064941406,781.5511951446533
260.17797332724587,Move,1256.5675964355469,804.7150783538818
278.2732668513621,Move,1283.3406372070312,818.5078983306885
295.5012501430712,Move,1301.6364440917969,826.9372100830078
307.82919107453415,Move,1301.6695861816406,829.8358497619629
325.43850199647864,Move,1259.2301330566406,823.0058727264404
337.1891292155159,Move,1113.2882995605469,786.5051879882812
350.3239533979407,Move,848.1302490234375,675.1214332580566
371.49040758544277,Move,676.9776306152344,582.0022087097168
380.1167588661741,Move,660.6120300292969,547.6280994415283
394.5787153762775,Move,617.9871826171875,461.5126075744629
402.2861413515008,Released,617.9871826171875,461.5126075744629