resolution:1536,864
0,Pressed,762.3382415771484,435.885555267334
7.638920310508225,Move,762.3382415771484,435.885555267334
25.33513723085796,Move,769.5143737792969,430.1028242111206
35.92484525784728,Move,779.6597900390625,422.103627204895
57.381055912384454,Move,789.8453063964844,414.572473526001
65.62036792062999,Move,799.7441711425781,407.3204412460327
78.26947716799444,Move,808.2836608886719,401.3969392776489
98.17024938299642,Move,816.3546752929688,396.7928524017334
111.5741228881081,Move,823.0693359375,391.8067502975464
116.68084680333031,Move,828.9815368652344,388.135196685791
133.56779245976657,Move,833.5419616699219,386.3597116470337
141.85052022485266,Move,837.3059692382812,384.0944766998291
161.65657141328768,Move,840.4559326171875,381.9111499786377
169.12816644880664,Move,844.5883483886719,379.83027935028076
174.50201782758103,Move,848.5464477539062,376.0305461883545
189.87667802804322,Move,852.8266296386719,373.2178316116333
196.9428861803413,Move,857.0098571777344,370.5575008392334
206.58350408356787,Move,860.09326171875,369.6499185562134
227.76156629837294,Move,861.7862548828125,369.1824674606323
250.3247988964385,Move,862.5655517578125,369.63959312438965
260.89940001917455,Move,862.5065002441406,369.86502742767334
281.5662130122868,Move,862.7443542480469,369.28214263916016
297.0615887858531,Move,862.8175048828125,368.79046154022217
304.5824950317577,Move,862.6265258789062,368.5310640335083
320.7787496595757,Move,863.9984436035156,367.3897304534912
337.496730885789,Move,865.02392578125,366.6010580062866
345.7222423899924,Released,865.02392578125,366.6010580062866