resolution:1536,864
0,Pressed,882.9720153808594,515.3030605316162
16.87133637735339,Move,882.9720153808594,515.3030605316162
34.79131749250452,Move,922.2554626464844,545.972734451294
56.292106229089484,Move,931.0463562011719,553.2163982391357
66.63216395006292,Move,911.4354858398438,537.631175994873
74.60755832360485,Move,887.8745727539062,520.1048755645752
90.18299044186796,Move,863.1926879882812,498.67442893981934
97.43412813804422,Move,836.6114501953125,474.1663341522217
105.00957105428213,Move,806.9981689453125,445.8555965423584
116.3598071328122,Move,780.3454284667969,421.3010501861572
136.9968086215391,Move,758.556884765625,396.8629159927368
146.3000237933768,Move,736.8159942626953,373.723726272583
160.05486309080203,Move,713.9778900146484,352.14117908477783
181.76404698101226,Move,692.4580535888672,334.35718059539795
201.97086361311645,Move,672.1851654052734,316.3269166946411
219.97790012879358,Move,653.1595916748047,301.8666772842407
230.26211087356089,Move,637.6722106933594,289.27366733551025
238.7878526740684,Move,619.6106872558594,274.8077630996704
259.42161614788984,Move,601.578369140625,260.74189853668213
267.9779958652919,Move,585.22705078125,248.6471357345581
283.65056043597696,Move,573.8089141845703,240.24030303955078
294.13020726704184,Move,569.0556335449219,234.086088180542
315.89763475720275,Move,563.3216857910156,226.37018394470215
335.7567666275104,Move,544.9834442138672,210.47611284255981
353.01857123224465,Move,521.9601745605469,192.2683596611023
362.05865405891666,Move,497.7842102050781,175.55796146392822
370.6577231013513,Released,497.7842102050781,175.55796146392822