resolution:1536,864
0,Pressed,709.2890167236328,202.93083572387695
5.160031123518799,Move,709.2890167236328,202.93083572387695
24.384457222474428,Move,591.4728240966797,81.72327589988708
35.620480557803674,Move,463.91587829589844,27.076150059700012
42.41815460788918,Move,331.6778869628906,8.290108323097229
49.47920432799762,Move,203.51806640625,1.652340866625309
59.10292972783315,Move,99.02594375610352,0.16183774871751666
64.41616667142519,Move,34.8761043548584,0.0035576483787735924
76.52438496074745,Move,5.1644439697265625,3.0535760799921263e-06
97.92443001547213,Move,0.13027263432741165,2.0990717952869276e-11
112.36004111322572,Move,0.00038256848347373307,1.875982815242501e-19
122.89733468587094,Move,8.565003373206537e-09,1.5345079396115772e-31
130.4822286649921,Move,4.2743690209604565e-15,0
136.4222939744627,Move,8.539965338675285e-26,0
144.2184124990111,Move,0,0
161.9564830490928,Move,0,0
174.57889890109,Move,0,0
183.42783065325148,Move,0,0
202.72973918072012,Move,0,0
217.0098286330435,Move,0,0
226.12127690745245,Move,0,0
247.13202621106336,Move,0,0
255.3391951586653,Move,0,0
264.55151698615373,Move,0,0
272.4671744782856,Move,0,0
284.4390337186482,Move,0,0
293.63727519825125,Released,0,0