resolution:1536,864
0,Pressed,1442.5562438964844,852.8612537384033
13.156621892951714,Move,1442.5562438964844,852.8612537384033
26.57318055520632,Move,1526.467529296875,863.7046051025391
44.657172837055384,Move,1534.9723205566406,863.9875373840332
66.02294563656974,Move,1535.8280639648438,863.9992790222168
78.16141698021292,Move,1535.9617309570312,864
90.89645505192483,Move,1535.9917602539062,864
109.87988280527452,Move,1535.9989013671875,864
127.97348579690706,Move,1535.9998168945312,864
134.59490209775362,Move,1536,864
143.43138523584767,Move,1536,864
157.59422579276574,Move,1536,864
166.74353831305675,Move,1535.9871826171875,864
187.04151228814885,Move,1427.2804870605469,864
197.85494029635353,Move,3.556357741355896,864
208.89810517296098,Move,0.0036009165924042463,864
214.31786178919342,Move,1533.2394104003906,864
232.11402489817607,Move,1535.9066162109375,864
246.181234275149,Move,1535.9943237304688,864
269.13277159500205,Move,1535.9932250976562,864
290.9519606714217,Move,1533.1466674804688,864
298.63505811022355,Move,131.34198760986328,864
316.2455275516841,Move,7.964830508020263e-18,864
332.82815316615887,Move,0,864
345.1864882892344,Move,0,864
359.8797399954539,Move,0,864
367.23966916184196,Released,0,864