resolution:1536,864
0,Pressed,769.8002014160156,400.06114768981934
20.763983579206354,Move,769.8002014160156,400.06114768981934
33.053481565974195,Move,792.8973999023438,390.8001365661621
54.832643334383846,Move,793.9280090332031,378.790114402771
73.64456179999416,Move,781.4578857421875,368.9263401031494
84.72285600303643,Move,750.9125061035156,370.9959325790405
100.40340652898976,Move,725.7025909423828,378.4572286605835
118.00962574246364,Move,710.5491485595703,389.6960620880127
140.55018429885436,Move,702.0544738769531,397.138072013855
148.7278499413236,Move,699.4142761230469,400.8653211593628
157.1145135797211,Move,703.6909332275391,401.6713228225708
165.70213063303987,Move,712.6731719970703,399.94872665405273
183.70080783459895,Move,724.0644836425781,398.1270475387573
202.0247034871844,Move,730.0589904785156,397.86213970184326
212.76670494500104,Move,728.5395812988281,396.48780155181885
226.79964733802896,Move,735.9600677490234,393.7353401184082
245.18143725512496,Move,738.3640594482422,392.6503200531006
252.46296312895552,Move,742.1694488525391,390.47505283355713
272.1234503537937,Move,737.5824737548828,390.36018562316895
286.7897404687819,Move,728.9255218505859,394.53436374664307
304.29271215943885,Move,726.5395202636719,395.8289051055908
316.92079502169156,Move,722.4030303955078,397.9715738296509
322.4289532325167,Move,712.9155578613281,401.83325958251953
331.44915978798286,Move,711.3140716552734,401.2824068069458
351.3192337158387,Move,711.5613555908203,402.23584842681885
368.12772642372147,Move,711.5433654785156,402.7970781326294
377.01228453659894,Move,710.937744140625,402.3768768310547
393.31274778099635,Move,712.11474609375,402.04020595550537
410.0569169971752,Move,716.4588317871094,401.54651641845703
428.19922435836804,Move,715.3833160400391,402.15710735321045
437.62282521941205,Move,715.1456909179688,402.5067300796509
453.9503164241203,Move,712.5182189941406,401.92466926574707
467.9735215651479,Move,712.0453491210938,400.75467681884766
485.01441122649385,Move,717.4803314208984,399.28900623321533
503.901470050375,Move,722.3317565917969,397.9234228134155
519.0973430395356,Move,731.1490173339844,396.72402477264404
525.0230703923427,Move,737.0348510742188,395.6448497772217
545.1017724688198,Move,746.6455993652344,393.21796131134033
563.5372033333302,Move,750.169921875,392.46585273742676
573.7188110146752,Move,751.9191741943359,393.0741262435913
583.5262462494135,Move,749.8827209472656,392.2634382247925
604.9074252544293,Move,751.6114196777344,390.6058588027954
611.8071841561664,Move,756.9952697753906,390.08374214172363
631.9288539652711,Move,761.5957489013672,390.29210472106934
648.4211524094515,Move,752.8363037109375,390.4026460647583
665.7051540531361,Move,742.2835235595703,392.7129936218262
682.829185577466,Move,735.9362640380859,394.1334228515625
700.1546392059582,Move,731.4054565429688,395.2911071777344
705.4970519829865,Move,731.8140563964844,395.1402425765991
713.5543678350587,Move,727.7901763916016,396.25559520721436
725.4556288103818,Move,725.5611877441406,395.9489221572876
743.4226936199983,Released,725.5611877441406,395.9489221572876