resolution:1536,864
0,Pressed,778.35791015625,402.6004829406738
7.838862307333059,Move,778.35791015625,402.6004829406738
16.41662500708348,Move,796.9669189453125,390.48182487487793
27.41144286661425,Move,787.3394165039062,380.307412147522
48.84223457119581,Move,762.9662017822266,377.95429515838623
68.16514196378577,Move,747.36328125,379.45387744903564
91.12610784501537,Move,734.4951324462891,385.43822479248047
103.27576004335744,Move,722.7367401123047,394.90600204467773
121.50217708896615,Move,721.8684997558594,397.03726387023926
134.72824172012525,Move,720.9980621337891,401.11619567871094
155.28061243986662,Move,720.6644897460938,404.85297203063965
162.03273555221722,Move,724.8205718994141,405.4351100921631
177.8175882100362,Move,726.9918823242188,408.3338270187378
191.33166753317266,Move,729.3714752197266,409.87005043029785
211.93450412592276,Move,735.6783599853516,415.0951566696167
223.09409082280433,Move,738.7481231689453,414.11653232574463
235.31779567868168,Move,740.7809143066406,414.19396018981934
254.53194451362083,Move,744.3194274902344,415.86655139923096
263.6807140914776,Move,753.9723815917969,421.00568103790283
283.2477691974378,Move,762.6162414550781,422.9501838684082
297.3254016679847,Move,755.9603118896484,415.75310039520264
302.9452691789449,Move,753.7604827880859,415.22804832458496
308.5835521641695,Move,757.9931030273438,417.6776990890503
322.0577917065823,Move,755.3642578125,416.53273487091064
329.87432879608696,Move,754.1273345947266,417.5623941421509
338.1750474305344,Move,767.0780639648438,420.9383726119995
348.8271740754151,Move,780.9562683105469,424.9426574707031
370.15630521768446,Move,784.1533813476562,425.08582305908203
380.67172772431553,Move,789.2099304199219,422.8011474609375
401.8785504586997,Move,794.8233032226562,423.2561101913452
408.78797371383087,Move,797.4867553710938,425.16541385650635
416.64262306937945,Move,802.76513671875,429.6025171279907
423.02787302153627,Move,802.4356384277344,433.22118186950684
439.8321356980499,Move,801.5182800292969,428.1096296310425
446.06389629559845,Move,788.6815795898438,422.8728847503662
457.02250008249257,Move,774.9973754882812,420.6566505432129
471.76114427616466,Move,765.2926483154297,417.2159643173218
491.3771091786461,Move,757.3852386474609,414.6167106628418
504.77459495873865,Move,750.6708526611328,415.5828466415405
517.2486225606588,Move,746.9650268554688,413.32216930389404
524.1930203141105,Move,743.0725708007812,412.7104711532593
540.808885953422,Move,737.8932037353516,412.6582260131836
555.3436235585333,Move,737.6737518310547,412.72167205810547
576.2621120321236,Move,746.1909027099609,416.80706691741943
584.7928296812282,Move,753.9683074951172,419.06367588043213
597.1812990425442,Move,756.5684051513672,419.34905433654785
602.3286608641512,Move,758.5363311767578,417.31061840057373
612.7483978733407,Move,768.3573303222656,420.7790365219116
631.9487756703575,Move,770.2793884277344,421.6051998138428
649.3212888236535,Move,770.4754943847656,421.11926078796387
659.3611027650854,Move,770.1868286132812,420.8514175415039
681.6976994201655,Released,770.1868286132812,420.8514175415039