resolution:1536,864
0,Pressed,833.8083801269531,477.86814308166504
12.067891069537817,Move,833.8083801269531,477.86814308166504
18.396803783370725,Move,857.0584716796875,497.26671981811523
40.499388402451274,Move,856.4270324707031,496.6501293182373
58.95105097815734,Move,842.6003723144531,483.93651008605957
66.3606572124543,Move,826.8366394042969,470.6158790588379
75.48534440184787,Move,800.8077392578125,448.06920433044434
95.70905346502974,Move,777.872314453125,427.3334970474243
113.73595642542818,Move,758.0493621826172,409.64927673339844
126.54019575600503,Move,742.8857574462891,397.1097478866577
138.9111281998,Move,729.7143402099609,386.5632076263428
157.40316155159934,Move,718.3400573730469,374.0842924118042
178.49466594299395,Move,703.8617706298828,359.4187288284302
188.07839602914083,Move,688.7963104248047,347.0622253417969
209.53588458390624,Move,676.2673187255859,336.4638261795044
223.51144007165834,Move,665.9150390625,329.5294876098633
234.30429452881663,Move,657.4066772460938,324.40614223480225
248.03130639255755,Move,648.4271392822266,317.26542377471924
262.36012879795777,Move,644.1031951904297,313.641583442688
274.42793709637294,Move,640.5524597167969,309.31435203552246
280.7762314691194,Move,631.9117126464844,299.1887855529785
295.70320576490525,Move,621.1416320800781,288.7084722518921
301.22512816837786,Move,609.7450103759766,280.58418560028076
321.2524772345161,Move,605.0358581542969,276.35853481292725
335.301824211271,Move,600.2696228027344,270.44180488586426
352.411367715577,Move,595.7175750732422,266.48307037353516
372.07702000387025,Released,595.7175750732422,266.48307037353516