resolution:1536,864
0,Pressed,1026.7647399902344,641.5815467834473
16.91513318124678,Move,1026.7647399902344,641.5815467834473
24.98222031839681,Move,1127.818359375,713.3263034820557
34.239662775308915,Move,1158.8023681640625,733.2743167877197
52.42876764892021,Move,1140.759521484375,722.4887981414795
62.12376872671278,Move,1101.992431640625,700.0661315917969
73.54729701110378,Move,1043.7924499511719,660.4420680999756
88.8203108424987,Move,983.2372741699219,612.4956550598145
101.51271902909015,Move,932.0966491699219,567.9314002990723
110.68795241327729,Move,898.8076171875,537.9672031402588
116.00430098563302,Move,863.4567260742188,507.69015312194824
127.35890923796208,Move,829.6872253417969,476.6410388946533
139.42377833275484,Move,795.0187683105469,443.1793785095215
159.77030577017464,Move,759.2543792724609,412.4414691925049
178.86728436849452,Move,727.0262603759766,382.02485847473145
197.42100546761995,Move,694.1591033935547,356.11927700042725
213.68763820551015,Move,660.3571472167969,327.8388977050781
224.64827866010492,Move,614.4678039550781,295.0853147506714
231.9944522288021,Move,565.9430236816406,267.09639072418213
244.16507213059566,Move,518.411865234375,240.97330570220947
249.83931628844314,Move,464.88665771484375,209.89778566360474
261.3842236598741,Move,423.3537139892578,184.14032649993896
270.0254682579005,Move,383.6785583496094,163.7329602241516
278.5186053294057,Move,342.1324996948242,143.44483852386475
297.8143847562535,Move,292.705810546875,117.05291891098022
314.7174245928738,Move,241.90679168701172,90.86420559883118
323.37916155018456,Released,241.90679168701172,90.86420559883118