resolution:1536,864
0,Pressed,797.2036743164062,223.78225994110107
16.5778433637806,Move,797.2036743164062,223.78225994110107
33.001588921689226,Move,750.3294525146484,108.0163893699646
43.98378742117932,Move,677.9955139160156,51.92967367172241
58.234433880366424,Move,592.7364349365234,26.3287535905838
64.77578936867522,Move,504.48207092285156,13.090268969535828
80.8822787449468,Move,425.6436767578125,5.728810608386993
97.10800881560813,Move,364.9156036376953,1.9056989774107933
109.80614682631695,Move,321.3474884033203,0.36393589060753584
116.74427472510374,Move,303.46893310546875,0.021639765822328627
128.61310686693665,Move,295.28409576416016,0.0001482163138462056
141.84611207424103,Move,237.0377655029297,3.174665430538681e-08
158.63997921067866,Move,76.50642013549805,3.077362621625474e-14
167.87819025140075,Move,4.932036280632019,2.5802594278826586e-23
176.7853541936312,Move,0.11706219613552094,0
197.4427897215074,Move,0.00012421975043253042,0
219.21608163071858,Move,1.4712006027491065e-12,0
238.3130991785498,Move,1.5343503829609487e-31,0
246.6964507544164,Move,0,0
262.3468976366282,Move,0,0
277.2476235326701,Move,0,0
289.6743075854586,Move,0,0
305.9684654871363,Move,0,0
315.613287257795,Move,0,0
327.2016397504907,Move,0,0
344.5016192277952,Move,0,0
363.136191597741,Released,0,0