resolution:1536,864
0,Pressed,795.380859375,355.04906272888184
12.612406241791085,Move,795.380859375,355.04906272888184
23.33182954132214,Move,813.3184204101562,310.48218154907227
38.63882654687282,Move,830.3638916015625,278.85929775238037
55.56024516718369,Move,845.1447143554688,255.01651096343994
74.55646592052317,Move,859.9333190917969,238.55357551574707
90.06600269059008,Move,872.9735412597656,225.4910545349121
106.91597888239357,Move,885.3697814941406,214.2806739807129
114.28244509725921,Move,896.5502014160156,206.03020334243774
124.10343393400615,Move,905.5410461425781,199.7420153617859
130.72652592204398,Move,913.1839599609375,194.36738348007202
144.41631779735357,Move,919.5656433105469,192.64100217819214
163.3144956435998,Move,925.1559448242188,194.1097240447998
173.6048646828512,Move,928.4000244140625,200.31207704544067
179.57878107666588,Move,928.8957824707031,213.8742871284485
184.738641150221,Move,923.7627868652344,247.09507656097412
194.76218390697804,Move,904.798828125,322.80224990844727
204.16691411532904,Move,830.5147705078125,481.0071258544922
214.17289658032593,Move,661.4986724853516,633.2931861877441
219.86101535149237,Move,547.0708465576172,646.6897773742676
241.82170118203592,Move,501.2020568847656,635.014726638794
257.23169815546066,Move,485.95330810546875,635.7293701171875
271.40889086547287,Move,490.6469421386719,650.4323215484619
286.5183012087589,Move,492.9227600097656,719.9447765350342
304.97687023078436,Move,536.2243194580078,827.2829189300537
315.4362106813554,Move,893.0977478027344,863.1312732696533
323.49544832194596,Released,893.0977478027344,863.1312732696533