resolution:1536,864
0,Pressed,775.5031127929688,405.7748193740845
17.972239673364875,Move,775.5031127929688,405.7748193740845
36.25663126754278,Move,796.6647033691406,398.8219156265259
51.976854126680024,Move,785.9881896972656,391.4137144088745
71.34976002130945,Move,769.2352294921875,386.3081102371216
93.06270144413526,Move,743.8385467529297,389.1697483062744
98.71050906428933,Move,725.3716735839844,394.8967065811157
112.61601063497025,Move,718.4756927490234,400.1256494522095
118.97116374249755,Move,714.7237701416016,403.7654285430908
136.54542582841498,Move,714.7340240478516,403.83886528015137
147.2024125055179,Move,710.6477508544922,406.4153823852539
167.6010554187377,Move,707.4611206054688,406.1429557800293
176.62221515159337,Move,708.5863494873047,405.6733932495117
191.46278683792917,Move,712.007080078125,405.7591381072998
197.27417625203194,Move,714.7235412597656,405.59292697906494
220.09491587756264,Move,717.8081359863281,405.2381544113159
227.56069324233414,Move,714.0934753417969,404.7166557312012
234.93882123680308,Move,719.0784301757812,400.57172870635986
248.68131065456186,Move,722.0828247070312,398.40222930908203
265.90278495232735,Move,724.7541046142578,396.7621850967407
287.87608869569345,Move,724.4338073730469,395.5363426208496
305.53032473679497,Move,732.8962554931641,392.8879852294922
324.7686493673189,Move,733.9915466308594,392.5857152938843
346.06307139700715,Move,734.1056213378906,391.8255729675293
355.7098570469208,Move,738.1963806152344,390.8218688964844
364.7022478532766,Move,736.3526458740234,391.86975860595703
371.08355488030065,Move,732.618896484375,394.024658203125
393.8672756097129,Move,734.5385284423828,392.57222270965576
408.84018543689035,Move,737.0444641113281,392.09604263305664
423.70818872905147,Move,738.0042572021484,392.1247272491455
438.3355423316899,Move,738.1994476318359,392.21206855773926
449.169663035723,Move,736.0072174072266,392.1023254394531
470.2904360045792,Move,733.893310546875,392.4625053405762
491.6951323671029,Move,734.1855926513672,392.1640977859497
497.5312250997975,Move,731.8866119384766,397.63825035095215
510.54699726359087,Move,728.8909149169922,399.4740915298462
527.0264432266382,Move,725.2830047607422,400.5681495666504
538.6915733016456,Move,725.4581909179688,399.88208770751953
549.9443677893671,Move,723.6064910888672,400.8215217590332
563.6120769036576,Move,720.2159271240234,401.1040163040161
583.6458550242469,Move,722.6949462890625,398.9823589324951
596.1097232533579,Move,720.4256286621094,401.7451457977295
614.4713907185895,Move,721.6197052001953,401.2508382797241
624.6435220939825,Move,722.8241729736328,402.4273452758789
632.6795828545509,Move,723.8807373046875,402.5723648071289
637.9601857011176,Move,723.7142486572266,403.69526195526123
657.1447686717619,Move,724.9308929443359,404.6988887786865
675.7337435126399,Move,727.9081420898438,403.8974962234497
682.9584545362449,Move,731.4183197021484,403.06538486480713
690.6455797915113,Move,731.9169158935547,401.0497884750366
705.4999106487819,Move,733.7511291503906,400.3193349838257
727.3178375767213,Released,733.7511291503906,400.3193349838257