resolution:1536,864
0,Pressed,797.0121459960938,230.57258319854736
13.223522527800174,Move,797.0121459960938,230.57258319854736
31.31615833131906,Move,751.2223663330078,112.63810157775879
41.48483631481692,Move,678.2382659912109,53.0308803319931
47.767231049002554,Move,583.4199371337891,25.175242245197296
55.68495016984461,Move,483.9987487792969,11.2452272772789
71.09874953997465,Move,395.23036193847656,4.353942587971687
80.43433749909109,Move,319.67186737060547,1.1698946803808212
92.2989535903073,Move,253.629638671875,0.14417948853224516
99.90144992891301,Move,193.72874450683594,0.0030131133244140074
106.98951249590382,Move,119.5645751953125,4.199263656801122e-06
112.05460878848518,Move,32.23725128173828,5.85582754161762e-11
120.22264603610923,Move,1.2377258241176605,2.6931894778398204e-18
143.21910786047698,Move,0.00627014203928411,2.2007187324343262e-29
156.40436786689537,Move,4.985550617675472e-06,0
171.48447282410652,Move,7.462883176018176e-12,0
176.90606241537623,Move,1.445138204620561e-24,0
196.6191725775036,Move,0,0
219.27299090042806,Move,0,0
240.56664590368578,Move,0,0
249.59707341468365,Move,0,0
260.16954089640274,Move,0,0
273.0169201180944,Move,0,0
285.06900154485714,Move,0,0
292.9890005440592,Move,0,0
308.0154353146228,Move,0,0
329.8956465731223,Released,0,0