resolution:1536,864
0,Pressed,779.0480346679688,400.16362953186035
19.18967249247651,Move,779.0480346679688,400.16362953186035
41.038904289501104,Move,796.7288818359375,387.48773288726807
56.764724317304456,Move,788.08740234375,376.8612928390503
68.91206856816311,Move,768.5233154296875,372.4410037994385
78.60069695459984,Move,745.9600982666016,377.96706676483154
84.50428803928477,Move,732.7831878662109,384.72916889190674
97.40056643123509,Move,724.8679504394531,395.870078086853
115.04934839728708,Move,724.8607635498047,405.1106700897217
131.11715542191632,Move,725.8941650390625,411.5868272781372
147.6018050096119,Move,732.4133148193359,417.29110050201416
168.81057903983282,Move,745.7374420166016,422.93517208099365
189.74547214766187,Move,750.1666717529297,422.36570262908936
208.3364270055881,Move,754.3948974609375,422.52331352233887
217.1639185462176,Move,751.5269165039062,419.95058155059814
229.7610278096495,Move,750.9954986572266,420.2707471847534
236.48722641561034,Move,755.7852630615234,422.2999906539917
247.2527500757048,Move,762.7277526855469,425.0309772491455
260.34502210685923,Move,762.7143859863281,425.0289945602417
265.93843014505325,Move,759.2244873046875,420.7224655151367
285.6472227352082,Move,754.2588043212891,421.1613607406616
301.84808655473756,Move,755.6624908447266,419.5672016143799
308.8464275742337,Move,758.7675476074219,422.4666395187378
315.98917829125156,Move,757.17919921875,422.80933570861816
328.80389786674397,Move,758.9620513916016,422.17188835144043
344.4740321426058,Move,755.6347503662109,416.4348621368408
361.03453399839134,Move,747.7682189941406,416.8258638381958
374.9392896576817,Move,746.4846954345703,417.1359615325928
395.4683993350479,Move,745.5066833496094,414.50119972229004
413.89762735014256,Move,742.5206909179688,412.17076778411865
425.2966786653035,Move,740.9031829833984,413.21034049987793
445.59057660459877,Move,740.3682861328125,414.9291000366211
451.28362657773664,Move,741.3064270019531,417.40993309020996
468.17687167387004,Move,741.5706024169922,418.69579696655273
489.920990304395,Move,739.5430297851562,418.7679204940796
496.6393156732469,Move,744.5505523681641,418.73290157318115
519.4358701232204,Move,750.3010711669922,418.9618892669678
532.4158070956914,Move,755.7318878173828,419.4464635848999
546.8670595619813,Move,752.4624481201172,418.37496185302734
553.9261362259385,Move,744.4023284912109,417.14278507232666
563.3635160235962,Move,745.3717803955078,415.1381320953369
571.168014237081,Move,746.4102172851562,417.14247608184814
588.7564605665657,Move,746.99560546875,418.71227645874023
607.9773265126821,Move,748.1077423095703,417.9778833389282
619.7688674163729,Move,761.0309143066406,423.10751152038574
633.1018074053225,Move,762.9222106933594,422.9040927886963
653.1580196532179,Move,764.1194458007812,421.9258289337158
666.131228441441,Move,766.4931793212891,422.58354091644287
674.8702082449448,Move,758.3886566162109,421.8241710662842
690.5775447749753,Move,750.6505737304688,417.19137382507324
701.6568008760112,Move,747.8952941894531,416.07383251190186
724.511393164955,Released,747.8952941894531,416.07383251190186