resolution:1536,864
0,Pressed,761.1449432373047,213.91578197479248
5.111594326924722,Move,761.1449432373047,213.91578197479248
14.540912665551021,Move,685.2004852294922,96.13309836387634
35.27244981767932,Move,587.4992523193359,37.45660471916199
52.249383012005644,Move,468.6351013183594,12.804521173238754
57.249719727195846,Move,340.02685546875,3.533156856894493
73.55830566864802,Move,206.29094696044922,0.5264753680676222
87.96646282697179,Move,97.17871856689453,0.02337184629868716
100.38017204309818,Move,28.784714698791504,8.196936505555641e-05
122.94923260890789,Move,2.3311328887939453,5.348122819603951e-09
129.46504145516042,Move,0.037506647408008575,1.2142195229711652e-15
137.4666723916051,Move,1.8212886516266735e-05,1.0506472161800432e-25
147.73208878291214,Move,2.4667291126379e-10,0
160.36609660082246,Move,6.99253573945068e-18,0
179.17377554902586,Move,2.193205997574944e-30,0
193.88686454121859,Move,0,0
200.24604100548524,Move,0,0
219.6748854688081,Move,0,0
238.35901645585568,Move,0,0
250.58093521671898,Move,0,0
271.730536262258,Move,0,0
290.6975859757648,Move,0,0
311.932692176722,Move,0,0
333.6056436835594,Move,0,0
354.05286469609126,Move,0,0
374.9510163387362,Move,0,0
384.81082838572246,Released,0,0