resolution:1536,864
0,Pressed,767.1926422119141,430.4250240325928
12.182655796620313,Move,767.1926422119141,430.4250240325928
30.695810068950806,Move,766.9106140136719,428.7517890930176
38.08157783563301,Move,766.5824432373047,427.419885635376
50.1056737585072,Move,766.3712768554688,426.9368305206299
56.77705665456965,Move,766.2220458984375,426.62423515319824
73.60653544526495,Move,766.1984710693359,426.2647247314453
86.58414908437015,Move,766.1217498779297,425.75772285461426
108.0656417337427,Move,765.9896392822266,425.4695119857788
123.76369656571312,Move,765.9526977539062,425.66669940948486
131.1431372584175,Move,766.0486907958984,425.6282043457031
152.40034724254267,Move,766.1903686523438,425.2465238571167
163.74422379472927,Move,766.1537933349609,425.3774585723877
179.36168647481216,Move,766.0162353515625,425.16121673583984
200.29410657293428,Move,765.7964630126953,425.0242052078247
211.84269342230144,Move,765.7705078125,424.74060344696045
224.902338302899,Move,765.7412109375,424.8284854888916
234.21630813230615,Move,765.8338623046875,424.99389839172363
245.4083461257602,Move,765.75146484375,424.68380069732666
254.38882920055858,Move,765.8250274658203,424.8582773208618
274.96352371326617,Move,765.9295349121094,425.0042495727539
284.816828431775,Move,765.9351196289062,425.10261154174805
302.1409212314793,Move,766.0503387451172,425.3135232925415
319.14417924419286,Move,766.2344512939453,425.3022708892822
341.23758302878736,Move,766.2221374511719,425.2904005050659
357.05233738209574,Move,766.2410888671875,425.33806228637695
379.71831114937385,Released,766.2410888671875,425.33806228637695