resolution:1536,864
0,Pressed,677.7255249023438,395.56340503692627
8.585654321877692,Move,677.7255249023438,395.56340503692627
16.381771057791493,Move,615.5166320800781,368.93378162384033
28.33923904692437,Move,580.4458465576172,355.196270942688
46.71938784151944,Move,569.2373657226562,353.14313220977783
58.57874921643311,Move,575.6865692138672,358.9823570251465
72.25636629893442,Move,597.3004302978516,370.8082981109619
91.65920145191518,Move,617.7880096435547,380.4187259674072
110.46278715641496,Move,643.5190887451172,392.16801166534424
125.51595333600704,Move,673.6771545410156,405.4632797241211
138.6118261017412,Move,700.4373321533203,417.10148334503174
159.5841973858423,Move,722.3340911865234,425.4334373474121
178.56138988287452,Move,743.9725341796875,435.5511245727539
192.24437572940357,Move,755.3471374511719,441.96113204956055
198.00563774789785,Move,773.0794372558594,452.5330867767334
211.91332798171246,Move,789.5984802246094,462.40744400024414
222.0524452398921,Move,792.8214111328125,463.60241317749023
244.61226297901163,Move,798.8843078613281,467.24983978271484
254.61571719821998,Move,802.8389282226562,468.7962341308594
277.01620745099143,Move,797.5145874023438,464.9215965270996
295.32591097565813,Move,795.9207458496094,464.00852966308594
318.1902201547589,Move,774.7520141601562,451.70890617370605
336.51660499985405,Move,797.0026245117188,465.48133277893066
345.66159424416855,Move,817.0989990234375,477.9888553619385
352.36736065046335,Move,825.1364135742188,483.0378112792969
372.3893204733428,Move,831.6265869140625,486.1753520965576
394.35214305357556,Move,813.7637329101562,475.398588180542
410.48641026054025,Move,791.0615844726562,462.03526496887207
428.58552214095516,Move,771.7770080566406,450.3486270904541
438.06069433897886,Move,768.5625915527344,448.90486907958984
444.6570469463968,Move,771.767578125,451.29115104675293
452.4515201010049,Move,764.1098785400391,446.15428733825684
474.84329504247125,Move,781.3415222167969,456.2592544555664
491.12027769317945,Move,802.3108520507812,468.42065620422363
496.52170002253104,Move,819.0901794433594,478.02227783203125
503.5823929273197,Move,829.2592163085938,483.91240882873535
522.5747701028799,Move,847.9745178222656,495.394495010376
534.3988280515017,Move,847.3181762695312,494.8618984222412
552.4355620568311,Move,830.1864624023438,484.05372047424316
574.3766177546704,Move,814.6570129394531,474.65721702575684
595.2947224872676,Move,802.4272155761719,467.3605613708496
610.6228552303531,Move,793.9788208007812,462.59227180480957
626.4504592130057,Move,802.9890747070312,468.7903633117676
641.1699898006405,Move,818.5728149414062,478.2586040496826
662.7458439215742,Move,809.631591796875,472.0872917175293
668.2830800580148,Move,788.431640625,458.3660545349121
684.3317700769799,Move,775.7588195800781,451.05152893066406
693.6514255081164,Move,787.4048767089844,458.97275733947754
713.7441988214902,Move,792.8438415527344,463.18810844421387
732.8148301695672,Move,802.5924682617188,468.61135482788086
749.8883744186714,Move,819.2347412109375,478.85866355895996
759.4107181647544,Released,819.2347412109375,478.85866355895996