resolution:1536,864
0,Pressed,701.9725799560547,406.1998872756958
22.161375159850298,Move,701.9725799560547,406.1998872756958
37.588506680889175,Move,667.6224517822266,391.90776443481445
48.08358325655075,Move,660.5509185791016,390.6283378601074
61.41456044291368,Move,667.4067077636719,395.41740703582764
73.78642066558723,Move,677.4705505371094,400.93744468688965
96.54281561083151,Move,710.7405853271484,418.93274116516113
118.69067265738656,Move,731.2195587158203,428.81438541412354
135.8335870495195,Move,759.4638977050781,445.336389541626
152.2458239887206,Move,790.7649536132812,463.74774169921875
170.8146159214222,Move,818.3029174804688,479.52814292907715
189.85261311062658,Move,835.1487121582031,488.6289939880371
196.04567098455175,Move,856.8370056152344,501.41249656677246
217.34722989982203,Move,876.476806640625,513.6297225952148
223.31061141001643,Move,906.1549987792969,534.2374820709229
240.2182164423924,Move,933.6674194335938,553.1863231658936
251.26566797846536,Move,963.586669921875,574.3127746582031
268.6723065515068,Move,979.6888732910156,584.9876232147217
288.26228497932357,Move,986.33642578125,588.8204956054688
302.3030669042773,Move,999.7467956542969,598.2635021209717
319.17736648762707,Move,1001.6607055664062,598.4541492462158
332.9100716342912,Move,1011.7694091796875,605.6479110717773
339.3489330842653,Move,1023.6407775878906,613.7060737609863
358.68705867156393,Move,1043.6705932617188,628.8503665924072
380.183579805513,Move,1056.8795471191406,637.6375923156738
396.98595490126075,Move,1062.7014770507812,640.7490234375
410.3539821300424,Move,1057.2746887207031,636.1423873901367
425.88765299942094,Move,1047.8196716308594,629.0193328857422
440.0399846669553,Move,1037.2125549316406,622.386697769165
445.5080086056593,Move,1036.4696960449219,622.5551490783691
464.79508559508406,Move,1035.9898681640625,622.7601642608643
475.60460563357293,Move,1022.8663330078125,612.0443229675293
481.21022576430454,Move,1009.2681884765625,602.2854251861572
488.59949135498243,Move,1004.1495666503906,599.6732711791992
497.5786134638744,Move,997.76953125,595.1611347198486
506.54806337485354,Move,976.1384582519531,579.1138172149658
513.7071952381762,Move,966.2020568847656,572.2028331756592
528.8722006427889,Move,949.0107421875,560.7107563018799
535.7552678158446,Move,946.2267150878906,558.7374401092529
558.5786417821507,Move,943.1690368652344,556.6445960998535
574.3791039987274,Move,941.6343383789062,556.3928718566895
594.9891614310501,Move,946.0170593261719,559.6463871002197
609.4755956838919,Move,945.8208618164062,559.3246250152588
623.8775008403682,Move,948.5830993652344,562.7945880889893
640.6682565795712,Move,957.3197937011719,569.2935848236084
662.0336420111047,Move,958.0613708496094,569.3040390014648
668.8226071701248,Move,957.434326171875,568.5303783416748
676.2481735134801,Move,953.1383972167969,564.0344638824463
693.4126231880504,Move,953.7842102050781,564.6716022491455
707.0935663129206,Move,959.1831665039062,569.5188388824463
714.1721420339254,Move,964.4156799316406,573.4943103790283
726.1731384177324,Released,964.4156799316406,573.4943103790283