resolution:1536,864
0,Pressed,769.2605895996094,277.192834854126
22.74159078212849,Move,769.2605895996094,277.192834854126
30.09592130829271,Move,712.8416290283203,184.783194065094
43.94586417046637,Move,646.1787414550781,118.60532569885254
62.879606939407566,Move,571.516845703125,78.23185086250305
70.34730567385512,Move,503.1401824951172,53.49114418029785
86.34250590690644,Move,441.4664611816406,36.188111901283264
103.66567803613964,Move,392.93463134765625,24.196527779102325
118.2529823450838,Move,362.0898742675781,15.008908331394196
131.96806148972908,Move,348.2977523803711,8.470545083284378
143.15216013532898,Move,351.38033294677734,4.01136226952076
164.28641596066754,Move,389.34649658203125,1.4005275070667267
176.76899850297892,Move,496.4349060058594,0.2678800094872713
198.68324258434046,Move,746.9530792236328,0.014390138327144086
220.1878957031322,Move,1229.0809936523438,0.00012282134503038833
227.7869961675265,Move,1502.5556945800781,2.7732583229855834e-08
235.37924550573345,Move,1535.1246643066406,2.994112793085885e-14
250.94405739544604,Move,1535.9877319335938,5.976506222326551e-22
273.4474126969393,Move,1535.9998168945312,3.356595831676984e-29
285.2105243605623,Move,1536,0
305.41502043458655,Move,1536,0
327.98808414356563,Move,1536,0
342.99234637371023,Move,239.56024932861328,0
360.1081897042453,Move,3.5342184283219583e-20,0
376.26803382055624,Move,0,0
394.3859990169658,Move,0,0
403.694154483661,Released,0,0