resolution:1536,864
0,Pressed,641.1917266845703,370.4444875717163
7.7886873515145325,Move,641.1917266845703,370.4444875717163
25.643313871522356,Move,572.4385528564453,337.6410026550293
34.14182057127931,Move,558.7982482910156,334.5188341140747
48.319059197954594,Move,573.8090057373047,346.2181921005249
54.05280830192951,Move,579.1427307128906,351.1544437408447
62.09217390543261,Move,614.1008605957031,371.6135530471802
76.05534964883041,Move,655.2629241943359,395.7538719177246
93.84988191242891,Move,735.6063537597656,442.6867446899414
115.11473431260083,Move,787.646484375,467.77064323425293
128.86836597204268,Move,805.6988525390625,472.3238754272461
147.3561877533248,Move,831.8232421875,485.77098655700684
153.33188042481328,Move,844.234130859375,489.0626106262207
170.15556740048538,Move,855.721435546875,494.54384422302246
188.0160769633604,Move,855.7860717773438,493.32111740112305
204.352339596317,Move,857.2109985351562,494.44203186035156
211.58034332936344,Move,849.826904296875,488.8049125671387
229.11454930187193,Move,839.9294128417969,482.7605953216553
242.73194753919432,Move,856.9666442871094,493.84851264953613
259.7218002926825,Move,872.7345886230469,504.1934108734131
274.2803910816929,Move,865.4461669921875,500.1982669830322
295.4779293936088,Move,882.1109619140625,512.9624576568604
318.2170625818034,Move,874.4580688476562,506.2375373840332
332.60401261436556,Move,874.3263244628906,506.33955574035645
352.33812426618636,Move,886.8590698242188,515.1875495910645
370.0762742892663,Move,917.3324890136719,537.3077144622803
378.62111695942633,Move,910.4618225097656,532.5495185852051
393.4455803361367,Move,919.1752624511719,537.2479248046875
414.4541711758711,Move,937.0124816894531,551.5473861694336
433.5287333637262,Move,909.533935546875,530.9572906494141
446.5260662674433,Move,894.9582824707031,522.3277015686035
467.92942661559994,Move,865.2886047363281,503.9549732208252
478.19949256609334,Move,860.9731750488281,498.2575492858887
494.26087449673275,Move,875.2989807128906,507.25169563293457
503.63373434083127,Move,895.6690979003906,522.2862968444824
509.87616396831277,Move,900.5739440917969,524.8109035491943
515.1227199311603,Move,904.6236877441406,527.7040328979492
523.8513709870234,Move,912.1343078613281,534.024227142334
541.3131156696052,Move,906.1294555664062,527.552318572998
562.4526943962812,Move,897.2128601074219,520.7817192077637
578.6100031075595,Move,877.4884643554688,507.15966796875
590.7014437937661,Move,847.9205932617188,490.2827625274658
604.2560411785789,Move,813.5958251953125,471.2947826385498
610.7828746130972,Move,815.202392578125,472.72834396362305
623.7973578982562,Move,849.2886657714844,493.79464530944824
631.4617537385575,Move,866.5849914550781,505.3048496246338
639.6118169421051,Move,869.9177856445312,503.9535827636719
660.2557796446223,Move,858.0500793457031,495.30164337158203
667.9035233654392,Move,821.4932556152344,472.88793754577637
682.2522598315335,Move,804.4453125,462.73595237731934
690.8482846863515,Move,800.6779174804688,461.66586685180664
698.7006856288689,Released,800.6779174804688,461.66586685180664