resolution:1536,864
0,Pressed,676.4181060791016,393.4678831100464
10.157821542622912,Move,676.4181060791016,393.4678831100464
27.898875735279137,Move,624.5037689208984,370.90089225769043
38.66292197995578,Move,613.8386077880859,369.0601587295532
51.61673686911264,Move,626.0818176269531,377.6198387145996
58.34149128955707,Move,653.2041778564453,392.1944046020508
73.75373922545658,Move,716.6623992919922,428.3136405944824
80.07301048463412,Move,779.9039611816406,464.67172622680664
93.6522649167203,Move,829.5732421875,492.87915802001953
114.31564111767825,Move,878.9718933105469,522.1486415863037
127.01411814117606,Move,904.4468994140625,535.1273231506348
132.87029329093164,Move,912.7253723144531,537.5098972320557
152.74162902251078,Move,920.6824035644531,541.4416465759277
170.87676260256276,Move,908.1912231445312,532.4916858673096
190.56511488567278,Move,903.8135375976562,529.8574905395508
202.93453257175452,Move,905.7947387695312,531.1162147521973
218.63941726084215,Move,921.6669616699219,542.1849746704102
238.21051281405917,Move,930.6823425292969,547.6440124511719
258.47133022888994,Move,936.478271484375,551.4414024353027
273.4843445083093,Move,951.5202941894531,562.0012550354004
279.5558115769584,Move,971.6954040527344,576.50119972229
300.18217930602935,Move,977.0285339355469,579.8493175506592
319.049322954844,Move,972.5907897949219,575.2507152557373
327.30504225217305,Move,960.41162109375,566.7214450836182
336.46201831150114,Move,944.70556640625,556.0802249908447
342.17161488519383,Move,943.3388671875,555.5396461486816
352.4529386909276,Move,926.5200805664062,544.5853672027588
367.5144090921553,Move,905.1139526367188,530.9065647125244
373.08672686795137,Move,914.4353942871094,537.0835418701172
381.8240858727544,Move,930.3704223632812,548.3170967102051
402.9090861356374,Move,932.6986999511719,549.0213375091553
425.80544615662546,Move,935.8829040527344,550.8757953643799
441.60733426314647,Move,938.5587158203125,552.5545406341553
462.39804196184787,Move,946.9151916503906,559.7247676849365
482.1134638910357,Move,962.7945556640625,571.752119064331
503.64862522432765,Move,984.0303039550781,585.9131526947021
519.4324828922707,Move,1020.3456115722656,613.1481399536133
527.4977505602874,Move,1059.7337036132812,640.5287132263184
541.2838457409043,Move,1070.5535888671875,645.6496639251709
548.1159716257031,Move,1085.8554382324219,654.7936191558838
564.7337497416349,Move,1097.2725219726562,661.3359260559082
576.1232323873356,Move,1091.5689697265625,655.1459197998047
592.0653126032396,Move,1098.4611511230469,659.4716835021973
603.864676086158,Move,1095.8861389160156,656.9043846130371
622.5990737896161,Move,1092.33837890625,655.5755195617676
637.034918761222,Move,1103.7513427734375,664.9322147369385
645.3168118914062,Move,1119.7855224609375,676.3834018707275
662.3811829529951,Move,1128.6512145996094,681.9770565032959
673.5287644240552,Move,1138.5486145019531,688.205738067627
679.5342612584466,Move,1163.619873046875,703.8464241027832
694.4002393030364,Move,1192.4711608886719,721.2299709320068
714.1977616613107,Released,1192.4711608886719,721.2299709320068