resolution:1536,864
0,Pressed,873.9743957519531,506.9750461578369
14.911639677154707,Move,873.9743957519531,506.9750461578369
34.01359241891408,Move,913.204833984375,538.1466751098633
56.136586582822645,Move,914.7504272460938,539.7577514648438
65.96970265510295,Move,896.115234375,526.2811832427979
78.53123035531293,Move,872.0484008789062,507.7207946777344
86.65359118337817,Move,849.762451171875,489.8588275909424
94.0529465043529,Move,825.0114440917969,469.00876808166504
108.95197531347273,Move,799.3443603515625,443.16552543640137
123.0911899763174,Move,774.7913818359375,418.7853527069092
128.27204520628345,Move,752.0840148925781,395.1130771636963
150.4129280621257,Move,728.6079711914062,372.17395877838135
165.97858571213425,Move,705.0192260742188,349.5686273574829
171.27586634851912,Move,680.7145843505859,327.77094554901123
186.54382270192485,Move,657.8498382568359,307.32337188720703
192.96541100144637,Move,634.7624359130859,286.30730724334717
214.27395666231558,Move,613.86474609375,266.3302230834961
224.96594805211635,Move,592.918212890625,246.41099739074707
236.72879448514846,Move,570.7237701416016,227.63838386535645
248.8655290398001,Move,552.2197265625,211.89116048812866
266.5508682232715,Move,529.8195648193359,195.36074924468994
287.9558185764267,Move,511.9390869140625,183.71187257766724
305.250763377781,Move,491.0191955566406,170.07573652267456
313.1047868454711,Move,475.1814880371094,160.37199354171753
324.39958395151274,Move,464.11244201660156,151.0731439590454
337.4285697682529,Move,444.11260986328125,136.12975931167603
359.92128835085015,Released,444.11260986328125,136.12975931167603