resolution:1536,864
0,Pressed,661.6678619384766,351.47919273376465
7.610081153169023,Move,661.6678619384766,351.47919273376465
27.028664201970486,Move,536.575927734375,283.0165843963623
34.124745938249845,Move,432.15696716308594,223.89195156097412
56.738630252568214,Move,338.0364303588867,171.51373958587646
63.73698962944414,Move,265.44495391845703,128.45188665390015
68.89126339265097,Move,213.1208038330078,94.53882336616516
77.14737784701128,Move,173.7681427001953,67.07437205314636
86.12917241191349,Move,144.35798263549805,43.90689039230347
93.91741235895577,Move,118.95719146728516,25.17928969860077
100.24844074784916,Move,96.02359771728516,11.306679368019104
112.61400894697789,Move,69.88101196289062,3.25336517393589
135.5631292499496,Move,40.98694324493408,0.3382631270214915
145.00316310661384,Move,15.253262042999268,0.007037348201265559
160.13773770472858,Move,2.6653414964675903,1.1563795681013289e-05
178.52943268719105,Move,0.21760880202054977,3.9903597613688557e-10
193.4113642709457,Move,0.008085199864581227,1.0820046265675532e-16
206.59463745703263,Move,0.0002343976084375754,4.8251291716532644e-24
214.7341219344047,Move,0.00011863160762004554,5.551871344288432e-33
231.46057890477698,Move,0.0003241849262849428,0
246.95946210316745,Move,1411.3166198730469,0
268.9501665092907,Move,6.512711048126221,0
277.06086277489266,Move,2.3691627859534492e-07,0
282.9315649481896,Move,2.7506873838297495e-18,0
294.6675198870404,Move,3.8314670132919984e-34,0
313.15473191290306,Move,0,0
323.4478635674819,Released,0,0