resolution:1536,864
0,Pressed,738.2340087890625,283.1052131652832
8.300691474024028,Move,738.2340087890625,283.1052131652832
31.201783451714164,Move,654.0572662353516,184.50134325027466
49.76729949829077,Move,561.2121734619141,114.96113061904907
62.84970099205965,Move,465.49159240722656,71.98603963851929
73.31417122446062,Move,385.5037078857422,45.13033175468445
80.38809173409018,Move,324.1339874267578,27.8240647315979
85.60627550573025,Move,281.9839782714844,15.441538453102112
92.09087128699124,Move,261.08773040771484,7.4004523158073425
105.39929055568548,Move,262.43797302246094,2.7758596166968346
120.40448189515487,Move,310.2952194213867,0.6331239547580481
136.89941056791415,Move,460.2084503173828,0.0480343212839216
158.77215451898056,Move,886.431884765625,0.0006821586521255085
174.58102534298567,Move,1424.2263793945312,3.6433612127240167e-07
187.66591234364864,Move,1532.4767761230469,1.4348866028462883e-12
193.94987979913805,Move,1535.9690551757812,1.683875598856412e-19
199.1344372632486,Move,1536,8.270641176729236e-26
214.96017926941943,Move,1536,8.681464725795636e-34
227.241733609977,Move,1536,0
240.07884377496666,Move,1536,0
257.75760256227244,Move,1536,0
280.3740612685454,Move,6.083808511903044e-05,0
285.57654803871793,Move,1.3924088229646233e-31,0
296.4875078794898,Move,0,0
316.4902490815966,Move,0,0
333.6605502518852,Move,0,0
349.8858776244797,Released,0,0