resolution:1536,864
0,Pressed,796.9679260253906,230.12797164916992
15.197358390880549,Move,796.9679260253906,230.12797164916992
21.393259940113754,Move,748.5157470703125,117.55805397033691
38.459794265866734,Move,679.5025634765625,59.78232550621033
58.8679622904624,Move,598.2116546630859,31.8126779794693
74.36162622215184,Move,515.375244140625,16.908884346485138
83.81355760220247,Move,449.51426696777344,8.475648254156113
105.93825112809465,Move,402.8463134765625,3.512141078710556
112.11166595260529,Move,375.0003433227539,1.0108117572963238
128.2641988466187,Move,384.23094177246094,0.1463078591041267
150.8911970433914,Move,453.14524841308594,0.004764868746860884
164.0883269816264,Move,636.262939453125,1.879158793371971e-05
179.81949205865652,Move,857.0901489257812,9.817802820721866e-10
184.99827570436045,Move,914.7513427734375,1.1738228781087305e-16
203.28763719823928,Move,813.08056640625,1.320628815497839e-26
225.02380482817085,Move,480.8616943359375,0
237.60470109640596,Move,0.5084441006183624,0
243.61527495392076,Move,4.0414095403562555e-09,0
266.6116032381002,Move,1.4042786866345524e-22,0
281.61932620018916,Move,0,0
296.49108693609406,Move,0,0
316.07501030997963,Move,0,0
321.8584202161222,Move,0,0
333.193712088499,Move,0,0
355.73604527342644,Move,0,0
372.5142896881519,Move,0,0
380.83418975699624,Released,0,0