resolution:1536,864
0,Pressed,919.5926513671875,548.9224605560303
5.258829315541933,Move,919.5926513671875,548.9224605560303
27.741923955812105,Move,984.3446044921875,600.3917255401611
40.373955636110225,Move,993.4256286621094,606.3958225250244
47.0555927062531,Move,983.0996704101562,600.6029205322266
64.44573378253969,Move,950.6552124023438,576.1431312561035
83.74802027771557,Move,909.3455200195312,540.8701171875
99.24525119922181,Move,877.1188659667969,514.0703430175781
107.90723570525671,Move,846.4338684082031,486.488977432251
114.1392941654324,Move,812.914306640625,454.9767379760742
119.69333836346186,Move,786.027099609375,432.53491401672363
126.66711937054829,Move,764.5089111328125,413.9843873977661
142.07413305180407,Move,745.3981475830078,397.17321968078613
156.35202070937098,Move,725.6818542480469,381.7398405075073
165.33785557476244,Move,709.7980041503906,366.10471630096436
183.13630097287302,Move,687.56689453125,347.99751377105713
203.63092137051768,Move,662.5805969238281,328.2560091018677
214.0262340373646,Move,631.8211669921875,307.1824722290039
231.78905955504055,Move,604.7579040527344,288.9547119140625
242.0263106994845,Move,588.1955108642578,277.0999059677124
257.63090017860856,Move,578.6976470947266,266.6054048538208
279.7804088238368,Move,561.333984375,252.9089126586914
300.38414292404457,Move,539.8643646240234,237.96471691131592
315.9006293857817,Move,519.2445373535156,225.2453556060791
334.05422200576885,Move,492.9084777832031,210.09843635559082
356.3113735753371,Move,463.4019012451172,190.73718309402466
374.0637521749822,Released,463.4019012451172,190.73718309402466