resolution:1536,864
0,Pressed,799.9186706542969,443.37651443481445
11.670959244915586,Move,799.9186706542969,443.37651443481445
17.59084129795219,Move,817.9323120117188,463.26432609558105
38.35548998119839,Move,836.3348693847656,475.7402801513672
55.711119358150405,Move,850.8717956542969,483.8463878631592
64.13937263151084,Move,867.769775390625,486.22386360168457
86.04020825321449,Move,887.7541809082031,479.6184196472168
103.58925684569252,Move,919.5529174804688,458.6531066894531
120.23774097714471,Move,964.412109375,428.29896354675293
133.34056012411463,Move,1027.1020202636719,388.6740503311157
156.247255214392,Move,1099.9822998046875,336.67839431762695
175.53816318700794,Move,1190.5853576660156,270.73153495788574
184.88977650247307,Move,1296.9537048339844,186.07150411605835
203.86821502688613,Move,1405.0419616699219,95.07812118530273
222.59296757006052,Move,1490.8140563964844,25.307050824165344
241.43818604289564,Move,1531.0083618164062,1.5548033751547337
246.5482729702119,Move,1535.9293212890625,0.005593771129497327
252.69199616290896,Move,1536,6.580818290302659e-08
264.9808654463195,Move,1536,7.580158791646267e-16
283.12884602824084,Move,1536,2.7884597087584615e-28
290.4517621341881,Move,1536,0
297.86402422924886,Move,1536,0
312.2321089504326,Move,1536,0
324.1582254176365,Move,1536,0
333.46106470409404,Move,1536,0
354.15428660789837,Move,1536,0
368.98200309868497,Released,1536,0