resolution:1536,864
0,Pressed,770.2717895507812,434.43402099609375
7.697198533040519,Move,770.2717895507812,434.43402099609375
26.873015447961663,Move,770.8160705566406,435.439733505249
47.231154128949754,Move,771.2507629394531,436.1088523864746
68.04294333952592,Move,771.55078125,436.5216636657715
78.08960899311562,Move,771.7210693359375,436.8482151031494
99.18022820777799,Move,771.8323059082031,437.0833568572998
114.71682001826987,Move,771.8904418945312,437.2075710296631
135.2983371688201,Move,771.9390563964844,437.2253894805908
156.2368235980989,Move,772.0060729980469,437.1616859436035
165.74134786712727,Move,771.9637756347656,437.04699897766113
172.99602250383546,Move,771.9989318847656,437.04138565063477
182.2001174800767,Move,772.0207214355469,437.03772926330566
190.91873407360163,Move,771.9758605957031,437.0126495361328
197.311116782902,Move,771.84521484375,437.10441970825195
215.11800860070522,Move,771.8587646484375,437.2460403442383
224.95061681845056,Move,771.9260559082031,437.2972812652588
246.05011584033144,Move,771.9485778808594,437.3024311065674
260.6277804316649,Move,771.9576416015625,437.2456798553467
277.4810394814188,Move,771.9461059570312,437.3001651763916
283.1057440886273,Move,771.9125061035156,437.26591873168945
289.7969859355486,Move,771.8744201660156,437.2499542236328
298.43394041501284,Move,771.9204711914062,437.2756519317627
307.0179032492063,Move,771.9532470703125,437.2690086364746
313.75509377230156,Move,771.9863891601562,437.2999076843262
328.6620568157441,Move,772.0124816894531,437.35058212280273
348.8096529011164,Move,771.9803466796875,437.3562469482422
358.50229318659734,Move,771.9333801269531,437.2389850616455
375.5906292879195,Move,771.9320068359375,437.15828704833984
391.243136471145,Move,771.9037170410156,437.1397476196289
399.1918028146386,Move,771.8566589355469,437.1354732513428
413.47526646030747,Move,771.8602294921875,437.10951805114746
423.61854232135073,Move,771.9218444824219,437.13743019104004
432.47436978855757,Move,771.9765014648438,437.1203327178955
444.3540077316793,Move,771.9929809570312,437.12970542907715
456.6064943589223,Move,771.9850158691406,437.20396614074707
479.51454488719725,Move,771.9705505371094,437.1361427307129
495.6072376143495,Move,771.9140625,437.1881561279297
516.4461259903854,Move,771.9520568847656,437.1526222229004
523.8706839286257,Move,771.7937622070312,437.05323028564453
533.2256298569059,Move,771.8768920898438,437.01002311706543
553.8381534792791,Move,771.9546203613281,436.980411529541
564.840185715843,Move,771.9948120117188,437.02490615844727
587.075359903575,Move,771.94482421875,437.03520584106445
598.8640531335826,Move,771.8396301269531,437.2169952392578
609.5214856676662,Move,771.7717895507812,437.3532085418701
623.1104349008248,Move,771.8262634277344,437.32014656066895
644.8500942159935,Move,771.8291015625,437.37030601501465
657.2468040422683,Move,771.8062133789062,437.41212272644043
662.7854899116716,Move,771.8343200683594,437.2956848144531
685.3544217291363,Move,771.7474365234375,437.15535163879395
691.1603864049422,Released,771.7474365234375,437.15535163879395