resolution:1536,864
0,Pressed,773.3432006835938,402.5060863494873
12.055471682034671,Move,773.3432006835938,402.5060863494873
30.05392412225951,Move,778.4256591796875,396.41294860839844
41.54126975603857,Move,771.7022094726562,390.0156354904175
63.89611822572386,Move,756.8475952148438,388.39086055755615
69.34978033367726,Move,742.2696075439453,391.32235622406006
87.30270493206541,Move,730.0505676269531,397.756799697876
93.76845308056193,Move,725.1443481445312,404.5878324508667
99.47037944300263,Move,727.8362731933594,410.4272632598877
117.63651310956106,Move,722.1976776123047,410.345664024353
126.27781695243783,Move,721.4778442382812,410.73967838287354
139.94498339722026,Move,727.2871856689453,410.7529649734497
153.76382841852273,Move,734.08740234375,411.45699977874756
159.4404936090248,Move,735.692138671875,408.8296022415161
166.36972250593644,Move,735.9819946289062,408.29651641845703
188.4420052277996,Move,733.8521575927734,408.86881828308105
206.99257123139031,Move,733.7772216796875,408.5477514266968
229.73386200468212,Move,732.9776916503906,407.50833320617676
236.84061628024918,Move,730.3100280761719,408.18481636047363
255.27106197190687,Move,727.5584106445312,409.5317573547363
277.0261342278836,Move,729.3506927490234,409.4895544052124
284.77126240966635,Move,729.9345703125,409.09723949432373
291.3309273037737,Move,730.9007720947266,409.1117362976074
308.1103766385854,Move,731.1653137207031,408.4046115875244
325.42818953050676,Move,729.8934173583984,407.66821002960205
346.0637367413545,Move,731.3444366455078,406.62490367889404
354.91506258358703,Move,731.155517578125,408.92647075653076
359.94393601516464,Move,730.4480438232422,410.6419086456299
380.96352537843086,Move,731.5767974853516,411.8579406738281
401.5198159598884,Move,732.9522857666016,411.31077003479004
409.27108052857596,Move,731.3654937744141,410.3190908432007
415.0298992218147,Move,733.5237579345703,409.7480249404907
427.18756603631,Move,731.6183166503906,410.462513923645
439.8945402965217,Move,736.2748718261719,410.24416065216064
462.40807184736593,Move,736.6214904785156,409.8160285949707
471.1559079114283,Move,747.393310546875,410.438515663147
492.69149372642363,Move,762.8539123535156,414.07219219207764
498.06464576693514,Move,779.6978759765625,418.01738262176514
513.5680444919981,Move,787.1790161132812,419.32824897766113
528.3952863762298,Move,782.4943542480469,415.14935874938965
534.6629108485504,Move,772.1312255859375,412.4483699798584
552.2279154743082,Move,765.8565216064453,408.87942695617676
569.3629052485604,Move,761.3384399414062,407.73639392852783
580.8785247606971,Move,760.7085113525391,410.33170795440674
597.1309401437663,Move,760.0055694580078,414.5953645706177
615.0567873757353,Move,763.5935211181641,418.21843242645264
633.3460423372808,Move,772.222412109375,418.39043712615967
642.5425478025746,Move,773.18408203125,416.92105865478516
654.5929039918916,Move,771.1792602539062,415.76103115081787
665.708737556565,Move,768.0906372070312,414.74988555908203
679.1535688079643,Move,764.2406616210938,416.34582138061523
687.8060924735512,Released,764.2406616210938,416.34582138061523