resolution:1536,864
0,Pressed,594.8062133789062,124.77967643737793
16.140704723159804,Move,594.8062133789062,124.77967643737793
36.333534914321454,Move,378.25978088378906,19.83911508321762
48.51910850705925,Move,188.89765548706055,1.870310716331005
58.39071419986403,Move,66.20458602905273,0.07428687578067183
67.77377608760605,Move,16.9017276763916,0.0005297654861351475
87.67396100115451,Move,1.7030852437019348,1.2943280447430539e-07
103.2470125627171,Move,0.0403256518766284,2.893022049338715e-13
123.03854238427989,Move,7.09900868969271e-05,9.160663607076956e-22
134.48380127679482,Move,1.1771409680338962e-09,6.214468779685954e-34
156.88219295361426,Move,4.332417485854994e-16,0
170.89454735441458,Move,1.3395129957886532e-25,0
177.0773053622678,Move,0,0
191.00421863825503,Move,0,0
206.26896729147748,Move,0,0
218.99554268658477,Move,0,0
234.04065350705974,Move,0,0
253.3505054840797,Move,0,0
271.2668404289263,Move,0,0
285.7434049260347,Move,0,0
296.66151142290227,Move,0,0
315.3792251564618,Move,0,0
327.77960594266267,Move,0,0
349.54326170937867,Move,0,0
370.2987433661446,Move,0,0
378.29544810245994,Move,0,0
398.6328632523755,Released,0,0