resolution:1536,864
0,Pressed,740.5440216064453,366.7725477218628
7.058169259484815,Move,740.5440216064453,366.7725477218628
26.68993695732062,Move,733.814208984375,329.3156147003174
40.75485213906568,Move,715.5588226318359,307.5202760696411
60.89102390652285,Move,694.1182708740234,290.0703992843628
78.99955329268104,Move,679.2978057861328,293.52957344055176
86.9157548223009,Move,671.6730194091797,312.38713359832764
98.1820969186106,Move,672.5876312255859,333.0356283187866
107.2895591101944,Move,680.3829345703125,354.03202056884766
113.21498795553262,Move,697.8137512207031,382.82516956329346
131.4537483386865,Move,711.2205963134766,398.3146562576294
145.87321291098692,Move,723.2902221679688,407.611536026001
164.9517436810604,Move,737.6048583984375,423.3684024810791
185.21684211769602,Move,747.0348358154297,428.4040718078613
197.6374606263908,Move,757.6886444091797,433.64774322509766
210.01819622229732,Move,764.9649810791016,439.6282024383545
228.22864661647606,Move,767.3453979492188,440.04034423828125
237.89180379587285,Move,765.5298156738281,436.77560234069824
244.65633288679953,Move,762.894287109375,433.76423263549805
264.0340742220586,Move,752.3676910400391,423.43380546569824
284.64490713205043,Move,744.8461761474609,417.1238079071045
304.5183628071446,Move,740.3967132568359,410.3143787384033
318.1018000645425,Move,738.9902801513672,410.0581998825073
324.0848651682196,Move,736.9724578857422,413.3398847579956
331.6736099637701,Move,741.4914093017578,422.86217308044434
338.7827107533176,Move,747.5193786621094,426.9521770477295
345.70620271755524,Move,746.013427734375,423.0798053741455
351.49799921526693,Move,755.4655151367188,433.69388580322266
365.00511136200635,Move,758.3847198486328,435.5632781982422
387.9930916884541,Move,763.4425048828125,437.5242862701416
407.80144879621093,Move,752.2099456787109,426.9216899871826
414.062537812825,Move,743.7408142089844,415.1027526855469
436.8005853912793,Move,736.7285614013672,413.98721981048584
456.94442979943665,Move,735.9049072265625,418.3554697036743
469.6910521509918,Move,732.6208648681641,419.64375400543213
484.2189659923676,Move,737.0398864746094,422.7014465332031
499.39864669416835,Move,746.5950622558594,428.746356010437
511.3145587906045,Move,755.0990753173828,430.33183765411377
530.143043182727,Move,755.1785888671875,427.6933937072754
539.0878948635961,Move,749.8933868408203,424.3013219833374
548.7106924475765,Move,751.6372833251953,427.325231552124
566.7205443641448,Move,754.2034606933594,427.34892082214355
575.7321404393471,Move,744.16259765625,423.7625970840454
588.0049896854086,Move,741.5992126464844,421.20879077911377
604.3970444706732,Move,740.2816772460938,421.3072814941406
610.5148914706473,Move,737.677734375,421.16184997558594
631.0721463585351,Move,738.2882537841797,418.4048824310303
647.3332365149614,Move,735.2123107910156,412.2782964706421
655.2080865590985,Move,733.1425323486328,409.25168323516846
665.5301201721433,Move,733.131591796875,409.7891206741333
682.973349088412,Move,734.1416015625,410.8724670410156
693.1982470846149,Released,734.1416015625,410.8724670410156