resolution:1536,864
0,Pressed,701.893798828125,412.1115188598633
21.442486812775776,Move,701.893798828125,412.1115188598633
33.97159232175086,Move,625.0324859619141,394.92106533050537
55.42450441245754,Move,557.3541412353516,370.6154623031616
60.64405984255117,Move,503.536376953125,343.802942276001
71.06882506279554,Move,471.0095672607422,319.4471797943115
87.68757431389953,Move,468.064453125,294.639853477478
105.51446400256941,Move,490.9373474121094,271.8917169570923
114.074947971504,Move,535.3128204345703,252.67181396484375
128.8865783274504,Move,604.4629669189453,235.74557304382324
138.03437864771237,Move,697.1910552978516,218.52092456817627
144.92993336974283,Move,818.860107421875,196.92779445648193
160.4408477496396,Move,961.6594848632812,167.53407096862793
170.90000437709185,Move,1110.0464172363281,129.57580089569092
178.40524121646237,Move,1263.1189270019531,81.07552886009216
192.2981170334512,Move,1407.775634765625,32.53017961978912
212.00426295368237,Move,1505.0711059570312,4.866070166230202
220.89845679510466,Move,1534.6278991699219,0.0817073117941618
227.8356783150495,Move,1535.9983520507812,1.2767949641556697e-05
250.1600947427374,Move,1536,2.569164607620078e-12
271.48642770796187,Move,1536,5.938731160340718e-22
281.74869618031613,Move,1536,1.3743498446867792e-35
302.44986681197423,Move,1536,0
314.9902562835319,Move,1536,0
331.2928078867702,Move,1536,0
353.79582564978614,Move,1536,0
363.3336493369387,Released,1536,0