resolution:1536,864
0,Pressed,796.4713439941406,219.40844821929932
20.23847095915484,Move,796.4713439941406,219.40844821929932
38.670025385070815,Move,747.2537384033203,99.79140400886536
49.713974388075876,Move,673.3293914794922,47.297587752342224
64.12193014238075,Move,584.3233795166016,21.06570428609848
73.92931052187805,Move,483.49342346191406,8.776843965053558
96.91296625790973,Move,389.31431579589844,3.054305300116539
117.3708676333537,Move,311.23377227783203,0.6679514162242413
131.99603694547207,Move,240.99597930908203,0.05323307099752128
146.5392779274809,Move,177.23701858520508,0.0004890002637694124
162.4715611311349,Move,92.31469917297363,1.973476302374877e-07
173.44429344228215,Move,18.963655471801758,4.640729176673885e-13
183.82905433088357,Move,0.4503570646047592,1.6023651624779676e-21
188.86574723588024,Move,0.002425685233902186,5.250183241756177e-34
208.82331954756512,Move,1.5737592775622034e-06,0
215.23550523074974,Move,4.192167039939257e-13,0
236.81309844960498,Move,5.314966478589851e-28,0
254.7791236147935,Move,0,0
263.2927233246041,Move,0,0
286.0371055649158,Move,0,0
303.11738934255453,Move,0,0
313.23247856526206,Move,0,0
327.826559134647,Move,0,0
348.4669179724529,Move,0,0
368.53289039594387,Move,0,0
381.6875697700337,Move,0,0
397.8907304907158,Released,0,0