resolution:1536,864
0,Pressed,706.4967041015625,407.95147705078125
5.123914854452463,Move,706.4967041015625,407.95147705078125
18.688143913917287,Move,670.6579284667969,392.8760633468628
34.86182291517845,Move,663.5813140869141,392.10719203948975
52.72010478709853,Move,667.8407135009766,395.33400535583496
74.77126065840837,Move,683.5564270019531,403.40522289276123
92.10587825045516,Move,692.8698577880859,408.5874309539795
103.92449806304892,Move,716.6885375976562,421.0344429016113
120.72780044084018,Move,741.6525421142578,434.8293228149414
142.43413516877618,Move,763.3697662353516,447.0004577636719
151.31136932281368,Move,793.9485168457031,465.259220123291
172.0228785107835,Move,809.2271118164062,473.27984046936035
180.35350182555706,Move,827.241943359375,483.4992370605469
198.00743379643387,Move,852.9694519042969,499.1348247528076
205.77816879606962,Move,880.7601013183594,517.4921550750732
223.2295943671363,Move,891.7805786132812,523.5805034637451
238.99605005810093,Move,897.9533386230469,526.923059463501
254.54276107375853,Move,901.941650390625,529.2162837982178
266.1622610569069,Move,908.2080688476562,534.0593490600586
280.87983445930473,Move,913.3976440429688,537.4122562408447
299.67737289926407,Move,915.2489318847656,538.4999027252197
305.8969854548676,Move,919.3925170898438,541.202075958252
311.64970161690985,Move,922.6137084960938,543.9251575469971
331.1021272969337,Move,932.7994995117188,551.0944576263428
337.8673604415836,Move,943.5908203125,559.2717876434326
350.59309271086033,Move,951.3760070800781,564.7469444274902
371.9647763260569,Move,946.0413208007812,559.395435333252
377.3288460196383,Move,934.1069641113281,550.8731689453125
382.88565765281015,Move,932.3893432617188,549.588077545166
390.57574943466034,Move,939.0237121582031,555.194091796875
403.0001352254354,Move,945.4476013183594,559.4698505401611
421.45812408645645,Move,957.8087768554688,568.6993961334229
439.26543911929247,Move,974.9742736816406,582.1903324127197
462.130538789624,Move,989.8287963867188,592.5651512145996
471.03181175502436,Move,994.7713623046875,595.6144752502441
477.3863836308705,Move,998.9973449707031,597.7593841552734
495.6149086523302,Move,1003.8755493164062,600.9418830871582
518.3166584086516,Move,1004.3460388183594,601.7651882171631
530.4387589394535,Move,1009.9710388183594,605.4827556610107
539.7726343395374,Move,1009.2331237792969,605.139518737793
547.4288733897176,Move,1008.6713562011719,604.3366584777832
561.9658470704529,Move,1005.5863952636719,601.463098526001
584.2783909025367,Move,998.3619689941406,596.5199203491211
605.8439303593916,Move,1000.2600402832031,598.3520793914795
619.9781725935782,Move,1007.7275390625,604.1764469146729
628.1720478868319,Move,1010.1534118652344,605.2199077606201
645.7872354704888,Move,1006.2241516113281,602.4015026092529
657.1710536144903,Move,999.1546325683594,597.5506610870361
674.6249275249052,Move,992.1942443847656,592.3078136444092
694.7398005555583,Move,985.5021057128906,587.3917751312256
716.1955440392794,Move,979.2652587890625,583.6516513824463
731.2873798373469,Released,979.2652587890625,583.6516513824463