resolution:1536,864
0,Pressed,701.0473022460938,350.38770961761475
7.333066749957165,Move,701.0473022460938,350.38770961761475
13.656439093719053,Move,672.2664642333984,313.8058376312256
20.958167263828223,Move,656.9077606201172,307.0748920440674
41.670210432723906,Move,655.4665374755859,321.907696723938
60.78896256875606,Move,664.6214447021484,345.44481468200684
73.2375785213571,Move,670.8597106933594,356.3331241607666
80.32764840338264,Move,680.0944519042969,368.7842044830322
100.70456146784912,Move,687.6524505615234,377.6245765686035
111.12624988093626,Move,698.3723602294922,389.31299114227295
123.45560634629827,Move,705.5484924316406,393.6274251937866
133.7574450229524,Move,709.7365264892578,394.09325408935547
151.48400378500253,Move,715.2114715576172,399.1630668640137
168.33940114704782,Move,724.6244201660156,408.0639238357544
182.14016858143066,Move,732.7716979980469,417.0493412017822
200.98830084445592,Move,736.5398712158203,420.1514253616333
211.25616919558286,Move,748.1143341064453,429.44918060302734
226.90038852301856,Move,748.5390472412109,430.0989360809326
232.56868548958667,Move,757.3109893798828,431.3547763824463
244.7260777136664,Move,761.5775299072266,433.71108627319336
257.3375437027597,Move,766.3455505371094,436.02099609375
264.2776541485741,Move,772.4231872558594,438.24964141845703
285.45500148339306,Move,779.1164245605469,442.6669692993164
307.885776086723,Move,793.2250671386719,453.52098083496094
327.9017300796887,Move,819.4492492675781,474.09356689453125
339.6662685207484,Move,840.1101379394531,488.0325393676758
360.73394381442796,Move,860.5252075195312,500.2869987487793
375.0946613884717,Move,843.1462097167969,488.8589344024658
389.1537074458378,Move,831.970458984375,480.4578437805176
411.93418656112686,Move,827.0249633789062,476.304651260376
423.60872448381633,Move,808.8818664550781,459.6357479095459
434.5882560714842,Move,785.4309997558594,446.0690059661865
447.6250352799389,Move,770.6515502929688,435.1566982269287
470.02091695422774,Move,772.481689453125,436.7659206390381
478.4018548322715,Move,757.0191192626953,424.21853828430176
494.2102528090504,Move,749.1873779296875,418.77353382110596
509.5021769832742,Move,739.8457489013672,410.7098608016968
518.9577600789363,Move,731.1907653808594,402.19905281066895
525.716549687669,Move,726.6038360595703,398.10951232910156
531.4345146717103,Move,727.7392730712891,405.41724014282227
538.5053736684902,Move,739.1899108886719,418.03705501556396
544.7353027387896,Move,736.5009613037109,418.0736961364746
557.8201567627581,Move,737.3406829833984,422.92252922058105
577.457997236755,Move,759.6386260986328,437.4774227142334
597.6426336758733,Move,762.9615325927734,436.6714725494385
608.1806647542585,Move,778.5255432128906,447.70629501342773
626.4697585466281,Move,798.5901489257812,461.4630661010742
632.9933077778929,Move,807.0372619628906,466.641077041626
640.3211874643542,Move,805.7536010742188,462.6361484527588
654.7803049329912,Move,814.2049255371094,469.2308807373047
661.281973723238,Move,816.7740783691406,468.7815570831299
671.9420436533,Released,816.7740783691406,468.7815570831299