resolution:1536,864
0,Pressed,771.4915466308594,407.8908634185791
15.22865470605659,Move,771.4915466308594,407.8908634185791
34.94346798725606,Move,775.458251953125,405.0757026672363
57.47520843743009,Move,767.3041076660156,401.1940870285034
73.01585624428553,Move,762.8860931396484,397.3542881011963
88.13885626522944,Move,744.4875183105469,397.31800746917725
106.44565227705664,Move,725.8465118408203,400.3520107269287
113.24809275783578,Move,715.9748382568359,405.09740924835205
128.563683265176,Move,714.2972259521484,407.20006370544434
136.66591260240017,Move,717.3175048828125,407.118953704834
142.8425562631531,Move,721.7493438720703,403.2491054534912
161.6526267066549,Move,725.2516479492188,400.1255464553833
178.71803336480912,Move,730.2496490478516,396.9376916885376
197.50867384351363,Move,730.5557098388672,395.78170680999756
214.1959989203199,Move,729.0963134765625,396.0598497390747
235.41575919162582,Move,723.3260192871094,398.4529552459717
249.9845245500638,Move,722.2115936279297,397.605188369751
262.59432009361547,Move,721.4627380371094,394.65144538879395
270.94750584976754,Move,724.2972564697266,393.0744352340698
280.6731992624925,Move,724.6893768310547,393.19555950164795
289.27160206108493,Move,729.8060302734375,391.7306098937988
295.56601814238314,Move,732.6395416259766,391.64715671539307
302.63100897619114,Move,729.8919067382812,393.69851875305176
323.7355367815045,Move,724.7988739013672,396.60369873046875
335.47794383227415,Move,723.8447113037109,396.5047960281372
344.8146910042577,Move,727.2872772216797,393.8356075286865
359.3188756244541,Move,731.0292205810547,391.8792085647583
381.0550441073692,Move,730.8196563720703,391.76771450042725
401.6703186372047,Move,730.9033355712891,390.94752502441406
419.6417889131931,Move,733.9215545654297,388.5725212097168
438.5680085393924,Move,735.7960052490234,388.655047416687
458.8386360551081,Move,732.5005187988281,391.73357105255127
468.6782857484994,Move,732.7161254882812,391.8223543167114
485.3086744489056,Move,734.0064239501953,391.9861192703247
506.7747338041694,Move,734.6825866699219,391.7154178619385
520.8162228779942,Move,737.9361419677734,390.4008436203003
543.3256746885154,Move,749.4099426269531,386.4516363143921
559.139503218612,Move,762.0528259277344,384.92849349975586
581.0256427823613,Move,768.5099487304688,383.52696418762207
600.310234898854,Move,764.1233825683594,384.88804149627686
621.0851361048964,Move,755.5786285400391,387.38877868652344
626.4922856877554,Move,751.1948089599609,388.0161838531494
646.381658754328,Move,745.9280548095703,389.6978130340576
654.5161870901201,Move,743.4115905761719,389.692946434021
677.3701204494527,Move,739.2994079589844,392.13175678253174
686.9204582387372,Move,737.4043579101562,393.29041957855225
697.7833242173202,Move,732.8462219238281,398.4030532836914
708.6987539276709,Move,728.3552856445312,399.5853796005249
721.3029395476204,Move,727.5125427246094,402.00232887268066
738.5015641536831,Move,726.8704833984375,403.6465187072754
748.0329527750712,Move,727.2075347900391,404.7589101791382
758.2273774386296,Released,727.2075347900391,404.7589101791382