resolution:1536,864
0,Pressed,797.1036071777344,455.0351371765137
15.944142076830017,Move,797.1036071777344,455.0351371765137
26.558578000592846,Move,805.6039123535156,461.4807300567627
48.63149908908345,Move,804.3041381835938,459.55721282958984
69.93763246069707,Move,797.6932067871094,453.20812797546387
91.5190195894631,Move,783.3408508300781,441.3021068572998
97.66185804642447,Move,763.5261840820312,425.5611276626587
113.24510857653424,Move,744.2682495117188,410.95576572418213
119.34232531099886,Move,724.1607055664062,395.04085063934326
137.35041126109243,Move,705.4446716308594,380.2357521057129
145.0993559911329,Move,689.4127807617188,369.0113639831543
161.99828431007444,Move,674.0399322509766,358.43724632263184
179.85168323964336,Move,659.3849487304688,348.3601655960083
185.7450607395453,Move,645.6422882080078,339.36540126800537
191.4278179872377,Move,632.2797546386719,330.5024471282959
207.57121459114353,Move,616.2366485595703,320.52998542785645
216.8583503605602,Move,603.2782745361328,311.16077613830566
230.01860693624104,Move,593.4575958251953,303.9415225982666
252.78276848826448,Move,585.3408508300781,299.5176544189453
261.8327136499373,Move,579.6146850585938,296.6398973464966
282.71071299693523,Move,578.2050476074219,296.17126178741455
294.74968681664933,Move,576.0771789550781,295.40576362609863
301.3108871823149,Move,572.4786529541016,292.809419631958
311.31218038610746,Move,566.4087524414062,288.09144401550293
330.7748964201799,Move,564.1957397460938,284.5976629257202
340.0142194017325,Move,556.2951507568359,279.0862512588501
359.8568126131314,Released,556.2951507568359,279.0862512588501