resolution:1536,864
0,Pressed,598.1156158447266,120.69798946380615
11.1575554176186,Move,598.1156158447266,120.69798946380615
29.1702368441341,Move,390.20082092285156,19.01421993970871
41.60187767996512,Move,204.16964721679688,1.742625430226326
59.30695412293029,Move,84.43153381347656,0.0905864944215864
64.94483285358632,Move,25.609817504882812,0.0008698641540831886
73.93649569459143,Move,4.109698534011841,3.186160935086946e-07
86.6372163081911,Move,0.20733808726072311,1.1286576836707415e-12
106.24490235491729,Move,0.0028990930295549333,9.303575403093447e-21
113.60208086030761,Move,1.1371924415470858e-06,1.1953730347699974e-32
133.86075730802722,Move,8.524696573641855e-11,0
139.0617730994302,Move,2.1525453735693462e-16,0
159.9539087227185,Move,5.589121791505008e-25,0
177.3475674645054,Move,0,0
187.71575537079417,Move,0,0
199.93418295735484,Move,0,0
219.72672556148646,Move,0,0
234.34732288205566,Move,0,0
256.6990963246514,Move,0,0
274.0774213073934,Move,0,0
293.11689473419693,Move,0,0
306.6691395755442,Move,0,0
314.0509904819122,Move,0,0
334.9724416794827,Move,0,0
342.5091446995032,Move,0,0
364.3903259353683,Move,0,0
369.5048582717545,Released,0,0