resolution:1536,864
0,Pressed,786.6238403320312,445.2761878967285
9.278774926948135,Move,786.6238403320312,445.2761878967285
18.691020071508557,Move,791.9540405273438,448.0492744445801
27.51554472141365,Move,785.7289123535156,442.54337310791016
34.05119896881484,Move,770.2877197265625,431.71317958831787
53.37531995778829,Move,752.7089538574219,419.42923736572266
72.83903495392791,Move,735.2648162841797,407.3518810272217
94.13986406893879,Move,719.1270446777344,396.4536066055298
105.52197437927506,Move,704.6123199462891,386.753005027771
116.61202510802661,Move,692.9988098144531,378.85407543182373
129.6604318291897,Move,684.5372314453125,373.45858669281006
141.53223568404655,Move,678.27978515625,370.0107936859131
150.84159815180035,Move,673.537353515625,365.6349220275879
161.4149029367227,Move,669.015380859375,361.46468353271484
181.832881088343,Move,663.8400421142578,358.2442045211792
200.907037948394,Move,658.0616455078125,354.09008502960205
217.74203047115208,Move,652.5490264892578,350.4583396911621
238.4540731749573,Move,646.4583892822266,346.9386291503906
258.75262582515865,Move,640.9692535400391,343.4621000289917
277.0145217542829,Move,636.7336578369141,340.7860622406006
287.7987488637394,Move,633.6184387207031,338.7914514541626
310.4075974794887,Move,631.4516143798828,338.00208377838135
322.930948487927,Move,631.3796997070312,337.7522392272949
345.1550761787703,Move,632.1546478271484,338.2105493545532
365.33879074536134,Move,631.7104339599609,337.83394145965576
375.68931689363274,Move,632.4718780517578,338.1958465576172
389.61031556222633,Released,632.4718780517578,338.1958465576172