resolution:1536,864
0,Pressed,817.8494567871094,451.8039207458496
12.705632806576379,Move,817.8494567871094,451.8039207458496
32.78605267721899,Move,840.9994812011719,470.9428424835205
47.543505753166585,Move,853.8365478515625,481.02231788635254
53.75218613978881,Move,861.2762145996094,487.0183811187744
75.86521868049834,Move,866.5483703613281,490.01012992858887
90.12694164072964,Move,870.8384399414062,487.8245372772217
111.56391627844776,Move,873.4282836914062,480.8881645202637
118.53815213510612,Move,882.3936767578125,468.8137435913086
140.46183700141765,Move,894.9060974121094,458.1012496948242
161.49304442725108,Move,911.0784301757812,447.83545303344727
172.0048811864089,Move,929.5673217773438,436.9680519104004
185.47175037788668,Move,951.2520446777344,427.5505886077881
203.5218621198398,Move,977.3909912109375,417.4600410461426
223.445696399293,Move,1012.1538391113281,405.01483154296875
234.25100839523728,Move,1054.8123779296875,390.44845390319824
243.6447516170557,Move,1109.2099914550781,369.4398307800293
259.18996471993864,Move,1172.1681518554688,343.26274967193604
271.7983527683918,Move,1247.8182678222656,309.1452054977417
292.0292450017956,Move,1329.5349426269531,262.6300621032715
313.9192778177827,Move,1410.2232055664062,203.43685913085938
334.12772933511667,Move,1478.3372497558594,129.65094995498657
342.2677352961208,Move,1521.9871215820312,53.59821581840515
350.2963346580966,Move,1534.9469604492188,9.558039486408234
369.92823335508524,Move,1535.9871826171875,0.29908827412873507
384.9612206487746,Move,1536,0.0005156562383490382
405.96317239087193,Released,1536,0.0005156562383490382