resolution:1536,864
0,Pressed,691.5060882568359,340.820463180542
16.452831419137695,Move,691.5060882568359,340.820463180542
35.06447669642822,Move,648.8965301513672,286.2108507156372
54.756105010803054,Move,622.6791687011719,262.9448719024658
63.626599465556964,Move,601.6083984375,251.27942562103271
81.20667143377548,Move,585.9324645996094,248.086163520813
103.10143574992952,Move,572.7771148681641,245.19035625457764
121.41697029370796,Move,568.8076629638672,247.5978298187256
143.45830524836092,Move,570.784423828125,253.35015106201172
162.2434222242896,Move,594.8226928710938,283.19747257232666
170.1964539986916,Move,625.2806396484375,319.03699493408203
192.35216490254228,Move,659.1202239990234,354.94155979156494
202.41967334382466,Move,694.6968841552734,387.3063039779663
219.29054109915802,Move,705.5386047363281,395.2770481109619
228.12458454014245,Move,714.9028015136719,402.56425380706787
244.26627078598364,Move,741.0759887695312,425.51766300201416
259.54675466249375,Move,775.1009216308594,448.9602813720703
271.9641045358137,Move,795.6361083984375,462.7320899963379
280.77596824934744,Move,798.4332275390625,464.55750274658203
288.0048965892211,Move,812.6771850585938,472.1745300292969
300.5430239477193,Move,820.4263916015625,476.38977813720703
310.77790893554914,Move,821.6941223144531,477.92412185668945
322.70403278493643,Move,821.1007690429688,474.5510787963867
337.9003450132649,Move,807.5857543945312,462.0832099914551
359.43147011344905,Move,796.3694458007812,454.45850944519043
367.4576208423006,Move,797.9849853515625,459.86367988586426
389.9813525982902,Move,820.6754150390625,475.96156883239746
404.01088565933253,Move,836.1082763671875,488.0940284729004
410.548656184952,Move,852.7621765136719,498.2419967651367
429.08332699907936,Move,847.9654541015625,489.02254486083984
442.6927042568938,Move,843.6471862792969,488.2354431152344
450.9617488211809,Move,836.2669372558594,479.3052062988281
461.5714873637279,Move,828.5634155273438,474.26783752441406
467.86094803306287,Move,826.8975219726562,476.3928165435791
478.4995426368648,Move,814.3640441894531,473.4961338043213
485.1024044542888,Move,806.6570434570312,463.7647361755371
493.75622216509595,Move,797.93408203125,459.73071098327637
501.9018142373095,Move,784.0877380371094,446.27649307250977
507.4953124636234,Move,763.1054992675781,431.6402835845947
524.9752451064387,Move,749.6684417724609,421.8104724884033
544.8298062119636,Move,746.1773986816406,422.6036767959595
555.8772506304763,Move,740.4185028076172,418.03602504730225
562.1140619763652,Move,758.83154296875,433.54891777038574
567.5731387061377,Move,782.5631103515625,449.58382415771484
582.4702908129269,Move,807.1441955566406,466.7632827758789
595.3247648037571,Move,833.139404296875,483.4962501525879
606.6418777312247,Move,846.9725646972656,493.4281826019287
619.8051353055178,Move,849.3609924316406,494.64606857299805
630.1878498569429,Move,853.0922241210938,498.1936912536621
636.9793835626479,Move,853.78857421875,494.2174472808838
643.4209646704426,Move,841.4936828613281,482.1669216156006
664.1305720157678,Released,841.4936828613281,482.1669216156006