resolution:1536,864
0,Pressed,766.4932708740234,405.3963575363159
17.106011631134116,Move,766.4932708740234,405.3963575363159
37.119303038398655,Move,780.0730590820312,401.38826179504395
46.23603352055282,Move,765.3943176269531,398.100191116333
67.32237254191583,Move,749.6540222167969,398.1773872375488
73.59017137575348,Move,734.1623382568359,399.6907711029053
90.82610939159335,Move,723.7290802001953,404.310848236084
107.08208036871247,Move,716.58984375,405.5884208679199
112.3036599465557,Move,712.7007293701172,406.32054805755615
120.81593845400678,Move,713.4995727539062,405.30188369750977
139.47842376580584,Move,716.1192626953125,404.172420501709
161.33157718534244,Move,718.5964508056641,402.5030994415283
182.17550851265304,Move,719.6926116943359,400.97699546813965
193.19679580736104,Move,724.5178985595703,398.7728633880615
204.38492997733331,Move,730.5829925537109,397.2224521636963
225.62086922657912,Move,738.0144195556641,395.8299608230591
234.06346596511074,Move,742.2210845947266,395.9416093826294
243.00076973747878,Move,748.1438140869141,395.00274181365967
264.0144617426912,Move,748.8777008056641,393.32337856292725
283.9724428568105,Move,747.8913116455078,392.3773527145386
292.4924256633946,Move,744.6616516113281,390.06110858917236
309.7171837070466,Move,743.8383636474609,387.71077251434326
317.47425511238765,Move,742.2487335205078,386.59405517578125
332.1127072268497,Move,743.8416137695312,385.1414909362793
354.5792105207524,Move,741.5651550292969,386.75488471984863
362.2638000034715,Move,740.3811492919922,387.3858690261841
368.759080774567,Move,735.92578125,391.0642204284668
391.6130029292562,Move,732.3327484130859,392.7288808822632
402.7633318978842,Move,731.7067565917969,391.487099647522
408.25485757018146,Move,734.3046112060547,390.8639430999756
431.1298383425177,Move,733.707275390625,391.75177574157715
447.2746651704784,Move,732.718505859375,392.9097948074341
462.11125851655356,Move,730.4200286865234,394.8053741455078
480.33412087726066,Move,728.6417541503906,395.7853889465332
495.96974148391274,Move,727.5531921386719,396.92430210113525
502.50480185179623,Move,726.1046905517578,397.8021183013916
513.2976083706379,Move,727.1696319580078,397.7490234375
527.8424674514054,Move,732.9902801513672,396.82140827178955
539.6677185946553,Move,742.4372406005859,395.86541748046875
552.416902723505,Move,750.6433868408203,395.1251792907715
565.0581502191515,Move,757.7589569091797,394.6427164077759
579.8984596239442,Move,758.4536590576172,393.07054710388184
591.2569713495633,Move,757.3560333251953,389.25611114501953
611.3800859117092,Move,746.1627960205078,395.25369358062744
619.3780915290627,Move,735.109130859375,399.9107723236084
630.1269381263227,Move,729.7037658691406,401.550687789917
646.8256911915164,Move,720.7131958007812,403.6342878341675
660.1771885265316,Move,719.0246429443359,402.7076768875122
682.877155552905,Move,722.2408905029297,398.4518222808838
701.5499597854728,Move,727.0923156738281,394.6316442489624
708.0289887039974,Move,728.6244506835938,392.99553966522217
729.8179394249972,Released,728.6244506835938,392.99553966522217