resolution:1536,864
0,Pressed,719.5624237060547,469.8016891479492
6.110414430970863,Move,719.5624237060547,469.8016891479492
17.560901358876766,Move,700.2387542724609,485.157434463501
38.6547067250375,Move,701.490966796875,482.7733154296875
46.78417514159061,Move,712.1767730712891,472.5227108001709
66.1161971042331,Move,727.4450225830078,457.36827278137207
76.68616000164138,Move,739.7670593261719,445.75074577331543
90.8036581454219,Move,752.5098724365234,432.14635848999023
104.13500814497318,Move,764.6359405517578,418.42792797088623
109.50657977480923,Move,773.8125,405.202260017395
123.14755858036555,Move,781.3724670410156,393.50171756744385
129.32253885470897,Move,786.7837829589844,381.6462163925171
143.66617088309468,Move,793.2876892089844,375.03307342529297
157.62440815262602,Move,797.4800720214844,369.0889205932617
174.17858364117723,Move,802.3768615722656,366.5682792663574
180.0660660264302,Move,804.6943359375,364.7035732269287
189.1370303764168,Move,806.9183349609375,361.5057535171509
204.92028647728313,Move,808.18212890625,356.65795040130615
222.12168467516324,Move,810.9212036132812,349.46012020111084
227.83074354185075,Move,814.575439453125,347.04759979248047
236.9650530056814,Move,816.8594055175781,342.3990182876587
259.8639854856181,Move,820.0086364746094,337.9018678665161
266.52147430607323,Move,821.9959716796875,334.4969472885132
274.6294718300453,Move,824.0384216308594,334.2836923599243
291.8888140891836,Move,825.2759399414062,334.332332611084
303.9508128302827,Move,825.5555419921875,331.7232427597046
317.7052846888443,Released,825.5555419921875,331.7232427597046