resolution:1536,864
0,Pressed,710.1824798583984,471.54176902770996
16.36092903778924,Move,710.1824798583984,471.54176902770996
22.67835495159784,Move,687.4803771972656,490.027587890625
41.78597281082085,Move,687.6363830566406,490.75031661987305
54.31895154146909,Move,698.3141326904297,482.13298416137695
72.96602066651144,Move,714.7465667724609,467.4917278289795
78.83827857005247,Move,730.8635559082031,452.4676322937012
93.28563011872178,Move,747.3497772216797,436.8108787536621
103.73994348092859,Move,761.4146118164062,423.3185520172119
121.99498164530839,Move,773.3011779785156,410.6405954360962
127.06598007139182,Move,781.6314697265625,400.13978576660156
133.52430964355386,Move,788.5935974121094,389.21280097961426
146.6373417198302,Move,793.5563049316406,379.747727394104
167.72162532772487,Move,798.9085693359375,369.5279188156128
172.90067463136833,Move,805.3505859375,363.01406478881836
186.72381319503793,Move,809.4522399902344,355.3330249786377
193.25525723103732,Move,813.0597839355469,349.74003982543945
199.73650747764788,Move,816.4959411621094,347.0380983352661
221.26522029084487,Move,819.1698303222656,343.24495697021484
240.520427526529,Move,821.4740295410156,341.5068597793579
257.023385106581,Move,822.4821166992188,340.8403158187866
270.7572382554339,Move,825.54052734375,338.0689287185669
291.21419224339184,Move,825.9167175292969,335.70267963409424
311.8379478112336,Move,825.9681701660156,333.2716455459595
327.7258451695395,Move,826.6154479980469,332.68873500823975
341.5609914077546,Move,827.2353515625,330.73882484436035
355.01738603959836,Released,827.2353515625,330.73882484436035