resolution:1536,864
0,Pressed,752.2188720703125,374.22323513031006
5.15823800469305,Move,752.2188720703125,374.22323513031006
16.66689589798291,Move,746.8310852050781,352.0388774871826
32.327157924574124,Move,731.9559631347656,340.37883853912354
44.61380589473176,Move,715.7908172607422,336.48772144317627
59.047537999101664,Move,701.87841796875,338.31063652038574
66.26971866205713,Move,693.7686767578125,346.0939779281616
86.2490434076595,Move,693.0171661376953,361.19681453704834
105.94726178909917,Move,695.7505645751953,374.1241521835327
112.96567718096017,Move,711.1910705566406,397.11005687713623
135.55278436180177,Move,728.3627471923828,417.39069843292236
158.34904047129203,Move,730.0846252441406,418.57840633392334
174.98907047429861,Move,737.5247955322266,422.1516752243042
185.74172586552027,Move,735.7981567382812,418.81439781188965
201.84111985050623,Move,739.4940032958984,421.24718284606934
219.97656224780536,Move,752.8108062744141,430.5031986236572
233.579081768201,Move,760.7074584960938,435.6942386627197
252.31234233222784,Move,754.9479675292969,431.95581436157227
258.0239358393402,Move,756.5288543701172,429.48772716522217
279.1089174968846,Move,761.8707733154297,431.68073558807373
286.4478159667021,Move,757.1899566650391,429.2403287887573
294.55401249557104,Move,760.2627868652344,434.13553619384766
311.2622218790782,Move,763.1309967041016,437.4905033111572
316.3042680493157,Move,775.264892578125,444.48254585266113
337.215489032948,Move,800.3423767089844,459.31146240234375
354.9577341653866,Move,811.4445190429688,463.7596893310547
370.3137760821867,Move,818.2576904296875,466.94769859313965
382.0272703479023,Move,800.8860168457031,448.3373050689697
400.38816466771414,Move,774.274658203125,430.50801372528076
409.2271353842052,Move,756.4144592285156,421.14879512786865
421.55743730983596,Move,753.2794189453125,424.72801208496094
427.6509653976418,Move,759.8152770996094,434.48083305358887
448.96438214103006,Move,764.6937561035156,436.6822872161865
468.60865853905693,Move,763.9191284179688,435.12095832824707
490.42282546272645,Move,767.6542510986328,439.6768684387207
497.0424852308913,Move,770.9186096191406,441.37559509277344
506.0834551828746,Move,772.3888549804688,443.0207633972168
515.2988653288228,Move,773.3924560546875,442.14575386047363
532.0658562916407,Move,782.4958190917969,449.04545974731445
547.9293527562572,Move,776.0787048339844,443.1177864074707
559.2359871572339,Move,774.7380065917969,445.3689880371094
579.911495040446,Move,779.58837890625,447.3340129852295
590.0747876066193,Move,788.1914978027344,453.3560314178467
603.181211566739,Move,778.7839965820312,443.55346298217773
609.9449790087165,Move,763.8915252685547,432.20604515075684
630.0596214529445,Move,753.031494140625,422.92198848724365
653.0112639285448,Move,744.8538665771484,417.8322973251343
662.4873959093934,Move,738.9358978271484,420.5250463485718
681.5910470154246,Move,735.6684265136719,418.0297164916992
704.2560938882222,Move,735.1777496337891,413.9065217971802
712.2956485092059,Move,735.5952758789062,418.3350763320923
718.320196892903,Released,735.5952758789062,418.3350763320923