resolution:1536,864
0,Pressed,771.3457946777344,215.57703065872192
22.745231941058325,Move,771.3457946777344,215.57703065872192
35.046143887343355,Move,704.7731323242188,86.5162525177002
42.796433071417674,Move,617.0542144775391,34.23463225364685
50.4180074783995,Move,505.0239715576172,11.94727537035942
56.487498337472516,Move,381.2286071777344,3.33872801810503
70.44725123388326,Move,255.13176727294922,0.5401035882532597
90.51307451965434,Move,139.28586959838867,0.027276160893961787
100.11486297234643,Move,55.067596435546875,0.00013797289966532844
118.12307944622432,Move,8.01111888885498,1.8999405049235918e-08
123.7728987405306,Move,0.2889542207121849,1.0140173851119937e-14
138.4703257129014,Move,0.00043783168075606227,3.2681620574345244e-24
147.07470639083706,Move,2.1696757723788096e-08,0
153.89271136045562,Move,5.501192483522272e-15,0
175.86259500632644,Move,7.117708291129693e-26,0
182.71599934139823,Move,0,0
193.7512514814579,Move,0,0
214.77867545035264,Move,0,0
229.37350287595305,Move,0,0
250.0616180370084,Move,0,0
261.56996074756336,Move,0,0
276.5360810109439,Move,0,0
288.8120127276717,Move,0,0
297.5881177726115,Move,0,0
312.7132669794295,Move,0,0
328.01651305633953,Move,0,0
341.69433611112987,Released,0,0