resolution:1536,864
0,Pressed,678.9862060546875,326.03132915496826
12.617890743462832,Move,678.9862060546875,326.03132915496826
33.31166790976373,Move,560.8008728027344,243.83442878723145
43.22867976200905,Move,455.4037170410156,179.97843074798584
52.700146068106505,Move,370.433349609375,131.75484037399292
59.69911091527334,Move,312.44217681884766,98.48014497756958
70.45252423009369,Move,269.7662887573242,73.54055142402649
77.95283329404651,Move,250.7625274658203,54.692737340927124
96.39777459013084,Move,244.6205062866211,39.55741810798645
103.05645590056436,Move,254.90231323242188,27.383466839790344
123.73510908075525,Move,292.4670867919922,17.344699323177338
134.0400019058534,Move,382.6447448730469,9.065350145101547
156.60584099330933,Move,570.8951110839844,3.1364201232790947
165.04294875028236,Move,947.9373779296875,0.4176679467782378
172.01311502227097,Move,1413.3318786621094,0.009543566062347963
184.57089974385798,Move,1533.5624084472656,6.046623425959297e-06
199.79900796364058,Move,1535.9921264648438,5.6591573224448743e-11
212.90584599473183,Move,1536,5.4755832503107015e-18
221.39240650002145,Move,1536,1.2004325927078909e-25
229.05642398457738,Move,1536,6.891481481157239e-31
238.49780022387336,Move,1536,0
258.50487425257074,Move,1536,0
265.22297724824483,Move,1536,0
276.7456039794606,Move,1536,0
288.1470725669074,Move,1536,0
301.2391068307518,Move,1535.9771118164062,0
319.68962912806217,Released,1535.9771118164062,0