resolution:1536,864
0,Pressed,762.9075622558594,195.8802137374878
16.320881586385994,Move,762.9075622558594,195.8802137374878
31.610744949238182,Move,675.5058746337891,72.44835376739502
45.27700160440793,Move,545.5436096191406,19.827328383922577
53.52794886236735,Move,388.4743194580078,4.52660670876503
66.57780800700559,Move,223.86939239501953,0.560180677101016
86.29546693054279,Move,95.53393363952637,0.01943235599901527
91.87439604767044,Move,22.082952976226807,4.423237430728477e-05
114.8436798315652,Move,1.100220948457718,1.7115941164380644e-09
126.91886510663355,Move,0.006601609289646149,2.100652065491934e-16
139.52349390542503,Move,5.791793284970481e-07,6.428488713070008e-27
147.55771873980447,Move,2.3441603476045958e-12,0
155.42105202112586,Move,4.812879510254292e-21,0
176.70617655680775,Move,0,0
186.3173495258332,Move,0,0
197.2809735771206,Move,0,0
208.68756689603865,Move,0,0
227.74612588265975,Move,0,0
248.44390802868648,Move,0,0
268.24079772813417,Move,0,0
275.7410235789292,Move,0,0
298.7182449566098,Move,0,0
315.3094055440757,Move,0,0
323.29818172201686,Move,0,0
334.66737100205717,Move,0,0
347.09950666979535,Move,0,0
361.5205340654489,Released,0,0