resolution:1536,864
0,Pressed,779.2152099609375,401.0405445098877
17.55256309436069,Move,779.2152099609375,401.0405445098877
32.17248081582618,Move,798.416015625,388.71715450286865
43.61616943552042,Move,782.0169982910156,382.51350116729736
56.34374149741134,Move,761.5825653076172,379.09019565582275
69.74006448832885,Move,742.9560241699219,383.3044137954712
79.288391578483,Move,729.9540252685547,386.70227909088135
88.15873844813191,Move,718.8003387451172,395.92816829681396
109.66857989243238,Move,716.2591552734375,406.0030860900879
117.39265527054022,Move,720.5433654785156,410.88104152679443
127.40081263816894,Move,727.2521209716797,415.6575450897217
138.89434361443776,Move,727.2679138183594,414.9881172180176
160.90756209336203,Move,729.6720428466797,414.3320016860962
179.64025229741347,Move,730.9097900390625,413.49067211151123
193.11028311467146,Move,731.2428131103516,413.0012311935425
204.8388097597526,Move,732.0670166015625,411.2810297012329
212.39932552295315,Move,731.6497192382812,412.0791263580322
220.57056989810812,Move,735.8632965087891,412.68660163879395
241.56327371408406,Move,734.2419891357422,413.9526128768921
252.02992026782545,Move,737.2911529541016,414.61225605010986
274.8937969424076,Move,744.2266387939453,416.1654739379883
279.901743638724,Move,748.4246063232422,415.9403486251831
295.78820109562855,Move,752.0194702148438,414.5046501159668
309.5766777787745,Move,753.4923706054688,415.02854347229004
328.9121759243982,Move,749.5444793701172,413.3605098724365
347.77206000096845,Move,745.3131408691406,416.5834093093872
364.1289090546257,Move,751.2173767089844,418.89697551727295
369.64444830444785,Move,754.295654296875,420.522780418396
375.9779340698998,Move,759.9178161621094,421.68363189697266
381.87587421499785,Move,759.5631866455078,421.7114667892456
388.1778935405534,Move,767.0587005615234,418.1236753463745
400.6850720063206,Move,764.6609802246094,417.0323724746704
421.4491981996211,Move,761.9681854248047,413.8781976699829
440.3150931550458,Move,754.1790618896484,412.44677352905273
446.53091493792255,Move,748.5303497314453,412.17795181274414
466.98187599645735,Move,741.7760467529297,412.9007320404053
482.8591843647403,Move,736.5416564941406,413.8674602508545
493.4202545766452,Move,733.6642456054688,414.8661947250366
508.2508471341167,Move,729.6046142578125,415.3648281097412
518.0160710930446,Move,731.990478515625,413.66272830963135
534.8894679717106,Move,734.8412933349609,413.8522424697876
552.8827314107502,Move,743.7648468017578,414.3462152481079
566.3938433436122,Move,745.6510162353516,413.500431060791
579.7609205282558,Move,750.6938323974609,414.87670040130615
596.1257409226833,Move,748.3998413085938,416.37159633636475
605.8349027616935,Move,749.7669982910156,417.2238435745239
613.2557818518104,Move,750.0315856933594,417.3451223373413
628.2875125693257,Move,751.9684753417969,416.29841709136963
641.0914216935322,Move,752.2763214111328,417.8155860900879
649.3254423504168,Move,748.644287109375,417.59983348846436
668.1857658309855,Move,758.1041564941406,418.5436706542969
681.046866527482,Released,758.1041564941406,418.5436706542969