resolution:1536,864
0,Pressed,824.1597290039062,473.0142116546631
20.29958772133464,Move,824.1597290039062,473.0142116546631
32.567307840567736,Move,841.1441345214844,486.57554626464844
50.10274431354862,Move,841.86474609375,486.78833770751953
63.57374619709102,Move,831.96826171875,478.02083587646484
83.33796467893806,Move,814.7776794433594,464.35634994506836
94.60491264805287,Move,790.6330261230469,443.3532371520996
115.24949805306333,Move,766.2859497070312,421.2987070083618
128.75670115022572,Move,741.8134460449219,400.235933303833
144.11416309849946,Move,716.1899871826172,380.0814628601074
166.37906125015976,Move,694.9373931884766,362.3496837615967
186.92518557383465,Move,671.3399963378906,344.9145097732544
208.56833405276404,Move,649.3372192382812,327.1596336364746
219.22108947497014,Move,631.4196166992188,313.7759428024292
236.23316058579144,Move,615.9197845458984,301.6971445083618
244.3640577311228,Move,607.0081787109375,294.122989654541
250.8224865934498,Move,598.6394348144531,285.61738300323486
268.48636224411314,Move,590.4647369384766,279.85435009002686
280.0056590393399,Move,586.6312408447266,277.33981132507324
289.8644971299159,Move,575.2230377197266,270.1233129501343
310.1464495052745,Move,567.3561401367188,264.9308052062988
331.67446367040503,Move,566.7343139648438,264.1950731277466
344.8020452774912,Move,560.5054779052734,257.9290552139282
362.07088734551024,Move,550.7543792724609,249.89107990264893
382.3170796577118,Move,539.8063201904297,240.8558120727539
401.93891348393174,Move,533.3269500732422,235.4992561340332
409.4101842102461,Released,533.3269500732422,235.4992561340332