resolution:1536,864
0,Pressed,774.7815856933594,405.7285223007202
15.127742336477361,Move,774.7815856933594,405.7285223007202
30.561868191228175,Move,795.4988708496094,399.16976165771484
46.31077337063702,Move,782.9755554199219,392.35618686676025
54.65018204242514,Move,752.6450958251953,394.39431381225586
71.43962497104091,Move,731.8239440917969,397.39824199676514
83.28056055054374,Move,719.2622680664062,402.01371002197266
105.56730807314241,Move,714.9656524658203,404.5880126953125
117.03824754727356,Move,715.2802276611328,405.8006715774536
134.74578646465145,Move,717.4367065429688,406.85736751556396
152.9430203442261,Move,717.7980194091797,406.3993663787842
172.45807005127435,Move,720.0108032226562,405.4389982223511
192.3061608125932,Move,723.9280700683594,403.8347454071045
207.29304496369176,Move,727.0130767822266,401.33954429626465
219.41093348588524,Move,732.4229736328125,399.5776033401489
227.2332225229795,Move,736.9806976318359,398.5242805480957
243.6040586572341,Move,733.2589416503906,398.1899528503418
259.8863541880568,Move,732.5750427246094,396.1264371871948
280.61526690440184,Move,732.6272735595703,395.20515632629395
299.8996788112087,Move,736.1824951171875,396.06520557403564
308.97436244985005,Move,730.0920867919922,399.4068088531494
327.9485557427184,Move,724.7377166748047,401.87569427490234
341.7230562732783,Move,722.3617858886719,403.1811275482178
354.23132668766556,Move,718.7469635009766,403.1821575164795
372.17194192605274,Move,720.9869384765625,403.90254306793213
388.5608740147764,Move,718.8151245117188,403.49091625213623
394.2360631107763,Move,724.8951873779297,402.09051990509033
407.49675207165427,Move,729.5440521240234,400.071138381958
422.43720215197555,Move,728.5107879638672,399.9368305206299
434.65031892621454,Move,726.8034210205078,399.9272003173828
454.1428997446193,Move,723.9256896972656,400.417516708374
467.31636068006486,Move,724.3618927001953,399.5425329208374
483.8694385803497,Move,728.0780181884766,398.43789196014404
491.2045369697938,Move,732.5482177734375,397.74268913269043
500.7677889814979,Move,736.6161804199219,396.2091951370239
513.7205331660367,Move,745.9595031738281,394.24491691589355
529.299468679116,Move,749.4716949462891,392.7305030822754
535.4222333784604,Move,744.7039489746094,392.96502685546875
548.808525341004,Move,738.6107482910156,393.59147930145264
557.5038093369895,Move,738.4620666503906,391.5370273590088
567.9289248980109,Move,733.4097747802734,393.31781673431396
585.2905465780506,Move,726.9315948486328,398.0560827255249
593.4761264292267,Move,727.3882598876953,396.3456144332886
607.1002632745335,Move,727.2451629638672,396.69178676605225
613.616161124807,Move,725.3865509033203,397.4485559463501
625.8402479391748,Move,724.7766265869141,397.7104253768921
648.2467122126287,Move,729.3361358642578,394.3123025894165
667.9807452486543,Move,730.8446502685547,393.86174297332764
688.1080010464472,Move,729.3982543945312,394.25485610961914
698.6269446971072,Move,731.0145721435547,393.3412742614746
706.3979129376153,Move,731.0469818115234,393.4497814178467
718.4916819218197,Released,731.0469818115234,393.4497814178467