resolution:1536,864
0,Pressed,779.5492858886719,406.0282688140869
11.517241857468086,Move,779.5492858886719,406.0282688140869
28.24443927538429,Move,797.7152709960938,400.0598602294922
49.84915610535772,Move,791.6234436035156,391.50327014923096
62.90820808047063,Move,776.1131286621094,385.5384922027588
72.53761901865846,Move,752.7939147949219,386.7922468185425
82.51229102138568,Move,738.7425384521484,388.95739459991455
103.32948505470456,Move,723.0870208740234,395.5591049194336
119.25079938327883,Move,715.3312683105469,402.288969039917
124.92921331212767,Move,712.111083984375,404.80077838897705
133.97890914948263,Move,717.0767211914062,404.3136034011841
153.81730819287907,Move,719.1139984130859,400.8182773590088
173.78264445974688,Move,725.2531127929688,397.28968334198
191.73122696928803,Move,728.9964752197266,395.2205801010132
201.4402227957082,Move,728.2955017089844,393.58908462524414
212.24677735465488,Move,731.0199279785156,390.99552154541016
220.09128442296503,Move,724.5861968994141,394.84649562835693
225.33886385170888,Move,721.9074554443359,396.8006286621094
235.9927303607269,Move,721.169677734375,396.6671190261841
258.5675656603045,Move,724.3587341308594,396.97332859039307
264.0672462171375,Move,728.3274536132812,396.94250679016113
275.6657804709972,Move,730.1684875488281,396.60166454315186
287.4799314414539,Move,733.5602416992188,396.99003982543945
310.0758173530217,Move,737.1275939941406,396.72984409332275
317.73471695557737,Move,737.1859588623047,394.42727279663086
327.31284426868064,Move,739.9910430908203,391.1468753814697
337.00608360643963,Move,740.6716461181641,388.76049041748047
342.66562558325603,Move,739.1099853515625,387.298939704895
365.1343260281951,Move,739.4235534667969,386.3849973678589
374.33310726431984,Move,738.1939544677734,387.53261375427246
385.90234264053794,Move,737.0254669189453,388.03029441833496
394.14805730973296,Move,730.1767272949219,391.96966552734375
402.56810058096454,Move,726.7754516601562,392.32670402526855
420.1875974526245,Move,722.3889312744141,393.9580965042114
426.73638783592156,Move,718.6833801269531,394.7828435897827
436.91884600514646,Move,719.3616943359375,393.1490306854248
458.6815356772672,Move,723.5191955566406,391.39460849761963
472.6619989547261,Move,723.9026641845703,393.8688497543335
480.63606746311984,Move,720.9312744140625,396.63521575927734
499.46851603559617,Move,718.8113250732422,395.87409496307373
511.8148151159059,Move,721.0164184570312,395.76239490509033
522.8166137251175,Move,722.2293090820312,395.94572925567627
532.7389046093941,Move,725.3783111572266,396.3926839828491
546.2793422848065,Move,727.1156158447266,396.5535650253296
556.2214049452273,Move,725.6657409667969,398.8241558074951
567.8345789377876,Move,722.0139312744141,400.67341232299805
583.9033699747564,Move,719.7872772216797,402.5850076675415
594.4806960904072,Move,715.8560485839844,402.64387035369873
611.9660955634507,Move,717.2055816650391,400.29325103759766
628.8082666932979,Move,718.2811889648438,398.8129549026489
641.5260968289182,Move,719.5122528076172,397.08489990234375
650.6346221090837,Released,719.5122528076172,397.08489990234375