resolution:1536,864
0,Pressed,761.4185943603516,403.0058526992798
16.914665841369356,Move,761.4185943603516,403.0058526992798
30.21584908914697,Move,785.1481018066406,397.94512939453125
45.14199555638829,Move,774.0701293945312,393.80944633483887
68.05937879714105,Move,754.9377136230469,392.09707260131836
73.11136902922271,Move,738.4083251953125,392.33113288879395
81.02687275303974,Move,728.0062866210938,394.97642612457275
98.44541887286212,Move,722.7012634277344,397.70362758636475
116.21287380682291,Move,717.2803802490234,401.30568408966064
126.48643274319643,Move,716.8507690429688,400.9720516204834
140.99230610452963,Move,713.0812225341797,403.7800540924072
157.96136780483667,Move,710.7758331298828,403.7824230194092
168.7477449456318,Move,712.805419921875,403.1309423446655
180.42075575636534,Move,714.4386291503906,402.562219619751
193.4235397787676,Move,715.0317993164062,403.00085735321045
206.40941231797623,Move,712.5860137939453,402.1465759277344
225.1806461347243,Move,715.6507415771484,401.44537353515625
245.36226185188133,Move,719.7599029541016,401.73337841033936
254.94075067799488,Move,724.4396667480469,400.696457862854
269.5330546359144,Move,726.7385101318359,396.9808988571167
289.0006946899222,Move,733.1997528076172,394.3640842437744
294.60234683838104,Move,743.0361328125,391.3286647796631
312.4207236545734,Move,753.5567321777344,387.5222110748291
321.6106781097923,Move,757.6909790039062,387.15196323394775
343.16808075879544,Move,753.9900054931641,388.37193489074707
360.4173077423277,Move,751.4452056884766,387.94248962402344
369.19989112111165,Move,749.7331695556641,387.82108211517334
375.3830650833491,Move,756.5787048339844,385.8377752304077
385.7927926851106,Move,755.1022796630859,385.08574390411377
398.8910565897939,Move,755.4819488525391,383.0776662826538
404.84403551503505,Move,754.6324310302734,383.5743684768677
427.26105578183547,Move,754.0604553222656,385.3072385787964
434.26646406472986,Move,749.9494171142578,386.6367988586426
445.6501493846295,Move,747.4070892333984,385.5683870315552
463.5851810404177,Move,747.4129943847656,384.3354892730713
475.7535553625669,Move,743.9526214599609,386.6539478302002
491.6008939047814,Move,738.2370758056641,390.83628845214844
499.50835452253546,Move,731.7054290771484,393.6638345718384
509.34771610622187,Move,726.3768310546875,395.3857355117798
530.4694367773332,Move,724.8195190429688,394.504958152771
539.7152319228761,Move,725.6242218017578,393.8162956237793
548.0450954643476,Move,725.6720123291016,392.65989875793457
563.811123400889,Move,725.4693603515625,390.85601234436035
570.4850510343695,Move,729.927978515625,388.8969612121582
581.3379097838055,Move,734.3352355957031,388.36863899230957
599.7110468517855,Move,731.7308349609375,389.8585395812988
620.110451338746,Move,726.0423431396484,395.22936058044434
632.9786451825031,Move,722.8378143310547,395.81489753723145
654.6916961941041,Move,720.5205688476562,397.4466247558594
675.3858689850324,Move,715.7221984863281,398.68274116516113
696.9498354728595,Move,717.844482421875,396.4463195800781
702.7512704168234,Released,717.844482421875,396.4463195800781