resolution:1536,864
0,Pressed,777.3100891113281,381.9524259567261
21.80224091313877,Move,777.3100891113281,381.9524259567261
38.493691235263924,Move,783.4102478027344,358.24065113067627
58.579778587350354,Move,791.3722229003906,342.69281673431396
71.92114128963476,Move,800.2210693359375,333.2191171646118
93.86571765208284,Move,808.6781616210938,327.03026962280273
112.33115647712123,Move,815.921630859375,324.54930782318115
128.9537144210626,Move,821.0460205078125,324.5851249694824
143.27663443476374,Move,824.2698669433594,327.8072261810303
160.34073228152909,Move,826.3398742675781,332.41805934906006
169.01988227083922,Move,826.3065490722656,339.6089630126953
183.56823228609778,Move,824.1244812011719,349.57939052581787
194.10340706246862,Move,820.1427612304688,362.11374378204346
204.77732105614047,Move,814.00927734375,377.75218963623047
217.3042179852384,Move,805.1460571289062,399.1320390701294
226.33246763522544,Move,788.9705200195312,430.80750274658203
247.47121129260324,Move,757.4777069091797,478.156946182251
260.42248275044426,Move,699.498779296875,548.4380149841309
270.2789466394626,Move,598.5250854492188,636.8919467926025
285.9710216066427,Move,479.4500427246094,681.264575958252
291.5375633653248,Move,419.00830078125,675.6758651733398
307.6757025717111,Move,400.15562438964844,680.9878234863281
323.1376591071436,Move,381.0032958984375,718.4799556732178
333.31985319730376,Move,270.55725860595703,809.2761383056641
351.34984223829935,Move,158.69256591796875,858.5782985687256
361.7340524782472,Move,104.83015823364258,863.9899063110352
375.9441675632468,Released,104.83015823364258,863.9899063110352