resolution:1536,864
0,Pressed,677.1465454101562,468.3602485656738
15.981727415764771,Move,677.1465454101562,468.3602485656738
22.615312323644854,Move,646.6863098144531,489.35579109191895
41.95238556652599,Move,643.1078338623047,496.77707290649414
55.22664738804475,Move,655.0980834960938,494.8469123840332
67.02145279105025,Move,677.5696563720703,484.3609085083008
78.84638046183268,Move,699.8199005126953,471.61875915527344
99.13814211512403,Move,725.6025695800781,454.3948574066162
119.94835242398017,Move,746.6871185302734,438.8941955566406
133.76510325403686,Move,764.0804901123047,425.6183681488037
150.34804512647065,Move,777.5788879394531,413.2720613479614
172.1227897941729,Move,786.053466796875,402.5016574859619
181.16028428498873,Move,793.2270812988281,392.7644147872925
188.93580426378776,Move,798.81884765625,384.0081396102905
211.55297977141657,Move,802.0935974121094,373.7179584503174
222.09696839231367,Move,806.4180908203125,362.5073719024658
243.89220915127385,Move,813.6821594238281,352.9460735321045
259.0648237591554,Move,820.4794921875,343.17741680145264
279.1797731853184,Move,827.0003356933594,336.9402379989624
284.7625898426335,Move,831.6112060546875,330.7951383590698
296.643568641878,Move,834.3235473632812,327.90082454681396
314.01725836012287,Move,836.7134399414062,323.5470714569092
336.36974097561307,Move,840.1213073730469,315.9619731903076
349.0047985941401,Move,843.8219604492188,309.3953332901001
365.7998657267578,Move,847.3796997070312,304.8498258590698
377.8805948012343,Move,852.6054382324219,301.9322090148926
396.09499530023857,Released,852.6054382324219,301.9322090148926