resolution:1536,864
0,Pressed,769.8130187988281,393.7978849411011
18.352094623890242,Move,769.8130187988281,393.7978849411011
38.753207138774016,Move,776.0080261230469,380.46638774871826
52.10325467448231,Move,758.7132110595703,375.66336250305176
69.96810108392374,Move,739.8604431152344,382.53301906585693
75.32987930087893,Move,728.6706848144531,387.6691360473633
84.8995917424784,Move,724.9915924072266,399.1938886642456
105.5952945801523,Move,726.0593719482422,407.8822374343872
115.61485801490178,Move,731.7677307128906,415.1142625808716
133.23086935681167,Move,733.3140106201172,416.7223777770996
154.0081440160992,Move,736.73291015625,419.65874004364014
162.00107018714277,Move,738.9590148925781,418.76143169403076
175.41290568551636,Move,741.33984375,418.7249708175659
185.30385387526144,Move,743.9200286865234,422.0997905731201
197.27724058162286,Move,748.5357513427734,424.25005531311035
207.03973220980308,Move,755.6602478027344,427.137957572937
217.92102632283195,Move,758.5214080810547,428.38777256011963
231.52590546323938,Move,769.9549255371094,434.61853981018066
245.37363646710432,Move,768.3049621582031,433.8380813598633
255.06416146670892,Move,763.1506805419922,430.2772750854492
272.72447501077517,Move,756.6618804931641,426.8160924911499
285.87726766957985,Move,755.5159149169922,427.82862854003906
292.54348421727786,Move,761.9313354492188,430.77392578125
303.32214092552516,Move,760.6268005371094,430.518030166626
325.94856433175835,Move,757.694091796875,430.1952896118164
332.3971525035281,Move,750.6823883056641,425.8661012649536
345.53031571109796,Move,752.0792541503906,426.02018451690674
352.38791211102625,Move,761.4402008056641,428.94544887542725
365.8736554814944,Move,761.5543212890625,427.29816913604736
382.26829841776765,Move,764.5073089599609,428.3085422515869
400.2303074005688,Move,756.7461547851562,423.00103855133057
410.2754041764591,Move,749.7289581298828,417.9410104751587
428.16162193885475,Move,743.6801147460938,414.6680030822754
447.57948861412336,Move,744.3734436035156,416.7120780944824
452.63584290980316,Move,740.4124603271484,419.0268030166626
461.1258462205667,Move,737.4412994384766,418.05562019348145
479.47990186188866,Move,742.7752075195312,420.03040409088135
501.1091549735524,Move,742.1983795166016,416.73283195495605
520.6983599562448,Move,742.4658966064453,415.7258062362671
537.23796105652,Move,739.8236389160156,415.5169286727905
553.336872156217,Move,737.1510314941406,415.0054979324341
563.3376713613646,Move,737.9502410888672,415.85133361816406
570.6092685867025,Move,738.3706512451172,419.2171154022217
592.32608416803,Move,742.4607696533203,419.78303146362305
605.815543975967,Move,745.4845733642578,422.5742197036743
622.1362616515191,Move,750.2395477294922,421.43613052368164
635.021986210306,Move,750.7590179443359,423.0205307006836
646.822869492739,Move,764.2640533447266,431.66881370544434
656.4327449467406,Move,768.5199279785156,432.251672744751
664.070536636271,Move,767.8165740966797,433.4740905761719
677.325641600434,Move,770.2765502929688,432.1984233856201
700.0268102026521,Released,770.2765502929688,432.1984233856201