resolution:1536,864
0,Pressed,767.6220703125,211.7340259552002
16.32971922606002,Move,767.6220703125,211.7340259552002
21.719765250442432,Move,697.7693023681641,92.71187210083008
29.603425742301244,Move,607.1141052246094,36.02330410480499
45.70347598010579,Move,492.3349914550781,12.518732339143753
66.1786428569676,Move,366.2775421142578,3.3851548433303833
76.07605181747621,Move,233.27975463867188,0.509899215772748
94.06142149188031,Move,123.30802917480469,0.02308423595968634
100.756232469914,Move,44.996360778808594,0.000109574590169359
120.11529083264429,Move,5.885539412498474,1.2241626462516919e-08
138.73743002565084,Move,0.16831639409065247,4.808080179686206e-15
144.59167031253142,Move,0.00017522744019515812,1.0067698574297409e-24
159.609095566456,Move,7.253096789838764e-09,0
173.89340943199778,Move,1.2268223508310721e-15,0
193.78286269621555,Move,7.007447376625365e-27,0
212.3602339722334,Move,0,0
230.07135027562396,Move,0,0
243.7903932119877,Move,0,0
258.5148551095832,Move,0,0
275.6424443055425,Move,0,0
292.2003987566725,Move,0,0
302.1101510786716,Move,0,0
308.9059852541911,Move,0,0
318.21850307527217,Move,0,0
340.9383128599643,Move,0,0
355.8620234601109,Move,0,0
365.276996262553,Released,0,0