resolution:1536,864
0,Pressed,776.9772033691406,402.4970226287842
21.542467251802275,Move,776.9772033691406,402.4970226287842
39.426420428773625,Move,800.5432434082031,390.85704231262207
53.19996794944705,Move,786.0661926269531,381.91171646118164
64.39212301921206,Move,767.6468353271484,377.6778516769409
69.9650163805078,Move,751.9309387207031,378.8688039779663
87.111267467193,Move,732.7907867431641,387.3063039779663
107.2590735435453,Move,720.2053070068359,394.47148418426514
123.54258706805643,Move,713.9108734130859,401.1081876754761
144.33466910909027,Move,712.2908020019531,405.59663486480713
159.57733160428782,Move,716.5206756591797,406.6504726409912
166.48020197260632,Move,720.5128784179688,407.6251058578491
177.58572782703402,Move,720.6283721923828,411.5433626174927
194.43191456066265,Move,729.97265625,413.8084945678711
210.45407295425503,Move,733.5691680908203,413.6088352203369
228.40488110253898,Move,736.7425231933594,411.5260591506958
239.76301032613068,Move,746.55615234375,414.36972427368164
254.6028446442174,Move,754.0668640136719,414.607852935791
270.09461108355765,Move,763.0288238525391,417.1629467010498
278.95278524422264,Move,765.6345520019531,414.4354877471924
292.76256367012684,Move,762.9803924560547,413.5137948989868
310.1850561125886,Move,760.9974975585938,413.83321380615234
320.7229899102219,Move,754.3355712890625,412.1421604156494
331.3347846802811,Move,746.6488952636719,412.0090112686157
338.85191727522573,Move,737.6576385498047,411.606164932251
350.82207561973894,Move,735.4657745361328,411.4990482330322
366.1960991197483,Move,733.2355499267578,410.94690799713135
374.1620000929164,Move,728.6368103027344,411.29107189178467
391.20203592672624,Move,727.5701293945312,411.6174945831299
411.55554933486695,Move,733.0963897705078,411.86898708343506
434.3303445193401,Move,738.0047607421875,412.2346773147583
448.860218490002,Move,739.9118499755859,410.98447608947754
459.9358129937166,Move,745.4642486572266,411.6792154312134
473.0125067601684,Move,748.3182220458984,412.7902936935425
494.483879345828,Move,751.9785003662109,414.3670721054077
515.849403074845,Move,750.62255859375,414.1495943069458
532.9575461376132,Move,758.5533142089844,418.3127775192261
546.4938282565217,Move,759.879638671875,415.8810739517212
564.9872739378131,Move,752.6944427490234,411.3713321685791
582.4639216958183,Move,746.4522399902344,410.52462100982666
598.3946034690155,Move,746.7317962646484,413.17696952819824
618.6848637254475,Move,741.6534118652344,413.9255247116089
630.8045039171923,Move,740.0701904296875,411.4145908355713
652.8557039808263,Move,740.4916076660156,412.0233278274536
663.5810559077152,Move,742.3685302734375,410.6715974807739
676.6378917070499,Move,747.6054382324219,411.1512794494629
695.4501729270133,Move,749.019287109375,414.04523277282715
707.4576547398926,Move,755.4217529296875,416.14927768707275
716.7323057515549,Move,762.034423828125,417.72927474975586
737.3165927881263,Move,765.5536651611328,418.22875785827637
750.6261458925046,Move,768.9768676757812,414.7948694229126
772.2309029397828,Released,768.9768676757812,414.7948694229126