resolution:1536,864
0,Pressed,775.0402221679688,437.38611602783203
10.643529390880236,Move,775.0402221679688,437.38611602783203
19.518304596380407,Move,774.4100646972656,437.4111957550049
29.377916973625837,Move,771.2437133789062,436.72755432128906
39.58830488608276,Move,768.8643493652344,435.8990478515625
48.59366869943612,Move,766.2350921630859,435.0458221435547
67.54222462046121,Move,764.735595703125,434.3719654083252
79.8319716964172,Move,763.5272827148438,433.8676414489746
92.4565522253976,Move,762.9507751464844,433.59253692626953
109.90449996745984,Move,761.9753265380859,433.3081111907959
120.73897065562649,Move,760.9683837890625,432.9913444519043
138.2230771535663,Move,760.3608856201172,432.80358123779297
144.6641616880234,Move,760.0614624023438,432.7960624694824
158.66261560957417,Move,759.9423980712891,432.7903461456299
180.15408584936404,Move,758.9853057861328,432.9517421722412
190.4715267695551,Move,759.1308288574219,432.7723217010498
207.9000483501796,Move,758.8066864013672,432.73925971984863
229.8456713126521,Move,758.8165283203125,432.7237071990967
248.43557677416544,Move,758.2963256835938,432.4840850830078
256.9161897887344,Move,758.4098052978516,432.0903797149658
266.2109576648345,Move,757.9541931152344,431.867262840271
285.01285555604204,Move,758.6010131835938,431.9593162536621
306.24548170445325,Move,758.378173828125,431.9911422729492
319.62231699446016,Move,758.1114349365234,432.0255432128906
330.3187852339604,Move,758.085205078125,432.0747756958008
351.84887905232057,Move,758.0966491699219,432.1575336456299
363.61842173298373,Released,758.0966491699219,432.1575336456299