resolution:1536,864
0,Pressed,765.7270202636719,402.98893547058105
12.945225908143803,Move,765.7270202636719,402.98893547058105
33.91407761375027,Move,778.3036193847656,398.93186473846436
42.54607510703357,Move,770.267578125,394.27991008758545
58.73108312688359,Move,747.697998046875,393.7166976928711
74.5504217821106,Move,728.0105438232422,397.70738697052
91.72393838620363,Move,717.9600677490234,400.7942018508911
107.4026954545129,Move,711.6753387451172,403.67334938049316
122.52510149453713,Move,712.1175842285156,404.7133598327637
140.87342740265797,Move,713.1582183837891,404.25293827056885
148.61688665194612,Move,713.7755126953125,403.7128744125366
164.79094299149958,Move,711.3486328125,403.5734167098999
185.1532581806277,Move,713.2833709716797,402.0933780670166
196.02737849847287,Move,716.4540710449219,400.5266933441162
205.59966163199104,Move,719.1879272460938,399.0816993713379
225.88664077285245,Move,722.76416015625,397.70074367523193
236.84339955729465,Move,724.7873840332031,397.64347743988037
255.6947322543179,Move,727.1092529296875,396.6641836166382
265.1242024782695,Move,728.8864288330078,394.85561084747314
277.0549283953673,Move,726.8914031982422,391.23841381073
298.48235317748845,Move,736.8729858398438,387.27252101898193
318.9994515009479,Move,747.2188110351562,386.5236053466797
328.4536350446757,Move,745.1840057373047,387.5961112976074
342.844276995485,Move,738.5057373046875,390.0677261352539
361.5362006082017,Move,731.8427124023438,391.71922874450684
370.86332456426743,Move,731.0870361328125,390.0559844970703
375.9644568186036,Move,727.8391571044922,391.6719789505005
398.1681636617604,Move,722.7597198486328,393.89506244659424
404.46081199506244,Move,716.8770904541016,396.74663257598877
418.4974025646941,Move,714.8218688964844,394.62621116638184
440.90485963987066,Move,718.6409454345703,392.6056966781616
459.4025220450094,Move,724.2772064208984,389.2808303833008
465.1926122401934,Move,731.8541107177734,387.6025228500366
471.7186096396475,Move,737.8680267333984,386.68142223358154
492.89293606463747,Move,745.5190887451172,385.42244052886963
510.1197256543886,Move,746.5689239501953,385.14282989501953
525.0249871300218,Move,746.3675994873047,385.13379192352295
534.1048301033456,Move,736.2834777832031,391.86311531066895
547.235649066909,Move,729.861328125,393.790958404541
566.7163008834007,Move,727.174072265625,393.527286529541
577.4722985212056,Move,722.6448211669922,395.51509952545166
587.9567603142259,Move,719.7916717529297,398.5850486755371
594.0611838021791,Move,715.9192199707031,398.16680431365967
612.625533347661,Move,713.6572265625,397.459885597229
634.4527930911394,Move,712.1353912353516,397.43114948272705
654.8197948430769,Move,715.1907348632812,395.1070775985718
676.2450108294275,Move,717.7872161865234,396.02235889434814
681.3066897216524,Move,716.9576568603516,397.4771890640259
691.8752148686868,Move,717.5655212402344,396.60668563842773
708.7303926951679,Move,718.7679290771484,393.58627796173096
719.7023976124333,Move,720.5414886474609,392.2101888656616
730.7853748693055,Released,720.5414886474609,392.2101888656616