resolution:1536,864
0,Pressed,727.3721008300781,209.74869775772095
19.45773240546727,Move,727.3721008300781,209.74869775772095
24.9899052782074,Move,629.9387969970703,90.97465682029724
45.21174413838103,Move,513.2882080078125,32.04919409751892
62.731106740642005,Move,374.42195892333984,8.777435392141342
70.32717513660037,Move,236.3312530517578,1.8118423148989677
79.91615866864004,Move,121.28956604003906,0.19206222519278526
98.27956941640701,Move,46.054776191711426,0.004602770073688589
107.78915158500574,Move,7.861264228820801,4.809451908727169e-06
113.42668311881953,Move,0.2305017113685608,4.0116611204829566e-11
126.51589755941696,Move,0.0008757916220929474,5.082652018939595e-19
147.831298224472,Move,3.074906995692572e-08,7.147023579288358e-31
166.98162500020632,Move,3.1377145449744664e-14,0
187.64799133380617,Move,2.8461686322322733e-24,0
204.10882487915737,Move,0,0
211.06392334927358,Move,0,0
232.21526209189497,Move,0,0
242.89194917622368,Move,0,0
264.87558744962473,Move,0,0
281.667760502998,Move,0,0
291.21594597387997,Move,0,0
304.617198863873,Move,0,0
315.2498605953237,Move,0,0
321.9324486134803,Move,0,0
335.57102665572427,Move,0,0
351.55266059011853,Move,0,0
364.1397827015697,Released,0,0