resolution:1536,864
0,Pressed,782.6135559082031,406.31627368927
12.322685479464289,Move,782.6135559082031,406.31627368927
23.73832019612157,Move,812.1912231445312,398.06893157958984
43.60655701849642,Move,802.5958557128906,388.5446090698242
56.39598231433452,Move,779.4958190917969,382.2238998413086
77.59515697668148,Move,759.7212066650391,382.16287422180176
84.39105304032837,Move,745.8363647460938,387.04973888397217
100.49672882046238,Move,730.8158569335938,392.3795413970947
114.57023730508452,Move,717.9739837646484,399.34967136383057
125.67497477366176,Move,714.5229949951172,403.7540988922119
148.52074984718004,Move,715.5530548095703,405.32536697387695
154.67017297915547,Move,716.5367889404297,405.5142116546631
174.07448544581294,Move,716.2074737548828,405.06254482269287
191.0456130479605,Move,716.7218627929688,404.5335273742676
214.02854097761366,Move,715.6571044921875,405.03568840026855
227.89740413304494,Move,717.7258758544922,404.46269130706787
243.57010182177646,Move,715.2631530761719,403.4720678329468
248.63964007743138,Move,716.0586090087891,400.40062522888184
262.6926157724596,Move,717.7455596923828,398.84192276000977
271.40288593260374,Move,719.8814392089844,397.2957344055176
285.5852543403601,Move,722.8606567382812,400.1168432235718
303.00031041574954,Move,719.6390075683594,402.7801866531372
317.66218280709876,Move,719.6146545410156,401.84278678894043
338.29632914302874,Move,721.4932250976562,400.19885444641113
348.41775586049806,Move,724.1001434326172,399.77873039245605
371.04181027879577,Move,725.4541625976562,399.43546772003174
390.40594578560973,Move,724.1282958984375,399.4765377044678
408.0299508085564,Move,723.4127655029297,399.02821826934814
417.835810883511,Move,722.67919921875,398.695538520813
439.2824448340228,Move,725.8772735595703,397.2358675003052
447.20164450792066,Move,724.7169342041016,397.160551071167
456.5047856500315,Move,724.6257934570312,396.5361843109131
478.72001844076425,Move,724.1301727294922,397.20355224609375
484.11386467661566,Move,721.6138916015625,398.3921871185303
490.3266505328354,Move,719.7678680419922,398.86115741729736
507.6222601767846,Move,717.5322418212891,399.2236804962158
518.3219472434114,Move,720.3668518066406,397.2484073638916
535.3942491908464,Move,723.522216796875,396.12303829193115
551.9699794252392,Move,725.5594940185547,394.8491220474243
564.0641421307781,Move,732.5722045898438,393.2044429779053
584.252966537481,Move,741.5567779541016,392.4761781692505
599.5049659323264,Move,740.0769653320312,395.591703414917
609.0813572875336,Move,736.8362274169922,397.17561435699463
617.6375173356108,Move,741.0811157226562,395.91346549987793
632.5719299164718,Move,747.0083312988281,394.4413833618164
639.3717963758693,Move,755.6875762939453,392.6041774749756
661.209935730404,Move,765.7117309570312,390.69253063201904
679.3822455375955,Move,772.6060180664062,388.3600387573242
686.4280133719608,Move,777.9364013671875,384.3226146697998
702.35028474237,Move,771.9625854492188,383.4443607330322
722.0779034189044,Move,763.0501556396484,384.3040237426758
727.9877709663241,Released,763.0501556396484,384.3040237426758