resolution:1536,864
0,Pressed,771.0881652832031,405.4903163909912
15.95303162597792,Move,771.0881652832031,405.4903163909912
38.40967016981133,Move,790.735107421875,400.52342319488525
52.789590860900574,Move,770.7050170898438,398.9450225830078
69.23380849091296,Move,746.9256134033203,400.6225576400757
76.64177379062,Move,732.0165252685547,402.04319286346436
84.44331314495172,Move,727.0163269042969,402.6573886871338
90.14082797942665,Move,720.1840209960938,405.42220973968506
106.21593958997944,Move,716.0288543701172,405.4058847427368
126.29067561007813,Move,715.6097717285156,404.81869983673096
140.10747366742007,Move,719.0906066894531,402.8781623840332
155.43199162311245,Move,719.2042236328125,403.703218460083
173.37074184031417,Move,718.3638610839844,403.91608715057373
178.45479644651437,Move,719.5516204833984,402.2613916397095
186.13672485419363,Move,719.1500244140625,402.3961887359619
206.95255597399444,Move,719.4855651855469,403.30330753326416
213.39143208029384,Move,718.1916961669922,403.7903537750244
227.8540832974012,Move,719.2074279785156,402.85475635528564
233.73569458356462,Move,722.2299041748047,401.8152093887329
239.68398837868153,Move,722.3402709960938,400.58298110961914
252.2695994989125,Move,720.9637298583984,400.003701210022
257.7236685606227,Move,720.1602630615234,397.2267265319824
270.92697076510365,Move,717.5450592041016,393.9136276245117
291.0285107423904,Move,723.7911987304688,390.90712451934814
300.7054933729395,Move,729.2304840087891,390.21931171417236
322.9428094837989,Move,728.3491973876953,392.7732210159302
344.3088300322356,Move,727.3793334960938,394.37010955810547
362.94244256942227,Move,727.3614349365234,395.15937423706055
383.8580859846332,Move,727.7086029052734,395.2508354187012
404.16173015695165,Move,730.7807922363281,393.2474956512451
424.14029015072936,Move,734.2127838134766,391.60842990875244
436.2382535270661,Move,732.2565765380859,392.3028345108032
451.3531581193621,Move,729.2111663818359,393.642617225647
466.9358699377575,Move,727.8013458251953,393.58537673950195
483.507563937572,Move,728.7969818115234,392.8806982040405
497.4865426473683,Move,730.9142761230469,392.54794120788574
516.7725123203045,Move,727.6393890380859,394.7685012817383
530.4732983035284,Move,726.9248657226562,395.1667900085449
549.2425036160539,Move,725.6316375732422,395.5081214904785
555.1306104881347,Move,726.9978790283203,394.8242483139038
572.1677734908619,Move,733.0559234619141,393.9703016281128
594.9773418936029,Move,741.5771026611328,392.8241014480591
616.4628956159966,Move,745.19091796875,391.7284469604492
639.0640533663702,Move,750.4468231201172,389.06245136260986
647.515666522509,Move,747.1568298339844,388.2330436706543
668.1327619638344,Move,747.3110961914062,386.33331871032715
675.89984631434,Move,743.0448760986328,387.5840091705322
695.4844157231988,Move,740.1985015869141,388.58537006378174
708.3807488605671,Move,737.5533599853516,389.7348918914795
729.1873156251844,Move,738.5191497802734,389.67188358306885
735.6317743044898,Move,737.9782104492188,389.78819274902344
758.5063360748601,Released,737.9782104492188,389.78819274902344