resolution:1536,864
0,Pressed,684.3615417480469,397.3276376724243
15.062924216699273,Move,684.3615417480469,397.3276376724243
30.64530490123716,Move,630.7591094970703,373.23799324035645
47.973508312957904,Move,615.966064453125,369.2938070297241
60.50387626434656,Move,620.2222595214844,374.1100158691406
75.19147327761466,Move,639.2089691162109,385.2893171310425
83.42326951159835,Move,664.8387451171875,398.69641399383545
101.1676744175754,Move,709.4152221679688,422.39582920074463
122.78080767311518,Move,755.8731994628906,447.956937789917
141.57527941210327,Move,793.0819702148438,468.58874702453613
157.48580632936805,Move,823.3099365234375,485.0701446533203
178.43138246306086,Move,833.0263366699219,487.80151748657227
193.7151371644906,Move,834.4999694824219,487.19038581848145
214.5388902304994,Move,832.8993530273438,485.46364402770996
235.5042661588003,Move,844.4191589355469,492.952543258667
254.59261430341576,Move,852.6576232910156,497.9879035949707
276.4130106939014,Move,873.5620422363281,510.9971752166748
284.18275719428567,Move,910.9884338378906,537.656925201416
301.85599403959606,Move,941.8163452148438,558.5509643554688
318.1743823620227,Move,964.9837646484375,574.5430755615234
323.72934073216135,Move,989.6933898925781,591.316520690918
341.32719608571176,Move,1000.9229736328125,597.567964553833
349.1794093775439,Move,1007.6165771484375,602.0367393493652
364.9425839179427,Move,1026.0238037109375,614.2912502288818
372.3258102686263,Move,1040.1022338867188,623.1903820037842
380.485533618829,Move,1053.8939208984375,632.5167446136475
389.54950684629114,Move,1068.7911071777344,643.442081451416
407.76381865826295,Move,1070.7013549804688,643.1845893859863
425.32323117854867,Move,1075.9270935058594,647.3217658996582
436.33984120134335,Move,1082.5580749511719,651.5710544586182
445.8607973208332,Move,1086.2261352539062,653.480152130127
457.73253993339756,Move,1096.0046997070312,659.3218231201172
468.2095825270887,Move,1087.434814453125,652.7044830322266
476.9613738440422,Move,1095.9223937988281,660.0768413543701
492.85392614685776,Move,1111.4321594238281,671.1604843139648
502.3756208251114,Move,1123.7415161132812,678.730390548706
524.1338473568304,Move,1148.4147033691406,694.5896873474121
542.8705386695543,Move,1164.3216247558594,704.1205501556396
561.8221698885898,Move,1185.4668273925781,716.3926734924316
568.6218319358944,Move,1190.2162170410156,718.3444633483887
578.4716448760049,Move,1196.8310852050781,721.4998226165771
600.3774215145015,Move,1198.8941345214844,723.1497802734375
611.4564463604229,Move,1187.9329833984375,715.1418800354004
633.2975122359155,Move,1168.1467895507812,703.3979244232178
640.1847262431044,Move,1176.7883605957031,710.4797286987305
658.7536461195787,Move,1168.4369201660156,704.9724884033203
667.2876168296478,Move,1176.8024597167969,710.3072090148926
673.8937392986772,Move,1205.2348937988281,728.2418403625488
687.8750165492701,Move,1238.4267883300781,747.6348037719727
704.3186487153176,Move,1251.9828186035156,753.8743515014648
724.6097910688802,Move,1266.5234985351562,761.0437545776367
734.6119699027149,Released,1266.5234985351562,761.0437545776367