resolution:1536,864
0,Pressed,1260.0657348632812,795.9214668273926
22.797370771892957,Move,1260.0657348632812,795.9214668273926
33.47566152747744,Move,1418.5475463867188,849.957103729248
55.91107222025728,Move,1471.1208801269531,859.783670425415
73.68644100720252,Move,1490.2395629882812,862.2995738983154
86.35946158462144,Move,1496.4846496582031,863.1269474029541
107.44148816635524,Move,1493.4229431152344,863.3844394683838
115.38776821987265,Move,1478.4216613769531,863.3636341094971
120.78038366454568,Move,1436.364990234375,862.9054012298584
126.64552242602807,Move,1354.3291625976562,861.3998966217041
138.28276059232405,Move,1190.9533081054688,855.6418075561523
145.50332125685472,Move,983.5623779296875,836.2944202423096
168.1177414355571,Move,775.4043273925781,779.302619934082
184.34367948472178,Move,596.8579559326172,665.4618759155273
203.6833514802043,Move,475.8998107910156,522.9027328491211
216.15260412294828,Move,372.4384231567383,377.30829906463623
238.40510136861985,Move,294.85970306396484,262.71830463409424
259.34520918547696,Move,215.70284271240234,160.53632497787476
278.86985395333664,Move,129.40659713745117,88.15428185462952
292.4114907436216,Move,48.0241641998291,29.797545075416565
314.82015725304825,Move,7.471949100494385,4.387756124138832
336.8567127521119,Move,0.3605063930153847,0.14357659500092268
359.4100037767649,Move,0.0016967944102361798,0.000394080268961261
378.38646347129185,Move,3.3564875678848693e-07,3.4661645553768494e-08
395.60529845241354,Move,1.6446925201960005e-12,3.5173321279178876e-14
402.3474009397913,Move,6.721451755291219e-21,1.0270673518125523e-22
417.507967725128,Released,6.721451755291219e-21,1.0270673518125523e-22