resolution:1536,864
0,Pressed,755.3841705322266,429.5874538421631
14.088615694763304,Move,755.3841705322266,429.5874538421631
30.34223760013282,Move,761.3962554931641,436.61770820617676
51.17630803747087,Move,781.3530578613281,450.8174171447754
63.65082730249939,Move,812.589111328125,471.19724464416504
72.15997036197837,Move,846.6206359863281,493.52000427246094
88.95105688799853,Move,876.6608276367188,513.964204788208
95.82237787552187,Move,903.5117797851562,532.5996780395508
111.522177846833,Move,924.7878112792969,547.0308723449707
132.2841385755707,Move,946.50732421875,562.0770606994629
138.6537226736727,Move,968.8258666992188,577.47678565979
158.81765753086148,Move,992.4152526855469,593.6552181243896
179.75697777064443,Move,1010.4002380371094,605.7560577392578
198.70705229713246,Move,1029.6743774414062,618.589822769165
220.21990357670714,Move,1050.4630737304688,632.3635883331299
242.9454312192886,Move,1072.4851684570312,646.7293281555176
263.501286961667,Move,1095.5186462402344,661.5075702667236
282.98701345954856,Move,1116.78515625,674.8774337768555
296.98956151509634,Move,1134.3507385253906,685.6473484039307
315.64850399603733,Move,1151.4556274414062,696.0412216186523
334.94778286719367,Move,1172.3795471191406,708.5811367034912
344.0092277410081,Move,1190.4750366210938,719.0114707946777
362.4333488342328,Move,1210.1779174804688,730.365068435669
372.2997544293477,Move,1228.1219787597656,740.2193927764893
382.8315954616539,Move,1250.6715087890625,752.572883605957
390.36833856902086,Move,1275.0455932617188,765.3569526672363
411.5011850660897,Move,1307.8392333984375,781.8018379211426
430.55173897170056,Move,1345.6059265136719,799.6651954650879
438.22170879385567,Move,1385.2040405273438,817.001106262207
450.5950221122914,Move,1428.2572631835938,833.8131237030029
460.94032040873316,Move,1472.701904296875,848.820894241333
469.6209147424632,Move,1508.8807983398438,858.8405799865723
477.015066898842,Move,1530.7724304199219,863.3325805664062
482.3156077708697,Move,1535.851318359375,863.9919662475586
496.3251519719548,Move,1536,864
506.2711916055953,Move,1536,864
528.3049532606385,Move,1536,864
546.9419079764491,Move,1536,864
568.5361283494613,Move,1536,864
579.822719551418,Move,1536,864
595.556885194993,Move,1536,864
618.509637395031,Move,1536,864
631.4236106728055,Move,1536,864
641.9405747020916,Move,1536,864
650.5489651847611,Move,1536,864
668.2341796537586,Move,1536,864
674.667346132236,Move,1536,864
688.4845269550569,Move,1536,864
706.8483006967472,Move,1536,864
714.6258259239806,Move,1536,864
723.6997134427531,Move,1536,864
743.6033665358442,Released,1536,864