resolution:1536,864
0,Pressed,773.7248840332031,403.0262975692749
19.460727393517296,Move,773.7248840332031,403.0262975692749
38.95547648794967,Move,790.4246520996094,393.2775192260742
60.45936433550415,Move,781.7527770996094,384.8877067565918
68.16073658469853,Move,760.8646545410156,384.24145317077637
88.83897377376712,Move,742.2016754150391,388.05017280578613
96.64730915632937,Move,730.2705230712891,393.1889419555664
106.14712586666056,Move,722.816162109375,400.2702827453613
120.78302670781785,Move,724.7361602783203,407.88975620269775
127.72494070485638,Move,728.8686218261719,410.7220401763916
144.07310559911033,Move,731.0309143066406,415.671835899353
164.05081328639352,Move,732.4023284912109,413.56773948669434
176.6625788702694,Move,740.5881042480469,417.60858821868896
196.89473787927494,Move,746.3175201416016,417.40699768066406
213.909045941798,Move,755.1421051025391,419.699423789978
224.47359364412165,Move,762.9513244628906,422.3835210800171
232.15406994612448,Move,765.9231719970703,422.147967338562
242.59408276438327,Move,761.7808685302734,420.8100128173828
259.4332902656554,Move,752.4253234863281,418.66034030914307
275.84911468031834,Move,751.899169921875,415.0107765197754
290.85195242917166,Move,754.0927276611328,413.4550094604492
300.1032278863763,Move,759.3751831054688,415.19897747039795
322.3784595691088,Move,758.5093688964844,415.57669258117676
344.67423294591595,Move,758.6847839355469,415.1203136444092
360.61911325119956,Move,764.7060241699219,419.67102241516113
382.88189089572927,Move,765.7480316162109,420.66424655914307
397.6025661585376,Move,764.2203369140625,420.8450574874878
404.6084203553286,Move,760.9203643798828,418.48977756500244
411.96380870923923,Move,755.3414154052734,416.8956699371338
430.6796775886394,Move,756.03955078125,417.52534103393555
453.52929531214755,Move,751.0816497802734,417.00021171569824
472.00416238739797,Move,749.2738037109375,416.23425006866455
479.0180382291215,Move,752.3538208007812,416.18468284606934
495.65343566845684,Move,754.1757202148438,415.3476791381836
515.9535693920081,Move,754.3701782226562,412.26042652130127
523.5355000840004,Move,755.5147705078125,415.5125513076782
531.5246543716623,Move,756.2865142822266,416.340594291687
551.3089862426683,Move,753.3327941894531,413.7036952972412
573.0691548714866,Move,746.9406280517578,414.35360527038574
580.7488924666836,Move,745.0381164550781,411.75350189208984
603.301193238282,Move,750.5797119140625,414.7403841018677
619.3840245561123,Move,751.3065490722656,416.371132850647
638.2830981900299,Move,747.1847534179688,413.296986579895
652.9614293842835,Move,749.4605255126953,415.5532865524292
672.5460363038636,Move,749.4076995849609,415.61977100372314
689.8261641736713,Move,752.2227630615234,417.0125970840454
712.4855191477557,Move,749.6446380615234,413.7506103515625
718.2638231833643,Move,752.9177856445312,416.264479637146
740.0296633721456,Move,759.6158752441406,418.0687780380249
759.467125355906,Move,761.9513397216797,419.0452136993408
765.8935944397643,Move,765.4667816162109,419.53086948394775
782.01260943435,Released,765.4667816162109,419.53086948394775