resolution:1536,864
0,Pressed,701.3806915283203,346.3995952606201
20.888990341686316,Move,701.3806915283203,346.3995952606201
32.80892453908333,Move,662.9051971435547,292.2295217514038
40.353354618192505,Move,634.0368347167969,264.86506748199463
60.27910878202159,Move,615.7522430419922,256.58595085144043
73.55661104437509,Move,614.6826782226562,273.42969131469727
83.9847430295428,Move,615.1223602294922,285.7910099029541
101.68416148329085,Move,622.8177795410156,301.424280166626
113.15019876744682,Move,629.6312255859375,310.7623586654663
120.44479070625653,Move,646.6595764160156,333.18935108184814
133.70487451606914,Move,659.3081817626953,346.5164966583252
138.87650470417836,Move,681.5092163085938,370.69062423706055
156.9997725639857,Move,703.1779632568359,391.25324535369873
162.8613082734923,Move,715.6124267578125,403.77863788604736
178.98156803734383,Move,730.3203735351562,418.63858222961426
198.28438454791984,Move,734.9227294921875,424.87112617492676
212.7434453802723,Move,746.4407501220703,428.46324348449707
235.11579997816673,Move,759.7138366699219,436.9116611480713
243.62162170527597,Move,772.0314331054688,443.2537422180176
251.80672771999778,Move,775.1509094238281,444.3481864929199
270.2141203330583,Move,768.3614501953125,438.1659564971924
277.35154500297386,Move,761.4456024169922,436.098295211792
291.84261280930093,Move,764.6300354003906,437.973352432251
296.93942895146665,Move,766.1510925292969,438.50548553466797
318.79700031649946,Move,779.8721008300781,448.178071975708
339.0261291982872,Move,789.943359375,451.65514183044434
346.37807582163884,Move,785.5453491210938,447.6156578063965
368.96558642445154,Move,799.2511596679688,459.2244815826416
380.7656770321722,Move,797.8086547851562,455.0112934112549
403.7541360956561,Move,802.8121948242188,456.2685241699219
422.5920402139189,Move,805.0915832519531,457.34777641296387
428.1572610925709,Move,810.5665283203125,464.61533546447754
436.06442438777384,Move,790.0119323730469,448.83544921875
456.5107088607393,Move,800.3398132324219,461.0058116912842
464.803152495515,Move,809.3930053710938,466.252161026001
480.1275985977723,Move,803.2811279296875,459.44288635253906
490.79750422822684,Move,813.3056030273438,466.4582061767578
501.27504559462557,Move,820.2583923339844,473.78812980651855
514.8915611357648,Move,820.3976440429688,476.1951141357422
520.9988185306937,Move,815.2900085449219,467.75230979919434
535.158273581163,Move,792.3634643554688,448.86305236816406
550.1380915873955,Move,783.955078125,445.0344543457031
563.7969473149088,Move,778.6232299804688,444.0022716522217
573.7951852384629,Move,786.2221984863281,452.3166389465332
596.1607453352178,Move,791.7550964355469,455.8849639892578
603.0537432510786,Move,793.76513671875,455.26883697509766
611.4256222311301,Move,794.6360778808594,455.02787590026855
620.6561589891451,Move,793.5042114257812,452.07984924316406
640.0188080115544,Move,791.2171325683594,449.0866069793701
653.3345810857787,Move,801.9230346679688,461.4158420562744
671.9856363533551,Move,825.3437805175781,479.7534999847412
689.8827484019835,Released,825.3437805175781,479.7534999847412