resolution:1536,864
0,Pressed,769.4584350585938,212.05102443695068
8.399940403952295,Move,769.4584350585938,212.05102443695068
30.62794775884096,Move,697.6371459960938,88.22949528694153
39.470910940106734,Move,606.0778198242188,31.8921400308609
62.389355999092174,Move,493.8133850097656,11.309427291154861
70.41893953082052,Move,365.00889587402344,3.022015191614628
93.09100863340814,Move,233.19937133789062,0.4136583125218749
106.9812403483612,Move,119.91509628295898,0.016311303537804633
114.25178054104657,Move,39.956597328186035,5.597173412752454e-05
133.59101659348022,Move,4.4569480419158936,3.6962592986355958e-09
144.37054460459822,Move,0.10604054108262062,8.536638321853173e-16
166.67052721585878,Move,7.046541577437893e-05,7.622329304023658e-26
187.52464485649523,Move,1.826758411205276e-09,0
194.20583970438608,Move,1.283045373697493e-16,0
217.03647666434557,Move,2.0073267855183996e-28,0
233.99671578661528,Move,0,0
244.28861934457964,Move,0,0
266.5676840140149,Move,0,0
281.16076375054297,Move,0,0
291.65959437561656,Move,0,0
301.9746024838974,Move,0,0
308.3959329262674,Move,0,0
325.9773967875561,Move,0,0
340.95571548491426,Move,0,0
355.39491204085857,Move,0,0
367.4512656107856,Move,0,0
386.5192583005713,Released,0,0