resolution:1536,864
0,Pressed,777.8316650390625,402.47099018096924
14.78628816745213,Move,777.8316650390625,402.47099018096924
37.35947384834779,Move,789.8822021484375,393.93690490722656
45.744177161621785,Move,780.8739624023438,385.7484769821167
65.10390341004023,Move,764.630126953125,383.63804626464844
72.23458576829191,Move,750.2341461181641,384.6192455291748
94.23886197376754,Move,743.1398620605469,386.09918117523193
115.85297346633627,Move,730.9822998046875,393.5629234313965
121.76718173796645,Move,721.2903900146484,400.5079736709595
129.7103879549892,Move,716.7343139648438,409.8598794937134
140.66418119332678,Move,722.0591125488281,414.2283868789673
158.02695014271436,Move,722.2872161865234,414.90989112854004
164.6457279885615,Move,723.5299072265625,414.20763301849365
171.96858419775663,Move,727.9215545654297,413.43358612060547
180.6442866277818,Move,736.2789459228516,414.1865186691284
202.17885456241757,Move,743.8019256591797,415.579550743103
223.84475988904077,Move,751.1413879394531,417.0458393096924
232.092815471167,Move,753.2558441162109,415.2763795852661
253.8879647018738,Move,745.6203918457031,413.7045965194702
273.3490492176322,Move,742.8688201904297,412.77582263946533
293.80386327946655,Move,740.737060546875,413.70606422424316
307.0343139231655,Move,742.6807708740234,413.3196201324463
326.1400714461025,Move,745.8589782714844,413.23935985565186
337.21172904708095,Move,752.1447601318359,415.8507671356201
349.26969630289005,Move,759.2904052734375,418.8959712982178
359.7263229802003,Move,767.4232635498047,420.70953941345215
368.1295518450796,Move,764.8825378417969,420.1480522155762
384.90952212333235,Move,756.1464385986328,419.8948087692261
403.7989211766063,Move,755.5687866210938,418.65367126464844
416.8012357636396,Move,758.2041320800781,418.8091707229614
428.0930231580185,Move,770.1567993164062,420.3688259124756
449.3335818983747,Move,769.8976135253906,419.20877265930176
464.5719543947272,Move,761.2074279785156,416.0068073272705
485.0934542068504,Move,754.4678192138672,413.63288497924805
505.0841966924593,Move,751.7552490234375,415.19161319732666
519.8099159015403,Move,753.0335998535156,415.16877365112305
538.877951431271,Move,755.8778228759766,414.2108516693115
553.697353045887,Move,754.7038879394531,413.89787006378174
572.5875856207044,Move,748.5990600585938,412.49005794525146
583.3699744301618,Move,750.3776092529297,415.52442169189453
588.8453034592039,Move,750.3755035400391,414.97024726867676
606.1526050173807,Move,743.4870300292969,413.4023780822754
612.5824990519981,Move,739.2998199462891,412.05322265625
622.3488111907135,Move,737.5822906494141,412.23068618774414
643.7150735765575,Move,737.4024810791016,413.94125747680664
650.871297461675,Move,741.4465026855469,414.73796367645264
662.6445473945865,Move,738.8732299804688,412.86205673217773
681.5431495373782,Move,737.4936676025391,412.08705711364746
696.1400352947177,Move,737.0955505371094,411.972318649292
702.2828858077668,Move,740.0260620117188,413.3982582092285
711.7608117736587,Move,746.0956420898438,416.9795866012573
732.7346652368626,Released,746.0956420898438,416.9795866012573