resolution:1536,864
0,Pressed,683.4720153808594,296.29993057250977
6.891606371945473,Move,683.4720153808594,296.29993057250977
24.57297126005838,Move,558.4476013183594,199.2960262298584
41.44799731713685,Move,418.26329040527344,115.28681945800781
56.97188438599329,Move,294.36090087890625,61.3281147480011
76.42327363944028,Move,189.38545989990234,26.802999258041382
90.19846982829003,Move,111.53521728515625,8.412432342767715
100.31371677761071,Move,52.61780548095703,1.3570514805614948
111.43773011548598,Move,15.867937088012695,0.0461770937545225
128.843038849037,Move,1.8490678668022156,9.256626799469814e-05
146.33122383429352,Move,0.038665931671857834,4.52328687006176e-09
161.5723583137217,Move,2.7672233954945114e-05,3.8690689570109656e-16
170.7750569989479,Move,4.222358129801762e-09,2.6631337191402323e-27
187.49082659589953,Move,7.866968845972452e-15,0
208.45541926055193,Move,1.2105134146304591e-26,0
226.55098629081357,Move,0,0
236.4455764153925,Move,0,0
251.71705429012596,Move,0,0
260.42515293382064,Move,0,0
280.3490772200721,Move,0,0
298.1789866490241,Move,0,0
311.9206297243766,Move,0,0
320.15014043515055,Move,0,0
326.1362310030374,Move,0,0
349.0614560817996,Move,0,0
369.9969454627332,Move,0,0
385.2381449891057,Released,0,0