resolution:1536,864
0,Pressed,587.1213684082031,333.61681365966797
11.426669813832994,Move,587.1213684082031,333.61681365966797
33.37908451028578,Move,486.7818603515625,278.7606782913208
54.65703535323068,Move,443.83433532714844,258.51291847229004
66.49537024264353,Move,439.8167266845703,260.3483476638794
84.51220916488816,Move,471.76959228515625,285.47385692596436
99.71692263964421,Move,523.8192901611328,321.1528072357178
113.49011201623547,Move,577.0807342529297,353.99666690826416
125.35116168250416,Move,637.5130920410156,389.8206367492676
135.5542813431672,Move,677.3391265869141,409.4942407608032
147.03338982818596,Move,718.2924041748047,430.2177686691284
161.06715759391528,Move,763.9826202392578,451.7398052215576
173.38569504328734,Move,828.4083251953125,486.5865669250488
194.0840178466332,Move,861.5626831054688,501.6883735656738
207.42609063907514,Move,874.8429565429688,507.50661277770996
227.02787387422416,Move,882.333251953125,509.6301498413086
239.46011028248535,Move,893.33935546875,517.0904674530029
255.59843410413376,Move,914.152587890625,532.6321220397949
261.3864001917029,Move,935.3688354492188,549.2592601776123
271.8029429888583,Move,951.1509704589844,557.1073093414307
280.7803035427219,Move,945.0667419433594,551.6323585510254
291.8738244673087,Move,912.6677856445312,527.180139541626
312.2672924550981,Move,891.5248718261719,513.8669757843018
318.5508332611193,Move,882.8236083984375,511.4135913848877
328.5583561653561,Move,901.1467895507812,524.5748863220215
342.92401030543886,Move,907.6588439941406,528.9874248504639
362.3350976554757,Move,924.1695556640625,537.9381580352783
370.6772216757699,Move,929.8873901367188,541.9519958496094
391.1503146797016,Move,922.0086364746094,536.2946891784668
404.9168733352691,Move,922.5641784667969,538.0034065246582
425.71508689563035,Move,937.0413208007812,548.5732498168945
444.1320517836871,Move,914.9954223632812,532.639331817627
457.9946269209185,Move,884.7582092285156,512.6815338134766
476.9089921214979,Move,873.8406372070312,506.78954887390137
487.7575144983971,Move,881.8807983398438,513.5742073059082
502.1171585541638,Move,910.2998657226562,532.5234088897705
518.8466415671598,Move,933.1653442382812,549.7805271148682
529.5064097219189,Move,965.602294921875,569.8945198059082
540.4650539757705,Move,963.0867004394531,568.4667778015137
558.2213595194722,Move,955.0137634277344,559.4951877593994
572.9242916161351,Move,959.0922546386719,562.9072666168213
581.0313208026014,Move,961.1834106445312,564.8979892730713
596.1424819326584,Move,967.2723083496094,567.6625785827637
607.4625529069991,Move,992.8767700195312,587.6824321746826
630.0134317647501,Move,1020.3652038574219,605.8051872253418
642.0870761004112,Move,999.4404602050781,588.4010410308838
659.9552597849366,Move,1022.5396728515625,606.2133121490479
678.4233454806159,Move,1053.8433837890625,631.0467739105225
696.1397455374321,Move,1023.6054382324219,604.4369773864746
712.0350630344664,Move,1009.708740234375,592.341287612915
729.5270925581627,Move,1021.4549560546875,605.1828804016113
751.0338743529522,Released,1021.4549560546875,605.1828804016113