resolution:1536,864
0,Pressed,774.7125549316406,406.9773588180542
22.179490896531696,Move,774.7125549316406,406.9773588180542
33.56888340370246,Move,797.2629089355469,401.2782096862793
38.60402342871888,Move,792.1335754394531,393.48750400543213
47.24816774024491,Move,780.207275390625,387.07033824920654
67.50023817971922,Move,753.4730987548828,387.3063039779663
83.72587410111794,Move,729.8985443115234,392.1387348175049
101.15531760729068,Move,718.4798583984375,399.3677215576172
122.08503283708879,Move,713.2422180175781,403.4702138900757
129.6806912316041,Move,715.2708435058594,406.3385467529297
142.83415875579234,Move,718.6170501708984,406.905029296875
150.5003505592421,Move,716.4543914794922,406.7099275588989
168.9740239457905,Move,714.4413757324219,404.6041831970215
182.51473904826673,Move,717.2571258544922,399.05968379974365
195.2397616334689,Move,722.9573822021484,396.2889919281006
203.4244737344127,Move,727.9642639160156,394.8096227645874
220.71272048854001,Move,736.3034820556641,393.08223724365234
231.58580370941817,Move,745.8470764160156,390.6697425842285
250.15458184960235,Move,754.8161773681641,389.3213596343994
264.6139387164017,Move,763.0911254882812,387.6343231201172
281.39212942125,Move,765.8806457519531,385.78710079193115
286.93820475422564,Move,763.92041015625,385.19646549224854
299.43521477993875,Move,758.1275939941406,386.5121726989746
318.60828809966597,Move,748.9617919921875,390.1568956375122
340.16510642577384,Move,741.6911315917969,392.2741241455078
359.6851588630552,Move,736.9894866943359,393.5730171203613
382.40754633422614,Move,733.6137542724609,396.24199962615967
402.92115993095945,Move,729.2445373535156,400.9796733856201
408.75966399122353,Move,727.1377258300781,403.461407661438
429.812384356517,Move,725.3238830566406,403.40182399749756
442.91704934816704,Move,721.4718933105469,401.78701400756836
464.3595775230362,Move,721.6404418945312,399.6388349533081
484.6146967739192,Move,723.3546295166016,397.79053115844727
500.5940114431924,Move,721.9893493652344,397.6468505859375
511.97844197020294,Move,725.6666107177734,394.31328105926514
518.1840553470932,Move,725.1762084960938,389.5163583755493
524.6672854479934,Move,726.3661651611328,386.3034496307373
545.300281973889,Move,732.2391815185547,385.4272041320801
563.2789626503003,Move,736.9576721191406,384.21454524993896
571.7201481464668,Move,736.0793609619141,384.82704162597656
586.0898427636467,Move,734.3700714111328,385.9052896499634
593.1239124610559,Move,731.9386138916016,387.7782611846924
599.9701485093876,Move,734.0477600097656,387.6233024597168
609.9683621484129,Move,731.5580291748047,390.7227602005005
622.1202174867883,Move,729.3417663574219,392.6793909072876
632.0411798093601,Move,729.7176361083984,392.4422149658203
638.0319702148438,Move,728.253662109375,392.57438564300537
656.5325579739343,Move,727.6741790771484,390.05480003356934
665.0003574282027,Move,727.7358856201172,390.1084613800049
678.143112816005,Move,729.9810791015625,389.10272312164307
685.6561935330326,Move,737.3917694091797,387.5708255767822
698.1739145533509,Released,737.3917694091797,387.5708255767822