resolution:1536,864
0,Pressed,770.6243591308594,404.0738010406494
16.33728689377925,Move,770.6243591308594,404.0738010406494
32.60154903324843,Move,787.2241516113281,397.2201862335205
46.12182311615827,Move,781.8186950683594,389.1911458969116
56.952599481272934,Move,766.8782958984375,384.39347648620605
65.59830202725925,Move,741.2525024414062,387.6356620788574
73.62478039512388,Move,723.796875,393.3276786804199
96.29854889818968,Move,712.2572021484375,400.34178829193115
105.7348569781062,Move,705.3143005371094,405.0381860733032
123.47156071249009,Move,705.7469329833984,403.3470811843872
138.14253962477014,Move,708.380126953125,402.34484481811523
158.93393060536908,Move,712.4908905029297,399.2861223220825
166.93483709940836,Move,721.6452941894531,398.2312545776367
180.69119096302092,Move,730.6929473876953,397.2297649383545
192.5138439416594,Move,729.6548309326172,397.6648750305176
208.49449677105596,Move,730.5038452148438,397.4651126861572
226.80056779858754,Move,733.7439422607422,397.6688919067383
239.99451327564157,Move,740.4148406982422,398.5262117385864
249.87447974337783,Move,741.6144104003906,398.51920795440674
269.2414854596359,Move,750.8687438964844,396.88737773895264
291.75442325000074,Move,760.1618041992188,396.5030708312988
300.1345517829331,Move,759.7621307373047,395.59821796417236
307.5723613928198,Move,753.7549896240234,395.0228519439697
326.6434728360306,Move,747.7711029052734,394.73222064971924
335.0925656844785,Move,745.4873657226562,395.8957242965698
354.95650799833095,Move,745.0395812988281,395.788272857666
363.69808741878046,Move,742.15869140625,397.28803539276123
372.94805677245716,Move,744.3718872070312,397.0190076828003
390.2636126152891,Move,748.8709259033203,397.5083713531494
397.95368040801435,Move,746.6471557617188,397.5526599884033
404.9264494525324,Move,741.4801025390625,397.91139793395996
422.86452752816274,Move,733.2855377197266,400.7464370727539
440.3065451843238,Move,729.2380828857422,402.8330240249634
453.7245658647451,Move,723.708251953125,403.714599609375
471.48864238029023,Move,722.5703430175781,403.1312255859375
479.4568483102852,Move,724.3031616210938,401.62515449523926
497.1878092167659,Move,726.3484954833984,400.78374767303467
505.4178401606584,Move,736.0106048583984,400.6515769958496
511.8260119848058,Move,740.5911712646484,399.00749015808105
518.7569305162855,Move,735.2582702636719,400.54180812835693
536.3608130192591,Move,732.5492248535156,400.88164615631104
548.9800057869197,Move,730.7541046142578,402.7427215576172
569.4468825548046,Move,729.3104095458984,403.0273790359497
590.8714742210058,Move,729.9150695800781,402.9767818450928
611.3506867956124,Move,729.2391357421875,403.8824586868286
619.91569262961,Move,730.5250854492188,404.80664920806885
632.6174711596844,Move,729.9603881835938,404.5123100280762
651.4994486036337,Move,727.1880798339844,405.33633613586426
659.5042571118895,Move,726.5385131835938,405.66376304626465
668.177517766235,Move,724.1670684814453,405.8272190093994
689.0052682622146,Move,722.3981781005859,405.2538356781006
707.0576303732165,Released,722.3981781005859,405.2538356781006