resolution:1536,864
0,Pressed,1223.98388671875,777.5298385620117
10.954229826785241,Move,1223.98388671875,777.5298385620117
19.061108478722666,Move,1383.4443054199219,841.6949043273926
36.481944005470325,Move,1424.6362609863281,852.0314598083496
51.80293034352898,Move,1422.2460021972656,853.4596138000488
57.33458510435493,Move,1395.8087768554688,850.4804821014404
74.84849875591459,Move,1345.8163146972656,841.7990341186523
88.13821881311944,Move,1273.7411499023438,824.9317588806152
101.8245113429315,Move,1166.8679809570312,782.954423904419
111.73040052805858,Move,1031.3294677734375,705.0584907531738
118.98030459274335,Move,922.7778625488281,607.9219264984131
130.79771154887467,Move,846.1947326660156,519.7892417907715
143.60027252877208,Move,783.3043212890625,454.8226547241211
153.20338649993184,Move,741.2958526611328,404.8400459289551
168.27232267965755,Move,695.2522888183594,365.28892993927
186.6675901603149,Move,646.1013336181641,318.14208126068115
204.49060463096527,Move,595.1038513183594,276.86872959136963
215.4878768352886,Move,542.6920623779297,239.81533813476562
234.08090641970347,Move,472.96888732910156,196.1459584236145
246.9157181626983,Move,392.83209228515625,152.47996473312378
259.08294577604937,Move,302.4415512084961,112.9638032913208
280.1845791659648,Move,211.56983184814453,74.69168901443481
295.4203930992207,Move,119.08090209960938,38.2014616727829
311.21233329706337,Move,41.673983573913574,11.996643036603928
317.59205780989134,Move,4.955085396766663,1.2214541472494602
331.27275314670015,Move,0.1458808220922947,0.020296945644076914
336.3108523539,Released,0.1458808220922947,0.020296945644076914