resolution:1536,864
0,Pressed,732.5254211425781,202.45204210281372
7.656800313760923,Move,732.5254211425781,202.45204210281372
22.84523984949791,Move,634.86181640625,84.14737057685852
37.30128933650861,Move,516.0685272216797,28.688864707946777
43.77187002967104,Move,382.2873001098633,8.993593543767929
49.11893049175139,Move,248.64246368408203,2.084629610180855
54.37114175063355,Move,131.99899291992188,0.2422741837799549
70.35956018137924,Move,53.97315216064453,0.007041833567200229
85.6787061968518,Move,11.535904884338379,1.2161340094962725e-05
108.3837699172532,Move,0.5098218619823456,2.343879933891513e-10
124.97872929314721,Move,0.0033227212261408567,7.953063424366996e-18
137.00342173937153,Move,2.498338176337711e-07,5.267375365401895e-29
146.0836347689839,Move,8.097024027826916e-13,0
165.0192733978325,Move,6.971305940618766e-22,0
183.10394371569282,Move,0,0
191.10003202460837,Move,0,0
208.42391107477295,Move,0,0
225.46979191373592,Move,0,0
242.09099094201352,Move,0,0
247.78475168411686,Move,0,0
267.29494322181137,Move,0,0
287.12517411461,Move,0,0
297.7898623136604,Move,0,0
318.96015000885166,Move,0,0
331.308206326225,Move,0,0
342.58946226476667,Move,0,0
356.5831671415341,Released,0,0