resolution:1536,864
0,Pressed,773.9506530761719,405.69036197662354
19.85053163674118,Move,773.9506530761719,405.69036197662354
38.33781682447681,Move,790.0485534667969,400.95776081085205
49.24926446691099,Move,780.1690979003906,395.56500148773193
61.440760541094065,Move,766.1492614746094,393.99226570129395
81.30191212146934,Move,742.7996063232422,397.62769317626953
102.33283721042679,Move,725.6493072509766,402.9075164794922
124.51028272058973,Move,715.1483459472656,405.4093351364136
145.20734416501676,Move,716.4695434570312,405.2271852493286
165.98154576240873,Move,716.7235565185547,403.8988094329834
179.05101009927967,Move,716.1275482177734,402.2387065887451
184.34853465793105,Move,720.2201843261719,398.6052875518799
206.4667988565495,Move,721.8189239501953,396.1209783554077
223.31420380613207,Move,720.0956268310547,396.70880699157715
242.1240149893204,Move,718.7091979980469,399.03504180908203
263.7547504705728,Move,719.4913787841797,400.8100891113281
271.8303319826562,Move,715.9938354492188,400.95979499816895
286.43131141139247,Move,716.1222839355469,396.9748477935791
303.397112432573,Move,722.2878570556641,390.9051933288574
323.1007705718913,Move,731.4098510742188,387.037636756897
338.6210021522258,Move,740.9387054443359,385.22033500671387
349.43506444696226,Move,748.8749084472656,383.2568292617798
363.6271472757623,Move,752.7235565185547,381.60107803344727
376.161936856918,Move,750.8768005371094,380.891713142395
385.3819923234594,Move,748.4442443847656,380.5442018508911
396.69747157489104,Move,742.9297943115234,383.838529586792
412.8655119042813,Move,742.5014190673828,384.4458246231079
419.1479396796855,Move,739.8853454589844,386.18044567108154
425.88551428048163,Move,737.455810546875,387.17155838012695
438.63790632473876,Move,739.3581848144531,387.3112735748291
451.5459974773803,Move,742.8833770751953,387.86194610595703
463.9488662730086,Move,740.3587646484375,388.5237007141113
482.128555844026,Move,732.9356689453125,393.9115934371948
499.682364590911,Move,728.3338623046875,397.6143550872803
510.1625828967814,Move,725.2890930175781,397.84128284454346
518.9531636269606,Move,720.1996307373047,399.0132064819336
540.6691365906055,Move,718.4504699707031,398.2613296508789
557.4837516701158,Move,717.7461090087891,398.01601696014404
563.6708364282441,Move,719.18115234375,396.8444538116455
584.7035972694185,Move,719.2431793212891,396.91207122802734
602.2622627346765,Move,721.9039306640625,395.97974395751953
614.0656807019643,Move,723.7701873779297,394.44985485076904
630.8375652281075,Move,728.4722900390625,391.4253787994385
642.558014050081,Move,736.9935150146484,389.0657215118408
648.6643184109865,Move,735.1631469726562,389.9720678329468
668.9278291337066,Move,731.0811767578125,392.1862678527832
684.8764272437256,Move,729.1924438476562,392.78890228271484
700.7738274681687,Move,726.9521942138672,394.736855506897
722.8027933342557,Move,724.7681121826172,395.28912448883057
745.0158054641679,Move,722.8945770263672,395.76839447021484
764.9484504694576,Move,723.9518280029297,394.4037380218506
782.4965110041702,Released,723.9518280029297,394.4037380218506