resolution:1536,864
0,Pressed,770.3092346191406,406.3143424987793
9.37623553491353,Move,770.3092346191406,406.3143424987793
16.245859761213403,Move,793.423828125,401.0357551574707
35.22109844739285,Move,784.2576599121094,395.272310256958
40.90408981393411,Move,759.3018035888672,392.98827838897705
53.720151658433764,Move,743.9542236328125,393.15212059020996
74.15703906536322,Move,728.5691070556641,398.416597366333
90.36710823252207,Move,720.1219482421875,402.54553413391113
108.86784569379456,Move,718.0588073730469,406.55731201171875
115.49408757982162,Move,716.1983184814453,406.7249393463135
127.45945269726067,Move,717.9461517333984,403.04890537261963
149.2413194746824,Move,723.3952331542969,400.1652774810791
159.6124852945223,Move,723.3294525146484,398.5375671386719
170.34854546845767,Move,726.4485626220703,396.4363031387329
185.32974488567032,Move,726.0298919677734,399.82739639282227
204.8600150455222,Move,724.0534973144531,402.56878566741943
226.02371570951016,Move,722.0612182617188,403.7865686416626
239.78175441538818,Move,716.9144897460938,403.4519319534302
258.2154769081588,Move,715.2433776855469,401.11663341522217
265.02632908215685,Move,714.1891937255859,399.66247272491455
276.0399116171492,Move,719.2914276123047,394.0311212539673
288.91772954316735,Move,722.2201080322266,393.3460121154785
300.56104870945745,Move,724.1293487548828,394.58918380737305
316.38665452293975,Move,721.1133270263672,397.5761432647705
329.0565153743628,Move,718.1057739257812,399.53424167633057
348.6211240567534,Move,721.3946685791016,400.6232786178589
353.9041656064879,Move,722.9338531494141,401.1987991333008
370.97175765101423,Move,721.6737670898438,400.8575191497803
377.93253711457163,Move,722.3295135498047,403.06306743621826
384.7623827861956,Move,722.7633361816406,403.9073066711426
398.6667047352936,Move,724.0477294921875,403.37419509887695
404.03063075412797,Move,726.2078247070312,400.5989713668823
414.16148400000407,Move,731.2408447265625,398.1896438598633
433.3400580263476,Move,735.8557434082031,396.0855474472046
448.55673960326,Move,736.4253845214844,393.973726272583
459.38223424525506,Move,734.7200317382812,392.28967666625977
471.8225549473026,Move,730.7130889892578,393.09003925323486
484.87433659953865,Move,724.7338714599609,393.9339437484741
507.5604635894335,Move,726.7737579345703,392.0151901245117
522.4167408219716,Move,727.0931396484375,393.06024742126465
535.1191630287321,Move,724.70068359375,395.54553508758545
556.8680292443149,Move,723.1616821289062,396.4650650024414
576.7471131122703,Move,724.7961730957031,398.2495880126953
594.883733635092,Move,727.0209503173828,398.34836196899414
614.1254139593445,Move,725.0159912109375,397.85637187957764
633.3664375383689,Move,727.3254547119141,395.44743061065674
646.5555729342589,Move,725.8008728027344,393.29515743255615
661.6928849735233,Move,730.8678588867188,390.67509841918945
668.3895657497055,Move,729.1969757080078,390.86530780792236
678.9548518094042,Move,733.5156555175781,388.79038524627686
685.0943716012004,Move,736.4650268554688,388.6132822036743
704.9157647891318,Released,736.4650268554688,388.6132822036743