resolution:1536,864
0,Pressed,869.5144958496094,502.9994201660156
7.420495899867433,Move,869.5144958496094,502.9994201660156
30.193714200755384,Move,904.8766479492188,530.5649757385254
53.116514398015084,Move,905.6068725585938,531.0145053863525
72.02626970686329,Move,885.5105895996094,515.7241630554199
92.06124514660787,Move,862.5620727539062,497.9439754486084
103.0444932538378,Move,837.2666015625,477.313814163208
124.33618230307735,Move,808.554931640625,448.592737197876
131.34757563854365,Move,782.362060546875,422.3942070007324
149.7768361391157,Move,758.9960174560547,397.241171836853
168.11399860928344,Move,736.4501037597656,374.48000621795654
178.1919479766357,Move,716.6894989013672,350.13050079345703
185.66539193456055,Move,695.7507934570312,330.2145709991455
203.43700693722536,Move,669.1432342529297,306.0968599319458
218.68691108688864,Move,645.2276000976562,283.7306098937988
236.32629912920916,Move,620.0867614746094,260.58899974823
243.74149749132076,Move,595.1598815917969,240.08593654632568
255.6371419764703,Move,577.163818359375,227.92105865478516
275.12121144378324,Move,552.4714050292969,208.39752101898193
288.1092706373478,Move,523.8994903564453,186.51302576065063
310.2149823371906,Move,499.28260803222656,169.61436223983765
328.7188855846356,Move,477.30885314941406,154.38289546966553
334.7700981694974,Move,449.9636993408203,135.75920248031616
353.3695415292293,Move,414.2874755859375,113.41317844390869
365.4143179879231,Move,368.84165954589844,89.48768520355225
376.86229146958584,Move,323.0705108642578,68.40780115127563
391.15643327217214,Released,323.0705108642578,68.40780115127563