resolution:1536,864
0,Pressed,735.9841918945312,213.5474395751953
8.371100976865373,Move,735.9841918945312,213.5474395751953
19.37234780603046,Move,645.7798461914062,94.8836567401886
39.11094265580098,Move,533.3139953613281,33.50277543067932
61.474776873326945,Move,400.86268615722656,10.519436806440353
79.41365219099995,Move,266.2350311279297,2.5615865886211395
89.31129964639663,Move,146.4678726196289,0.33335025887936354
111.10125142241657,Move,60.27765655517578,0.011613616661634296
131.86161114262399,Move,13.7639479637146,2.4466067827688676e-05
144.25522341456778,Move,0.7403404265642166,7.499613274147832e-10
157.6468489428368,Move,0.00611101440154016,5.052061901487816e-17
164.61907504042756,Move,9.111803365158266e-07,8.576712645348703e-28
186.05929291444656,Move,4.09616448832778e-12,0
205.68699463823867,Move,1.0594054706858597e-20,0
224.90812516476802,Move,4.0094407610150794e-35,0
238.44010924228243,Move,0,0
245.90831908065027,Move,0,0
266.5258075069841,Move,0,0
281.0493781597793,Move,0,0
303.15882878332326,Move,0,0
321.60440344596157,Move,0,0
342.1957422132511,Move,0,0
348.3652062401704,Move,0,0
360.7235921848023,Move,0,0
366.1052708580335,Move,0,0
372.3108371773472,Move,0,0
382.42431469453084,Released,0,0