resolution:1536,864
0,Pressed,703.3017425537109,200.6561508178711
17.83697566741405,Move,703.3017425537109,200.6561508178711
26.584952672443755,Move,585.1459808349609,76.79171061515808
39.33416921672401,Move,447.2666931152344,23.28757917881012
52.336196732037735,Move,306.4292907714844,6.268890559673309
61.32544824123023,Move,178.26316452026367,1.1778740175068378
83.8194192443469,Move,82.18632888793945,0.100547049427405
91.90977586008817,Move,26.67549419403076,0.0015953029433148913
100.03428485493316,Move,3.3906590938568115,8.493046266266902e-07
113.77835909935243,Move,0.0683059561997652,2.5868057086024347e-12
130.8814911049234,Move,0.00011919017197214998,7.632663649003915e-21
150.62639945476184,Move,1.6543728054152496e-09,1.0573808678623749e-33
155.96096351128935,Move,2.998574851478946e-16,0
175.8128809096467,Move,1.0356597997976218e-27,0
195.59404019159228,Move,0,0
212.1784192835432,Move,0,0
233.3446542006157,Move,0,0
238.72400036424193,Move,0,0
255.77056854554002,Move,0,0
276.496617524895,Move,0,0
290.89456433172023,Move,0,0
297.8475542892595,Move,0,0
302.9685679786155,Move,0,0
321.69641141110816,Move,0,0
344.5725140106047,Move,0,0
357.55236770775997,Move,0,0
370.69298957313396,Released,0,0