resolution:1536,864
0,Pressed,692.0394287109375,320.8270540237427
19.822519523115325,Move,692.0394287109375,320.8270540237427
32.94464084770318,Move,580.6035003662109,237.62338542938232
47.21586623914136,Move,476.0133361816406,169.93330478668213
52.76191724113774,Move,383.15272521972656,120.09692573547363
72.1008626356157,Move,319.4135284423828,86.04636812210083
88.0014708234365,Move,280.1620101928711,61.6167311668396
107.7536003117155,Move,261.29505157470703,43.7040638923645
115.24289004851218,Move,263.5981979370117,30.23920512199402
129.50459961315954,Move,293.0951843261719,19.896411895751953
135.16207778448924,Move,377.22564697265625,11.64462885260582
153.36043832087813,Move,564.6119384765625,5.1337428241968155
168.92899420969562,Move,937.8316040039062,1.1409887820482254
177.877837021017,Move,1386.6649475097656,0.059136830968782306
183.20380621908618,Move,1531.8769226074219,0.00016965912118394044
191.5398188862902,Move,1535.9923095703125,5.253516621728238e-09
209.40733568599072,Move,1536,2.4236345824212755e-15
217.9537395300082,Move,1536,2.110777621426802e-23
234.65557053159225,Move,1536,1.2729149215675892e-28
240.9236142438277,Move,1536,0
254.40314768874003,Move,1536,0
262.0178410363422,Move,1536,0
275.42588505902864,Move,1536,0
284.07243869052513,Move,1536,0
300.8685173371997,Move,1536,0
315.0592906916026,Move,1536,0
333.90223606445375,Released,1536,0