resolution:1536,864
0,Pressed,805.5526428222656,342.30024433135986
17.113919777003865,Move,805.5526428222656,342.30024433135986
29.831867176265682,Move,832.505126953125,287.02305793762207
35.62523213256737,Move,859.398193359375,245.55792617797852
46.971114993080974,Move,884.4087524414062,214.60483074188232
54.31444842709041,Move,910.2989501953125,191.00207805633545
71.54942734578434,Move,935.9631042480469,171.72593879699707
93.08066433039967,Move,959.0321044921875,155.33653020858765
105.58364501376123,Move,980.7900695800781,140.77119541168213
114.36183946237335,Move,1002.05126953125,128.54007768630981
133.30306298616117,Move,1023.4106140136719,119.81257724761963
153.81991838606118,Move,1043.6205139160156,113.76698541641235
169.03649977141032,Move,1061.7403564453125,112.04162120819092
188.02308090093024,Move,1077.9060974121094,116.94594383239746
198.7952433995917,Move,1089.8484191894531,144.02365493774414
212.95073498016058,Move,1089.5263366699219,231.36483478546143
230.17409264707288,Move,1021.4867248535156,419.2621765136719
236.5279364850908,Move,929.0245971679688,497.8721866607666
259.2877241179809,Move,848.7242431640625,445.02734756469727
268.3755961768813,Move,814.1619873046875,435.01147270202637
289.2923286976976,Move,791.2276611328125,441.1417922973633
311.38324264403707,Move,766.2321624755859,447.5061721801758
332.22437176289117,Move,734.9462585449219,510.4944477081299
341.36592070430214,Move,902.4494018554688,742.1736030578613
362.9576044183761,Move,1288.8774719238281,862.5936298370361
380.1770587682507,Move,1396.484619140625,864
391.1778189155756,Released,1396.484619140625,864