resolution:1536,864
0,Pressed,850.6097717285156,491.0596675872803
7.67750007916145,Move,850.6097717285156,491.0596675872803
15.40113231438884,Move,882.35009765625,516.3071250915527
32.662748829569026,Move,887.8154296875,521.2296009063721
47.374903558278874,Move,882.063720703125,516.6748237609863
69.81336989562894,Move,870.2282409667969,507.82482147216797
77.88699475419092,Move,854.1327209472656,495.5045986175537
100.06643874808763,Move,834.5595703125,478.7152919769287
111.40576972833625,Move,810.3847961425781,456.84031105041504
133.98237848187333,Move,789.3977966308594,437.02135276794434
149.79207252213422,Move,770.5438842773438,416.36345958709717
168.0253496642395,Move,756.3661651611328,399.53380393981934
179.9674872863434,Move,738.5167694091797,385.5948829650879
201.3503306040608,Move,720.6924591064453,372.14681911468506
222.74694803120346,Move,710.5882415771484,363.44235134124756
235.20799004292476,Move,704.26025390625,357.288290977478
253.12357476471078,Move,697.03564453125,348.52691745758057
273.85702797026653,Move,686.3480072021484,337.5415334701538
290.44135159074074,Move,677.5427856445312,327.26309394836426
296.2826056247868,Move,672.1461639404297,322.48751735687256
318.71413252969563,Move,670.1324157714844,321.294376373291
328.2250806794778,Move,663.7273406982422,314.21661472320557
333.6443709957335,Move,655.5625762939453,307.08926010131836
349.3279629986572,Move,645.2558898925781,297.54907608032227
367.0070401597212,Move,631.2212219238281,286.3280096054077
379.58650327111013,Move,618.0974578857422,274.6854028701782
401.58999762966255,Released,618.0974578857422,274.6854028701782