resolution:1536,864
0,Pressed,789.0140075683594,447.95631980895996
21.649317985990816,Move,789.0140075683594,447.95631980895996
34.889348562424885,Move,795.267333984375,451.6238822937012
44.54260666169481,Move,789.0260009765625,446.6183395385742
52.35497752797037,Move,774.5510559082031,435.2824058532715
65.11818627384528,Move,753.37353515625,420.48008823394775
84.77443288227877,Move,733.7094268798828,406.3785352706909
98.94131971369823,Move,714.1850280761719,392.6798028945923
116.01730739794135,Move,696.4185791015625,379.42416286468506
135.4939040505405,Move,682.1445922851562,368.1177635192871
147.71344764102838,Move,668.313720703125,359.5245065689087
160.40053785013654,Move,655.6344451904297,350.79513931274414
167.59041161330592,Move,644.3153686523438,343.53638648986816
185.1625369773378,Move,633.9047241210938,336.8504762649536
195.558824077483,Move,623.71728515625,329.6100311279297
207.66607243138944,Move,613.934326171875,323.8131637573242
215.83106192398282,Move,605.6290740966797,318.91151905059814
226.70931067949388,Move,598.3511352539062,314.2682418823242
234.83187401197222,Move,592.1022033691406,309.9579792022705
252.5089999191525,Move,585.0702667236328,304.5112495422363
261.24017034995967,Move,580.3711853027344,301.2694501876831
281.0581763382701,Move,573.2794189453125,297.0133123397827
299.28777434694643,Move,567.8365631103516,294.3142032623291
317.6533940238603,Move,564.6105194091797,292.50681495666504
339.0977884840649,Move,561.7749481201172,291.1526126861572
352.0760845151077,Move,558.2794189453125,289.3078365325928
365.6380761439385,Released,558.2794189453125,289.3078365325928