resolution:1536,864
0,Pressed,609.7579193115234,143.3937907218933
14.936877595162912,Move,609.7579193115234,143.3937907218933
30.963858316660627,Move,409.3494415283203,30.131715059280396
37.66038354826983,Move,214.72947692871094,3.7338477820158005
49.19848621596722,Move,80.9655933380127,0.23540676478296518
61.75124381032383,Move,18.27583122253418,0.002999924989126157
69.90897754032397,Move,1.673735797405243,1.758881680302693e-06
88.68853967775877,Move,0.021843313705176115,1.1718424570549696e-11
94.80336759931913,Move,2.4659103473823052e-05,1.431406391882204e-19
107.99535699497706,Move,1.7229582344180372e-10,3.9226629698098102e-31
129.42023580582497,Move,1.0826476933193642e-17,0
141.30901177805666,Move,1.837050805236817e-28,0
160.4148418296915,Move,0,0
174.7631379773131,Move,0,0
188.63666054206337,Move,0,0
200.59865083145343,Move,0,0
209.30978332247378,Move,0,0
227.2783471911751,Move,0,0
247.43092321355078,Move,0,0
267.71164022156154,Move,0,0
283.0565952353254,Move,0,0
301.69298881316894,Move,0,0
319.00904766177376,Move,0,0
328.3288797651049,Move,0,0
347.1272831791233,Move,0,0
363.35989421758075,Move,0,0
379.381281036876,Released,0,0