resolution:1536,864
0,Pressed,708.8529968261719,409.1537847518921
14.993474190930334,Move,708.8529968261719,409.1537847518921
22.708618143370973,Move,678.6292419433594,396.8521785736084
33.06444490356572,Move,675.9983825683594,398.1516637802124
54.597345249618925,Move,681.0008239746094,401.79000091552734
76.49891622872674,Move,696.0023345947266,409.7476387023926
95.76671921332763,Move,715.3086547851562,420.4320402145386
108.7738836249587,Move,734.9739532470703,430.6811513900757
124.92590251579438,Move,754.2510223388672,441.5422954559326
137.2902543518995,Move,766.8224487304688,448.1245651245117
147.28441462504003,Move,791.5858154296875,462.6189994812012
158.2042736039345,Move,815.6685791015625,476.8010444641113
175.0667408189247,Move,837.0493469238281,489.20958709716797
184.4718922890507,Move,846.9376831054688,494.7975769042969
202.63164845837215,Move,858.759521484375,501.84137535095215
220.40147195504963,Move,876.0500793457031,512.4711112976074
232.75035287890773,Move,898.751953125,528.719066619873
252.25116441695678,Move,914.5148620605469,539.3041019439697
268.2893980971854,Move,926.937744140625,547.3602561950684
277.22815328780507,Move,940.9913635253906,557.756498336792
298.7312619939328,Move,949.1578674316406,563.3480930328369
314.89697817246264,Move,956.18994140625,568.0367660522461
337.4150228005314,Move,963.6413269042969,573.2389812469482
354.1675957149266,Move,971.6766357421875,578.8001918792725
364.85455623319774,Move,990.555908203125,593.1822052001953
374.16870758438307,Move,1001.9574279785156,600.4721660614014
396.3114653580266,Move,1004.9195251464844,601.9525909423828
405.9912228130146,Move,1006.8996276855469,602.4590263366699
427.34202545603546,Move,1000.9988708496094,596.9504470825195
448.5161797719414,Move,985.7712707519531,586.0848484039307
469.62038730832114,Move,970.7603759765625,575.6498279571533
475.0709837166596,Move,959.0892333984375,566.8697090148926
481.4877963498298,Move,951.1719360351562,561.7390766143799
488.0641211269288,Move,940.0595397949219,554.4013252258301
502.95618241646514,Move,936.6608276367188,552.4295539855957
524.7362641920444,Move,935.5569763183594,551.6403923034668
536.5501309076275,Move,938.4395141601562,553.9832611083984
545.0463979244713,Move,932.1230163574219,549.0395679473877
560.859867111832,Move,927.3598937988281,545.7843017578125
575.3253152857694,Move,926.2222595214844,545.0754776000977
591.6486751239102,Move,922.5003662109375,542.2853450775146
597.4354741767805,Move,925.9258117675781,545.6524143218994
603.3902956894685,Move,921.6934204101562,542.0579795837402
624.2012588492365,Move,918.2842712402344,539.6042346954346
634.9019454315566,Move,905.8764038085938,531.6433525085449
656.6492703191288,Move,896.3512573242188,525.8665180206299
677.9832577791398,Move,886.03564453125,519.5597133636475
688.9371084276305,Move,893.8244934082031,524.536211013794
697.7104635782634,Move,904.439208984375,531.8419818878174
710.8792083735198,Move,909.0640869140625,534.1152763366699
731.321749671144,Move,907.5685729980469,532.7446460723877
740.0519236774464,Released,907.5685729980469,532.7446460723877