resolution:1536,864
0,Pressed,1138.7934265136719,726.6314334869385
15.061918573165796,Move,1138.7934265136719,726.6314334869385
25.5529360698201,Move,1301.183349609375,813.8855037689209
40.29458171687685,Move,1341.6193542480469,829.0066738128662
45.62379311603569,Move,1332.7952270507812,828.105297088623
65.2464609661705,Move,1302.2928771972656,820.5272541046143
73.05786070129858,Move,1249.3800659179688,802.5232028961182
87.4971549603447,Move,1165.6030883789062,762.8321914672852
103.5701657976628,Move,1085.362060546875,711.5420379638672
112.30894039702697,Move,1001.2041320800781,649.5471153259277
132.52384765945146,Move,919.6704711914062,581.9038982391357
139.19983644993187,Move,842.4767761230469,505.6277446746826
161.51585822334022,Move,775.0457153320312,437.9758243560791
180.4386877044223,Move,712.4052429199219,381.77202701568604
193.59886253287783,Move,664.3981018066406,345.8044023513794
203.30675650540832,Move,611.990478515625,305.2486810684204
212.79507097791824,Move,547.6710662841797,261.65133476257324
233.19338020016698,Move,487.8175964355469,234.09667110443115
255.48712135905944,Move,434.7209014892578,201.8696208000183
269.88616535732194,Move,369.7857971191406,168.9875750541687
289.4606522942562,Move,313.61521911621094,143.25402402877808
309.0373897961075,Move,265.0155258178711,117.74594593048096
330.5563756223767,Move,209.24656677246094,91.96880149841309
346.9137418595655,Move,149.39196395874023,65.18654322624207
352.10606135562585,Move,92.37202835083008,39.814581871032715
358.7511725308934,Move,35.773681640625,15.714938700199127
376.22089480351826,Released,35.773681640625,15.714938700199127