resolution:1536,864
0,Pressed,629.4870300292969,352.57505321502686
6.504403493527289,Move,629.4870300292969,352.57505321502686
21.712975315742735,Move,556.780517578125,312.3908414840698
29.49091452080551,Move,526.7120361328125,299.2528238296509
40.62214835140278,Move,546.8692016601562,317.36388874053955
56.25269530178015,Move,574.6564636230469,338.8082914352417
77.39624449062707,Move,637.7021484375,382.49097061157227
94.1799675810021,Move,666.5622711181641,397.2100410461426
101.30855087271105,Move,704.2496795654297,419.84032344818115
120.56124461049284,Move,740.8339691162109,434.8832416534424
134.40906166913717,Move,758.8553009033203,439.36144065856934
146.81309938359283,Move,786.1890563964844,454.5424518585205
152.55543513282038,Move,802.2155456542969,461.2446098327637
164.21869164525953,Move,828.8080444335938,479.3599491119385
184.71935606786323,Move,858.1134338378906,499.05124282836914
197.1193532415492,Move,880.1992492675781,513.1903381347656
205.05807108779305,Move,877.6419067382812,510.76146697998047
226.3311323404861,Move,867.9966430664062,500.993350982666
240.35433205228182,Move,885.9666137695312,515.0226001739502
254.51855387212223,Move,914.0137023925781,534.2010726928711
265.6956629444126,Move,949.9910888671875,558.8005771636963
277.5591227192316,Move,991.4898376464844,588.0601215362549
293.4592287356068,Move,1012.0057067871094,601.2283687591553
304.6570402222409,Move,1002.2975463867188,590.7323741912842
320.0686576297766,Move,985.8688659667969,577.6079006195068
334.8619855277677,Move,1003.6297302246094,590.2297496795654
344.13965887808854,Move,984.9932556152344,578.7754726409912
356.04686977715653,Move,957.8002624511719,557.2953300476074
376.0217434586858,Move,940.2959289550781,544.0090999603271
386.87737246831205,Move,934.4468078613281,541.6228179931641
407.5010813922997,Move,941.073486328125,546.2375392913818
429.9733570339841,Move,941.64404296875,547.4222087860107
445.72494441927813,Move,944.5923156738281,551.0650520324707
451.1396756300711,Move,933.2286071777344,543.2943019866943
456.8980747291604,Move,919.8621826171875,534.9387359619141
462.5920039754098,Move,956.0199279785156,562.5307102203369
469.3974444635743,Move,982.2680969238281,582.3273696899414
485.03366736776695,Move,1005.0991516113281,595.0790977478027
505.2645240170616,Move,1018.5020141601562,602.9548015594482
515.4937793452698,Move,1000.7032470703125,592.1030044555664
531.9931059523843,Move,993.8204956054688,585.2991886138916
540.364990431219,Move,985.8600769042969,575.4122657775879
554.1806419450511,Move,984.8199462890625,575.8640613555908
566.4387829253615,Move,977.536376953125,571.308614730835
579.8041779258504,Move,954.021240234375,557.8803520202637
586.6070618954169,Move,918.6361083984375,534.1990127563477
606.2498265322105,Move,853.4851684570312,492.1266632080078
615.5314408353943,Move,815.6454162597656,468.0623302459717
625.8383779582024,Move,787.2994995117188,451.70597076416016
637.7667380229927,Move,784.49560546875,453.1754264831543
643.000360074359,Move,786.6485595703125,454.88213539123535
664.3787145757858,Released,786.6485595703125,454.88213539123535