resolution:1536,864
0,Pressed,693.6107482910156,306.69344329833984
18.010082220251633,Move,693.6107482910156,306.69344329833984
30.357547739265826,Move,584.0780639648438,218.3545331954956
49.09486346134432,Move,476.5941467285156,148.11467599868774
65.43051199312606,Move,380.4787902832031,98.44284081459045
76.39268464675857,Move,310.2865447998047,65.12806677818298
98.90740397998228,Move,267.1183319091797,42.14830005168915
106.01307477476932,Move,246.77719116210938,25.84016239643097
123.47851374506499,Move,250.1033706665039,14.514690935611725
139.77767648808205,Move,285.5312805175781,6.932048499584198
161.89925724186867,Move,388.98939514160156,2.3165722265839577
169.9964942764907,Move,639.1755981445312,0.3426600806415081
177.07451994433276,Move,1153.0084533691406,0.012633099948288873
190.7973042419409,Move,1510.5538330078125,2.3443472059625492e-05
198.4738918515343,Move,1535.7833862304688,6.166452660993915e-10
211.86186701564893,Move,1535.9994506835938,4.518322341515735e-16
216.9239632288759,Move,1536,4.221259982077541e-24
232.9198027052038,Move,1536,5.0758926465364215e-30
251.34462207623895,Move,1536,0
260.8060337686376,Move,1536,0
283.31363961862667,Move,1536,0
288.52782099620083,Move,1536,0
308.3424511315852,Move,1536,0
319.99038935579733,Move,1.5060774892841633e-12,0
339.76722898475555,Move,0,0
358.66002050334345,Move,0,0
367.6975222696803,Released,0,0