resolution:1536,864
0,Pressed,603.9509582519531,356.0874767303467
16.348473717898912,Move,603.9509582519531,356.0874767303467
35.97927856244982,Move,511.14234924316406,311.9977025985718
49.98811493492126,Move,449.11582946777344,283.22383975982666
68.61380451232348,Move,419.6007385253906,271.8381586074829
79.74646434584791,Move,438.1683654785156,286.2826910018921
87.11616554964326,Move,469.1930236816406,305.7325601577759
94.66831124086482,Move,510.61083984375,328.6170644760132
106.35707555374768,Move,560.8241729736328,354.11843490600586
117.73109391990977,Move,596.4684448242188,370.04385566711426
127.44569262858639,Move,635.6956329345703,387.99702644348145
138.38620281689052,Move,664.6450653076172,399.8777618408203
153.7585855649176,Move,681.1507873535156,405.26243591308594
164.11650561732853,Move,694.0688781738281,410.5928564071655
180.19946425121083,Move,694.1846008300781,408.5427303314209
190.64595035026827,Move,730.3264617919922,427.50076389312744
200.90461740398646,Move,752.1152801513672,438.0128002166748
218.7871422859851,Move,793.677978515625,461.32087898254395
238.6579559574698,Move,812.2526550292969,470.0072193145752
248.3421528813896,Move,844.4265747070312,489.35028076171875
261.1572803408251,Move,867.7673950195312,505.2703971862793
279.8700513623695,Move,858.5424499511719,497.6543998718262
290.38296300572546,Move,843.4058532714844,488.1226615905762
297.22567108278565,Move,845.1523132324219,490.7511405944824
304.67463119235674,Move,831.6392211914062,481.0293731689453
320.3758710530406,Move,832.4391174316406,481.0085163116455
336.4088791054291,Move,834.063720703125,481.5154666900635
352.80926238222,Move,845.9330749511719,488.4558563232422
365.11105813214925,Move,846.3496398925781,488.9395294189453
382.0496851041728,Move,855.0363464355469,494.891149520874
397.7533661793708,Move,866.0419921875,501.86372566223145
406.1274603962046,Move,872.0060119628906,504.6393871307373
419.9418941934121,Move,877.0447082519531,506.9739646911621
438.21066847251353,Move,901.0172424316406,525.1667575836182
446.96362884108527,Move,925.4989929199219,542.2476997375488
453.15997613379056,Move,920.7535400390625,537.3025131225586
467.2197617220287,Move,910.8893737792969,530.7299251556396
473.6995410737556,Move,930.8654479980469,546.8600006103516
486.03451703758435,Move,955.1285705566406,564.8437614440918
503.2851971567587,Move,977.7236938476562,580.8808822631836
520.3668787181846,Move,978.0626220703125,580.0628814697266
527.1387206426126,Move,977.7804565429688,579.5604114532471
535.2487233338138,Move,961.4679565429688,568.1306991577148
549.9790691573261,Move,932.1264953613281,546.8759136199951
556.2502181474741,Move,906.1954650878906,528.3825244903564
562.1474489837314,Move,873.2265014648438,506.67130851745605
578.0617798750308,Move,873.8200378417969,507.9817886352539
590.4420699705543,Move,849.1751403808594,493.64154052734375
595.9467836625165,Move,843.1543579101562,489.17080879211426
602.1140175379359,Move,822.7124633789062,476.7202434539795
616.1617582495587,Move,829.6546325683594,479.9831314086914
622.8321767640111,Released,829.6546325683594,479.9831314086914