resolution:1536,864
0,Pressed,1416.931640625,847.3857364654541
12.47771486452966,Move,1416.931640625,847.3857364654541
19.654375250827727,Move,1519.4067077636719,863.3518924713135
40.381881507431004,Move,1533.2096557617188,863.9689979553223
45.49577259898782,Move,1535.1687927246094,863.9974250793457
59.51891068165067,Move,1535.5560607910156,863.9996910095215
73.29260167644131,Move,1535.5613708496094,863.9998970031738
94.0745914405698,Move,1535.096923828125,864
108.0837741878295,Move,1532.880615234375,864
119.19545729615174,Move,1523.7334899902344,864
139.172542049805,Move,1507.3860168457031,864
157.46209404036688,Move,1456.9340515136719,864
163.0575843044629,Move,1026.3944091796875,864
184.23405445967586,Move,213.20233154296875,864
202.5394743496633,Move,7.697979927062988,864
215.88037580811766,Move,0.24101395905017853,864
228.5773314569464,Move,0.00020737500744871795,864
241.9854066881116,Move,8.001938278656695e-10,864
261.81738522525745,Move,4.42282700331806e-16,864
276.4001148392483,Move,8.29596341303086e-24,864
291.9374697239967,Move,3.509872490770278e-33,864
298.76006881127626,Move,0,864
304.895805893636,Move,0,864
310.8728507063573,Move,0,864
322.719698221389,Move,0,864
334.2329228918427,Move,0,864
339.5296476050941,Released,0,864