resolution:1536,864
0,Pressed,667.9589538574219,350.0021924972534
15.119615592365014,Move,667.9589538574219,350.0021924972534
23.686129222612536,Move,553.0009460449219,285.50836086273193
39.37447722554505,Move,444.7188720703125,223.37959384918213
49.61255269517653,Move,356.5705261230469,171.46718502044678
63.113598625955454,Move,278.24837493896484,127.67499446868896
81.97957433688961,Move,231.61786651611328,95.41701936721802
88.80317358565962,Move,195.21892547607422,68.87845158576965
95.32698210086518,Move,169.08487701416016,46.86217510700226
113.44264219663347,Move,150.12127304077148,28.87619984149933
121.22259711211369,Move,134.78627014160156,14.90139091014862
126.95448530515603,Move,121.88095092773438,5.561707109212875
143.88837371542132,Move,110.1646499633789,1.057405449450016
151.4748838463388,Move,93.18113136291504,0.05487536871805787
168.10073402922964,Move,75.4266471862793,0.0003291172861281666
185.3321254617598,Move,53.3441104888916,5.5575706037203076e-08
199.78905697857317,Move,48.09602165222168,6.895166505631583e-14
210.07072400573287,Move,47.24918174743652,3.273554147533144e-21
227.44134525634368,Move,775.8137512207031,4.377430324933899e-30
250.27288883182433,Move,1533.0758972167969,0
264.9952070871196,Move,1536,0
283.8007944434542,Move,1536,0
290.08596198078294,Move,1536,0
302.16606554386107,Move,1535.98095703125,0
324.88046744122875,Move,0.5463057160377502,0
331.96578253766216,Move,8.043954097282747e-17,0
352.28449453244787,Released,8.043954097282747e-17,0