resolution:1536,864
0,Pressed,766.1457824707031,429.9025468826294
20.363773394804706,Move,766.1457824707031,429.9025468826294
35.965905182350795,Move,765.2139587402344,427.44030475616455
41.53429435203091,Move,764.6905975341797,425.54655361175537
56.86824720819624,Move,764.0189666748047,424.20198154449463
77.27813700590201,Move,763.5714569091797,423.0015277862549
91.9392259327711,Move,763.4887390136719,422.2804985046387
102.28301147477573,Move,763.4922637939453,421.6559257507324
122.53731822587041,Move,763.4471282958984,421.55202770233154
129.85810368783746,Move,763.4082183837891,421.51793575286865
135.16159968865705,Move,763.2662200927734,421.4545154571533
146.51256870702815,Move,763.3346099853516,421.79412174224854
166.88048472247618,Move,763.497802734375,421.98644256591797
187.50096493798975,Move,763.5784149169922,422.1842737197876
197.00293059683182,Move,763.5566253662109,422.21409130096436
217.50580746257523,Move,763.5725555419922,421.72588634490967
222.9429202343464,Move,763.4425964355469,421.4379587173462
239.60862684195695,Move,763.481689453125,421.4975938796997
246.61283510072974,Move,763.0866851806641,421.4422073364258
253.70210334675141,Move,763.0568389892578,421.3226537704468
270.1549462520286,Move,763.0364227294922,421.1580390930176
280.04562748739585,Move,763.1249084472656,421.6006679534912
295.0837506401081,Move,763.4725341796875,421.9448833465576
308.22992053276084,Move,763.4158172607422,422.1631851196289
321.13780544165195,Move,763.4098663330078,421.70178508758545
337.5188691711622,Move,763.7248077392578,421.79597568511963
343.45464714909446,Released,763.7248077392578,421.79597568511963