resolution:1536,864
0,Pressed,768.4476928710938,209.08094358444214
21.438225374381467,Move,768.4476928710938,209.08094358444214
39.62193711773272,Move,700.5410614013672,91.24118041992188
47.97106230615493,Move,612.3474884033203,36.93197751045227
66.49218014925636,Move,503.2978820800781,13.627759516239166
88.1058536687801,Move,376.39725494384766,3.7401849031448364
98.34570940260036,Move,246.47030639648438,0.6211600285023451
114.68882120363595,Move,129.35140228271484,0.032700879382900894
130.1352999700128,Move,47.175204277038574,0.00016443732238258235
150.8602340561241,Move,5.640715599060059,2.0608522388609885e-08
168.41687676199328,Move,0.14382304251194,1.107256709949916e-14
180.621265025952,Move,0.0001367766599287279,3.2004161496823896e-24
201.01893072475167,Move,2.928031150872812e-09,0
223.03755416458193,Move,2.570770141207423e-16,0
234.76151988726025,Move,6.095086550758262e-28,0
254.64692825835473,Move,0,0
273.42156782475905,Move,0,0
294.72195586884885,Move,0,0
304.31839694994335,Move,0,0
323.2677241110037,Move,0,0
333.857019486775,Move,0,0
346.6390690984515,Move,0,0
369.1686990049976,Move,0,0
378.7053225460186,Move,0,0
393.8742923148801,Move,0,0
414.00499457606855,Move,0,0
433.50067248233677,Released,0,0