resolution:1536,864
0,Pressed,607.2099609375,353.79430389404297
5.984104812359911,Move,607.2099609375,353.79430389404297
23.781595873270945,Move,506.8909149169922,304.72303676605225
34.92987615209924,Move,471.7187805175781,291.1546211242676
48.52074916696172,Move,478.3735656738281,298.5716543197632
64.06522203566318,Move,521.0349884033203,326.220251083374
72.81065892808951,Move,592.9771270751953,366.41159534454346
84.4650110890372,Move,686.7688751220703,417.4468574523926
91.5017016391813,Move,751.3640441894531,449.7257537841797
100.39231375801558,Move,811.4417724609375,481.78912925720215
121.96765507391459,Move,837.7400207519531,492.4562530517578
132.41137429022473,Move,832.51611328125,484.77150535583496
154.07865834518006,Move,848.7981262207031,492.0442142486572
171.92934041099343,Move,846.2552490234375,488.5657539367676
188.32306515029288,Move,837.5565490722656,481.9033012390137
201.43673411862738,Move,872.83447265625,506.8285846710205
219.32623980157587,Move,869.2724304199219,502.3559989929199
236.42745382795613,Move,872.3522644042969,504.3727283477783
242.69279820476626,Move,881.9718017578125,510.38140869140625
254.27879846478652,Move,873.7102661132812,503.8124256134033
264.24970833707624,Move,872.02294921875,501.7313747406006
277.8891943588258,Move,875.8789672851562,503.9881896972656
283.8927068346274,Move,859.8934936523438,494.4253463745117
293.87834093636985,Move,858.7838745117188,496.1554355621338
315.99780536534615,Move,862.1789245605469,497.6917362213135
336.1304173851909,Move,861.1484069824219,496.6303024291992
353.7096417366649,Move,878.2115478515625,509.8952121734619
363.49880636570805,Move,899.3367919921875,525.7211894989014
371.0939056477984,Move,892.7904052734375,519.2889862060547
385.01394044868266,Move,878.6369934082031,507.75679206848145
393.1043604114397,Move,868.8196105957031,500.1734447479248
405.95344645949405,Move,868.4115600585938,499.05047035217285
419.8095450431491,Move,874.9257202148438,503.37401962280273
441.4356203900385,Move,874.42236328125,503.3155689239502
450.00426961493804,Move,865.2290954589844,497.4162197113037
457.348445698894,Move,886.5048522949219,514.7676830291748
479.5627373669613,Move,895.5029296875,522.4733390808105
500.6585041795207,Move,895.5484313964844,519.6302146911621
519.3276310603386,Move,896.6417541503906,521.4711284637451
525.9069034337062,Move,901.9285583496094,526.3497791290283
531.3959743028088,Move,903.0238037109375,527.3507022857666
539.1950488027155,Move,878.1999206542969,509.48090744018555
545.7964664662422,Move,869.8734741210938,502.3275718688965
560.2720557273719,Move,840.911865234375,486.7503833770752
568.0332958646202,Move,846.8470458984375,490.0868110656738
573.0764941730012,Move,868.8827819824219,506.26627349853516
579.7862900919376,Move,895.8820495605469,523.9755477905273
589.4157772758128,Move,911.2620849609375,533.4397201538086
594.5923890070677,Move,928.5971374511719,543.185640335083
611.4361385608588,Move,937.8088073730469,548.8668422698975
621.5610017400783,Move,953.173095703125,558.5225887298584
636.6548057039294,Released,953.173095703125,558.5225887298584