resolution:1536,864
0,Pressed,772.4608154296875,406.0528335571289
15.796493531515395,Move,772.4608154296875,406.0528335571289
29.119009273031885,Move,798.9623107910156,399.64879989624023
40.112933264039,Move,786.3624572753906,393.17913150787354
51.34672278741425,Move,754.0967102050781,393.5064296722412
63.09734056082849,Move,725.9914398193359,400.90185928344727
77.3811455242583,Move,713.65283203125,405.7517738342285
82.61957324478877,Move,714.7394256591797,406.758825302124
97.10052407679223,Move,718.0720825195312,407.87590312957764
110.81400971750028,Move,717.0466918945312,406.91795539855957
125.52396031094487,Move,717.6185760498047,404.92151641845703
134.72474817577552,Move,717.7803955078125,403.1757459640503
140.43740780598455,Move,719.1561126708984,401.3463935852051
150.19120851453334,Move,719.800048828125,400.53444385528564
172.07605510262593,Move,718.1659240722656,399.5175561904907
185.1955010307273,Move,718.0154113769531,399.0805149078369
201.69343934306758,Move,721.2853088378906,397.04601860046387
208.6958738292722,Move,721.1859741210938,397.3126516342163
217.20931862638125,Move,723.0811157226562,396.31036376953125
232.96904957995167,Move,726.7473449707031,395.4165315628052
250.53050957387606,Move,725.4448699951172,396.5068817138672
260.44133465845505,Move,727.0178833007812,396.02889919281006
266.1213593585716,Move,724.4914855957031,399.8627758026123
280.3590412019137,Move,721.0544128417969,400.9078073501587
301.5002492918677,Move,721.5711364746094,400.6005163192749
308.5234672776395,Move,720.6527252197266,400.52594661712646
323.9326791165415,Move,721.6221313476562,397.5862112045288
334.5876462579054,Move,728.0293121337891,394.4959716796875
356.4456779572488,Move,732.8582153320312,393.44635677337646
361.91074239643643,Move,736.8312377929688,392.66996669769287
381.4945049370109,Move,734.7847595214844,392.9525384902954
390.0814790875947,Move,734.1668701171875,393.04557037353516
406.34960227322154,Move,732.2159729003906,394.13813495635986
418.3547897581122,Move,730.8305511474609,395.3328981399536
423.38384206464235,Move,728.0332489013672,397.0557518005371
435.76671576791693,Move,725.2106323242188,397.8906183242798
447.0038008625181,Move,722.9603576660156,398.8653802871704
454.99188819962694,Move,723.8856811523438,397.99031925201416
476.6596684891029,Move,723.1704711914062,398.00576877593994
492.0114407099172,Move,723.0092926025391,397.5860824584961
513.0511697119047,Move,721.7995147705078,397.73905849456787
524.2575437536509,Move,725.4713287353516,396.11255836486816
537.2056286008175,Move,730.62158203125,395.1500015258789
559.0245558689777,Move,727.9752044677734,395.96488666534424
578.3345899046113,Move,725.9140777587891,395.9773235321045
600.0112313368371,Move,723.7657928466797,396.68189907073975
617.7501351396425,Move,723.9209747314453,396.4096784591675
627.9390622793377,Move,726.3868103027344,395.57980728149414
640.3417182988802,Move,731.6600646972656,394.72575759887695
652.7157513569238,Move,729.9103546142578,395.62170124053955
671.3841114943785,Move,730.8954620361328,396.67471504211426
677.316706502163,Released,730.8954620361328,396.67471504211426