resolution:1536,864
0,Pressed,763.1921539306641,224.65631675720215
18.67929416816748,Move,763.1921539306641,224.65631675720215
24.18760893737473,Move,696.2800598144531,98.32396960258484
42.28810578102609,Move,605.9942321777344,37.88508760929108
57.98854165562651,Move,487.28375244140625,11.786069244146347
78.6012139393849,Move,353.41248321533203,3.0416887924075127
94.67468189545082,Move,219.73214721679688,0.4573559481650591
111.71886274562473,Move,110.69108963012695,0.019387475622352213
129.5686904027523,Move,37.16421031951904,7.084472758833726e-05
149.07939631743818,Move,3.9964174032211304,5.462414645607261e-09
161.85603461071673,Move,0.09528730809688568,1.3115230415919338e-15
169.90682321147315,Move,7.623040801263414e-05,1.4181648470071983e-25
179.9644908782473,Move,3.0089903901853177e-09,0
199.75581787301633,Move,3.7337322164554906e-16,0
213.36570551767218,Move,1.1039851979144214e-27,0
227.49359928634402,Move,0,0
243.79717576137745,Move,0,0
253.59847871719177,Move,0,0
270.31085956911215,Move,0,0
288.7097591752932,Move,0,0
311.08681778085094,Move,0,0
324.50263463203987,Move,0,0
335.5023639390991,Move,0,0
350.2040997326629,Move,0,0
368.19878052876606,Move,0,0
378.4472969138277,Move,0,0
400.2195937588237,Released,0,0