resolution:1536,864
0,Pressed,1319.1916809082031,823.078742980957
19.17312893961138,Move,1319.1916809082031,823.078742980957
36.11338923658708,Move,1472.6541137695312,859.9174118041992
55.536873676485634,Move,1505.578125,863.0300273895264
61.20778404176587,Move,1514.9164123535156,863.6743240356445
67.51290813998875,Move,1517.7689208984375,863.8582763671875
77.11890978174341,Move,1514.382568359375,863.914306640625
88.23449240387406,Move,1511.7908020019531,863.9531364440918
102.7636706349763,Move,1501.25390625,863.9629211425781
115.78819515687374,Move,1487.1145935058594,863.970645904541
133.31976127977782,Move,1473.6369323730469,863.9783706665039
141.2364024427032,Move,1431.2441711425781,863.976001739502
161.77536346827532,Move,1352.3029174804688,863.9786796569824
172.31667128968095,Move,1112.7609558105469,863.9761047363281
192.63708080059862,Move,445.45106506347656,863.9636421203613
202.12616065252516,Move,36.813852310180664,863.9682769775391
210.44751279470518,Move,2.3376054167747498,863.9879493713379
225.53138060053212,Move,0.022999830543994904,863.9958801269531
234.02255326261408,Move,4.9224074246012606e-05,863.9995880126953
254.15609310282966,Move,2.623098271925528e-08,864
270.7500830487276,Move,1.898746784800842e-12,864
277.65009281656756,Move,4.08367518908127e-18,864
285.5631080894746,Move,8.311234379649354e-25,864
291.1796596073303,Move,2.37292746699275e-33,864
304.2549684009522,Move,0,864
316.7038897574831,Move,0,864
321.8076173410356,Released,0,864