resolution:1536,864
0,Pressed,689.3177947998047,399.88623332977295
6.694015940237353,Move,689.3177947998047,399.88623332977295
19.29336488695082,Move,642.1896514892578,379.3971004486084
32.57879267373317,Move,631.7712707519531,377.3345375061035
37.971637464183786,Move,638.0836486816406,382.6612501144409
54.24981067415434,Move,675.49072265625,402.30974864959717
73.42032255475684,Move,706.8623657226562,417.62303352355957
83.67883705791786,Move,735.0612945556641,431.9162120819092
92.55649462921079,Move,776.9094543457031,455.8776512145996
111.2146490198249,Move,806.1171569824219,472.18055534362793
130.90060723128417,Move,854.8147888183594,503.7201404571533
141.99519853176645,Move,891.1511535644531,526.0914115905762
147.5485223800503,Move,909.8541870117188,536.5339508056641
170.5366339564262,Move,935.0689086914062,553.6350803375244
181.35219705004022,Move,946.2510681152344,560.3157119750977
191.3761407247705,Move,965.8191833496094,573.6766662597656
210.9133963773557,Move,975.6502990722656,579.9975814819336
222.5129295063443,Move,982.380615234375,584.38014793396
233.91004170089664,Move,989.7139892578125,589.0744857788086
243.8813350085369,Move,991.2294616699219,589.9489803314209
251.60765810954632,Move,974.7115173339844,577.0394096374512
263.2909744057376,Move,944.6666564941406,556.6566467285156
281.8381754790964,Move,930.9857482910156,547.6347427368164
293.25320170777576,Move,918.0806579589844,539.5746231079102
301.96856202401005,Move,899.5263977050781,527.8026523590088
321.71613826626765,Move,901.52490234375,529.2487277984619
333.64261299559223,Move,914.13720703125,537.7458629608154
340.08949413437483,Move,924.8114318847656,544.4876747131348
348.82653771193407,Move,916.0410461425781,538.3452014923096
355.2985028266578,Move,922.6726684570312,542.2175216674805
377.54229830906337,Move,936.4541931152344,553.2393665313721
395.4624094273204,Move,954.3070678710938,566.920280456543
401.256624880873,Move,962.7299194335938,572.7542266845703
423.7846834751568,Move,963.1401672363281,572.1201267242432
433.4884912835001,Move,963.1847534179688,570.8084106445312
438.8067373285436,Move,956.4190063476562,565.4887275695801
448.5175888459118,Move,952.8887329101562,562.9986763000488
454.51726482999925,Move,961.6474914550781,570.4422569274902
464.664291891035,Move,972.1869506835938,577.6637763977051
482.27915609770935,Move,966.7114562988281,574.5015163421631
502.7654677337524,Move,977.8574523925781,582.0638008117676
516.9958755822219,Move,990.8057556152344,591.2935523986816
526.9598707307331,Move,998.60302734375,596.282564163208
535.528843011178,Move,1014.4730529785156,607.2398815155029
546.6242175282587,Move,1040.0924377441406,626.628210067749
566.1823563175195,Move,1073.0212097167969,649.4380416870117
588.9444191540629,Move,1106.0238647460938,670.1923656463623
606.8278254036642,Move,1128.9574584960938,683.8930034637451
619.7308706951195,Move,1147.3969116210938,693.6814098358154
627.2833990801599,Move,1160.7900695800781,701.188024520874
642.072386593135,Move,1169.6988830566406,705.9926719665527
660.4240973048493,Released,1169.6988830566406,705.9926719665527