resolution:1536,864
0,Pressed,771.9557189941406,404.46500873565674
6.783856159534858,Move,771.9557189941406,404.46500873565674
21.27214989651262,Move,784.2160034179688,400.02203464508057
39.62751826030095,Move,774.879638671875,394.85470962524414
57.31660512109788,Move,753.9076080322266,393.4793930053711
77.76764101960003,Move,734.7386627197266,395.08261585235596
85.45836405574087,Move,712.15869140625,401.6934928894043
95.91920434925504,Move,700.9237518310547,403.8765621185303
106.24557150684336,Move,699.9439544677734,404.00371170043945
115.0607110376894,Move,707.87841796875,399.4542646408081
134.18227727201523,Move,719.1468200683594,396.9871301651001
143.89559362041015,Move,724.6178283691406,394.67374420166016
150.53923791904663,Move,727.6928100585938,393.77383518218994
157.67457717516996,Move,728.6437683105469,392.8145227432251
174.3412611102816,Move,725.8841857910156,393.9400978088379
182.04246077898898,Move,724.0653076171875,394.16599559783936
195.80935022942242,Move,721.7525024414062,395.0592613220215
217.0721506335122,Move,721.4122009277344,394.6258249282837
228.7993878958476,Move,724.9478759765625,393.58836364746094
240.54173765778387,Move,728.1106109619141,392.7319450378418
258.96549013830804,Move,729.4023742675781,392.797399520874
269.1242776069116,Move,726.8801879882812,392.88759899139404
291.9608022266959,Move,722.6524658203125,396.7587089538574
302.63493106401205,Move,719.9413146972656,395.59592628479004
325.4734338859503,Move,724.5982360839844,393.48907470703125
338.3914480346725,Move,727.0042877197266,392.44630908966064
347.81772506663384,Move,726.0907745361328,391.42326736450195
359.3511763443336,Move,732.1319274902344,389.43882751464844
373.224142979262,Move,736.66845703125,389.23808670043945
387.491869044888,Move,735.9930267333984,390.1603717803955
406.53566066724477,Move,732.2714538574219,391.6414918899536
421.6124502575003,Move,727.6418151855469,394.87312030792236
435.2607705811229,Move,722.5578002929688,396.4792528152466
454.90813268036794,Move,720.4383544921875,397.32820415496826
468.15179808044104,Move,720.4627075195312,396.2828893661499
473.21293710616334,Move,720.6915893554688,395.00230407714844
488.4836351607444,Move,722.7616424560547,393.58687019348145
508.60091599453324,Move,722.9783020019531,392.91630935668945
524.7210592031536,Move,724.3363952636719,392.3171510696411
543.8067242164012,Move,727.8456573486328,391.46647453308105
562.4802190682278,Move,728.4284820556641,390.75623416900635
573.6398184452269,Move,727.4813232421875,391.13165760040283
582.7607341600175,Move,724.4908447265625,392.9644088745117
604.3552269465464,Move,725.217041015625,392.61079502105713
611.6037529991236,Move,723.3932647705078,393.07925033569336
633.6735775070765,Move,725.3060302734375,388.86389923095703
645.6911260663635,Move,730.2745971679688,386.5966558456421
667.5765972133411,Move,735.5272521972656,385.4415979385376
681.5399064978754,Move,743.9653015136719,383.99946212768555
689.142025364329,Move,745.0492401123047,384.31527614593506
709.0001011365702,Move,741.3920745849609,385.0282974243164
715.1160877134503,Released,741.3920745849609,385.0282974243164