resolution:1536,864
0,Pressed,871.6763305664062,504.88199615478516
9.68769011635048,Move,871.6763305664062,504.88199615478516
31.647461895726465,Move,904.680908203125,530.079345703125
48.13409269865282,Move,904.6169128417969,530.3660373687744
55.86267936256231,Move,889.6639709472656,519.6772327423096
65.48846429976003,Move,865.6833801269531,501.8441562652588
81.5699399077071,Move,845.4649658203125,485.48676681518555
103.92493375999854,Move,823.4962463378906,464.2801322937012
124.96261070183876,Move,798.8161926269531,437.5756301879883
131.97916717961542,Move,775.4520263671875,413.63193225860596
141.6450061099539,Move,753.0764465332031,390.03880977630615
149.15217915556897,Move,728.2107238769531,366.3400640487671
160.2346894417798,Move,703.6326599121094,345.1128559112549
168.8121904850252,Move,681.3151702880859,324.8204469680786
174.90373315612078,Move,658.7536010742188,306.03174018859863
185.9506043232001,Move,637.9243011474609,286.5989942550659
195.79655856219412,Move,612.9775085449219,263.18320655822754
206.43733833285165,Move,578.5442047119141,232.61325931549072
219.0318355664466,Move,544.7152404785156,205.5202145576477
238.56383760208948,Move,510.7393341064453,182.0242567062378
257.5195424619534,Move,473.47325134277344,157.3664174079895
273.26558903284104,Move,433.39068603515625,131.81869840621948
290.97219157033913,Move,396.9681701660156,111.06418132781982
309.3139213554591,Move,355.6951904296875,88.40124249458313
332.10173300513685,Move,315.33496856689453,68.87641096115112
353.9339965600488,Move,272.62369537353516,49.97254729270935
360.0104383015219,Released,272.62369537353516,49.97254729270935