resolution:1536,864
0,Pressed,722.1891632080078,412.6434717178345
5.223075413154198,Move,722.1891632080078,412.6434717178345
25.609599527753648,Move,700.1578674316406,403.98859691619873
39.33269814597153,Move,694.5372161865234,403.6051912307739
61.86731439149658,Move,708.1554107666016,412.7921733856201
75.28557148254275,Move,727.7722320556641,424.5311851501465
95.65899994235201,Move,746.3825225830078,435.1068992614746
109.85303306989712,Move,767.8623046875,447.1912593841553
115.55616228403814,Move,795.2084655761719,463.110294342041
126.30066865244594,Move,817.6383361816406,475.9849491119385
132.5996503813653,Move,842.7134399414062,490.87010192871094
149.07877681300798,Move,867.2026062011719,506.1539554595947
171.56830721643254,Move,883.7186279296875,516.464298248291
189.11536274800582,Move,903.1196594238281,529.9642467498779
210.6558108252332,Move,925.6495971679688,545.8796253204346
221.1921652597862,Move,945.7777404785156,559.8555221557617
231.47478043907248,Move,962.3388061523438,571.6804332733154
238.31782311816667,Move,977.1583557128906,581.9229526519775
249.84506601518012,Move,989.3518981933594,589.9733390808105
271.13493476949475,Move,996.5225830078125,594.4405174255371
279.55240513052956,Move,1006.0990905761719,600.7241477966309
300.1254664915762,Move,1014.6371154785156,606.3502464294434
311.1790797472552,Move,1021.6330261230469,611.5707950592041
328.9189695162647,Move,1022.1435241699219,611.5027656555176
350.6789749753134,Move,1016.9371032714844,607.9132232666016
365.94729024111024,Move,1013.9492797851562,605.9135398864746
376.14042328681893,Move,1014.1595764160156,606.207389831543
399.07586182219507,Move,1015.5265502929688,606.9517478942871
409.4648897786547,Move,1013.1795043945312,605.3066825866699
415.9459128080665,Move,1005.7350769042969,599.7885761260986
421.0620777427898,Move,1002.071044921875,597.6100902557373
433.5816855663611,Move,1004.2533874511719,599.5865993499756
439.16768079785714,Move,998.5500183105469,595.0805397033691
455.13504211406405,Move,1000.9500732421875,597.3628978729248
469.8049856607834,Move,1006.1563110351562,601.5270080566406
476.98171144181975,Move,1015.5777282714844,608.5633907318115
499.58436077977234,Move,1028.8453674316406,617.9845104217529
509.84154219329406,Move,1037.6489868164062,623.8557415008545
527.6965694772057,Move,1042.6385192871094,626.7133369445801
535.5687499085489,Move,1048.4095458984375,629.6074962615967
550.4363627895791,Move,1052.5783996582031,632.2418460845947
556.4144625727214,Move,1056.8777160644531,635.2678928375244
571.1497569114566,Move,1060.7218322753906,637.8711891174316
581.7248191189979,Move,1069.878662109375,644.2953586578369
599.3171296170257,Move,1077.4742431640625,649.0407829284668
606.7618651782627,Move,1087.9927368164062,655.8884754180908
613.9739455919512,Move,1093.11767578125,658.8745594024658
625.6280974401828,Move,1099.1773681640625,662.6641731262207
641.9024227213359,Move,1102.8952331542969,664.8537826538086
653.3551519946054,Move,1107.5198364257812,667.7769355773926
676.0267278563284,Move,1111.5660095214844,670.4219455718994
689.7085673551256,Released,1111.5660095214844,670.4219455718994