resolution:1536,864
0,Pressed,648.1400756835938,381.78271293640137
22.418845282167247,Move,648.1400756835938,381.78271293640137
41.9828760709995,Move,589.7813873291016,356.7109422683716
61.279916855970576,Move,577.5732421875,354.66596603393555
67.50988381308602,Move,589.0744171142578,363.24812507629395
85.50743928377815,Move,600.0170288085938,370.04769229888916
92.88717331341043,Move,625.8645629882812,382.5152006149292
99.82034846498877,Move,659.5502014160156,398.072304725647
105.26681649005626,Move,697.8501434326172,416.44585704803467
119.84139625158227,Move,718.9625701904297,426.4530544281006
139.92297165507782,Move,763.7229766845703,449.66735458374023
157.5303318996667,Move,813.5789794921875,478.17754554748535
179.94104321583873,Move,864.2626647949219,508.94954681396484
186.2469605281185,Move,894.4075927734375,525.2533779144287
192.67918093529372,Move,901.5000915527344,527.038106918335
201.19592270941183,Move,932.9372863769531,548.9175682067871
222.61391803039618,Move,944.2137451171875,554.4146633148193
230.81509998583624,Move,959.6835021972656,565.8409767150879
237.5878659079144,Move,967.2317504882812,571.153450012207
257.5890739693517,Move,955.7267761230469,562.6076488494873
277.81696508981486,Move,936.7694091796875,548.6102256774902
300.3955269044056,Move,933.8192138671875,546.6897468566895
317.96979604211197,Move,931.4158630371094,545.5303115844727
325.7244504803786,Move,914.2083435058594,533.9054718017578
341.31695983565066,Move,900.6334533691406,525.5529956817627
358.4740828717869,Move,914.1930541992188,535.0507965087891
376.05497542671293,Move,914.754638671875,535.056770324707
390.3471166522662,Move,927.9384155273438,545.7194652557373
408.63963100405863,Move,930.7965087890625,546.1294956207275
420.8585938299617,Move,912.4377136230469,533.2238903045654
441.4851141665385,Move,900.2384033203125,525.4274425506592
454.4813382985447,Move,885.2815246582031,516.2840538024902
462.1674029171684,Move,880.5866088867188,513.5647830963135
467.1785471768681,Move,885.2792358398438,516.8925075531006
478.45050043159955,Move,895.8064270019531,523.4038639068604
491.92663304167627,Move,911.9305114746094,534.046989440918
500.8927146301834,Move,912.1935424804688,532.997709274292
511.89078459038626,Move,914.0096740722656,534.1493167877197
528.0813214708047,Move,911.1126708984375,531.9709339141846
547.8243925946696,Move,924.6942443847656,542.117151260376
559.209842612611,Move,927.1737670898438,542.9025020599365
569.4459064661748,Move,921.5184631347656,538.401180267334
580.8102918364615,Move,923.5287780761719,539.9761047363281
598.472526697343,Move,927.0277404785156,543.0523109436035
606.4450399830646,Move,916.0703430175781,535.2587471008301
613.6437442060055,Move,894.7470703125,521.8846092224121
634.1706604420685,Move,874.3605651855469,509.5403881072998
639.598826777407,Move,880.8770141601562,513.8081130981445
654.1912259418226,Move,864.0942077636719,503.3243751525879
670.8729311197499,Move,851.6760864257812,496.05264472961426
679.7981829592718,Move,871.3633117675781,508.6208324432373
696.8054203963918,Released,871.3633117675781,508.6208324432373