resolution:1536,864
0,Pressed,772.8620910644531,436.1282157897949
18.26598228626597,Move,772.8620910644531,436.1282157897949
34.74327289497253,Move,774.9073791503906,438.0571918487549
48.478712051003704,Move,776.1534118652344,439.44229316711426
70.65051604443374,Move,777.0315856933594,440.34547233581543
92.10214809154994,Move,777.6603698730469,440.860559463501
107.42990446020266,Move,778.2105102539062,441.2811470031738
121.33719035373795,Move,778.5059509277344,441.5859661102295
132.6095101957049,Move,779.0697326660156,442.104040145874
153.32614433201203,Move,779.3712158203125,442.3234233856201
161.34246044486133,Move,779.6661071777344,442.58838272094727
174.67289330705376,Move,779.4442749023438,442.34520721435547
184.3445217381249,Move,779.3050231933594,442.2670841217041
196.6977400770227,Move,779.4671630859375,442.42039489746094
210.04696298997638,Move,779.6662902832031,442.3956756591797
215.9286393973859,Move,779.8031616210938,442.5878162384033
234.18514070908708,Move,779.5193481445312,442.4215793609619
240.73395158656103,Move,779.1602783203125,442.14529037475586
254.616215095084,Move,779.0646057128906,442.1209831237793
269.7627089908983,Move,779.1432495117188,442.19364738464355
280.3032235455856,Move,779.2806701660156,442.29103088378906
295.47585173050106,Move,779.2839660644531,442.31889152526855
312.84564193464274,Move,779.2822265625,442.3388214111328
330.9350118125135,Move,779.1317138671875,442.21924209594727
346.12052798678076,Move,779.1172485351562,442.0290584564209
362.94088284523565,Move,779.0393371582031,442.0439929962158
375.88145949482777,Move,779.2187805175781,442.2125473022461
394.37182045111683,Move,779.1187133789062,442.1254119873047
414.4470062902419,Move,779.0171813964844,442.08019638061523
431.1784987890142,Move,779.25439453125,442.27089500427246
437.3811699922225,Move,779.2347106933594,442.22985076904297
456.63837329926423,Move,778.8760070800781,441.8796615600586
472.52705244805946,Move,778.8148498535156,441.8118381500244
492.6962551231877,Move,778.9657287597656,441.98677825927734
506.3614436279479,Move,778.9758911132812,442.03256034851074
517.8646019851009,Move,778.7688903808594,441.9059772491455
539.6173720612633,Move,778.6438293457031,441.7056999206543
549.7387068995388,Move,778.7210083007812,441.8290901184082
556.0004837767851,Move,778.8522033691406,441.9495449066162
576.3832761944418,Move,778.9322204589844,442.018346786499
585.207721519315,Move,778.7481079101562,441.88094902038574
608.0663033820321,Move,778.8822326660156,441.899076461792
622.6750442052277,Move,778.8497314453125,441.8302745819092
632.5779003176606,Move,778.8854370117188,441.91102409362793
647.8514789935979,Move,778.5779113769531,441.6752128601074
659.4672212133527,Move,778.1899108886719,441.43085289001465
674.1736662491198,Move,778.5967712402344,441.7286682128906
685.0851335326713,Move,779.1788635253906,442.1752109527588
700.3759719553615,Move,779.2762756347656,442.27934074401855
720.209716061524,Move,779.52099609375,442.4663829803467
728.4474929735226,Move,779.4496765136719,442.4149360656738
739.9110963266304,Released,779.4496765136719,442.4149360656738