resolution:1536,864
0,Pressed,820.124267578125,340.6570072174072
12.946694840727705,Move,820.124267578125,340.6570072174072
28.756635075683814,Move,865.5337829589844,275.35526847839355
38.41648679154204,Move,912.982177734375,224.69406509399414
54.242930868688724,Move,956.8763122558594,184.59926748275757
65.39212806491251,Move,999.832763671875,150.28830814361572
79.57252288700545,Move,1044.3001098632812,120.18811655044556
100.17993487079855,Move,1091.5458984375,93.80726909637451
119.83076630662677,Move,1144.1457824707031,72.06401467323303
132.32899514468176,Move,1203.2237548828125,53.590606927871704
140.01421598078502,Move,1268.7017211914062,38.394519567489624
158.0408250191234,Move,1340.4977416992188,25.147064566612244
164.5756925062592,Move,1411.6485900878906,15.540304362773895
181.62153247716262,Move,1474.6118774414062,8.734556525945663
187.10516012677684,Move,1513.9902648925781,5.183659672737122
200.43430391441598,Move,1528.7860107421875,4.1925212144851685
213.22491935592913,Move,1533.1424560546875,3.8081829249858856
230.0846737547821,Move,1534.8026733398438,0.3572165798395872
248.72753200224489,Move,1535.779541015625,0.022478955157566816
269.3038637817539,Move,1535.9489135742188,0.0019431517939665355
287.16792702736115,Move,1535.9895629882812,0.0001401824315507838
302.79825605126774,Move,1535.9979858398438,1.1320630960653943e-05
318.061007582151,Move,1535.9998168945312,9.447124043049371e-07
329.7763622552126,Move,1536,8.766154202533016e-08
350.2926842989316,Move,1536,7.948013247549568e-08
362.1672085011027,Move,1535.9989013671875,0.05339065915904939
374.1264882876867,Released,1535.9989013671875,0.05339065915904939