resolution:1536,864
0,Pressed,638.0383758544922,334.0446367263794
17.298813624793517,Move,638.0383758544922,334.0446367263794
25.715333933210065,Move,555.3230895996094,271.794153213501
43.10629817285038,Move,520.0120239257812,248.58132076263428
48.690128695853915,Move,516.6109313964844,251.69532680511475
67.43627286116862,Move,534.9535217285156,275.33446311950684
90.15577551422565,Move,584.53564453125,320.2704849243164
98.27601306801242,Move,634.2803649902344,359.81554985046387
114.53896813590512,Move,657.8478698730469,375.7533302307129
137.4261250664711,Move,677.0386962890625,387.34425830841064
149.06543121702288,Move,696.3812255859375,398.4806098937988
160.6428180278968,Move,712.3316802978516,406.59699153900146
172.9920316253103,Move,730.4659423828125,415.887845993042
192.0541014784769,Move,728.5325317382812,413.0411682128906
198.48567993698367,Move,768.1660766601562,441.3651924133301
213.8877177005177,Move,801.0498962402344,462.1022129058838
220.5217698677579,Move,828.101806640625,478.65148544311523
237.89434448724637,Move,847.5075073242188,492.2043228149414
246.32758343095506,Move,865.3870239257812,502.1513442993164
252.06725245651097,Move,845.0585632324219,484.26584243774414
272.655117984167,Move,829.1297607421875,471.0373420715332
290.30073158124287,Move,803.9917602539062,455.08174324035645
311.36048783400474,Move,775.464111328125,437.4382839202881
329.55097439677735,Move,764.0751342773438,431.2019290924072
348.7920138729805,Move,784.168212890625,448.9182071685791
365.01110454999656,Move,807.4637145996094,464.9077949523926
372.95997212771914,Move,834.2654113769531,483.3640537261963
383.02610218044583,Move,858.3326110839844,497.83912467956543
395.6166046836023,Move,894.9505004882812,520.8727169036865
405.49756247024493,Move,925.3656921386719,540.0324440002441
422.39190277169894,Move,941.6159362792969,549.2401542663574
430.09131077716717,Move,898.907958984375,514.2724227905273
439.7767226836815,Move,851.1418762207031,482.82625579833984
454.2588238355103,Move,825.383056640625,469.9629306793213
466.46526543275263,Move,813.2231140136719,465.7257957458496
479.79942151371864,Move,825.0312194824219,475.2645378112793
495.04530023202636,Move,824.9316101074219,473.0118942260742
510.48873085255934,Move,820.2699279785156,471.2560043334961
529.272695249764,Move,800.2330627441406,456.3397979736328
540.0483959647637,Move,800.3919982910156,459.18621826171875
546.7489987048837,Move,805.2950134277344,464.1829032897949
551.9310906690924,Move,834.2194519042969,482.0617618560791
559.3356143172468,Move,864.3110046386719,502.84399795532227
565.2031963895218,Move,887.1757507324219,518.6945400238037
586.2198013102999,Move,913.3301696777344,536.7056980133057
597.7256194558557,Move,921.90234375,542.2599048614502
609.0828231207272,Move,922.0192565917969,542.2267398834229
624.7822146605728,Move,928.1885375976562,541.4895401000977
642.9660160938569,Move,920.6240844726562,533.7435607910156
650.4420220269132,Move,896.4346618652344,516.7706623077393
664.4693157258364,Move,849.5607604980469,484.81249809265137
685.8125438455028,Released,849.5607604980469,484.81249809265137