resolution:1536,864
0,Pressed,767.6694488525391,398.800106048584
8.31886148322641,Move,767.6694488525391,398.800106048584
27.98822775542845,Move,776.4689025878906,389.9437952041626
38.27245549561344,Move,760.1567687988281,388.5386095046997
53.83572045131798,Move,745.6998596191406,390.1171646118164
63.514122182990064,Move,735.2455444335938,400.4947385787964
77.2099245600077,Move,732.4134063720703,407.28014373779297
100.02502113135878,Move,730.4685974121094,409.2916202545166
112.6102412986294,Move,730.9655456542969,416.84267807006836
133.26182968907736,Move,734.7455291748047,420.2353162765503
155.28922474687192,Move,739.1347961425781,418.48241329193115
169.80914920628888,Move,738.4018249511719,416.6910409927368
190.29130531009002,Move,745.1435852050781,421.7657461166382
195.35301204067179,Move,747.8108367919922,421.13746547698975
218.03910036505755,Move,754.0325317382812,423.27637481689453
231.44732505982753,Move,757.3211517333984,426.8579092025757
246.97457895123512,Move,768.8670043945312,434.3593997955322
254.9067705197729,Move,772.0020446777344,435.6371784210205
263.5427487478728,Move,778.9735107421875,434.90682792663574
285.1323772995939,Move,777.2252197265625,434.84204292297363
294.8120795108627,Move,780.1110534667969,437.9989471435547
314.83654684467217,Move,786.1125183105469,441.2252197265625
321.9105755669253,Move,788.1326293945312,437.797176361084
330.0180655641441,Move,786.5876770019531,442.67088317871094
349.96039690206203,Move,788.4929809570312,446.7912197113037
367.2988303543859,Move,789.0591430664062,444.46045303344727
374.0197240411885,Move,787.162353515625,445.04058265686035
385.0182663336422,Move,793.2296447753906,447.10525703430176
392.38260305772553,Move,794.5924987792969,445.517972946167
410.7626251159674,Move,796.2322998046875,446.76650047302246
432.2125813254221,Move,791.6473388671875,441.44254302978516
449.44181371231747,Move,788.2669372558594,438.9004783630371
468.8987121511707,Move,783.8545532226562,438.69494819641113
475.493776089171,Move,778.4391174316406,436.8340530395508
486.85272973531147,Move,771.1014404296875,429.1164493560791
494.9994480072069,Move,761.7398986816406,427.27484035491943
503.2066119758305,Move,756.4598693847656,422.0495538711548
522.4225798609787,Move,752.7398986816406,424.3255777359009
534.3037337303678,Move,749.7624664306641,424.95921421051025
556.8751498664249,Move,747.6033782958984,422.38524627685547
577.880635647739,Move,743.1961669921875,422.48051834106445
584.0899997320791,Move,741.0047607421875,422.2343559265137
590.2293676317579,Move,745.8977508544922,420.86241245269775
613.0644915372338,Move,763.1514129638672,428.949800491333
619.0527393309334,Move,776.6598815917969,436.19701766967773
632.4194192467104,Move,778.3736572265625,435.52424240112305
638.0719379076835,Move,771.0441284179688,425.4047784805298
646.8357959420189,Move,763.9713134765625,421.83122634887695
669.7490265222173,Move,763.2047424316406,427.12312602996826
678.2023095470131,Move,756.3509674072266,424.51043128967285
683.8387409330597,Move,753.1571960449219,424.5242586135864
690.5961052663405,Released,753.1571960449219,424.5242586135864