resolution:1536,864
0,Pressed,781.7744750976562,440.8029842376709
18.25072057314481,Move,781.7744750976562,440.8029842376709
41.115131458530115,Move,783.3529357910156,440.7147159576416
48.6414486843292,Move,774.3019409179688,433.74414825439453
69.78409970007522,Move,761.7692413330078,425.1099500656128
90.9798604072401,Move,749.1564331054688,416.4254894256592
103.77840914237527,Move,736.6063842773438,408.24210834503174
116.82971502295146,Move,725.0246429443359,401.3555088043213
138.8351304949148,Move,714.7906494140625,394.8681764602661
158.79589815539495,Move,706.9089660644531,390.00471782684326
180.23352557976108,Move,701.5011291503906,386.2846784591675
200.97494491154401,Move,696.1372833251953,382.3526201248169
216.08417380856173,Move,693.0918273925781,379.192214012146
227.8001018568521,Move,687.0993347167969,376.041953086853
242.08382659498562,Move,681.5684967041016,373.2131452560425
248.96200358584622,Move,678.4598236083984,371.67321395874023
266.8823904546359,Move,675.49951171875,370.2621831893921
284.80269015024965,Move,674.6995239257812,369.65589237213135
307.5911396955459,Move,675.3982543945312,369.64258003234863
317.3585649263589,Move,675.424072265625,370.14152240753174
331.4788427494652,Move,675.3910217285156,370.470983505249
353.25850780480334,Move,675.8947448730469,370.6241397857666
363.9703503977743,Move,673.6487731933594,369.1695671081543
370.2478415673509,Move,670.7906799316406,367.6989526748657
378.91789927921565,Move,669.2894897460938,366.402325630188
401.58858045811246,Move,667.6692810058594,364.65601444244385
413.5939369342807,Released,667.6692810058594,364.65601444244385