resolution:1536,864
0,Pressed,762.9166259765625,209.68552207946777
14.173133463433135,Move,762.9166259765625,209.68552207946777
19.99292248725822,Move,692.3403167724609,92.80940365791321
30.844673996841045,Move,603.9828186035156,37.224382281303406
41.4607950336128,Move,495.51731872558594,14.083399772644043
61.891532532180946,Move,377.0672836303711,4.155257284641266
67.47215584893111,Move,255.05392456054688,0.7871387600898743
73.34304462623196,Move,144.75391387939453,0.05218468979001045
91.87115503273222,Move,64.31100082397461,0.00045140953989175614
108.28392693510293,Move,12.276957035064697,1.5694305854907498e-07
121.47367542693296,Move,0.5255251228809357,2.417803125068295e-13
138.14110268788033,Move,0.0016445094952359796,3.702869812198169e-22
158.0478892290779,Move,1.5801912311985689e-07,3.216609066710758e-35
169.46110691210532,Move,2.26526012303465e-13,0
188.2696714762633,Move,4.037311069058435e-23,0
206.3509072497846,Move,0,0
215.59114597119458,Move,0,0
236.49408919300402,Move,0,0
252.4305334748355,Move,0,0
264.61873561156074,Move,0,0
282.3946027453771,Move,0,0
288.09844384874344,Move,0,0
309.22525720772154,Move,0,0
327.7545838006854,Move,0,0
348.4949740588799,Move,0,0
357.38508101436304,Move,0,0
369.2071714915818,Released,0,0