resolution:1536,864
0,Pressed,793.4815063476562,360.4631681442261
13.628052208930097,Move,793.4815063476562,360.4631681442261
33.59601256692784,Move,808.8165893554688,320.0131731033325
48.29864304192944,Move,822.538330078125,291.95274353027344
69.71774804605903,Move,835.6430969238281,271.804349899292
87.29489561540146,Move,847.7774963378906,257.39723110198975
104.61497344075703,Move,858.6995544433594,246.23502731323242
114.59681356654711,Move,868.0849914550781,238.44571208953857
136.03171449511598,Move,876.2179870605469,232.10211181640625
150.95509807476193,Move,883.155029296875,227.33227729797363
168.82588255828676,Move,888.6067199707031,222.88569831848145
178.72227459601552,Move,893.8587341308594,221.13647747039795
194.166265877265,Move,898.49560546875,222.90343952178955
204.72558471571665,Move,901.6394348144531,229.72342586517334
215.5358790886877,Move,901.0930480957031,243.54021835327148
229.45837516266485,Move,895.241455078125,274.5984992980957
250.06412317763707,Move,878.1796875,339.3905324935913
272.1802483626118,Move,824.0538024902344,476.2979049682617
290.4463164766754,Move,708.0444030761719,647.90354347229
302.3925073639067,Move,576.5995788574219,709.1467952728271
314.07284615973794,Move,490.2458038330078,682.6804218292236
321.50271052556684,Move,468.6398162841797,671.1852550506592
334.7334030350369,Move,461.759765625,672.8253765106201
342.22844333649874,Move,440.67919921875,717.9755802154541
351.3930235270931,Move,412.927734375,812.1178722381592
366.2453129364529,Move,817.5056762695312,860.204927444458
387.17767184880927,Released,817.5056762695312,860.204927444458