resolution:1536,864
0,Pressed,743.0042724609375,375.8080472946167
15.552026320668295,Move,743.0042724609375,375.8080472946167
27.08272096312028,Move,735.8932342529297,346.19352436065674
38.2644725901601,Move,720.8609161376953,328.89528465270996
50.81625507840847,Move,705.9261016845703,334.2798042297363
65.72965483602981,Move,700.07373046875,352.00203037261963
72.16358514539644,Move,697.9855041503906,357.69525718688965
79.13715870778076,Move,699.9533843994141,367.8557138442993
99.08183849543278,Move,706.8923034667969,391.0241289138794
109.24276128768754,Move,715.6043701171875,404.95694732666016
119.12229187408782,Move,732.6280517578125,421.4957399368286
128.2022729257346,Move,734.9599456787109,423.02068519592285
147.24177232677906,Move,745.790771484375,428.8420400619507
154.86477714956183,Move,759.9906005859375,437.0335578918457
162.04508584091738,Move,763.298583984375,437.99544525146484
174.74915958308853,Move,771.4565734863281,444.50731658935547
190.73486931184786,Move,770.1168823242188,439.3433647155762
208.55724477451233,Move,754.8092651367188,428.8083086013794
227.11353329063826,Move,744.1952819824219,426.9643306732178
235.58142467046122,Move,738.3872680664062,422.6936960220337
242.57741651029121,Move,736.3508148193359,414.85633277893066
257.45561223074475,Move,735.2611541748047,408.04940128326416
267.1551328372891,Move,733.9129486083984,408.6866683959961
272.4924330410513,Move,732.3194732666016,405.4124765396118
280.20084903329376,Move,739.3362121582031,419.34575843811035
296.91905611418326,Move,741.3446502685547,423.3501977920532
316.8500698675522,Move,743.2367248535156,422.15319442749023
331.6106604856156,Move,738.4358367919922,419.6894073486328
343.90459485323004,Move,734.2803955078125,422.26759815216064
355.9436761774329,Move,731.4477081298828,420.03586292266846
377.8194026090963,Move,731.7233734130859,420.7774658203125
386.2001424929923,Move,731.5670013427734,418.23079204559326
397.3141222601213,Move,730.8499603271484,412.9413900375366
408.547248594753,Move,730.7212829589844,411.4145908355713
423.9236902033159,Move,732.1711120605469,415.2064447402954
432.43796854950745,Move,744.3109130859375,424.0226125717163
440.4392592697522,Move,741.1535797119141,421.6289405822754
461.71002210702295,Move,751.1947174072266,430.96019554138184
481.60173637087723,Move,743.4255065917969,425.5446481704712
499.4835724344763,Move,750.2129974365234,429.36534118652344
507.8087299046678,Move,752.6106262207031,428.79659271240234
526.6594438362421,Move,757.0529479980469,429.26520252227783
536.574878383275,Move,767.9443359375,439.19556427001953
542.1418850269404,Move,777.5536193847656,443.67201232910156
563.6785566342211,Move,771.7264709472656,440.67387771606445
578.0584188375909,Move,772.925537109375,444.8445281982422
592.8389328556601,Move,779.3780822753906,447.12158203125
601.4260029922317,Move,785.59423828125,453.4172115325928
606.6666847220196,Move,784.7254028320312,455.2669315338135
620.7748090849163,Move,779.7022705078125,446.37830543518066
629.2243039078882,Move,771.0162048339844,439.3374423980713
641.0316869043401,Released,771.0162048339844,439.3374423980713