resolution:1536,864
0,Pressed,647.7628326416016,336.79614543914795
8.223577613141247,Move,647.7628326416016,336.79614543914795
23.77336172740261,Move,578.2005615234375,280.35519790649414
31.683945817562552,Move,523.7781829833984,242.05451488494873
38.82782383164905,Move,475.3172149658203,210.86348390579224
58.923347387773134,Move,453.3105010986328,199.8361029624939
71.19848788406392,Move,443.91119384765625,197.9718475341797
89.72338422679734,Move,453.3607177734375,211.38558769226074
97.24748947551723,Move,483.0618896484375,239.6040916442871
115.00114179460638,Move,525.1453857421875,274.99086570739746
124.20803339348427,Move,563.5884246826172,305.75568294525146
131.74620782821944,Move,605.568603515625,338.171462059021
140.67092904205023,Move,643.1911468505859,364.2950620651245
152.72770133725695,Move,675.7912902832031,385.74322414398193
169.90946852223857,Move,725.7789459228516,420.4186763763428
178.19333337756896,Move,786.2874755859375,459.43227767944336
195.523102137628,Move,835.2510681152344,489.12940406799316
210.16947218054597,Move,861.4128112792969,504.0596694946289
226.17340211972848,Move,869.7416381835938,502.546594619751
240.3672804479349,Move,873.7600708007812,507.00053787231445
260.9933463987989,Move,897.0306701660156,520.9969310760498
277.56732310571607,Move,906.7803955078125,526.1956443786621
293.74255479439347,Move,906.740478515625,526.3073959350586
316.71918944445844,Move,904.8433227539062,524.8718776702881
332.703225284164,Move,880.36962890625,504.6988162994385
353.5436697515451,Move,865.1922912597656,496.5296230316162
363.0995749692395,Move,852.6690673828125,493.79052543640137
381.125310632423,Move,866.1664123535156,503.3481674194336
402.8709382313749,Move,863.2689514160156,498.8110542297363
419.6474774580142,Move,860.543701171875,498.5877571105957
427.4285746445375,Move,857.8558959960938,497.8040027618408
433.0893481800253,Move,854.8739318847656,492.43632316589355
454.4043651640507,Move,850.9486083984375,490.1338291168213
471.0207060082818,Move,845.8168029785156,488.95436096191406
482.50964593565845,Move,816.5750427246094,465.67213439941406
502.3555237385202,Move,807.7824096679688,461.7177257537842
508.8137629787355,Move,831.7721557617188,480.1102294921875
519.6593181605826,Move,850.7787780761719,494.9828681945801
527.3709229866266,Move,850.8725280761719,494.0312805175781
540.1071684174134,Move,839.4948120117188,483.4930057525635
559.1238452282996,Move,844.0065307617188,485.25780487060547
577.6055652659124,Move,844.7714538574219,485.31239318847656
599.4097441026603,Move,856.9330444335938,495.90510177612305
617.2168890874457,Move,861.2958984375,500.18312644958496
637.7948744429776,Move,872.2805786132812,507.7086925506592
657.6700478102528,Move,893.7117004394531,522.2553977966309
667.6940151601453,Move,885.9765930175781,516.9093990325928
678.8434806220965,Move,886.6885986328125,517.0787258148193
693.5186947748356,Move,891.0606079101562,522.463399887085
699.1794958884789,Move,896.3051147460938,526.372386932373
704.8663160070408,Move,887.5223693847656,517.0260944366455
721.1587044145617,Released,887.5223693847656,517.0260944366455