resolution:1536,864
0,Pressed,763.3005981445312,400.1300525665283
8.742068901207213,Move,763.3005981445312,400.1300525665283
13.841039422808125,Move,773.3848571777344,394.78503227233887
22.97036680962284,Move,757.7882080078125,390.5887613296509
43.21432530287827,Move,740.1951141357422,388.995400428772
64.6843646389996,Move,723.5109100341797,391.89319038391113
82.62612106745604,Move,710.0494995117188,397.38650035858154
96.67347779789611,Move,698.9689178466797,403.0260400772095
113.3106589181653,Move,695.8934783935547,401.7758388519287
130.1527921500344,Move,704.5862274169922,400.1281986236572
139.91564524906036,Move,710.7709808349609,399.20758724212646
158.7157865904654,Move,718.9014129638672,397.7861280441284
168.7433208974819,Move,725.0181884765625,395.998592376709
183.64907547514792,Move,728.8831329345703,395.4026527404785
199.78813275860125,Move,729.3834686279297,395.0588493347168
216.8962627190679,Move,728.8743896484375,395.56363677978516
223.28646198395577,Move,727.1642761230469,394.70814514160156
241.2812656487156,Move,722.2766876220703,396.26530265808105
263.8871494698913,Move,718.9829406738281,398.5044279098511
285.80092588316364,Move,716.0682678222656,400.3646535873413
293.7920654125061,Move,713.0179595947266,401.4076509475708
311.5286746309381,Move,712.4475402832031,399.3963804244995
326.53560663629645,Move,715.3568572998047,398.0604085922241
336.07771797135223,Move,722.4727020263672,396.80176162719727
351.6910335480365,Move,731.87548828125,396.6015615463257
364.94706150534375,Move,731.4703216552734,394.32208728790283
377.84137350889097,Move,728.4112701416016,394.9497241973877
392.39426154374377,Move,724.8622283935547,396.12981033325195
407.1547967329702,Move,722.9380645751953,397.1913728713989
412.39084566971945,Move,720.2677001953125,399.4200954437256
431.1512144355179,Move,718.7346038818359,399.26786613464355
442.52961220797056,Move,720.1814575195312,398.2339324951172
458.02570276058486,Move,720.0887145996094,396.5839490890503
471.46576176276625,Move,720.4396362304688,395.4538164138794
477.29056780778785,Move,726.4068145751953,393.4435501098633
499.8863706509694,Move,729.689208984375,394.180157661438
509.441216019547,Move,734.5713500976562,394.88563442230225
523.446358265679,Move,736.0359191894531,394.59338092803955
535.9103371037802,Move,735.4650421142578,394.1316976547241
543.6637481261859,Move,732.2975921630859,394.0390520095825
552.4547439513913,Move,729.5749969482422,393.263614654541
571.6006648852087,Move,730.4566497802734,393.8720169067383
583.577593550712,Move,733.3691253662109,394.4162006378174
591.521741687078,Move,735.0018768310547,393.692081451416
607.9201030788043,Move,734.5864105224609,394.6680278778076
617.8057181618365,Move,734.8425750732422,394.30818271636963
626.8288580879213,Move,730.1180877685547,394.6743621826172
636.252176206026,Move,725.0115051269531,395.0660333633423
654.6627237594473,Move,723.2113037109375,394.452223777771
671.8574382366221,Move,719.7981262207031,394.668851852417
693.0659349732595,Move,721.1575469970703,392.58162117004395
703.618917322374,Released,721.1575469970703,392.58162117004395