resolution:1536,864
0,Pressed,777.5636901855469,438.3763790130615
16.88991543659707,Move,777.5636901855469,438.3763790130615
31.992553661246596,Move,774.2815246582031,436.48772621154785
53.262954888576175,Move,768.7157592773438,432.8264465332031
76.03532674799209,Move,762.3879547119141,428.7377815246582
81.63973058378244,Move,756.0149688720703,425.4479341506958
92.42963941875443,Move,750.3520660400391,422.7221488952637
114.02265857220559,Move,745.3376312255859,420.5774459838867
119.58179169181935,Move,740.7920837402344,418.5663299560547
127.05455148000975,Move,736.5378570556641,416.8027410507202
143.04095714328588,Move,732.8070373535156,415.0284147262573
158.15089455451704,Move,730.7584991455078,413.82124042510986
167.59690735480655,Move,730.222412109375,413.3462963104248
176.84290914442593,Move,730.6425476074219,412.90874004364014
197.11786569944815,Move,729.7822723388672,412.6570930480957
216.61964316666564,Move,729.5779724121094,412.78014850616455
223.05013209923132,Move,728.8938446044922,412.67607021331787
229.89828525598332,Move,727.6100921630859,412.3374938964844
241.78140053744983,Move,726.9300384521484,411.82822608947754
263.5963473448899,Move,726.1252899169922,411.694278717041
281.2651699620667,Move,726.3432312011719,411.90961933135986
294.6800045959016,Move,725.5749206542969,411.7738952636719
301.720958044804,Move,725.0537109375,411.4479875564575
316.5658851900507,Move,723.6763000488281,410.81059169769287
329.6007753418399,Move,722.2125549316406,410.57256603240967
336.8813475916338,Move,722.0286712646484,410.555082321167
348.7661019489822,Released,722.0286712646484,410.555082321167