resolution:1536,864
0,Pressed,1377.990966796875,841.1867179870605
13.823233103480533,Move,1377.990966796875,841.1867179870605
35.90576538014719,Move,1496.3105163574219,862.0855464935303
47.014707702557516,Move,1521.8220520019531,863.7324657440186
58.817598976026716,Move,1528.0377502441406,863.9485015869141
69.60303375608602,Move,1529.5249328613281,863.9846534729004
77.533354904349,Move,1528.420166015625,863.9925842285156
94.93694664217352,Move,1525.4566040039062,863.995777130127
101.80551590682546,Move,1520.7095947265625,863.9974250793457
109.03606485434275,Move,1512.5146179199219,863.9982490539551
119.92859312116214,Move,1494.7899169921875,863.9984550476074
132.17486984350703,Move,1464.9117736816406,863.9988670349121
138.68664460837962,Move,1348.5127258300781,863.9990730285645
160.67788689974225,Move,766.1368560791016,863.9991760253906
181.17205845144127,Move,90.06646156311035,863.9995880126953
201.50627419046432,Move,4.0135334730148315,863.9997940063477
221.02419041284222,Move,0.10246439650654793,864
228.5503592820878,Move,0.00011878242730745114,864
250.27101724742482,Move,1.56525619132708e-08,864
272.7751143912097,Move,1.2492024626634297e-13,864
293.01451866855405,Move,9.285774460155435e-20,864
314.94951795907207,Move,1.7075912628966895e-27,864
332.76813702922817,Move,0,864
348.253115002306,Move,0,864
361.2555563423992,Move,0,864
379.7109168959023,Move,0,864
397.80017748389275,Released,0,864