resolution:1536,864
0,Pressed,766.5206451416016,433.583215713501
21.546455482036542,Move,766.5206451416016,433.583215713501
28.1734498151681,Move,774.9830017089844,426.3962001800537
39.34452012129722,Move,785.4942626953125,418.56439876556396
51.116105047103986,Move,794.9246520996094,411.1766939163208
60.9956755866609,Move,803.9164123535156,404.3837699890137
67.0657121077455,Move,812.9028625488281,397.56321716308594
74.84735555243451,Move,821.7702026367188,391.8061580657959
82.37410840632973,Move,829.4981689453125,387.25629901885986
98.57244378774918,Move,836.3255310058594,383.78793239593506
104.94842047094376,Move,842.3822021484375,380.99432373046875
112.86490954088005,Move,848.583251953125,378.100679397583
119.7736609783086,Move,852.8479614257812,374.92902088165283
124.9404619803982,Move,857.3610534667969,372.0358657836914
141.16108875572866,Move,862.5152893066406,369.13189601898193
152.98149050695713,Move,865.2478637695312,367.27079486846924
172.81585422680163,Move,865.9778137207031,367.260160446167
178.0242361966665,Move,867.1346740722656,366.8029317855835
195.98198913671143,Move,869.0641479492188,365.42431926727295
217.2583927976936,Move,870.4541931152344,365.1266326904297
227.5656285129013,Move,870.5195617675781,365.54626750946045
250.3934660324959,Move,870.8229675292969,365.8577299118042
267.2469674713213,Move,870.3205261230469,366.1100721359253
285.4356433607925,Move,869.0408935546875,366.46193504333496
299.4814532976358,Move,868.1135559082031,367.10522747039795
312.46287906554363,Move,868.95703125,366.5713949203491
324.1615461465606,Released,868.95703125,366.5713949203491