resolution:1536,864
0,Pressed,632.2831420898438,159.3761429786682
13.640542041900494,Move,632.2831420898438,159.3761429786682
27.179600710810497,Move,450.1447448730469,39.37895357608795
42.8590339626784,Move,272.259521484375,7.210537433624268
61.81612768781205,Move,129.01158142089844,0.7819583415985107
83.38281562759782,Move,46.28690528869629,0.040543354698456824
101.73037541889583,Move,9.986447811126709,0.0002483884345565457
111.57256537855538,Move,0.5527255833148956,3.038687601542023e-08
133.12440281922196,Move,0.00477797188796103,1.3653457008025227e-14
150.70478458174898,Move,1.6400757658630027e-06,1.9552183899717806e-24
165.40782538609432,Move,2.3742711898096236e-12,0
173.02203192197018,Move,7.05006096663463e-21,0
182.44560570808508,Move,3.413306493677863e-35,0
198.4612239577423,Move,0,0
203.7914882415138,Move,0,0
214.1987406055488,Move,0,0
220.08399738568448,Move,0,0
231.2582040678411,Move,0,0
240.3116625611325,Move,0,0
246.9970163448007,Move,0,0
256.05582578634744,Move,0,0
274.0120416605783,Move,0,0
283.74736403915546,Move,0,0
289.3029471604035,Move,0,0
296.1897920886549,Move,0,0
308.98851212413047,Move,0,0
319.65952231123674,Released,0,0