resolution:1536,864
0,Pressed,775.9572143554688,263.77827072143555
13.227302179591575,Move,775.9572143554688,263.77827072143555
19.630602231847718,Move,718.3000946044922,159.61357641220093
36.90489839142403,Move,646.0563354492188,98.32249546051025
57.083485384870926,Move,566.035400390625,63.57703113555908
79.4741447652695,Move,494.8098907470703,41.719640135765076
88.58159921506503,Move,432.60731506347656,27.437936067581177
95.14607573620454,Move,384.7134246826172,17.460321307182312
106.4952883540354,Move,355.47084045410156,10.186342656612396
115.12600198824734,Move,347.7316360473633,5.113541767001152
128.79032152057061,Move,367.09183502197266,1.9926890507340431
142.87627221199796,Move,434.19415283203125,0.4824856147170067
161.67259357253846,Move,602.4319610595703,0.04307458782568574
169.34348752843093,Move,983.8766784667969,0.0007890369543019915
188.1090381161371,Move,1424.5652160644531,7.591898949499409e-07
210.35310623476823,Move,1528.9087829589844,4.318312309299632e-12
222.55484205500554,Move,1535.7819213867188,1.96240946484159e-19
236.99139000267425,Move,1535.9932250976562,1.4853801742522745e-27
249.21599534938258,Move,1535.9987182617188,0
261.34195315467264,Move,1535.9996337890625,0
281.3714747147777,Move,1535.9998168945312,0
293.6260503455727,Move,504.97027587890625,0
314.2553211330475,Move,8.768063141689666e-16,0
336.0188967832708,Move,0,0
349.668081695085,Move,0,0
368.9824909765913,Move,0,0
383.9592314217982,Released,0,0