resolution:1536,864
0,Pressed,767.8771362304688,403.0459442138672
12.423103658427781,Move,767.8771362304688,403.0459442138672
21.152510138436483,Move,772.8305969238281,398.24894428253174
38.20220761583872,Move,759.7136077880859,395.3353443145752
45.216168193579826,Move,741.3379669189453,397.06272983551025
63.84030784253967,Move,732.38232421875,398.9894914627075
78.9688796625636,Move,724.6468048095703,403.45108222961426
91.201479700556,Move,724.1169891357422,404.13554763793945
105.16309002058418,Move,721.1265563964844,408.5328941345215
122.1652359799708,Move,724.2428283691406,407.6715316772461
138.72982741618821,Move,723.8632507324219,410.6111898422241
161.2069774114727,Move,724.6116027832031,411.5963544845581
179.41811568620733,Move,726.3411712646484,411.5882177352905
202.2057951773756,Move,733.2306518554688,411.0932149887085
222.67351190896932,Move,737.6469268798828,409.9981527328491
235.05065671272774,Move,737.7770690917969,410.56512451171875
248.0751049013199,Move,739.1176300048828,410.4350395202637
253.7799995824167,Move,740.1823425292969,410.9092626571655
259.2565793368568,Move,735.3511962890625,409.4350690841675
265.66652436224695,Move,732.8859100341797,409.7127227783203
277.86715413276227,Move,737.2392883300781,409.59564113616943
293.4655234497749,Move,747.8777618408203,411.3037405014038
309.5912803566007,Move,753.5740814208984,412.6723108291626
328.1525270771385,Move,760.8982543945312,412.05481910705566
340.34945666681244,Move,756.0984649658203,408.3192529678345
346.8019874851694,Move,749.2515106201172,407.42557525634766
368.16513950375986,Move,741.0882568359375,408.10841846466064
384.0483500758853,Move,737.1339111328125,409.4922580718994
403.04238931338006,Move,741.2583160400391,409.9933376312256
425.17109535377375,Move,744.3078918457031,409.6612243652344
441.2493306064768,Move,744.0883483886719,407.90281105041504
446.58755143338993,Move,738.6993255615234,409.6767768859863
452.48568497470217,Move,737.2186889648438,408.2052869796753
463.43472238795647,Move,738.6347808837891,408.2351303100586
474.9344255935465,Move,736.1840057373047,408.33768939971924
493.6419214583338,Move,733.9172058105469,408.7763786315918
502.8532834677866,Move,732.9587860107422,408.8668613433838
523.1604223960404,Move,730.9864196777344,409.01520252227783
528.8051428618113,Move,731.0260620117188,408.8366060256958
536.2107851161653,Move,731.2554473876953,407.7806053161621
548.4888086881764,Move,730.7194519042969,406.88893604278564
565.9007846150931,Move,729.3226318359375,406.3360233306885
583.1956423761535,Move,721.9089202880859,409.5548028945923
592.9039805372144,Move,721.8102722167969,410.24457263946533
613.9570501572354,Move,727.7916412353516,410.4303274154663
622.4572317259692,Move,735.8231506347656,410.7450342178345
642.5776887797044,Move,744.0304412841797,412.02407455444336
660.8100125846003,Move,748.2511138916016,409.10061264038086
677.3903642018238,Move,743.53564453125,409.1018486022949
697.5178098695503,Move,741.4400939941406,408.8949279785156
703.9134578579839,Move,741.1167755126953,408.7588691711426
718.0927498300186,Released,741.1167755126953,408.7588691711426