resolution:1536,864
0,Pressed,774.0789184570312,402.7135992050171
13.796509537056778,Move,774.0789184570312,402.7135992050171
31.19234467955725,Move,787.2453002929688,395.07417011260986
36.54530206833033,Move,772.6912536621094,390.5511417388916
42.351960498645944,Move,760.9514007568359,388.5983991622925
64.95452986895145,Move,742.3213348388672,395.5859613418579
82.9773441477987,Move,730.9318542480469,400.7544193267822
96.82808967186503,Move,726.3855743408203,405.95573329925537
113.04192990006133,Move,726.8332672119141,408.6815185546875
130.10161051641336,Move,724.2303771972656,410.1665267944336
136.34955631933573,Move,722.9807281494141,411.38459300994873
154.50589442620395,Move,726.2209167480469,411.16456604003906
160.85554747080428,Move,730.7696685791016,411.06465911865234
177.31768194786488,Move,733.3422088623047,410.2238187789917
188.33172695804737,Move,733.1483001708984,410.16799449920654
195.97645179820677,Move,730.2910308837891,411.18001556396484
217.35539714768092,Move,727.912353515625,411.5082664489746
226.86216317950465,Move,735.8432006835938,411.83080101013184
246.79746170596127,Move,739.4284515380859,410.53077507019043
258.48969094143024,Move,738.2918243408203,411.95138454437256
273.97492920751284,Move,739.8355407714844,410.78955459594727
279.46702967330333,Move,742.0692443847656,410.25391960144043
285.8151656864081,Move,740.8541107177734,410.11340618133545
290.9669782119236,Move,737.3383483886719,411.56965255737305
311.441739864801,Move,734.6677551269531,412.10196590423584
323.0544683270737,Move,734.3514862060547,411.3646116256714
342.93291425034874,Move,742.3777770996094,411.7852249145508
357.25879571956614,Move,753.8123474121094,414.55089569091797
366.2181381907188,Move,765.8476867675781,416.8383264541626
386.87809848953316,Move,777.0492553710938,419.02239990234375
398.5904382665428,Move,773.3875122070312,415.9520902633667
419.9980673750642,Move,760.0837554931641,414.4146308898926
427.44563627912186,Move,756.7808074951172,413.7794237136841
445.9282834880581,Move,758.6182250976562,416.05256366729736
458.5522880721355,Move,761.5943756103516,415.75629329681396
473.11297721827697,Move,758.9565124511719,415.4005422592163
480.72461288501006,Move,759.5670318603516,415.82723236083984
503.62038226531644,Move,754.2332153320312,413.1231279373169
513.1311367303997,Move,752.5133972167969,410.98262214660645
526.3705464732764,Move,754.8159027099609,412.1353883743286
535.6680043297409,Move,757.3380889892578,414.07033824920654
552.5453549895548,Move,757.8971557617188,414.3340873718262
567.7616468984883,Move,754.9292907714844,412.83934593200684
589.1543465042082,Move,750.1406707763672,413.51322841644287
606.2728165821934,Move,741.6570739746094,412.34630012512207
622.2063210671837,Move,740.3329925537109,412.7343406677246
634.8942518813898,Move,742.0183410644531,413.8591947555542
652.3883122426265,Move,746.4474792480469,412.3832244873047
668.0705456557471,Move,751.236328125,413.56864070892334
674.8936879514368,Move,754.9794616699219,417.4621524810791
697.7176095119656,Move,764.0298614501953,419.5198745727539
702.7547492420383,Released,764.0298614501953,419.5198745727539