resolution:1536,864
0,Pressed,771.3045043945312,405.48127841949463
15.950390160649528,Move,771.3045043945312,405.48127841949463
26.35202327905548,Move,785.1708068847656,401.42722034454346
47.60728339793717,Move,768.4193115234375,397.2749547958374
58.098718817412575,Move,751.0119323730469,395.8309135437012
78.39035067690281,Move,732.4797821044922,397.63477420806885
86.53584645639637,Move,721.2636566162109,401.58619594573975
109.38302914152885,Move,719.4127807617188,402.3086414337158
128.39505799892703,Move,711.8772125244141,405.7084379196167
149.46136462235393,Move,710.2826385498047,405.9223880767822
155.231142029049,Move,711.5370025634766,404.7785310745239
168.70821223635645,Move,715.9670104980469,402.77181816101074
175.22208211589415,Move,716.6968688964844,400.9427490234375
183.3829104010359,Move,715.3889465332031,402.28361320495605
205.2098402723686,Move,716.1068572998047,401.1035785675049
220.75530026356586,Move,714.3083038330078,401.3573627471924
241.25184319287854,Move,714.2682495117188,400.4934253692627
258.5709470350455,Move,716.2616271972656,398.93629360198975
267.14660052649265,Move,720.4111175537109,397.52876472473145
272.3883453431138,Move,720.4220123291016,396.5475912094116
288.2807753585718,Move,724.4492797851562,394.9862880706787
309.60164863794824,Move,728.466796875,394.0104446411133
317.1549298826293,Move,733.2804565429688,392.7399787902832
324.64988102710737,Move,737.4866638183594,391.7761859893799
334.641804610113,Move,742.7685241699219,390.54691886901855
349.6350696981895,Move,750.5571441650391,388.9946279525757
370.47252174803674,Move,751.5570831298828,387.6934690475464
375.9850145996164,Move,755.2063751220703,384.34192657470703
386.25216626997394,Move,755.4467010498047,382.6291666030884
391.7685512143434,Move,755.3356475830078,381.3298873901367
400.5401038240688,Move,750.2911834716797,382.9748239517212
422.9013024269848,Move,745.9325408935547,384.0718688964844
437.7470371549465,Move,744.961669921875,384.5011339187622
457.26888856920993,Move,743.6635437011719,385.2795066833496
466.16398253628387,Move,744.9346618652344,385.36558628082275
480.57966743230674,Move,743.4237670898438,386.31547451019287
494.518439863051,Move,743.7533569335938,386.17624855041504
501.6529751356982,Move,742.7216949462891,386.33973026275635
511.26413659140695,Move,738.5035400390625,388.1078510284424
522.5969549591366,Move,737.0143432617188,386.81722354888916
542.530005613454,Move,737.2519226074219,385.10778522491455
562.2176253660082,Move,741.1130218505859,383.79187202453613
575.9069120902466,Move,744.8929595947266,383.0819664001465
590.0667772440129,Move,743.0905609130859,385.68091106414795
607.4557581586854,Move,743.6867065429688,386.6593294143677
623.4855114611747,Move,743.1753387451172,387.23729610443115
638.0712287716909,Move,738.0325012207031,391.7271337509155
655.1201446842064,Move,733.7621612548828,394.2460241317749
675.6310594846086,Move,728.2401580810547,396.48468589782715
685.8373692642482,Move,725.9083099365234,395.6083631515503
706.0884286959123,Move,729.9830474853516,392.0173273086548
726.5791973022331,Released,729.9830474853516,392.0173273086548