resolution:1536,864
0,Pressed,696.8711242675781,196.6633243560791
13.387707781504732,Move,696.8711242675781,196.6633243560791
34.356551095422844,Move,569.3579406738281,74.15123891830444
55.77955896703939,Move,424.8518371582031,21.10921561717987
66.78199164231651,Move,281.8653259277344,5.455706477165222
88.90197672028062,Move,151.80892181396484,0.8473141528666019
100.5771195539418,Move,62.80631446838379,0.05578218586742878
113.10758950172277,Move,16.575111865997314,0.00048355823128076736
133.0378416604831,Move,1.3566720485687256,9.27653673876705e-08
145.71882574180353,Move,0.017948445864021778,8.420377165610515e-14
160.62713463084475,Move,1.3829606814397266e-05,4.303764202862961e-23
167.15923256827315,Move,7.455910368270313e-11,0
177.14438225131718,Move,2.2675646888523344e-18,0
193.71751920162097,Move,3.2390309553009626e-31,0
208.34516869947316,Move,0,0
213.9848343711014,Move,0,0
232.7508618927465,Move,0,0
249.02998136495182,Move,0,0
257.10701815043996,Move,0,0
279.3236255467329,Move,0,0
297.21098577449726,Move,0,0
315.7006963256679,Move,0,0
331.10474368841204,Move,0,0
350.24622665586577,Move,0,0
370.7098348736965,Move,0,0
387.68463918647535,Move,0,0
399.32973136484384,Released,0,0