resolution:1536,864
0,Pressed,771.4330444335938,405.9978075027466
11.505026539976733,Move,771.4330444335938,405.9978075027466
22.094312374643767,Move,784.4617309570312,401.7890739440918
44.21476810357889,Move,785.9276733398438,394.5825662612915
59.62054067973067,Move,766.6769714355469,391.6487274169922
81.68168310526103,Move,748.5813903808594,392.036021232605
89.39211843306819,Move,739.3861083984375,392.45349311828613
96.39533549117172,Move,731.8191375732422,395.92695808410645
111.23867646972141,Move,723.0369415283203,399.4767179489136
128.4686005085986,Move,715.2850799560547,402.750394821167
134.04053968740794,Move,712.7253112792969,404.0785903930664
142.87645525619354,Move,712.5630798339844,406.1489553451538
160.89372063826315,Move,715.3225250244141,406.34542179107666
168.52358043080613,Move,718.7082824707031,406.2606554031372
184.5870903657055,Move,719.0682220458984,405.60036849975586
198.06607708828798,Move,721.7551116943359,403.3369359970093
218.45760933929148,Move,720.5924377441406,401.7492399215698
228.8868013469671,Move,718.013671875,403.1763381958008
240.04861748374068,Move,719.7784881591797,403.3455877304077
246.2844348339732,Move,715.9920043945312,402.84821605682373
261.13234164743824,Move,716.2050933837891,401.06647396087646
267.1435116013899,Move,722.2806701660156,398.7730178833008
288.2732195988292,Move,725.8933410644531,397.4336986541748
303.50692348847736,Move,731.1387634277344,395.8651599884033
318.7469852516604,Move,733.4767913818359,396.80528926849365
338.02774546906954,Move,731.1082305908203,397.34648609161377
348.1050300942022,Move,728.0737609863281,400.56171226501465
363.3335168241791,Move,725.4464721679688,402.8920154571533
369.88882702763937,Move,721.9679718017578,403.07983016967773
392.24854752125935,Move,721.1790161132812,404.0984172821045
403.52372053555507,Move,716.0874481201172,404.0163288116455
415.56364413941645,Move,713.9041442871094,403.4451856613159
420.5906550980271,Move,717.5085296630859,402.2170000076294
429.6418237410885,Move,719.2755889892578,400.82046604156494
440.2001540163961,Move,716.5907592773438,398.8522996902466
458.06577423238093,Move,718.6626892089844,398.23995780944824
476.1945369518941,Move,720.6572570800781,397.3126001358032
489.0345434610165,Move,722.5569763183594,397.0641975402832
506.08383142747834,Move,725.6976013183594,396.96745777130127
526.7320560886985,Move,725.8109436035156,400.63571548461914
546.0977291301423,Move,724.3596954345703,402.2040481567383
554.9470858479016,Move,723.8923645019531,403.59113216400146
574.4386344091256,Move,717.1238250732422,405.81753730773926
582.2489655725174,Move,712.7686614990234,404.8734941482544
595.3903903742622,Move,712.6159057617188,401.8258695602417
613.864435129668,Move,716.8359375,397.39746952056885
621.282831943231,Move,719.6805725097656,395.6693630218506
626.8808868872412,Move,726.2594146728516,393.83717823028564
649.2134140497658,Move,730.3851013183594,393.55458068847656
656.3508464566432,Move,731.3248901367188,392.8587341308594
674.3647193085764,Move,731.0567779541016,392.69746685028076
689.5565094673908,Released,731.0567779541016,392.69746685028076