resolution:1536,864
0,Pressed,732.3745880126953,212.53796768188477
19.074597789401516,Move,732.3745880126953,212.53796768188477
27.55426613737714,Move,639.16552734375,90.2449049949646
48.370390437716054,Move,524.7898864746094,31.45989453792572
63.94141575141026,Move,393.0929260253906,10.24992549419403
76.61072672361672,Move,267.5730972290039,2.6454859524965286
98.49648655265892,Move,153.72573852539062,0.3716471241787076
109.6406190328382,Move,66.95939826965332,0.014868978643789887
126.43710579981291,Move,16.675586700439453,4.413663214108965e-05
140.62458179424618,Move,1.0551944375038147,2.202981484733524e-09
148.53357455416977,Move,0.011693234089761972,2.711545900347261e-16
167.5743428758759,Move,2.708550823626865e-06,1.0247726381926222e-26
187.41776172693636,Move,1.6743566168958557e-11,0
193.47959077442556,Move,9.900791646641707e-20,0
213.58951812450024,Move,1.5438776122274397e-33,0
221.36757263611705,Move,0,0
234.362347561356,Move,0,0
255.1421632073097,Move,0,0
260.25664510800544,Move,0,0
270.5351310207757,Move,0,0
279.3500580327727,Move,0,0
292.87651429033804,Move,0,0
314.2697519374355,Move,0,0
326.53145094512223,Move,0,0
349.4606799025842,Move,0,0
356.5647989169892,Move,0,0
362.65171009189453,Released,0,0