resolution:1536,864
0,Pressed,633.7564544677734,157.45411920547485
22.349366353582838,Move,633.7564544677734,157.45411920547485
37.62264881525641,Move,437.61021423339844,36.035457730293274
55.838652358722456,Move,244.02783966064453,5.22882579267025
63.315536367401556,Move,101.49919509887695,0.4339987523853779
74.32371147951879,Move,28.202181816101074,0.010741216130554676
82.0840482640955,Move,3.787059187889099,1.71635689980576e-05
103.55637498935091,Move,0.09651629626750946,3.814599339527214e-10
112.83437121725473,Move,0.00033533768146298826,1.1481039815308484e-17
127.76193905160234,Move,1.388790948908536e-08,4.7903434325726667e-29
139.9371830331696,Move,3.1113477857549793e-15,0
158.57821587431897,Move,2.1288720543453605e-25,0
173.04691659124623,Move,0,0
195.68220922969908,Move,0,0
211.18874161776358,Move,0,0
226.17818598569445,Move,0,0
239.06168286434223,Move,0,0
251.99297226160868,Move,0,0
263.11258989860147,Move,0,0
273.76602193176,Move,0,0
290.61168904263815,Move,0,0
311.483101443479,Move,0,0
328.6904327318508,Move,0,0
343.5502973771669,Move,0,0
364.6754373678017,Move,0,0
379.08432154341335,Move,0,0
396.0109301833152,Released,0,0