resolution:1536,864
0,Pressed,775.689697265625,405.92648220062256
13.1433320563997,Move,775.689697265625,405.92648220062256
25.759220248596577,Move,799.2841186523438,399.882061958313
40.80237790517589,Move,788.3858642578125,392.89292907714844
56.88444436060937,Move,765.078369140625,389.6018714904785
66.44138623281385,Move,749.2544860839844,389.3581552505493
73.44358094626044,Move,733.9167938232422,392.54747772216797
78.50640039555826,Move,716.9171447753906,399.48593616485596
92.0555154410371,Move,710.1166534423828,402.3068904876709
102.5536994085876,Move,711.0774078369141,404.2807731628418
118.4502262002448,Move,707.8393707275391,405.58489322662354
131.92919534468905,Move,711.1829223632812,405.64723205566406
140.23993159979062,Move,715.1342010498047,405.8947591781616
155.625123740751,Move,714.7839660644531,405.35611152648926
174.18139961151485,Move,715.3334197998047,402.79272651672363
197.02189528961637,Move,714.0196380615234,401.3486080169678
212.57966774710886,Move,717.0109405517578,398.5600461959839
226.10281665404707,Move,721.6841125488281,397.087140083313
248.50652042315582,Move,724.9698028564453,395.7186985015869
259.356192810379,Move,727.4033660888672,394.9525566101074
273.64489767426755,Move,729.7928466796875,393.7443780899048
287.27523702706355,Move,730.5275573730469,392.1479787826538
303.8702232958112,Move,726.7119140625,395.79272747039795
320.9174796997859,Move,725.058837890625,395.7944526672363
341.7089396340587,Move,723.2207336425781,396.32661151885986
363.08815952460907,Move,725.8278350830078,394.4762477874756
370.75083179953174,Move,728.0947265625,393.0853786468506
377.94819574383445,Move,732.6373901367188,391.06916427612305
387.0080438814798,Move,742.3628997802734,387.68445682525635
409.1572411268491,Move,749.7431945800781,385.7786808013916
416.7854111568393,Move,761.5930480957031,382.48257637023926
434.7001453045581,Move,768.034423828125,381.4687786102295
446.60981533375883,Move,773.2254638671875,378.38098526000977
452.2446359557766,Move,765.2837677001953,381.6484308242798
472.38039312849236,Move,759.0308990478516,381.52849102020264
478.1677453046081,Move,753.6721343994141,383.13331031799316
492.7534913826807,Move,748.2337188720703,385.80334854125977
504.0984443116627,Move,744.1183319091797,387.5186061859131
509.68476157611684,Move,739.6998138427734,390.6264581680298
516.3453538030568,Move,735.4825744628906,392.360821723938
532.2858629917546,Move,733.629638671875,394.4739046096802
554.1469818407191,Move,729.6483764648438,396.90728187561035
564.111488303086,Move,723.4046630859375,399.0459852218628
581.7820478895617,Move,719.5302429199219,399.1746025085449
600.3881932310844,Move,716.9326171875,398.15132904052734
618.1790792070725,Move,719.16357421875,395.86721992492676
627.6826923401856,Move,718.1667022705078,398.1056499481201
636.346613964399,Move,718.3170776367188,400.6368227005005
658.391810860708,Move,711.9046783447266,403.78162479400635
673.9664880385006,Move,712.5521850585938,404.0769681930542
688.5495633523219,Move,710.7134399414062,403.76262187957764
695.43295278726,Released,710.7134399414062,403.76262187957764