resolution:1536,864
0,Pressed,819.1234130859375,455.0777778625488
6.484661509051132,Move,819.1234130859375,455.0777778625488
28.897772807780484,Move,849.7795715332031,477.94873809814453
45.21845377307565,Move,862.7172546386719,489.2794704437256
59.745316577555414,Move,866.1417846679688,491.52557373046875
79.77311735658931,Move,858.898681640625,484.60604095458984
86.56593314752277,Move,850.3050842285156,477.25242805480957
106.41311146985507,Move,840.7859802246094,470.49444580078125
126.53897189697504,Move,830.7101440429688,462.0359344482422
143.4417791330461,Move,821.2894592285156,449.9802074432373
152.22533998531054,Move,814.2671813964844,441.1998825073242
162.04558271957313,Move,809.6431274414062,434.7549076080322
174.12558325983522,Move,806.9588928222656,428.9435176849365
191.35309009396587,Move,805.5416564941406,425.104079246521
208.63199475814727,Move,804.3340759277344,421.31011390686035
218.15459687505216,Move,803.343017578125,417.06950283050537
236.13069434088487,Move,804.8084106445312,413.26111793518066
252.76838998167688,Move,806.2219848632812,410.5306205749512
261.920170753792,Move,809.8839111328125,406.5837049484253
282.53303606492796,Move,815.4151611328125,402.305757522583
296.6946195915057,Move,817.5232543945312,398.4116792678833
310.5785875730579,Move,822.4818420410156,392.945405960083
316.6383680882542,Move,834.4634399414062,385.8040952682495
338.7277327825045,Move,853.1167602539062,376.42476654052734
354.2942684677234,Move,869.2883605957031,363.78345108032227
375.3965998635306,Move,899.9263000488281,342.3253755569458
397.0731719397053,Released,899.9263000488281,342.3253755569458