resolution:1536,864
0,Pressed,766.7227935791016,430.3270483016968
6.3359365915573225,Move,766.7227935791016,430.3270483016968
25.358285196827715,Move,766.2250671386719,428.6105031967163
43.31490875508568,Move,765.8631591796875,427.35898876190186
58.80653747881691,Move,765.544189453125,426.1223831176758
74.78571652943504,Move,765.2862854003906,425.2150068283081
94.25751467463961,Move,765.1912078857422,424.9061965942383
113.24165164851901,Move,765.1917572021484,424.4827766418457
119.51487721353746,Move,765.2153778076172,424.1642589569092
128.9021928403232,Move,765.3477630615234,424.1840600967407
136.42788402461184,Move,765.462890625,424.38500690460205
149.77283463496417,Move,765.3922119140625,424.45728492736816
167.29390621423107,Move,765.1712493896484,424.34337043762207
174.7828244108366,Move,765.0312194824219,424.44325160980225
196.7167430095808,Move,764.9346313476562,424.5548486709595
205.41894586801982,Move,765.0716400146484,424.65166568756104
226.9955149950366,Move,765.0594635009766,424.5733880996704
237.11724320738355,Move,765.0390930175781,424.5065174102783
258.4483575119934,Move,764.9214019775391,424.42545890808105
277.2934203783514,Move,764.6803436279297,424.0307493209839
299.199950382127,Move,764.6451416015625,424.2491283416748
315.33361840386567,Move,764.7354125976562,424.3770503997803
333.8780515768518,Move,764.8498077392578,424.41358852386475
353.3282456565405,Move,764.855712890625,424.3150463104248
372.92552154271533,Move,764.8580932617188,424.1885919570923
385.51163072982234,Move,764.8365783691406,424.12643337249756
407.9470480390931,Released,764.8365783691406,424.12643337249756