resolution:1536,864
0,Pressed,780.315673828125,437.420259475708
20.535323830891315,Move,780.315673828125,437.420259475708
28.6244203974435,Move,786.4324951171875,452.78743743896484
47.98270444466657,Move,797.1390380859375,464.48339653015137
53.42745973123273,Move,811.1379089355469,467.9127788543701
62.85191078078745,Move,833.6466979980469,465.7093162536621
82.70224669685886,Move,864.5183715820312,450.8609848022461
95.24078763376184,Move,909.0965881347656,425.6208143234253
117.52783324958233,Move,971.9836120605469,387.90546226501465
137.78236951588548,Move,1049.3717651367188,343.75888538360596
147.03694918966474,Move,1145.1773986816406,281.088303565979
155.4994228528731,Move,1256.9635620117188,198.27830171585083
174.116591410688,Move,1378.3562622070312,102.63628578186035
179.64288091633284,Move,1480.5240783691406,27.08456039428711
190.51376889031894,Move,1529.9613647460938,1.4631481692194939
201.60032730900576,Move,1535.9415893554688,0.0031153626550803892
218.16907041851277,Move,1536,8.930261530259997e-09
237.52823080052917,Move,1536,3.9453890057707906e-17
242.64687986015605,Move,1536,1.068398901094012e-28
264.48635871708194,Move,1536,0
280.41392215206827,Move,1536,0
298.7080347866616,Move,1536,0
311.25675147943997,Move,1536,0
325.0948674712344,Move,1536,0
340.7531816894122,Move,1536,0
354.13279901956986,Move,1536,0
371.9845491626337,Released,1536,0