resolution:1536,864
0,Pressed,754.1815338134766,197.69437408447266
7.603097294662497,Move,754.1815338134766,197.69437408447266
27.164297355060175,Move,658.9400024414062,69.62379455566406
34.1808203764384,Move,519.6677398681641,18.2200146317482
47.196774102436606,Move,356.0181198120117,3.79200679063797
65.22746884826293,Move,194.80799102783203,0.4424684811383486
86.67671558537752,Move,80.25117874145508,0.014559842005837709
105.65375937317198,Move,17.690804958343506,3.069636704822187e-05
112.4226943250024,Move,0.8017914891242981,9.418903469671225e-10
122.23176745948132,Move,0.003605022677220404,7.911335228201841e-17
130.30788852221198,Move,3.035127562611706e-07,1.39046161370428e-27
147.21145880227786,Move,9.77389393377881e-13,0
153.93771883737912,Move,1.119159541079044e-21,0
171.26652280609963,Move,0,0
185.16989521824092,Move,0,0
195.27033892374695,Move,0,0
203.41257546757183,Move,0,0
213.75471710160568,Move,0,0
221.83847267087947,Move,0,0
233.03819727001147,Move,0,0
245.19294213541622,Move,0,0
258.04740078574525,Move,0,0
266.9959670299603,Move,0,0
277.0892405352064,Move,0,0
293.74334904366043,Move,0,0
309.6957347252427,Move,0,0
323.5436989552653,Released,0,0