resolution:1536,864
0,Pressed,772.137451171875,404.1989164352417
7.886743692686397,Move,772.137451171875,404.1989164352417
28.22066451774054,Move,806.5472717285156,393.9480285644531
33.85701450144469,Move,805.4965209960938,382.65648651123047
41.7669893040845,Move,786.4461364746094,374.69184494018555
49.68618453217229,Move,754.1340637207031,378.7656784057617
55.99106510890395,Move,729.4644927978516,386.0495882034302
75.97400682741761,Move,715.8929443359375,394.89420890808105
94.7320698701214,Move,713.5295104980469,402.53672790527344
100.18776022093756,Move,713.0237274169922,405.5909185409546
110.72457765012443,Move,714.7505035400391,405.6910057067871
127.50564166708732,Move,719.9836120605469,404.25298976898193
136.0048542643336,Move,722.2445526123047,403.8196048736572
143.56974126649888,Move,726.7580108642578,403.5235404968262
158.8756060778576,Move,726.718505859375,403.10771656036377
164.8062486877205,Move,725.8780517578125,403.81625747680664
180.45834571024034,Move,724.8061065673828,404.2255153656006
203.0815087789345,Move,721.1357574462891,405.42988300323486
210.49493728625922,Move,720.4501190185547,405.90011501312256
229.01339588272668,Move,716.6139221191406,405.6761999130249
248.39190763886066,Move,718.0161437988281,403.7226848602295
260.02598618870013,Move,722.5068969726562,401.3826742172241
271.50736731924815,Move,723.9971923828125,400.09675884246826
290.14035389148853,Move,727.4872283935547,398.9987096786499
305.6131221534624,Move,733.4886474609375,396.2747526168823
322.2996352178,Move,739.2027740478516,395.2829189300537
343.87176732906835,Move,744.2262268066406,394.31951236724854
362.69510472325436,Move,740.7827911376953,394.6073884963989
368.74153528013784,Move,738.2544250488281,394.0743284225464
386.34355873554836,Move,739.6457977294922,392.78794956207275
391.3495231465251,Move,745.0859069824219,391.8057460784912
400.4009964453192,Move,751.2992248535156,391.62400817871094
418.5981268718189,Move,754.2333068847656,391.73462677001953
423.7840630404286,Move,747.8154602050781,393.969838142395
437.8248716830907,Move,742.7559356689453,395.3076639175415
457.5810291552545,Move,738.0276947021484,397.0827884674072
473.0939961260943,Move,740.23388671875,396.4111204147339
495.3007109776544,Move,743.0616760253906,396.2432098388672
503.77771797125666,Move,739.4439239501953,396.72984409332275
509.48715737367337,Move,735.6209106445312,396.1529846191406
524.8919662716685,Move,732.180908203125,394.84654712677
546.4246110755314,Move,732.6943817138672,393.08666610717773
565.537762304796,Move,738.1653442382812,391.82716941833496
579.2264179595719,Move,738.2899475097656,392.5314874649048
585.1685049625682,Move,736.6005249023438,393.59874057769775
594.2469042026314,Move,737.0213470458984,394.38017749786377
611.285445255809,Move,734.6358489990234,395.80495834350586
629.265533918932,Move,733.6730804443359,396.9047327041626
642.2574978529351,Move,732.4503021240234,398.957407951355
653.5616182838164,Move,729.1548614501953,400.44089698791504
659.4917280259509,Move,729.2931518554688,399.43894386291504
667.7770657155394,Released,729.2931518554688,399.43894386291504