resolution:1536,864
0,Pressed,771.4931030273438,401.43200969696045
10.66520972405812,Move,771.4931030273438,401.43200969696045
29.46731822914327,Move,782.6351623535156,393.314829826355
49.66679020709354,Move,780.577880859375,383.9495086669922
68.89728315866715,Move,766.6058349609375,379.25547981262207
74.75497631705883,Move,746.7795867919922,381.5765905380249
94.72136351641949,Move,729.9292144775391,391.1219244003296
110.41485198285308,Move,722.724609375,396.67386531829834
128.62193441951837,Move,717.8142242431641,403.423376083374
139.6181311341625,Move,717.7879028320312,412.136212348938
157.67655208667202,Move,721.1770935058594,415.43605041503906
174.24307462452535,Move,723.2924194335938,416.5086078643799
180.45525277999624,Move,727.2454833984375,416.2717409133911
192.73628659440715,Move,730.4534454345703,415.45492458343506
212.25754029838768,Move,731.2330169677734,414.28786754608154
224.20369007419407,Move,733.3081512451172,412.46199131011963
238.8819881172223,Move,734.0397033691406,410.3322229385376
250.8304346883358,Move,732.5610809326172,409.56754875183105
270.30334514358844,Move,729.3323364257812,410.5640172958374
277.6013764895383,Move,725.1052093505859,413.2469816207886
290.8754801784584,Move,726.4440765380859,414.15945625305176
311.5250253251077,Move,735.2136383056641,416.10661125183105
331.60896086089645,Move,737.8497619628906,414.22699642181396
339.3546296129859,Move,735.7789306640625,413.66064262390137
359.89144800623177,Move,737.0462951660156,414.5042381286621
377.0861033499148,Move,735.6172943115234,413.7393579483032
391.9238204727958,Move,736.8694152832031,415.6226291656494
405.71846231031236,Move,741.1962432861328,417.1598310470581
419.5810594685462,Move,746.4028472900391,418.3849267959595
436.4249474279256,Move,749.1826629638672,416.09450912475586
454.18091384410593,Move,755.9422302246094,419.1000852584839
476.71302552444763,Move,756.2998352050781,418.33093070983887
485.6774944659826,Move,753.8957977294922,420.18901920318604
497.0898449534491,Move,751.7158813476562,420.1165351867676
516.597460842971,Move,747.5285797119141,418.6465902328491
525.655665276964,Move,748.9109802246094,420.0928201675415
533.5719282979056,Move,757.2650756835938,422.94109439849854
554.3097950259677,Move,769.0731811523438,425.9740676879883
562.280304201933,Move,782.8118591308594,431.2813138961792
582.7102643726375,Move,799.137451171875,439.8247718811035
599.3387283221381,Move,811.67724609375,441.9645824432373
608.0064889120498,Move,825.8849487304688,451.5096073150635
619.6783931310418,Move,843.996826171875,462.1055603027344
634.5145948946821,Move,864.90087890625,469.35190200805664
644.0494912041722,Move,878.0100402832031,473.905237197876
656.2520104173761,Move,878.9292297363281,475.55035400390625
674.3157521228244,Move,866.4247741699219,467.7008113861084
681.5046920930811,Move,867.3924865722656,474.15258407592773
693.6578532495589,Move,863.6993408203125,467.6557502746582
712.4075251705074,Move,849.8563842773438,460.8493595123291
731.7897184928197,Move,832.8789367675781,450.2951717376709
741.4058915182322,Released,832.8789367675781,450.2951717376709