resolution:1536,864
0,Pressed,766.2974395751953,405.6452236175537
5.841935286936891,Move,766.2974395751953,405.6452236175537
27.076044283100565,Move,775.1561279296875,402.34587478637695
48.68075972973072,Move,773.0570068359375,397.71580696105957
64.94000524200096,Move,753.5869445800781,396.7330369949341
84.08921738570045,Move,733.3405609130859,399.1537456512451
105.09959043018677,Move,717.2099304199219,403.30480098724365
120.93000316109578,Move,709.1494903564453,406.26930713653564
127.26978093076951,Move,708.3197021484375,404.76895236968994
148.12876555432135,Move,715.5860137939453,402.9177646636963
156.87789348506624,Move,721.8979339599609,400.76235008239746
163.9923973945374,Move,727.5184478759766,397.93876934051514
179.775844758418,Move,729.7075653076172,397.4291925430298
192.6714330302395,Move,728.5841674804688,397.7079792022705
206.5218957419237,Move,728.6623992919922,397.6211528778076
215.45013957041408,Move,728.5046539306641,398.21449184417725
228.5466730304806,Move,730.2526245117188,398.7405481338501
234.54534653751466,Move,730.7285614013672,401.02205657958984
252.15558117237458,Move,729.7505493164062,402.94117069244385
262.1843125820598,Move,727.2440643310547,403.54156494140625
282.8597501871813,Move,728.1311645507812,403.6562261581421
302.181642893612,Move,725.3182525634766,405.2848377227783
324.5974802119969,Move,724.1884002685547,406.02726459503174
341.0078477857289,Move,722.3295135498047,404.2378234863281
357.6134742001715,Move,724.5877532958984,401.63053607940674
372.97285403836474,Move,730.11474609375,398.9898262023926
394.7926626511198,Move,735.3847503662109,396.63426303863525
404.50602575597526,Move,738.4983215332031,396.1738157272339
412.6960958763438,Move,740.7611389160156,395.023907661438
430.9520530430978,Move,744.5847930908203,393.79464054107666
446.66111329071055,Move,746.3031005859375,392.84032344818115
467.8107706037922,Move,742.2547760009766,393.1293067932129
484.62208742344063,Move,737.9874572753906,393.63133907318115
493.00544538223755,Move,734.3003540039062,394.6673069000244
512.1003192459286,Move,728.7198944091797,396.7506494522095
525.0849533760298,Move,726.9485778808594,396.8244466781616
532.4909487267724,Move,724.7615203857422,397.9232425689697
543.8544654047295,Move,723.7018890380859,398.26032543182373
558.0389779604986,Move,727.0688781738281,398.1758165359497
573.9222716933125,Move,728.9347686767578,398.03447914123535
582.5255061801402,Move,729.6864166259766,398.05742168426514
595.3072495613341,Move,727.7904968261719,398.6299295425415
617.0597714700045,Move,727.8193359375,400.3088550567627
630.3684251892969,Move,725.5396270751953,400.74700355529785
644.86457251012,Move,725.2294464111328,399.65294551849365
657.4443898252496,Move,731.7434692382812,397.9128141403198
671.1795706885775,Move,732.3362274169922,395.2789535522461
683.0721349672023,Move,735.4014129638672,392.41108417510986
700.5033210855363,Move,740.3448028564453,390.3232612609863
706.5512633668992,Move,743.2098999023438,389.905686378479
719.1016050288873,Move,738.8207244873047,391.8434429168701
727.7691734731695,Released,738.8207244873047,391.8434429168701