resolution:1536,864
0,Pressed,702.6952972412109,473.391695022583
10.6815897599787,Move,702.6952972412109,473.391695022583
21.287767334542878,Move,677.4786529541016,492.5585289001465
31.55786402402044,Move,676.5894470214844,495.09837913513184
38.36427684648806,Move,690.0961303710938,485.63183784484863
43.620955827052164,Move,711.251220703125,468.14560317993164
60.49996180240252,Move,733.6226348876953,445.4204864501953
65.98019058171714,Move,751.1861114501953,430.948299407959
85.01458170100454,Move,763.1438140869141,419.99427795410156
97.21491375788405,Move,771.0120849609375,407.76551628112793
109.3183214150578,Move,778.497802734375,399.6779737472534
115.16434599417849,Move,785.771484375,389.50420475006104
125.4395592435553,Move,792.5502319335938,381.839412689209
136.19298056064295,Move,798.1187438964844,374.98206424713135
158.34431101691575,Move,803.5797729492188,367.56366634368896
174.2105016389649,Move,808.0029602050781,359.9611873626709
194.43084860499843,Move,812.4469299316406,356.0979051589966
209.69489360523391,Move,815.3231506347656,354.62492179870605
222.4367739520109,Move,816.0157470703125,350.6258382797241
241.3091485873964,Move,817.9734191894531,346.0317163467407
261.7777971330227,Move,819.7203369140625,344.6954870223999
274.7112128201225,Move,821.2108154296875,341.08717346191406
297.66582906325146,Move,823.4642028808594,337.71325492858887
315.311533301116,Move,824.3859558105469,334.45546531677246
335.4203081559708,Move,825.0784606933594,334.18831729888916
353.1437219013584,Move,825.3684997558594,332.5998487472534
361.284581757181,Released,825.3684997558594,332.5998487472534