resolution:1536,864
0,Pressed,756.8398590087891,203.6941065788269
19.59102839052201,Move,756.8398590087891,203.6941065788269
39.88208947967345,Move,674.8699951171875,85.10094094276428
45.50659979051584,Move,570.0110778808594,31.722742438316345
58.94123020463045,Move,446.6788330078125,10.617348968982697
65.2948031795076,Move,317.5550537109375,2.792776443064213
75.05567709961798,Move,191.73908615112305,0.39043524395674467
84.24383004803573,Move,91.32292556762695,0.014972769131418318
91.98535788954737,Move,27.981053352355957,4.432029220424738e-05
114.888278445471,Move,2.416317343711853,2.1486227796962964e-09
133.6754483307794,Move,0.040675096213817596,3.3132844091929835e-16
148.2646353917611,Move,1.6973461697489256e-05,1.7733248600501295e-26
156.65889308639711,Move,2.868993168037015e-10,0
178.62976167696752,Move,7.904617136100384e-18,0
192.95995492171247,Move,2.0021055988431206e-30,0
214.2546248248314,Move,0,0
230.7403934934303,Move,0,0
249.03414969160445,Move,0,0
264.65110836618896,Move,0,0
282.57481527173894,Move,0,0
300.902251254917,Move,0,0
312.2805399907199,Move,0,0
330.50482797701613,Move,0,0
340.0626807080829,Move,0,0
351.9784983983002,Move,0,0
365.7409673507268,Move,0,0
371.892472927108,Released,0,0