resolution:1536,864
0,Pressed,795.5298156738281,224.7343626022339
16.675007880241758,Move,795.5298156738281,224.7343626022339
33.208793490994026,Move,744.2525482177734,117.87652015686035
52.354326504195626,Move,672.8373413085938,60.563942670822144
69.9308085312326,Move,592.3011016845703,31.658156991004944
91.7714003321915,Move,512.7880096435547,16.553949236869812
105.88906055397908,Move,436.99708557128906,8.17240709066391
117.96950037769071,Move,377.07584381103516,3.1831816881895065
136.46073965807145,Move,334.4966354370117,0.8236331306397915
156.02044504934466,Move,310.16072845458984,0.09325473080389202
178.4100089448809,Move,307.76488494873047,0.001814350558561273
194.09889957541455,Move,304.40499114990234,2.684652692153122e-06
201.47173237238863,Move,191.82696533203125,2.948914842784006e-11
221.6171915523916,Move,38.22833061218262,6.321851956996011e-19
244.26358258057732,Move,2.2611077427864075,3.6390808351456875e-30
256.85029588210114,Move,0.034993624314665794,0
279.4913577279138,Move,1.871394772479107e-07,0
289.2448288403907,Move,1.2856096414158492e-20,0
307.0423107832093,Move,0,0
317.1190625358529,Move,0,0
333.2445243632957,Move,0,0
341.14021671847087,Move,0,0
357.19942482293396,Move,0,0
368.1183959222367,Move,0,0
379.844821938991,Move,0,0
388.1123192741128,Move,0,0
407.19605259843877,Released,0,0