resolution:1536,864
0,Pressed,743.7186584472656,273.13324069976807
6.280345747119023,Move,743.7186584472656,273.13324069976807
23.946124268239913,Move,665.2168579101562,178.29127836227417
40.38338302871622,Move,577.8661193847656,110.828782081604
49.440803316704574,Move,484.87669372558594,67.62238597869873
57.12530810018041,Move,403.738037109375,41.472541093826294
63.22488460102535,Move,337.7625045776367,24.839073479175568
76.48720142992593,Move,298.17608642578125,13.356216430664062
97.47148438811111,Move,274.3385467529297,6.078916937112808
107.64273711016416,Move,269.23876190185547,2.065859243273735
126.07742296650204,Move,307.9837417602539,0.402055780403316
132.3194223487978,Move,431.74681091308594,0.022159387764986604
139.81529360300993,Move,780.3725280761719,0.00020565726708809962
156.3459173014688,Move,1303.2046508789062,5.601342789596231e-08
172.9181880712302,Move,1512.5631408691406,8.134499543681513e-14
194.18764802334562,Move,1534.8915710449219,3.1768548961953304e-21
216.4794591299688,Move,1535.9102783203125,9.382496576620424e-28
223.6709836030267,Move,1535.9990844726562,0
229.88775462193294,Move,1536,0
241.27919834240365,Move,1535.9996337890625,0
250.19022581377067,Move,0.9374593198299408,0
260.9643858116454,Move,3.557150637555927e-20,0
274.5867136191869,Move,0,0
294.4609588761959,Move,0,0
304.09956423463393,Move,0,0
326.83240489590776,Move,0,0
336.42505691088826,Released,0,0