resolution:1536,864
0,Pressed,772.0767517089844,405.20053482055664
14.396551460172413,Move,772.0767517089844,405.20053482055664
27.40181685093664,Move,786.0613403320312,399.73732566833496
47.30725126339918,Move,782.2940368652344,392.3558521270752
56.29247827336499,Move,759.0214233398438,391.7622814178467
62.43911481949945,Move,736.0918121337891,396.0196809768677
81.52941267411411,Move,723.7630462646484,400.67833042144775
96.85206789098024,Move,718.1397857666016,404.87766551971436
109.02991239760884,Move,720.5568237304688,406.8014144897461
128.14455109418188,Move,721.6706085205078,404.0424642562866
145.22601990546187,Move,725.3257598876953,401.35056495666504
154.15183086797035,Move,724.7454528808594,402.9657096862793
168.63554133153826,Move,725.2349853515625,402.1393404006958
188.87509142596792,Move,726.2379455566406,401.02764415740967
197.35288080583015,Move,727.6201629638672,400.60636138916016
205.23335195391223,Move,731.7564239501953,399.51830291748047
224.24848415529254,Move,731.1123504638672,399.7683277130127
237.24942585734343,Move,734.2630920410156,398.8838167190552
245.7326271491617,Move,737.1697540283203,398.1695337295532
262.2440386276025,Move,739.2010803222656,397.6509962081909
268.3176387510723,Move,736.9041595458984,397.15339279174805
273.59185889000076,Move,730.2567901611328,398.95434379577637
279.420856991801,Move,727.5624847412109,398.36772537231445
288.4595930247434,Move,719.3670043945312,401.6288366317749
297.4933515526542,Move,718.3007354736328,399.6482334136963
317.23633035616496,Move,717.5775146484375,399.2888517379761
332.3597177178174,Move,720.2487030029297,396.8473119735718
343.83366363388296,Move,729.5845184326172,392.8089351654053
362.42280365580643,Move,738.6964416503906,390.92463397979736
372.38730414331445,Move,738.8948364257812,390.5744962692261
377.6037683161565,Move,739.6637878417969,389.1336479187012
386.82303129168463,Move,740.9784851074219,389.44987392425537
400.58021011202595,Move,738.7541198730469,391.3844118118286
406.4769365590134,Move,734.2716979980469,394.02156829833984
418.7326806216439,Move,734.9771118164062,393.6749324798584
438.5201413028681,Move,734.71728515625,393.8462162017822
461.3319170479118,Move,738.5200653076172,393.17127799987793
474.8714949967119,Move,747.0164794921875,392.3493118286133
483.3926328641891,Move,748.7887573242188,392.4946403503418
496.091958143847,Move,744.6237945556641,392.67120265960693
504.595490540651,Move,741.8661346435547,392.4512014389038
517.6326054227436,Move,735.548583984375,397.76823234558105
533.7662576998157,Move,732.2837677001953,401.12124252319336
546.7993216433562,Move,730.8516082763672,401.72977352142334
560.1129887393944,Move,728.9308776855469,402.0296745300293
572.2033709919765,Move,732.3197479248047,400.78498363494873
584.348557864728,Move,731.2429962158203,399.5569267272949
594.0794673591143,Move,732.929443359375,398.2373571395874
615.1169522521652,Move,733.9625244140625,397.1288537979126
634.6034686028664,Move,731.8216094970703,396.79486083984375
653.4947649981625,Move,727.0162811279297,397.66217136383057
673.0591346147551,Released,727.0162811279297,397.66217136383057