resolution:1536,864
0,Pressed,773.5567932128906,436.5277404785156
22.364707352705913,Move,773.5567932128906,436.5277404785156
39.84989556019086,Move,776.3640747070312,439.1088409423828
59.635041708100374,Move,778.1814880371094,440.71533393859863
71.20782968073178,Move,779.50341796875,441.71208572387695
82.95590875465736,Move,780.507568359375,442.4787425994873
104.86599081073246,Move,780.7562255859375,442.49105072021484
126.06926112688885,Move,781.0014953613281,442.5498104095459
147.96478082538476,Move,781.5778198242188,443.2268600463867
163.8181246598134,Move,782.0384216308594,443.78376388549805
184.19596725779655,Move,782.0406188964844,443.9827537536621
205.43176447156796,Move,781.8513793945312,443.8678092956543
224.67663450091243,Move,781.8813171386719,443.93712615966797
230.48554969841388,Move,782.1581726074219,444.2309761047363
248.37753510637629,Move,781.9104309082031,443.8711566925049
265.6196784760325,Move,781.8497314453125,443.73030853271484
279.2879246611101,Move,781.7053527832031,443.5832805633545
296.5271845862741,Move,781.500732421875,443.3276424407959
312.0159943384417,Move,781.4686889648438,443.39407539367676
321.22116809539887,Move,781.7499389648438,443.56402015686035
340.8605947915471,Move,781.9524536132812,443.6121196746826
346.709662550689,Move,782.120361328125,443.67494773864746
358.4954152344203,Move,782.1299743652344,443.7748546600342
377.69075839464466,Move,782.0890502929688,443.64023780822754
392.904366481611,Move,781.8639221191406,443.4931583404541
403.82868943830243,Move,781.9245300292969,443.53837394714355
417.4395060134373,Move,781.5877075195312,443.46952056884766
431.18937596825384,Move,781.7460021972656,443.72114181518555
449.20576280292124,Move,781.675048828125,443.7531223297119
466.91333620500495,Move,781.6724853515625,443.5271987915039
472.0320645626441,Move,781.9615173339844,443.8278980255127
480.70727864773045,Move,782.1039733886719,443.9464473724365
502.11983369934734,Move,781.9247131347656,443.7347888946533
523.2254634783324,Move,781.9293823242188,443.6608371734619
532.0965412251129,Move,782.1539611816406,443.7293815612793
548.7799759702465,Move,782.4194641113281,444.05031967163086
556.1706589131165,Move,782.7056579589844,444.5107669830322
567.774845129997,Move,782.8787841796875,444.7316951751709
574.4994693866848,Move,783.0624389648438,444.92342376708984
580.503735468571,Move,783.0683898925781,444.94937896728516
591.4974173764667,Move,782.9295959472656,444.6858100891113
607.3259251359768,Move,782.7442016601562,444.5296154022217
627.9395574602344,Move,782.3865966796875,444.2886028289795
636.3982818765785,Move,782.2444152832031,444.06499671936035
643.2609606791677,Move,782.0719299316406,443.82470512390137
665.9512058589199,Move,781.7469177246094,443.63616943359375
680.703927724644,Move,781.7837219238281,443.6276206970215
692.6503890067984,Move,781.6614990234375,443.51015281677246
706.9425045035347,Move,781.6929931640625,443.54419326782227
716.7596581934729,Move,781.5560302734375,443.5598487854004
735.6453597488306,Move,781.3682556152344,443.3876895904541
753.8431069534092,Released,781.3682556152344,443.3876895904541