resolution:1536,864
0,Pressed,771.4558410644531,434.9773292541504
5.1971342770273985,Move,771.4558410644531,434.9773292541504
18.32957793991237,Move,772.6938171386719,436.6249694824219
40.122302617960024,Move,773.5223693847656,437.5485420227051
50.624085700183045,Move,774.0437622070312,438.12321281433105
73.34157582268162,Move,774.3797607421875,438.5056915283203
85.50816165019535,Move,774.5605773925781,438.7132816314697
95.62901186186765,Move,774.6866455078125,438.971134185791
111.92684487090057,Move,774.847412109375,439.0378761291504
117.31753738345984,Move,774.7153015136719,438.8332214355469
132.04689250862637,Move,774.5685424804688,438.5679531097412
153.41995319215278,Move,774.4193115234375,438.4621238708496
167.22117881662896,Move,774.3143005371094,438.4401340484619
184.83329129168686,Move,774.19775390625,438.35135078430176
193.04341408758384,Move,774.3750915527344,438.52124404907227
211.01041193815556,Move,774.6478271484375,438.9331283569336
228.0814762364956,Move,774.8612365722656,439.0934944152832
250.64286744835013,Move,774.8362426757812,439.0630073547363
267.6392870729668,Move,774.9058227539062,439.0510597229004
277.7601752179674,Move,774.6935119628906,438.9052677154541
289.3503308385036,Move,774.7203369140625,438.90063285827637
310.531250388028,Move,774.5667114257812,438.80252838134766
322.0396606452681,Move,774.5380554199219,438.80299186706543
327.76177357319415,Move,774.5827331542969,438.64978408813477
337.94490785716073,Move,774.5331115722656,438.614559173584
346.73305342887676,Move,774.3620910644531,438.49343490600586
360.6698341333165,Move,774.3595275878906,438.5104293823242
375.8995298937293,Move,774.4714050292969,438.60961532592773
386.06647865417483,Move,774.6673278808594,438.77281379699707
392.19839828597355,Move,774.7855224609375,438.7910442352295
411.1975672966445,Move,774.6065368652344,438.67517280578613
428.59310456246186,Move,774.4363403320312,438.5990581512451
441.16935470748507,Move,774.4208679199219,438.5826816558838
454.6138068866835,Move,774.4747924804688,438.5801067352295
467.374930700624,Move,774.409423828125,438.5874195098877
488.8907204804144,Move,774.3349914550781,438.5706310272217
508.66631484052203,Move,774.4200439453125,438.6160011291504
519.9978719268272,Move,774.586669921875,438.62491035461426
539.4564484664869,Move,774.736083984375,438.755407333374
560.1186271574492,Move,774.7330627441406,438.77832412719727
582.5859469524544,Move,774.5334777832031,438.6712589263916
590.6857179922731,Move,774.4834899902344,438.6576633453369
603.8848853052593,Move,774.4120788574219,438.6793441772461
625.1503602571115,Move,774.517822265625,438.77770614624023
642.3037916025777,Move,774.5774230957031,438.9070701599121
653.0218634206617,Move,774.573486328125,438.9515132904053
673.9538745615766,Move,774.6748352050781,438.99518394470215
687.806704608251,Move,774.8331298828125,439.09076499938965
704.2183226805449,Move,774.9430847167969,439.1316032409668
716.5371515423479,Move,774.9339294433594,439.04137802124023
728.3098114648016,Move,774.9775085449219,439.02330207824707
739.6080306168349,Released,774.9775085449219,439.02330207824707