resolution:1536,864
0,Pressed,724.0610961914062,298.67058277130127
16.570239333070674,Move,724.0610961914062,298.67058277130127
38.087999295590215,Move,637.204833984375,208.6701536178589
45.031919165521245,Move,546.3456573486328,144.1268448829651
51.368228183288466,Move,453.6295623779297,97.16820359230042
72.40790705234517,Move,376.16734313964844,65.46813654899597
79.98158226541527,Move,314.6406784057617,43.56368887424469
87.33374382766434,Move,264.9705047607422,27.67022931575775
92.79401657254014,Move,231.12938690185547,15.796586215496063
98.8321964546432,Move,209.76406860351562,7.559946119785309
110.35946480780487,Move,200.59263610839844,2.7217331752181053
117.38188569882952,Move,215.94554901123047,0.5619716048240662
137.21816246506546,Move,277.50347900390625,0.03277902596164495
155.0077837253517,Move,460.43865966796875,0.00029595009527838556
166.09774464933096,Move,828.5852966308594,7.286067749134872e-08
181.7775298155231,Move,1278.347900390625,1.1325006941752909e-13
199.64380439980522,Move,1497.8152770996094,5.68229592499947e-21
213.8889741589904,Move,1524.8993225097656,3.253182687780004e-27
230.56686681734865,Move,1535.3605041503906,0
239.60589978787084,Move,1535.9848022460938,0
255.45044630955883,Move,1409.7021789550781,0
262.9163139235102,Move,4.5357755051878e-10,0
274.51834103745296,Move,5.516265643360899e-34,0
292.2181344655123,Move,0,0
313.18381362039736,Move,0,0
327.0599020749703,Move,0,0
340.56220815257706,Released,0,0