resolution:1536,864
0,Pressed,746.9202575683594,410.9860210418701
6.901392961088891,Move,746.9202575683594,410.9860210418701
13.283797730080524,Move,733.9024200439453,406.28555488586426
25.94651635229784,Move,726.4994201660156,404.8105888366699
37.482242212264325,Move,721.5971374511719,406.3748016357422
58.669296618410954,Move,718.6717987060547,408.6595287322998
68.85349988317529,Move,717.1575164794922,411.28571605682373
90.10855895703918,Move,716.3669128417969,414.83068656921387
104.23257106827538,Move,716.6577758789062,418.00319480895996
112.5801789337234,Move,717.0968170166016,421.57144260406494
126.76865829949341,Move,717.5058746337891,425.35155487060547
148.5917139299853,Move,716.2765960693359,430.8722620010376
169.56221342513612,Move,715.6033630371094,435.99586486816406
190.73177943062024,Move,714.1011657714844,442.41081619262695
206.75945836976348,Move,711.3281707763672,450.10792350769043
214.7777193230507,Move,707.9908905029297,460.1452217102051
225.07641096865555,Move,701.9826049804688,473.1426486968994
247.39557977008494,Move,692.8336486816406,491.91778564453125
263.1613194851764,Move,673.8360443115234,523.8006591796875
285.0005903361328,Move,640.0951080322266,582.5024642944336
296.76002796714664,Move,613.710205078125,672.8763599395752
302.948363365303,Move,703.4163208007812,774.276683807373
323.11734194348077,Move,1150.4792175292969,806.7626037597656
333.4587693715736,Move,1524.1484069824219,862.2816524505615
342.85860685940065,Move,1535.9994506835938,863.9998970031738
364.0738770347207,Move,1536,864
372.2367598328109,Released,1536,864