resolution:1536,864
0,Pressed,621.1667633056641,333.8155460357666
6.314361427173789,Move,621.1667633056641,333.8155460357666
20.284832983044833,Move,539.3783111572266,278.9478750228882
32.292256200412886,Move,516.2833099365234,265.98863410949707
50.17373616301157,Move,523.9973602294922,277.276442527771
55.404165913115946,Move,575.8200531005859,323.41840267181396
65.17660218075201,Move,612.0334167480469,352.35368728637695
73.60164704058671,Move,641.4018859863281,372.5138998031616
81.4854148770097,Move,669.9894104003906,389.36824893951416
103.17889327997314,Move,683.0737152099609,392.8739004135132
115.96815454771193,Move,696.3819580078125,398.7025680541992
134.71073900933382,Move,708.3804473876953,404.54555225372314
150.3373675805048,Move,739.7192230224609,426.3064126968384
164.35011359703324,Move,766.2277221679688,443.1521873474121
185.45180993925723,Move,793.6507873535156,457.93346786499023
190.72277370026237,Move,813.6207275390625,469.2627582550049
200.27780942129368,Move,827.7764282226562,475.6992874145508
216.4045499610997,Move,838.2979431152344,482.20801734924316
233.247350914901,Move,864.5330200195312,500.1177234649658
245.1245544327274,Move,905.4517822265625,528.6353302001953
258.6605838586296,Move,950.9232788085938,560.5192852020264
275.18259755364295,Move,975.0492553710938,575.72336769104
282.8509810928194,Move,976.1271057128906,569.027286529541
290.1489377285018,Move,957.2111206054688,556.1048927307129
300.73894262928695,Move,923.6326904296875,534.527624130249
316.9824772909013,Move,894.9237670898438,512.1675281524658
329.49437045702683,Move,865.84423828125,492.23486137390137
350.9026733452465,Move,866.3061218261719,499.5553607940674
367.054321923931,Move,834.1722106933594,477.0317573547363
379.7319927482512,Move,813.5807189941406,464.8118019104004
397.0813218958769,Move,794.1573486328125,455.49115562438965
417.16312252254806,Move,791.2357177734375,450.1725540161133
433.27745183819457,Move,792.0282897949219,450.1871280670166
444.48456518295836,Move,798.5802612304688,457.2770690917969
456.4690945834843,Move,810.2646789550781,463.60462760925293
469.2510673882021,Move,827.8739318847656,477.003999710083
476.17654704464314,Move,845.8414306640625,490.0619888305664
482.6342534602012,Move,863.1947937011719,502.2294158935547
496.9164533173424,Move,863.6402893066406,498.23241806030273
504.8306917116716,Move,880.4408569335938,509.48569679260254
512.0346765532383,Move,897.5419006347656,520.1087894439697
524.3952423318611,Move,870.2665100097656,496.42260932922363
535.891674077649,Move,862.4727172851562,493.0556945800781
548.4585614946451,Move,816.36474609375,464.85449409484863
558.521611115924,Move,792.4495239257812,452.28831481933594
568.1073012930382,Move,767.8037567138672,437.8337917327881
586.4582025822274,Move,770.7431030273438,441.5829277038574
594.1787906064121,Move,806.2685852050781,464.60683822631836
613.8339773940585,Move,790.7677917480469,456.84031105041504
625.1288335152691,Move,778.5966796875,447.8023910522461
641.0986696632754,Move,785.8002319335938,452.8190059661865
662.5358683591369,Released,785.8002319335938,452.8190059661865