resolution:1536,864
0,Pressed,775.0162353515625,437.70581817626953
14.117945794993272,Move,775.0162353515625,437.70581817626953
23.842625551929657,Move,778.7571716308594,440.8010787963867
34.12875151981629,Move,781.4109191894531,442.9441337585449
49.10387051636482,Move,783.0759887695312,444.37264823913574
54.96704880197123,Move,784.1107177734375,445.3494701385498
72.31612749576396,Move,785.1706237792969,446.3590965270996
89.09467637565183,Move,785.8055419921875,446.9307804107666
104.22059170013398,Move,786.3330688476562,447.2289562225342
120.75854148028178,Move,786.2040710449219,446.96173095703125
137.96065357458562,Move,786.3849792480469,447.03501319885254
155.19397560388276,Move,786.1631469726562,446.88705825805664
168.24451420707027,Move,785.9683227539062,446.70866775512695
188.8918625333934,Move,786.3056030273438,446.96693229675293
210.34130445046836,Move,786.4227905273438,446.9947929382324
232.73101616362808,Move,786.3739013671875,446.9826908111572
238.3084495699324,Move,786.1763305664062,446.8220157623291
249.91742489947384,Move,785.9869079589844,446.6276092529297
260.83515247635887,Move,786.1534423828125,446.78370094299316
274.6164481932508,Move,786.5457458496094,447.16602516174316
283.79233847234195,Move,786.4913635253906,447.02620697021484
293.76807501520005,Move,786.1452941894531,446.6308536529541
302.1242310974868,Move,785.9258422851562,446.3796443939209
307.37655089996514,Move,785.8135986328125,446.3031177520752
319.2288869424857,Move,785.4690856933594,446.05309295654297
326.2542399046259,Move,785.3086853027344,446.28638076782227
335.10079723134265,Move,785.1190795898438,446.2155704498291
342.9557001890716,Move,784.9226989746094,445.9714164733887
348.82714300649775,Move,785.0362243652344,446.00185203552246
356.8174535935169,Move,785.4976501464844,446.3053321838379
367.42005755727666,Move,786.1476745605469,447.0000972747803
385.78114649191116,Move,786.4161071777344,447.2699489593506
391.3178648084959,Move,786.7412109375,447.58326530456543
403.8985560421596,Move,786.633544921875,447.55128479003906
411.6566365265845,Move,787.0055236816406,447.8678970336914
419.97656307418004,Move,787.3208312988281,448.1125659942627
427.07355851671355,Move,787.2198486328125,447.811918258667
448.95952421639106,Move,787.1103515625,447.68502616882324
467.84012211322994,Move,787.3049926757812,447.89009284973145
490.30589163920126,Move,787.2244262695312,447.7636127471924
498.3862617571723,Move,786.9490356445312,447.57626152038574
509.90146286903786,Move,787.0615539550781,447.72710037231445
527.5796065194461,Move,787.0843505859375,447.6616973876953
546.1638906057226,Move,786.8205871582031,447.5628719329834
564.0219484983778,Move,786.7024841308594,447.5742530822754
583.0442370701287,Move,787.0116577148438,447.8839645385742
595.8914875378927,Move,786.9862976074219,447.7074794769287
608.7984469643475,Move,786.8222351074219,447.4483394622803
627.7858849618094,Move,786.8279113769531,447.53120040893555
632.9773282914838,Move,786.8420104980469,447.4419536590576
644.0437152671553,Move,786.967529296875,447.5123519897461
662.3472024994544,Released,786.967529296875,447.5123519897461