resolution:1536,864
0,Pressed,746.8199157714844,372.35031509399414
15.569518809008894,Move,746.8199157714844,372.35031509399414
36.87955807753096,Move,743.0600280761719,338.46405029296875
59.09731560445738,Move,723.9862518310547,310.50087547302246
66.04195558873846,Move,703.1855621337891,300.8437385559082
85.7721773091659,Move,687.2376251220703,310.99224758148193
99.03465929592801,Move,682.4200744628906,334.61163425445557
107.14649184036362,Move,682.4868621826172,348.84324645996094
120.67875198096647,Move,688.7127227783203,364.32575511932373
136.0561292426951,Move,695.9896545410156,376.07233715057373
142.9543042452867,Move,703.5793304443359,387.67637157440186
156.214610906971,Move,708.0700836181641,389.63436698913574
164.76472305030086,Move,713.4299468994141,397.5883483886719
179.0092620016227,Move,716.6512298583984,397.9124536514282
199.50939872113884,Move,721.1024322509766,400.1132640838623
217.43762778313808,Move,723.9582366943359,403.1012535095215
229.94926537446656,Move,725.4391479492188,406.21855545043945
248.24535227314334,Move,728.9552307128906,413.8520107269287
268.6419747517032,Move,739.6962432861328,420.1459150314331
276.794170115932,Move,750.1371002197266,428.04865550994873
290.6803431083738,Move,761.0525207519531,435.98901557922363
296.12220689686023,Move,768.32080078125,439.9448661804199
319.03860797736985,Move,770.0796203613281,440.2609119415283
336.9556923904314,Move,763.9722290039062,436.6339302062988
347.0255584258498,Move,760.6025390625,431.8211717605591
364.9168923979261,Move,750.1030883789062,425.1625814437866
374.0792767526214,Move,752.6171264648438,427.39367294311523
379.3591592329418,Move,749.6124114990234,426.1107702255249
392.7519769110163,Move,746.3525390625,421.3188428878784
404.19010136360515,Move,740.7183837890625,413.3660717010498
411.5769814672807,Move,738.0607452392578,414.6417646408081
426.718035431781,Move,734.7548217773438,410.6400032043457
447.74757165401553,Move,733.3237152099609,412.9972400665283
458.6309689900892,Move,735.1539916992188,414.32448291778564
473.7388937401929,Move,746.4440460205078,423.72690868377686
489.3392839269659,Move,750.6404113769531,426.0331106185913
510.2400176228451,Move,763.5931549072266,436.6936683654785
523.4697969677975,Move,769.6134338378906,439.8040180206299
540.5195543056127,Move,771.3030395507812,442.13694763183594
550.9475595676532,Move,776.4363098144531,447.0094699859619
562.2360202461642,Move,777.0771789550781,446.8414306640625
568.5979135906416,Move,776.2105407714844,444.828821182251
584.7979435031258,Move,785.3672790527344,451.38482666015625
599.8213989137506,Move,792.2188110351562,454.73783683776855
607.0084358861646,Move,789.0831298828125,452.67099952697754
614.931323724123,Move,779.1008605957031,441.68278312683105
636.064497126541,Move,775.4678649902344,438.08366203308105
653.6027053796265,Move,764.7097320556641,430.85864067077637
673.4496632787276,Move,764.1534576416016,430.56847286224365
680.2616959218677,Move,755.6412048339844,423.7134418487549
698.7917270325706,Move,756.5211639404297,429.48638820648193
713.3219754611301,Released,756.5211639404297,429.48638820648193