resolution:1536,864
0,Pressed,733.5951690673828,356.8983449935913
17.366346510134562,Move,733.5951690673828,356.8983449935913
32.28281221194008,Move,719.9739532470703,319.29216957092285
49.17433138178531,Move,698.2370910644531,299.42179012298584
66.4636744047985,Move,681.3681335449219,292.6388568878174
78.65950424122849,Move,670.4754180908203,300.4690103530884
89.41306641185741,Move,665.8075561523438,310.25618076324463
96.06432707472754,Move,680.5498352050781,345.3164291381836
111.6963952124275,Move,685.5646362304688,361.28616428375244
127.8083297895625,Move,694.4246520996094,375.38465309143066
139.81131679350617,Move,705.5951843261719,387.94256687164307
158.39693366177983,Move,712.0518035888672,394.68579483032227
181.0615166776857,Move,718.34765625,402.85990619659424
191.49924189590965,Move,722.3155517578125,408.3521089553833
199.97596689695672,Move,733.6242828369141,417.8670845031738
215.06302134333626,Move,743.1956634521484,421.0779848098755
232.25795261581138,Move,751.9356536865234,427.2247838973999
248.342110375064,Move,764.9965209960938,439.2656536102295
254.98101134874412,Move,758.4677581787109,430.84514808654785
266.88462773845123,Move,751.1293487548828,423.3319673538208
289.674909106468,Move,745.2243347167969,418.2289638519287
304.3057845922112,Move,740.876220703125,416.6578760147095
326.9009873649834,Move,742.2190704345703,420.07695865631104
335.24235586295566,Move,741.4505767822266,421.8846559524536
341.7952416245841,Move,744.0375823974609,425.59017276763916
347.50056858660855,Move,736.9786834716797,416.98666763305664
362.9514877508991,Move,737.5753784179688,419.0261335372925
372.2723214939996,Move,745.1326446533203,423.8026371002197
378.50306071915077,Move,752.4336090087891,432.66963386535645
401.0263130310278,Move,761.3386688232422,440.6565227508545
414.97992625031526,Move,758.4175872802734,438.27672958374023
437.6387047010728,Move,761.0399322509766,438.4207706451416
453.9185397703114,Move,772.2360534667969,446.60937881469727
475.9367112097519,Move,771.56689453125,446.2059917449951
488.57329653581246,Move,767.9319763183594,443.72814559936523
507.6932704340957,Move,759.4952545166016,438.41695976257324
514.0975508066283,Move,761.6938018798828,437.5649700164795
523.1693326590314,Move,760.070068359375,435.2705612182617
530.6072505838466,Move,768.1969299316406,440.2378921508789
550.8364565014231,Move,768.5293579101562,439.87194442749023
562.4329066179032,Move,770.2142944335938,440.7224922180176
580.4331804052913,Move,765.4048461914062,438.7577247619629
589.6265501739869,Move,756.0223846435547,433.9848003387451
600.9274415186821,Move,750.5314636230469,431.10204792022705
615.3690576644505,Move,754.1624908447266,435.3589324951172
626.6815746434535,Move,753.6155090332031,429.95208835601807
637.8441696196617,Move,750.463623046875,426.26493072509766
652.4894596311477,Move,742.7071380615234,414.27015209198
658.7495225757565,Move,738.2920532226562,410.92193126678467
670.4997257527174,Move,743.2369995117188,418.7353992462158
692.6826755074136,Move,739.1514129638672,416.7638854980469
703.9660379246064,Released,739.1514129638672,416.7638854980469