resolution:1536,864
0,Pressed,759.03662109375,391.73272132873535
7.542078934955079,Move,759.03662109375,391.73272132873535
16.47702825030904,Move,759.1626434326172,380.60636043548584
34.86308215010841,Move,746.8106689453125,378.2370729446411
45.001703709619946,Move,733.9253082275391,381.78474712371826
62.637862042331335,Move,726.9421234130859,386.88103008270264
78.21948123833005,Move,722.4456481933594,395.22019386291504
89.70392892624187,Move,723.6717681884766,403.01362895965576
99.12250339961777,Move,732.3147583007812,414.57316875457764
112.39380306862523,Move,734.3946533203125,419.3379821777344
127.92543056304473,Move,734.457275390625,420.6594829559326
148.16831943200148,Move,742.9102020263672,425.5749807357788
163.3337078217901,Move,749.4885864257812,428.2619104385376
184.9579795561683,Move,759.6116638183594,433.2553768157959
200.22237799660186,Move,764.0347137451172,435.5900058746338
212.5260469508263,Move,774.7840576171875,440.6846408843994
224.13358419362643,Move,775.0962524414062,438.2282180786133
237.6759320382302,Move,777.9226684570312,441.57988929748535
248.76479497401127,Move,771.26953125,439.27389335632324
264.26519103707693,Move,768.6690673828125,434.0616874694824
271.3786957288579,Move,765.0082397460938,433.0627727508545
280.5448930650375,Move,764.2862548828125,433.91136360168457
301.9379549485235,Move,758.9338073730469,430.4175567626953
317.33847561140885,Move,755.0702362060547,428.16617488861084
337.6720523997454,Move,753.7640075683594,425.9095401763916
342.99858479156245,Move,750.3812713623047,424.43720054626465
356.24955064039517,Move,751.6799926757812,426.5057373046875
375.73578722309884,Move,750.6573944091797,426.5971727371216
385.82329207642556,Move,743.3819274902344,424.1682243347168
401.4611462504093,Move,743.6863861083984,420.54041862487793
415.3709712108481,Move,748.3269195556641,423.93179512023926
431.0280209962644,Move,748.6486358642578,421.5459508895874
450.5570279521058,Move,747.6970825195312,420.02226734161377
471.24180539620795,Move,752.0332489013672,424.6893882751465
487.31396743888337,Move,748.6265716552734,421.9833526611328
506.49284269594847,Move,747.1806793212891,421.0453863143921
513.6221971889315,Move,750.0365753173828,423.6280059814453
519.4486816191029,Move,747.2115325927734,423.89613246917725
541.807096295534,Move,742.7393188476562,420.44658851623535
551.816926124622,Move,737.3526763916016,417.61757469177246
561.7931152798161,Move,734.8874359130859,417.8443479537964
581.9225307579923,Move,734.0966949462891,413.72457790374756
596.3920906530893,Move,732.4687042236328,412.4231357574463
603.2064636879091,Move,731.9666290283203,410.82969760894775
618.5113269468395,Move,731.3093719482422,411.37099742889404
639.8490341085835,Move,732.9865264892578,409.97145080566406
654.4453176534988,Move,734.467529296875,414.8651132583618
676.0831995187166,Move,741.1539459228516,421.1333713531494
693.5380349381602,Move,742.0995483398438,419.36991119384766
713.2034516696513,Move,743.0715179443359,419.139687538147
720.3358771008377,Move,741.0645904541016,417.8270959854126
740.6421110279372,Released,741.0645904541016,417.8270959854126