resolution:1536,864
0,Pressed,770.5574340820312,434.65994453430176
7.943074823607708,Move,770.5574340820312,434.65994453430176
13.361569419422306,Move,771.3203430175781,435.9269599914551
18.63049163957445,Move,771.6416931152344,436.51110649108887
39.20683671011709,Move,771.9814453125,436.98839378356934
51.13671034526117,Move,772.2141723632812,437.38168716430664
64.7812958649731,Move,772.4012145996094,437.5352554321289
78.52252577465765,Move,772.4551391601562,437.57830810546875
88.4186998917394,Move,772.5626220703125,437.68712425231934
106.74637345238524,Move,772.4303283691406,437.5679054260254
117.23125774209193,Move,772.45458984375,437.5851573944092
126.43419033909848,Move,772.5617065429688,437.67898750305176
142.79226349746654,Move,772.5816650390625,437.7612819671631
158.7221045390585,Move,772.6382446289062,437.7549991607666
176.83708846062524,Move,772.6679077148438,437.7241516113281
198.4812874601963,Move,772.5653686523438,437.53989028930664
219.36513623278933,Move,772.4725341796875,437.5909252166748
237.16624593176587,Move,772.4437866210938,437.66101455688477
253.65407347043535,Move,772.4813232421875,437.752836227417
258.91429230622623,Move,772.5736083984375,437.88992500305176
273.98894358076893,Move,772.5552062988281,437.9000186920166
295.4166014154448,Move,772.617919921875,437.883487701416
304.218097093011,Move,772.6854858398438,437.85325813293457
309.65417153042193,Move,772.6787109375,437.86978912353516
326.0245421837436,Move,772.6373291015625,437.8587169647217
341.893425225078,Move,772.6748657226562,437.93756103515625
362.11192201754403,Move,772.6756896972656,437.8473358154297
379.2588675416389,Move,772.7247619628906,437.84239196777344
391.366746046282,Move,772.7005920410156,437.82982635498047
409.26382892143045,Move,772.68896484375,437.8981132507324
418.4735432749766,Move,772.7237548828125,437.8675231933594
425.68678901947897,Move,772.7303466796875,437.8092784881592
437.56729457674356,Move,772.6642456054688,437.77307510375977
451.8878336668448,Move,772.51171875,437.66029357910156
464.85048091612293,Move,772.5905456542969,437.67682456970215
471.4757841349715,Move,772.5977783203125,437.7461929321289
477.77766359594824,Move,772.5664672851562,437.82148361206055
486.4657377665437,Move,772.5393676757812,437.9018211364746
497.250802618938,Move,772.5452270507812,438.0164566040039
504.5952074554346,Move,772.5785522460938,438.06723403930664
511.34567858023973,Move,772.5887145996094,438.0597152709961
531.2064798406756,Move,772.6259765625,438.03648948669434
548.5928154679405,Move,772.6263427734375,438.0984420776367
569.6813570137349,Move,772.644287109375,438.00790786743164
586.1484685085289,Move,772.6492309570312,438.0151176452637
598.0998313898965,Move,772.61865234375,437.9266948699951
603.5319110714005,Move,772.6852111816406,437.94456481933594
623.6841687771538,Move,772.632568359375,438.0018825531006
643.1550294562448,Move,772.6880493164062,438.0190830230713
654.8754384359336,Move,772.6115112304688,437.9139747619629
663.7185398812751,Move,772.641357421875,437.94157791137695
668.7896912935237,Released,772.641357421875,437.94157791137695