resolution:1536,864
0,Pressed,770.6044006347656,405.49585247039795
13.406040604993237,Move,770.6044006347656,405.49585247039795
24.83601588460467,Move,792.6483764648438,400.75910568237305
33.793425330265286,Move,786.6588134765625,394.7336368560791
52.793878667444176,Move,777.6843566894531,389.81257724761963
72.1713110724014,Move,751.3844604492188,390.406946182251
92.82900024496143,Move,729.4985961914062,393.6916694641113
99.02241834482284,Move,713.4422607421875,401.3155460357666
121.02382879657259,Move,704.7965698242188,403.9051179885864
128.0248255697753,Move,711.2301635742188,405.1245746612549
143.00649948174055,Move,717.1207122802734,401.7519178390503
151.96126509599694,Move,726.8616485595703,397.498251914978
161.02756009065592,Move,741.0303955078125,394.1306676864624
176.2593533904591,Move,747.7021179199219,391.0862874984741
186.7528147580012,Move,748.1762237548828,390.35197162628174
196.65443478110814,Move,746.3366088867188,391.6597480773926
208.70953327523821,Move,742.5232543945312,391.1490125656128
226.53398484225346,Move,743.3985443115234,388.78479766845703
238.34985333935109,Move,739.2837982177734,388.2633762359619
246.58457070538748,Move,740.4183197021484,385.6039209365845
269.51613465145573,Move,737.0681304931641,386.7663173675537
281.95361679310327,Move,731.5149993896484,391.2307405471802
299.86826507795325,Move,728.8487548828125,391.7258720397949
317.1974548108457,Move,726.6535034179688,392.8160676956177
339.0053602038487,Move,728.9675903320312,391.67226219177246
344.37120045095355,Move,737.1537322998047,390.3862180709839
363.489088742722,Move,742.0263519287109,389.7978229522705
376.0268636672831,Move,745.4608612060547,388.09464168548584
397.7043124211722,Move,746.2383270263672,386.92315578460693
415.09240185031115,Move,747.383056640625,385.13943099975586
426.9537343213894,Move,744.1078033447266,385.30847454071045
441.2206109627224,Move,738.5381011962891,388.1037826538086
458.73199653272223,Move,735.9678955078125,388.786883354187
481.6837936225429,Move,734.5900268554688,390.1968069076538
490.9672767034734,Move,733.0675506591797,390.3082494735718
511.76015180848134,Move,735.4493408203125,389.2853879928589
528.3263561349722,Move,734.0700073242188,390.4322576522827
533.6075255845712,Move,735.7362213134766,390.3385305404663
540.2667904408103,Move,731.8683471679688,391.78257179260254
548.0846275366044,Move,728.8552551269531,391.2300453186035
566.4779303140054,Move,733.7960815429688,389.78087997436523
580.3543987580293,Move,734.7978973388672,390.050989151001
599.3863563117347,Move,731.1354217529297,394.5577440261841
621.721678670273,Move,725.7822418212891,396.6698226928711
640.7405416033098,Move,724.2427825927734,400.123254776001
652.8994348788364,Move,718.843505859375,402.9476079940796
668.6221527463031,Move,717.7452392578125,401.0541400909424
691.1437857796708,Move,720.7454681396484,399.08473777770996
707.3817208985188,Move,725.1571197509766,396.82583713531494
725.5094607393669,Move,724.3246765136719,395.8758716583252
737.3049200089654,Move,728.7908020019531,393.69916248321533
747.2587245106555,Released,728.7908020019531,393.69916248321533