resolution:1536,864
0,Pressed,767.5097808837891,430.7740287780762
9.128177843300183,Move,767.5097808837891,430.7740287780762
26.66275316506609,Move,767.2432250976562,429.21512031555176
40.02996979899633,Move,767.1117095947266,428.0431966781616
51.05329852357767,Move,766.9219207763672,427.2909851074219
72.56495406630549,Move,766.8061981201172,426.5926151275635
80.44063565076527,Move,766.6599884033203,426.32652282714844
89.57187085594907,Move,766.6463012695312,426.136905670166
98.35925917351588,Move,766.6598968505859,425.9272041320801
106.34650869212034,Move,766.4048309326172,425.8354597091675
113.12197104973255,Move,766.3025207519531,425.86965465545654
121.34482278327836,Move,766.2939605712891,426.0037565231323
144.07883217352673,Move,766.2998199462891,425.74992084503174
165.39507487103822,Move,766.2198028564453,425.75411796569824
184.2047838079628,Move,766.3726501464844,425.79835510253906
203.33425261922503,Move,766.3645935058594,425.7389259338379
208.43589250250884,Move,766.1525573730469,426.01366996765137
217.76091842514458,Move,766.089111328125,426.1902837753296
239.71975097617016,Move,766.1546173095703,426.15549659729004
251.3520471691828,Move,766.3165740966797,425.94649028778076
265.5684942343098,Move,766.4732208251953,425.8732080459595
288.448065704996,Move,766.4924468994141,425.8344554901123
302.887044527426,Move,766.5199127197266,425.6450958251953
311.6932949523075,Move,766.2885131835938,425.5526304244995
326.7364243677424,Move,766.3011016845703,425.6020174026489
339.1485133572742,Move,766.4263458251953,425.6986026763916
351.5255736234582,Released,766.4263458251953,425.6986026763916