resolution:1536,864
0,Pressed,778.7011413574219,402.1349630355835
10.65131299697046,Move,778.7011413574219,402.1349630355835
17.237154297183572,Move,795.7649230957031,391.1924772262573
27.784976870029844,Move,779.958984375,383.06834506988525
41.15799179154845,Move,765.064453125,377.39064502716064
58.0642090946713,Move,749.8688507080078,380.58676528930664
64.910963713953,Move,733.9338684082031,386.46378993988037
83.57005259842705,Move,724.962890625,393.54343128204346
100.27159173779262,Move,722.8895416259766,399.9273805618286
113.30426864640052,Move,723.97265625,405.20833683013916
122.36002548437814,Move,723.3541259765625,406.212607383728
144.5304804632307,Move,725.3612823486328,405.88051986694336
162.59282345651394,Move,724.5977783203125,408.0937156677246
176.16925515405688,Move,722.4090270996094,408.95446014404297
182.05023217686727,Move,721.5656890869141,410.03760051727295
198.82938123720555,Move,726.1295471191406,409.7414331436157
217.99673341736806,Move,730.8662567138672,410.75118827819824
230.89270272535174,Move,740.0708770751953,412.93348503112793
253.5930847748409,Move,745.2041473388672,412.2596797943115
274.51158484810134,Move,744.3606262207031,410.93792152404785
290.76476371374144,Move,742.8973388671875,408.2284870147705
312.3709502746304,Move,740.1202697753906,407.87847805023193
334.41753972440694,Move,738.3225860595703,409.43164443969727
354.5796596380235,Move,743.5063018798828,411.1207151412964
374.0526975733419,Move,753.4845428466797,412.95094299316406
381.43684581774187,Move,767.9733581542969,416.14381885528564
402.4983416162086,Move,777.9251403808594,418.26313304901123
416.3814480959598,Move,789.1268920898438,417.40655994415283
436.5201710992552,Move,798.4505310058594,417.256236076355
457.3990050119734,Move,790.1329650878906,412.86723232269287
475.7149349850108,Move,779.0012512207031,411.51913261413574
491.7521095146953,Move,774.8822021484375,413.8862829208374
503.97033201535265,Move,759.8133087158203,413.75506496429443
513.778121107873,Move,750.9841918945312,411.18380069732666
521.8589058917756,Move,747.7079315185547,411.9457712173462
543.2997312217288,Move,756.5577392578125,413.79695892333984
559.0949420880522,Move,762.5282592773438,415.722767829895
565.7806326072342,Move,769.0194396972656,415.95494842529297
587.1125888315121,Move,781.4550476074219,421.185848236084
596.7210055643818,Move,784.1689453125,420.6175889968872
603.4310478747008,Move,776.1052551269531,414.23580265045166
618.4768527451815,Move,768.8302917480469,414.6527853012085
625.6799282536756,Move,764.0869445800781,411.4768524169922
641.56106588097,Move,760.9404144287109,410.9545555114746
659.2870743704611,Move,756.2961273193359,413.0587549209595
678.3175597735807,Move,757.442138671875,416.2105350494385
686.3881514278188,Move,761.1670532226562,414.3815174102783
701.7551433825369,Move,760.8810882568359,413.8398313522339
719.504845708512,Move,762.3049621582031,412.7586479187012
733.1669608336489,Move,760.5520935058594,412.5923595428467
744.0532627570107,Move,756.9767761230469,413.0659132003784
760.6330320859036,Released,756.9767761230469,413.0659132003784