resolution:1536,864
0,Pressed,759.9850616455078,218.6437225341797
21.71780639944517,Move,759.9850616455078,218.6437225341797
43.92639881154848,Move,687.1877288818359,91.87681245803833
61.88606654218314,Move,592.7906799316406,35.5414913892746
68.87289809843018,Move,480.56153869628906,12.492406189441681
90.44009469175276,Move,361.7806091308594,3.762017011642456
112.92343004776248,Move,241.85112762451172,0.643393512815237
135.63089524101576,Move,130.3729019165039,0.038715893402695656
148.69401833155328,Move,51.046817779541016,0.00023725426308374153
167.76475155129575,Move,7.166666507720947,4.202046510748403e-08
178.79825587215345,Move,0.21625015139579773,3.217503301600368e-14
194.32955890255965,Move,0.0003171217322233133,1.7502726004314882e-23
200.92223884256558,Move,1.1855888271128379e-08,0
223.4299704286079,Move,2.8391135140898153e-15,0
229.30042710974521,Move,3.3019005783189857e-26,0
245.3206703751275,Move,0,0
251.4351608598202,Move,0,0
272.24857990383543,Move,0,0
294.75015463534857,Move,0,0
305.17188573919276,Move,0,0
319.8197206710653,Move,0,0
326.8796428280217,Move,0,0
338.0053507226036,Move,0,0
356.8382841560092,Move,0,0
374.7412283955419,Move,0,0
395.3681934446686,Move,0,0
402.11123223360136,Released,0,0