resolution:1536,864
0,Pressed,608.5921325683594,347.4824523925781
17.333125215424722,Move,608.5921325683594,347.4824523925781
26.481184707899256,Move,549.7081604003906,317.589786529541
31.9568800178517,Move,528.5163116455078,309.32148456573486
49.81407817524743,Move,532.3095245361328,315.0302381515503
56.6751183280617,Move,546.7815856933594,326.71538257598877
75.761602722498,Move,587.4890899658203,353.97256565093994
88.7458296785688,Move,633.7839660644531,379.86084365844727
100.03357917764133,Move,680.4050903320312,403.5436248779297
118.93922546426984,Move,762.6982269287109,453.097354888916
140.1660378760654,Move,814.8329772949219,478.5597152709961
151.46259023593376,Move,863.3761596679688,508.38486671447754
170.81732795330367,Move,912.8585815429688,539.4611206054688
191.40200043644342,Move,933.3605346679688,550.4150390625
201.76607884935842,Move,971.0561828613281,573.3637104034424
222.1585355750693,Move,990.01611328125,585.0656433105469
229.61309174813698,Move,1003.7324523925781,591.4197750091553
250.46011403128605,Move,1034.267578125,612.6152858734131
266.37122943824636,Move,1056.2598266601562,627.9490413665771
285.9042581667564,Move,1078.5273742675781,640.394868850708
291.75173416677006,Move,1093.7108459472656,647.552324295044
310.6668966580644,Move,1083.1176452636719,641.5597629547119
330.7448191418098,Move,1008.1542663574219,591.7354602813721
336.2665416609288,Move,943.7588195800781,546.6824340820312
354.29097566070163,Move,933.7942199707031,541.8265972137451
374.0933595904721,Move,924.0104370117188,537.3000926971436
382.89895336200937,Move,910.8931274414062,531.2839450836182
397.70442754955263,Move,903.7481689453125,529.1579875946045
420.24130942683774,Move,886.6539001464844,517.2854404449463
439.1746004959294,Move,886.3462829589844,513.9070415496826
456.8267160428627,Move,910.228271484375,532.2403221130371
462.8247481289252,Move,919.1065979003906,537.1602745056152
472.3875592949082,Move,917.2369079589844,535.1935501098633
477.5680491270929,Move,904.3177185058594,522.3819808959961
500.2344088808783,Move,904.2856750488281,521.8145713806152
514.9280184116319,Move,887.9923095703125,513.9307308197021
523.3947163863606,Move,901.3874816894531,523.549295425415
536.0390513865417,Move,934.7675170898438,547.0267524719238
541.9278324139102,Move,965.7650756835938,568.8153190612793
562.9965395678146,Move,989.8558044433594,585.3859634399414
578.5052466498895,Move,958.4070739746094,560.5167617797852
585.0933773414973,Move,945.2933349609375,551.0501174926758
596.2426637878051,Move,932.4069213867188,541.7789096832275
610.3347431194155,Move,897.2986450195312,517.240894317627
632.5783468185621,Move,894.9174499511719,515.6818828582764
647.4999082485496,Move,885.922119140625,511.3582305908203
669.5452093432998,Move,869.689453125,500.41821670532227
686.9003666150746,Move,863.1437072753906,495.24293518066406
695.4583913623691,Move,836.3905334472656,478.611780166626
717.1459371506011,Move,804.5865783691406,460.79430770874023
723.2740788404318,Move,821.2738952636719,473.23266792297363
738.3539589496222,Released,821.2738952636719,473.23266792297363