resolution:1536,864
0,Pressed,838.5958557128906,482.8444347381592
15.183616249184244,Move,838.5958557128906,482.8444347381592
32.99000890105687,Move,861.0752563476562,500.3884506225586
52.94522443319037,Move,860.0883178710938,498.88011360168457
74.99203814903478,Move,848.3250732421875,489.4917984008789
82.18094579916904,Move,832.0959777832031,476.78925132751465
102.7421082072239,Move,810.7957763671875,457.9058132171631
115.48077180076439,Move,786.9692687988281,437.24614334106445
121.7817459939109,Move,765.6248016357422,417.85637283325195
138.80384963449603,Move,747.3871307373047,402.8676052093506
156.0744593697682,Move,732.4803314208984,388.7067003250122
177.03249810648276,Move,717.7288970947266,374.33037757873535
186.7350354439721,Move,701.1864624023438,359.04495334625244
198.4075124073331,Move,688.0411834716797,347.2189350128174
212.84010568850522,Move,672.9944915771484,334.6086473464966
229.107315662075,Move,654.7485809326172,320.87095642089844
249.73888370180515,Move,638.8501739501953,307.45876121520996
271.6291066588879,Move,622.9243927001953,294.04427433013916
281.9375521795028,Move,610.2437438964844,282.9256896972656
289.9104597812508,Move,598.7371673583984,274.1545057296753
310.93965119724857,Move,589.6276245117188,268.43676567077637
322.16761324231015,Move,584.5069885253906,265.7542390823364
329.01323081155584,Move,577.4931335449219,258.3649377822876
336.84691259575663,Move,564.0177612304688,246.5372714996338
358.36936212567457,Move,547.5303039550781,234.60035133361816
377.338071400054,Move,534.1225891113281,223.84416103363037
396.14093384314015,Released,534.1225891113281,223.84416103363037