resolution:1536,864
0,Pressed,1391.5690612792969,843.5143947601318
22.87885577350925,Move,1391.5690612792969,843.5143947601318
43.995441793125565,Move,1508.6055908203125,862.890209197998
55.54352299522353,Move,1528.1450500488281,863.884334564209
66.37068921114766,Move,1532.340087890625,863.9822845458984
77.957720390751,Move,1533.3649291992188,863.996395111084
84.8123757367639,Move,1533.0898132324219,863.9987640380859
101.03038374879958,Move,1531.6216735839844,863.999382019043
116.157707680733,Move,1527.97265625,863.9995880126953
132.19921840051444,Move,1518.886962890625,863.9996910095215
142.42038752937844,Move,1502.3194885253906,863.9996910095215
147.56465477435967,Move,1465.7562561035156,863.9997940063477
167.4774720034466,Move,1269.6297912597656,863.9997940063477
177.7398364324682,Move,484.2430114746094,863.9998970031738
193.91406211621307,Move,33.33006477355957,864
216.54453171678645,Move,0.6553809642791748,864
222.28183048967725,Move,0.00789969158358872,864
237.81803092858348,Move,1.3099355840040516e-06,864
256.4448624948386,Move,2.0958505764223645e-11,864
263.7624156750108,Move,2.645265779019765e-17,864
277.4686413773823,Move,2.70043653936162e-24,864
298.8962316056727,Move,5.591045474131302e-33,864
310.84862790333625,Move,0,864
332.17851111813775,Move,0,864
337.80132353722394,Move,0,864
351.0733526085861,Move,0,864
357.3553764999219,Released,0,864