resolution:1536,864
0,Pressed,693.0097045898438,402.09525775909424
13.351502839627505,Move,693.0097045898438,402.09525775909424
26.667271773235672,Move,656.0098114013672,386.76611137390137
33.1731927454874,Move,651.4165649414062,387.78830337524414
38.8501429790985,Move,664.9173889160156,396.4563102722168
59.205421110574505,Move,681.8671417236328,405.70552825927734
71.81295442450268,Move,709.1086120605469,419.66388988494873
88.51541183898004,Move,754.6605377197266,445.1063461303711
106.71747567399022,Move,796.3418884277344,468.63808250427246
112.99431464989688,Move,824.8566284179688,484.16001319885254
121.56277134766401,Move,831.9875793457031,486.72339820861816
141.03686660420414,Move,838.6202087402344,490.0751724243164
153.82965303106727,Move,848.1958923339844,495.79077529907227
173.32868367286358,Move,860.802978515625,503.5670871734619
189.88707315837956,Move,874.3341979980469,511.36580085754395
196.1873480537822,Move,870.2861022949219,508.46020889282227
207.31087237902102,Move,861.5766906738281,503.02280044555664
226.0504638088617,Move,853.5081481933594,498.3496284484863
245.2499937130214,Move,854.7164611816406,499.46801948547363
254.33771668539075,Move,847.8869018554688,494.9008312225342
265.3474355062752,Move,839.8992004394531,490.0279483795166
271.9551831920758,Move,831.9483032226562,485.3031234741211
292.1681466066589,Move,834.7079772949219,487.45771408081055
314.96179271881715,Move,845.2563171386719,494.40881538391113
330.93123707007487,Move,865.3480224609375,507.16718673706055
336.26540631680973,Move,875.0252380371094,512.3958206176758
353.07001484791306,Move,893.0361328125,523.6363792419434
364.37992232773473,Move,889.5785522460938,520.9748382568359
371.0691467892027,Move,898.3043518066406,526.2624893188477
379.0778605796679,Move,913.9557495117188,538.229175567627
400.9595468082423,Move,934.7309875488281,552.8178520202637
423.57077807457927,Move,951.2506713867188,563.6038341522217
435.45936264766294,Move,951.1258850097656,562.3646793365479
442.4505130996297,Move,949.32568359375,560.0428733825684
451.64140185387566,Move,948.216064453125,560.2041149139404
458.80853482020296,Move,945.4130859375,557.6182250976562
481.34902075472905,Move,939.7374572753906,553.512617111206
486.6798233146294,Move,944.9301452636719,558.7015972137451
499.34991103038374,Move,942.3877258300781,555.8933372497559
505.70373045202325,Move,938.5634765625,552.6473922729492
511.47268586167655,Move,940.1924743652344,553.9846000671387
531.4760995729116,Move,946.2864074707031,558.9329795837402
546.5776312928281,Move,956.5643920898438,566.194616317749
562.6288419386373,Move,972.6077270507812,577.9392929077148
575.7695119496574,Move,985.0537719726562,587.4787559509277
596.3517687561745,Move,996.6637573242188,595.8592472076416
603.279127027278,Move,990.0910034179688,589.8032398223877
615.3392779621536,Move,994.5316772460938,592.9733276367188
635.4737809703302,Move,998.5897521972656,596.1993942260742
640.545297211535,Move,1006.25390625,601.661470413208
661.8102909297055,Move,1003.5727844238281,598.8957481384277
683.4898588858773,Released,1003.5727844238281,598.8957481384277