resolution:1536,864
0,Pressed,797.2856140136719,223.77499866485596
20.337120833296687,Move,797.2856140136719,223.77499866485596
29.301240830630448,Move,749.1575775146484,103.49777698516846
47.93129904016231,Move,676.144775390625,50.83343017101288
54.18571909478756,Move,585.2902221679688,26.327462911605835
64.58989707226931,Move,497.43836975097656,13.221916615962982
85.1454215786137,Move,419.6348419189453,5.880238875746727
93.34217069271351,Move,358.51696014404297,1.9190744832158089
99.1975524224729,Move,310.34058380126953,0.3555037546902895
121.60560697663726,Move,280.8413314819336,0.02008959569502622
129.1078388563053,Move,252.62647247314453,0.00012515915932453936
140.1767519427006,Move,175.15842819213867,2.1304375263930808e-08
151.622447554512,Move,43.03641986846924,1.5418906710042802e-14
166.59852694756344,Move,1.8171256184577942,6.627938155622148e-24
176.2884538705947,Move,0.03314743470400572,0
193.51734460176786,Move,1.80990869012021e-05,0
212.13166456774928,Move,4.418560244252856e-14,0
225.26830635957484,Move,1.1398867443082092e-33,0
247.6554613192723,Move,0,0
270.3992708088287,Move,0,0
292.7841605927929,Move,0,0
305.33514189626396,Move,0,0
317.9089007083039,Move,0,0
333.8765686860112,Move,0,0
348.69037483423335,Move,0,0
358.50443518434724,Move,0,0
372.30707318172784,Released,0,0