resolution:1536,864
0,Pressed,768.4566650390625,403.08696269989014
5.632741217862981,Move,768.4566650390625,403.08696269989014
25.301055277634067,Move,786.7671203613281,397.8314723968506
39.68170914607106,Move,789.7359008789062,390.2432327270508
62.58167097512021,Move,773.8993835449219,388.0550651550293
79.67159640224861,Move,752.9059753417969,387.903865814209
92.05083959978099,Move,729.2625732421875,392.2116050720215
102.9137110935807,Move,720.3803558349609,396.482497215271
123.11145535833299,Move,714.9017028808594,400.95948600769043
132.61493431967793,Move,712.0558776855469,403.90321254730225
144.43645063495867,Move,710.3177032470703,404.4994869232178
149.91365309674433,Move,713.7162780761719,404.1236515045166
167.70554553168543,Move,716.4974212646484,403.5716142654419
187.09435327972443,Move,717.1737213134766,402.1919460296631
209.1478948015893,Move,716.3560638427734,400.75856494903564
214.83526762867942,Move,715.5808410644531,399.8435411453247
237.09518714005088,Move,716.2749938964844,399.3624687194824
258.91216449273793,Move,717.9015197753906,397.89821434020996
277.73348429015357,Move,722.8660125732422,398.478009223938
283.16683597708334,Move,727.4483184814453,397.99925422668457
296.89509431866793,Move,727.1849212646484,397.93457221984863
307.81779940925725,Move,728.3925933837891,395.75340843200684
313.5526681668484,Move,738.3221740722656,392.8219385147095
328.2246430982299,Move,739.9258575439453,391.0648899078369
341.10978284281873,Move,744.6067657470703,388.22858905792236
356.5739602964991,Move,749.8382263183594,387.365758895874
376.1977757341182,Move,753.8285522460938,387.584755897522
393.42499288341315,Move,754.5608367919922,388.1691598892212
406.52210941877786,Move,749.1062622070312,387.0049352645874
428.2026771748637,Move,750.0725555419922,382.81600284576416
444.6310912182901,Move,749.4743041992188,381.46162033081055
452.8736882870452,Move,755.9162292480469,380.7387113571167
467.1105536243398,Move,752.6892242431641,382.11523818969727
472.8144304073678,Move,753.0563049316406,380.04265880584717
483.9321846969027,Move,748.049560546875,382.35504055023193
495.17835628538654,Move,740.3470001220703,386.462064743042
500.1884649209007,Move,733.8608093261719,389.4848413467407
522.1299287423495,Move,729.3906555175781,390.8420305252075
540.0862019363731,Move,728.0240478515625,390.7305107116699
546.0309380946737,Move,729.6204528808594,390.87195110321045
556.143221292799,Move,731.9918975830078,390.6153345108032
568.1429553688239,Move,733.0174713134766,390.2129774093628
581.0176972467443,Move,732.5771484375,389.24006938934326
601.5004018978452,Move,730.2057952880859,393.70660400390625
614.5768269440229,Move,726.8171997070312,395.8042631149292
630.4934916559645,Move,721.6050567626953,397.3966455459595
650.8613981492464,Move,719.8108520507812,399.9912385940552
660.3062623246749,Move,717.6427459716797,401.2757635116577
681.8539793798705,Move,716.7709808349609,401.6481742858887
701.9954574866628,Move,714.4060363769531,400.8857660293579
710.9864034526544,Move,716.4577331542969,398.5227870941162
727.1957265382229,Released,716.4577331542969,398.5227870941162