resolution:1536,864
0,Pressed,795.9940795898438,231.1148099899292
6.864485011673889,Move,795.9940795898438,231.1148099899292
28.762041909785065,Move,752.7987670898438,116.21825838088989
44.56357512678931,Move,687.4860992431641,56.69799542427063
57.379924677283135,Move,602.4504547119141,28.019855260849
69.44479634855992,Move,519.3071594238281,13.741633772850037
83.11464963536497,Move,445.39842224121094,6.087707877159119
103.61261554187784,Move,387.5717010498047,2.1038421392440796
122.52396616137153,Move,339.56444549560547,0.41194111201912165
127.81044183022301,Move,313.59690856933594,0.027673195931129158
141.9517911518706,Move,301.1798629760742,0.00023012474230199587
155.78215324047449,Move,243.36996459960938,7.221699038773011e-08
164.51438099822772,Move,82.19185638427734,1.1671668727943887e-13
174.31855134861146,Move,5.2073750495910645,2.34402998702089e-22
195.71085386409084,Move,0.09675756096839905,1.6922616057909388e-34
217.35332054034902,Move,0.00012418904952937737,0
229.22070524787867,Move,3.799813653830586e-12,0
239.71696004135183,Move,1.2405727273493474e-29,0
256.24888775230824,Move,0,0
278.43763323887623,Move,0,0
287.64772565385204,Move,0,0
302.4743238641867,Move,0,0
315.9163568955851,Move,0,0
328.273497643376,Move,0,0
346.0492752954293,Move,0,0
360.0817405273957,Move,0,0
366.5395763682637,Released,0,0