resolution:1536,864
0,Pressed,769.393798828125,400.09369468688965
16.844850225562908,Move,769.393798828125,400.09369468688965
22.947576669715218,Move,794.8772277832031,390.50862979888916
39.17859818906445,Move,790.7067260742188,379.5485315322876
49.99691033620317,Move,769.4325256347656,373.0761594772339
70.03379515553752,Move,746.4722442626953,372.8660717010498
77.31678268403036,Move,728.8841400146484,377.2328796386719
89.10945503652546,Move,713.7789916992188,387.1846389770508
104.38424876096133,Move,702.3484954833984,395.4047899246216
114.95454522701706,Move,700.0524444580078,400.80746269226074
128.64114630535187,Move,699.9073333740234,402.55374813079834
144.09046935222838,Move,703.1204681396484,402.6005344390869
154.662031418565,Move,707.3583526611328,402.3095169067383
172.31147977607262,Move,709.2679138183594,400.9490575790405
182.8437316659489,Move,713.7897491455078,399.2008924484253
199.27321813467177,Move,718.3025665283203,398.2784013748169
211.0602619212625,Move,723.6204528808594,397.49353981018066
228.93898976008657,Move,724.4131164550781,396.5414113998413
235.43523140863212,Move,722.4355316162109,396.52928352355957
249.76549076605014,Move,721.4651184082031,398.1021738052368
267.3356197995481,Move,718.6540374755859,400.10435485839844
288.3965095521828,Move,716.9444274902344,399.49839878082275
298.62456366881435,Move,721.4515228271484,400.08962631225586
303.92191738684386,Move,722.0751800537109,399.02330017089844
316.1644535821317,Move,723.3873596191406,399.029634475708
327.2234301773986,Move,729.7858428955078,396.83884048461914
340.4007799909406,Move,738.4681549072266,395.83634662628174
362.78083540002336,Move,749.5147705078125,393.952431678772
371.48937356892526,Move,755.6092071533203,394.54214000701904
390.64187073857215,Move,760.1254577636719,392.4960308074951
398.97362641022613,Move,764.2186431884766,391.087420463562
416.5499732628181,Move,765.1348571777344,391.105676651001
432.3982727244486,Move,758.4109497070312,391.4509220123291
448.9287092360014,Move,752.4832763671875,391.5396022796631
469.75780011989764,Move,748.3783721923828,393.20094108581543
490.19732192172336,Move,748.6385650634766,393.3274726867676
512.7377418080091,Move,742.5019226074219,392.6551351547241
523.6205743291277,Move,732.8882446289062,396.12308979034424
546.5789552896324,Move,725.1228332519531,398.7959861755371
564.2237154992137,Move,719.5507507324219,399.50084495544434
571.8862754838831,Move,718.8769683837891,398.5082902908325
578.7531501145471,Move,717.5733489990234,398.58038806915283
585.76507936077,Move,715.2313842773438,398.651198387146
600.9974918743144,Move,716.7068939208984,397.4864330291748
612.8764182559056,Move,717.7714691162109,396.0859079360962
632.3913827719962,Move,723.7011108398438,394.8916597366333
644.2423159065104,Move,727.5660095214844,394.37160301208496
657.079794590438,Move,736.8566436767578,393.196795463562
673.5172120356258,Move,745.2771148681641,393.01062870025635
693.0829026141172,Move,753.8451232910156,391.9213342666626
705.3833446406287,Move,763.1685791015625,390.4859447479248
712.7920143608242,Released,763.1685791015625,390.4859447479248