resolution:1536,864
0,Pressed,687.635009765625,346.77607440948486
14.955735595740167,Move,687.635009765625,346.77607440948486
32.308165170490604,Move,661.7570343017578,312.4614715576172
47.32723037862822,Move,629.7205810546875,282.8396873474121
69.14097438032357,Move,616.7004547119141,280.98064613342285
89.37765063851523,Move,608.860107421875,283.3904628753662
96.71154769956367,Move,623.2679901123047,310.84442138671875
115.68863268089446,Move,636.6975402832031,331.2070999145508
135.2012293912098,Move,660.3289947509766,358.5996208190918
157.58754284569858,Move,683.9528045654297,380.4717950820923
171.56972886068635,Move,722.2696380615234,410.80062675476074
189.58598971124286,Move,755.3690185546875,434.98335456848145
210.16820265999752,Move,775.0985412597656,447.71324729919434
232.6319019962729,Move,802.0581665039062,464.51681900024414
254.7877516478285,Move,816.7440490722656,473.4793453216553
270.41994626922553,Move,806.2233581542969,464.01692390441895
277.714485469942,Move,813.1019897460938,467.35891342163086
293.8420853140521,Move,837.8899841308594,483.74426651000977
310.92506072248307,Move,834.1315612792969,477.85053062438965
332.7654160644098,Move,834.1295471191406,478.8816318511963
344.95493665875074,Move,834.163330078125,483.4288387298584
365.8653460008249,Move,833.0554504394531,479.2316150665283
371.8830789817565,Move,833.4109497070312,477.0794448852539
386.9484697006583,Move,837.8345947265625,484.0052089691162
398.1226557834142,Move,868.8348999023438,507.21554374694824
406.95872222092885,Move,881.5387573242188,514.446590423584
429.5693941144735,Move,864.6765747070312,500.67246437072754
439.8062145014607,Move,831.175048828125,475.0069942474365
456.9968800808243,Move,826.7729187011719,472.77886390686035
473.6846613990594,Move,796.4208068847656,453.29134941101074
490.4718130657084,Move,774.9921569824219,438.67064094543457
509.59155213145783,Move,771.2890319824219,437.3459987640381
520.5117904416861,Move,771.406494140625,437.6648254394531
539.7770954600863,Move,777.6574401855469,443.3927364349365
545.469994089159,Move,785.4954528808594,447.59789085388184
565.93286678876,Move,800.5944213867188,457.06360816955566
587.0675243553246,Move,812.5914916992188,465.75854873657227
593.294671397824,Move,821.6271057128906,470.4444408416748
603.9057560869768,Move,811.7978210449219,462.01116371154785
626.5755154577612,Move,801.4571228027344,458.6198902130127
640.0332471486988,Move,838.0390319824219,485.29405975341797
654.8086809902596,Move,841.2382507324219,482.8051414489746
665.267533055033,Move,805.19677734375,456.65538024902344
675.9116024700173,Move,795.5880432128906,451.3974952697754
698.0947296078162,Move,791.442626953125,448.74038314819336
716.4433773741358,Move,795.8485107421875,452.72404289245605
724.8652710575541,Move,822.89794921875,474.83849143981934
736.3687110460148,Move,830.4370422363281,480.05775260925293
750.8600954635499,Move,819.3092651367188,474.78014373779297
765.0804152171146,Move,841.1912841796875,487.6864185333252
772.7704883426404,Move,865.8607177734375,502.9034786224365
787.7495800416442,Released,865.8607177734375,502.9034786224365