resolution:1536,864
0,Pressed,775.4580688476562,406.1135501861572
6.31913721192238,Move,775.4580688476562,406.1135501861572
19.671065272665636,Move,802.6809997558594,398.77600479125977
35.38915634412107,Move,796.3427124023438,389.42409896850586
46.61641704076888,Move,774.2034301757812,382.31010818481445
64.36260864356363,Move,750.0689392089844,382.71125507354736
84.12540904218746,Move,727.6451568603516,388.1752882003784
90.52751697241318,Move,721.8754577636719,393.7179594039917
110.41668091559902,Move,712.6241455078125,399.85783195495605
128.39613468625345,Move,710.4812622070312,402.7919282913208
143.28237344958774,Move,708.7605743408203,405.058424949646
161.61430023626176,Move,714.199951171875,402.7582998275757
177.43341130414595,Move,726.6735534667969,401.16151428222656
194.8384057859018,Move,734.0571899414062,398.8104057312012
208.54429904677465,Move,736.6946868896484,396.1919946670532
219.0299386365935,Move,743.5716247558594,393.98052406311035
230.27544505809743,Move,751.1383666992188,392.5169906616211
247.8443874961148,Move,750.9603881835938,391.90361881256104
260.93493489270406,Move,747.9017486572266,390.27941036224365
281.3397508273871,Move,746.8650970458984,388.65375995635986
299.90922792710563,Move,746.8542022705078,387.62404918670654
318.371026318475,Move,748.1859283447266,388.82664012908936
323.89712555782154,Move,744.7896423339844,390.3061637878418
338.25095738189566,Move,739.5411987304688,392.9562463760376
348.61403268790895,Move,735.6797790527344,394.3272371292114
358.00665728829347,Move,733.840576171875,394.79551219940186
377.30417842591544,Move,731.7680053710938,395.55866718292236
393.7720234769807,Move,733.1455993652344,395.73831939697266
404.68034371204044,Move,733.4236907958984,397.589919090271
410.19122173925354,Move,730.845703125,400.0298881530762
427.36874688995704,Move,728.7279052734375,400.4776668548584
440.58508964986527,Move,724.0897521972656,401.6769618988037
450.3780720620005,Move,726.2308959960938,397.9080762863159
462.3995675893793,Move,730.5137329101562,395.09752464294434
480.17158451706155,Move,738.6226043701172,393.0559730529785
491.8635134859086,Move,736.9335021972656,392.95640087127686
511.77309308855297,Move,734.096923828125,393.48199367523193
532.13206236315,Move,735.1384735107422,392.86141204833984
551.6522706906776,Move,734.003173828125,394.012659072876
559.675543892845,Move,732.4404602050781,394.44290256500244
565.9417239138558,Move,730.5863800048828,395.3702087402344
588.9275117579228,Move,729.3108215332031,398.3040475845337
609.3117218459943,Move,726.2307586669922,401.79672145843506
614.412143753892,Move,724.5599670410156,403.47492599487305
622.0054605013887,Move,724.5275115966797,402.64191341400146
635.1138532837122,Move,724.4610900878906,402.0449438095093
648.7342452760643,Move,726.2156982421875,400.63337230682373
658.99406213499,Move,724.5478820800781,402.44534397125244
670.9188039729482,Move,721.3314971923828,403.1691541671753
677.0004620252924,Move,721.0848999023438,401.7555742263794
695.1486495457067,Move,723.3784790039062,399.7952356338501
702.7745275306042,Released,723.3784790039062,399.7952356338501