resolution:1536,864
0,Pressed,778.0777587890625,406.1504487991333
19.96495214810372,Move,778.0777587890625,406.1504487991333
41.97328753107669,Move,788.1256713867188,401.2130126953125
61.30248708362455,Move,779.0821838378906,395.3661403656006
77.91494062766293,Move,770.3973083496094,391.5097846984863
87.18788535605745,Move,757.5883026123047,390.59221172332764
99.67565093773248,Move,738.8792724609375,394.3100109100342
107.12618919337291,Move,722.2484436035156,398.77227115631104
113.07314222711663,Move,714.6026458740234,402.1465759277344
123.03308567926219,Move,710.7296447753906,404.24562549591064
138.29033825070752,Move,716.7182006835938,407.1728982925415
160.04030253826664,Move,718.9581298828125,405.7565116882324
172.86767302929186,Move,716.5989532470703,401.99872398376465
191.3979847295547,Move,721.1377258300781,397.3653860092163
199.34132041077257,Move,722.9393463134766,395.45170497894287
204.63604540073973,Move,725.9622344970703,393.91406536102295
223.85987576620906,Move,726.6060333251953,393.1126470565796
232.88465297474016,Move,725.9219055175781,396.3687114715576
253.30430853874827,Move,726.3062438964844,396.83278942108154
270.7292431699347,Move,726.0236663818359,397.3261442184448
293.5722601929867,Move,725.4235382080078,396.970908164978
304.7718277942849,Move,725.4490356445312,396.43254375457764
310.0220731688649,Move,728.1004028320312,395.1076955795288
316.99378018859835,Move,731.1937866210938,393.9743700027466
327.6263726068015,Move,727.9351959228516,393.4057502746582
344.471144488217,Move,727.4113311767578,390.8193197250366
363.882847820991,Move,728.4923858642578,388.443208694458
385.62892041297465,Move,731.0833282470703,387.5792713165283
406.5930844234804,Move,730.8227233886719,389.3848056793213
416.6388449198827,Move,726.1566467285156,393.844877243042
427.77986960694716,Move,725.6770935058594,394.1597385406494
441.66758501619614,Move,723.9405212402344,395.41161346435547
456.87765573470944,Move,725.4100799560547,394.4641971588135
465.24691763004375,Move,731.8849639892578,394.1880884170532
481.3813348881823,Move,738.2752075195312,392.1986017227173
493.9216769341901,Move,745.9646759033203,389.7658681869507
507.0789221784488,Move,752.9523010253906,387.35540771484375
513.1771736291323,Move,755.3760223388672,384.50965690612793
526.4091185713181,Move,750.3278961181641,385.4752006530762
542.7465649106404,Move,746.6246337890625,386.83746242523193
562.1592633581844,Move,735.7359008789062,394.4835090637207
576.8508633056963,Move,728.6124572753906,397.428111076355
596.4039998327847,Move,726.9940338134766,400.3104772567749
617.13143243391,Move,726.4315338134766,401.28052711486816
639.1184867518635,Move,725.2389678955078,402.6376647949219
650.5397265019434,Move,720.1310577392578,403.7329330444336
668.0788562693087,Move,718.6233215332031,403.9346523284912
675.8945266158815,Move,718.5770874023438,403.9213914871216
688.6425675527572,Move,712.6361389160156,405.72733783721924
710.8643279303818,Move,708.8106994628906,404.8261413574219
725.8109174570305,Move,711.0790100097656,403.6798896789551
741.7501804599586,Released,711.0790100097656,403.6798896789551