resolution:1536,864
0,Pressed,770.0073852539062,405.66394329071045
12.571858715394766,Move,770.0073852539062,405.66394329071045
29.444392619693375,Move,792.2716369628906,400.01884174346924
43.66870471046823,Move,780.2940673828125,394.1604337692261
62.032308978743814,Move,766.0268096923828,389.93573570251465
80.35139327383023,Move,740.9769744873047,392.06583881378174
87.05943588406696,Move,730.4708862304688,395.97580432891846
99.20769826075662,Move,721.9703521728516,400.7678861618042
121.54173749571812,Move,716.3265380859375,403.8132963180542
136.05637000292097,Move,713.2929840087891,406.31078910827637
141.3835198720335,Move,712.0920867919922,406.2523899078369
150.25070843008106,Move,715.8792114257812,402.82514476776123
173.05103019558283,Move,722.9512939453125,398.6274061203003
190.7429060129247,Move,725.9982147216797,397.07068634033203
201.39501399054896,Move,727.9226989746094,395.12654399871826
221.68311831282043,Move,730.0877838134766,393.403226852417
244.4542198101147,Move,730.3655548095703,393.2956209182739
264.2378550066061,Move,725.8742980957031,397.6156425476074
284.2587073519463,Move,725.0639190673828,397.460786819458
300.60287128097286,Move,725.7423248291016,397.07799911499023
314.53787536767476,Move,724.5098419189453,397.6050853729248
331.63421659750736,Move,725.4811248779297,397.08531188964844
340.8944174866429,Move,727.6042327880859,397.203989982605
363.8015271568991,Move,728.4077453613281,397.68763732910156
371.89901985113386,Move,729.7854309082031,397.57622051239014
380.6234763577242,Move,733.0919036865234,396.1631555557251
400.75406555275384,Move,739.7665557861328,394.57666969299316
423.1476630112182,Move,745.4223175048828,393.76484870910645
433.8032338452997,Move,746.9390716552734,392.65899753570557
445.8571692504067,Move,750.0437164306641,391.7876958847046
461.44739498505703,Move,753.4115753173828,391.74914932250977
472.26601878811823,Move,751.8747711181641,393.2325611114502
485.21084986596355,Move,749.6225280761719,393.33105182647705
491.5626088271129,Move,747.0335540771484,391.8708658218384
505.03749203783707,Move,747.4787750244141,389.19709396362305
511.78949869218457,Move,749.4283447265625,385.78110122680664
528.8812832593577,Move,761.2699584960938,380.82605266571045
535.1855991872378,Move,766.1412506103516,378.9550380706787
548.4868623297491,Move,765.1986694335938,378.33697986602783
559.4216334790653,Move,763.2152252197266,380.01376819610596
578.6370556947342,Move,759.7197875976562,383.75226974487305
584.2265171421308,Move,751.1188659667969,388.6138229370117
594.0580779740534,Move,744.4126739501953,391.2110424041748
611.8298611396721,Move,739.162353515625,392.2741241455078
618.183507310716,Move,739.6309204101562,391.4262285232544
632.756427699659,Move,737.7021331787109,391.7559471130371
649.4530209167227,Move,736.5764923095703,391.7793016433716
666.5891807575966,Move,739.3490295410156,391.5536870956421
681.8916935660944,Move,735.7668914794922,391.0551052093506
698.9904188588739,Move,737.7112884521484,389.22652530670166
712.0546560551816,Move,737.9279479980469,387.64047718048096
718.2606857183495,Released,737.9279479980469,387.64047718048096