resolution:1536,864
0,Pressed,672.8226928710938,347.93298625946045
10.917166195981325,Move,672.8226928710938,347.93298625946045
28.417559402126585,Move,610.3300323486328,286.6638307571411
44.91041805583308,Move,580.5363006591797,264.3763475418091
57.663345860148134,Move,559.4109649658203,254.79354858398438
72.90014827690267,Move,564.6315765380859,269.7589359283447
85.11619166142948,Move,582.4778594970703,295.5768928527832
93.32409261951875,Move,600.0965881347656,315.9049129486084
104.2462269478226,Move,631.1124114990234,345.2476272583008
111.31504744791242,Move,656.3596343994141,366.72552967071533
129.78653399634334,Move,679.6827850341797,384.28136444091797
146.50363622082259,Move,712.0662231445312,406.5392360687256
160.07541656604138,Move,742.8196563720703,428.2102060317993
182.81368189179614,Move,746.9397583007812,427.47081756591797
198.51973525290828,Move,750.1444244384766,427.01963996887207
204.42288983675218,Move,762.943359375,434.5683288574219
222.37809307729287,Move,756.4248504638672,429.6183271408081
235.31780675472237,Move,759.0008697509766,429.4124364852905
252.857208081818,Move,790.7170715332031,451.7051467895508
262.7169717399013,Move,788.6856079101562,449.56296730041504
276.7013833152772,Move,790.8813171386719,451.49755668640137
288.7229645765083,Move,771.5363159179688,436.9146480560303
301.7349835698101,Move,768.2200012207031,433.6464557647705
310.5516898333604,Move,794.1883850097656,451.9932804107666
320.8274912255544,Move,825.4862365722656,476.2837429046631
328.864143425466,Move,831.8032836914062,479.54426193237305
341.3708816481649,Move,842.3013610839844,486.7100601196289
350.2561999122716,Move,867.3844299316406,506.0876770019531
361.2237366529608,Move,872.8938903808594,511.4684371948242
379.2426661234062,Move,858.9592895507812,501.08702659606934
388.42555475230154,Move,861.0771789550781,502.9904594421387
409.3953944695886,Move,829.3065490722656,481.0144386291504
427.23817019536807,Move,809.4207458496094,468.5108299255371
437.8243221270639,Move,800.7489624023438,460.38700675964355
445.8024963291772,Move,794.5537719726562,454.0081043243408
451.4236183383271,Move,810.514892578125,464.5987014770508
469.39011698618503,Move,832.8243713378906,481.30937004089355
491.11002677126584,Move,840.462158203125,483.64842796325684
498.81759821976806,Move,833.1773986816406,475.99380683898926
511.90343736537864,Move,850.3255004882812,490.4809799194336
532.8848316124379,Move,830.4786071777344,473.2533187866211
543.2135589706625,Move,804.674560546875,457.67968368530273
549.1034566917912,Move,778.8430480957031,443.3451519012451
564.2885175739136,Move,761.2179565429688,436.2922897338867
585.7404206381478,Move,750.8781280517578,428.79059314727783
594.5034304827412,Move,756.1550445556641,431.05399990081787
600.8591964017343,Move,791.1281433105469,454.3508777618408
621.5660575541035,Move,816.3204345703125,470.32702445983887
644.5194681902176,Move,843.8424682617188,487.04680824279785
659.3414599301587,Move,858.170654296875,496.5845203399658
681.3169977817969,Move,882.8935546875,514.8632125854492
698.6296787288733,Released,882.8935546875,514.8632125854492