resolution:1536,864
0,Pressed,598.9025573730469,350.9918375015259
19.512208270925086,Move,598.9025573730469,350.9918375015259
40.9347917038619,Move,517.9903106689453,310.6623229980469
48.96633888486189,Move,495.82704162597656,303.16636848449707
66.72407922906038,Move,519.9620361328125,320.6841974258423
79.06413056264107,Move,555.8223266601562,343.2395496368408
90.29088104902144,Move,594.4084625244141,365.32412910461426
101.31691575724462,Move,631.7223358154297,384.1046733856201
109.71357144636576,Move,670.0211791992188,401.1587333679199
119.26118791023218,Move,704.6427154541016,415.9975891113281
137.6969702856146,Move,749.1720428466797,439.267765045166
143.05238988598109,Move,788.9693298339844,459.7987403869629
157.7803312916921,Move,848.9753723144531,496.84448432922363
163.64924919371128,Move,857.21923828125,499.23977851867676
174.69397352247478,Move,854.7459411621094,494.6748046875
193.89154276620388,Move,848.1498413085938,489.2262210845947
214.78262620164557,Move,856.3577270507812,493.81586265563965
224.12170103244517,Move,872.1730041503906,504.5228977203369
244.67084283978488,Move,897.6603698730469,522.7176475524902
262.31316447344506,Move,934.5270080566406,547.2292957305908
267.5022402279082,Move,948.966064453125,557.3597030639648
276.3817047130699,Move,951.3329772949219,560.5287609100342
281.5172193664635,Move,926.089599609375,542.4660015106201
290.84718436502675,Move,919.0197143554688,537.3269748687744
297.28105846166596,Move,920.5247497558594,537.5758666992188
312.2572207596199,Move,911.8385009765625,530.7393493652344
321.471051246668,Move,908.9368286132812,529.6713237762451
342.9117023412959,Move,911.2929382324219,530.619255065918
359.8616633613846,Move,908.9313354492188,528.5815143585205
378.41101142836294,Move,906.799072265625,525.9243507385254
395.40951749579204,Move,896.1576232910156,517.775447845459
408.14467040752515,Move,865.3829956054688,498.3750686645508
420.1441376967016,Move,817.8439636230469,471.201416015625
432.62115179958755,Move,785.4284362792969,452.6770248413086
443.1845730832728,Move,792.4641723632812,457.0745258331299
462.4412988473472,Move,799.535888671875,460.8911247253418
468.9344267305775,Move,815.6318664550781,469.54888343811035
485.5681417431955,Move,851.5785827636719,494.0122776031494
496.35978396839783,Move,863.6943969726562,501.3611526489258
510.0739176007876,Move,862.0152282714844,498.06422424316406
515.9364944554646,Move,825.8987731933594,475.2824592590332
526.5131379451518,Move,810.6345520019531,466.44672203063965
532.0288656994192,Move,824.1981811523438,474.43443489074707
554.1120768846648,Move,854.3073120117188,495.7957706451416
572.3360862422592,Move,862.506591796875,499.8228950500488
582.413567543869,Move,862.9546508789062,499.055362701416
603.0784998312674,Move,875.1492004394531,507.55574226379395
613.57554526587,Move,878.3256225585938,510.45690536499023
636.0473999636517,Move,862.7261352539062,502.1036567687988
655.3313450867054,Move,864.1370544433594,501.41357803344727
675.4817324937869,Move,866.1995544433594,502.0443820953369
691.4072254753538,Released,866.1995544433594,502.0443820953369