resolution:1536,864
0,Pressed,612.8758850097656,337.75316619873047
8.632890852467085,Move,612.8758850097656,337.75316619873047
24.209392933261228,Move,549.4897613525391,297.660364151001
45.9921208415205,Move,520.7597808837891,283.353796005249
65.52876656972639,Move,528.0858764648438,292.636513710022
71.83187349925585,Move,562.4268035888672,322.75172996520996
84.15986400348334,Move,619.1814880371094,365.3409433364868
101.73420341840885,Move,657.7535247802734,388.8973731994629
109.00431967993289,Move,713.2738952636719,424.2089853286743
131.5056003349307,Move,738.8324890136719,435.4171772003174
136.940149002522,Move,769.3966369628906,451.0927276611328
152.86328121578023,Move,798.2937927246094,465.43122482299805
162.56291847368158,Move,804.4066772460938,465.3721046447754
182.73777095160526,Move,826.2658996582031,478.4538860321045
200.0143820428934,Move,862.8660278320312,501.96188163757324
218.54820977046498,Move,859.9071350097656,499.5655574798584
238.87582932073045,Move,854.5708923339844,490.68846702575684
248.30465139398186,Move,874.7093811035156,503.9736156463623
266.40878388796193,Move,892.6014404296875,516.0520534515381
273.88534288284296,Move,899.97802734375,523.8264598846436
281.0679923564584,Move,895.3126831054688,521.8085460662842
290.20478382469804,Move,938.0267944335938,549.5765933990479
297.5510450820331,Move,939.9210205078125,549.7810935974121
307.85328358094915,Move,929.5500183105469,540.6023254394531
313.4703371545254,Move,905.2832336425781,521.068925857544
332.75234014522596,Move,881.1307067871094,504.4453411102295
343.60707543025785,Move,872.8627624511719,498.06901359558105
362.6013057870593,Move,905.417724609375,523.726655960083
376.9401446300538,Move,980.0678100585938,577.7172317504883
382.720469153385,Move,1025.2914733886719,608.0173015594482
395.95623517260015,Move,1052.7227783203125,621.5716323852539
408.25065890159226,Move,1060.6864929199219,626.6643104553223
418.7433103832702,Move,1035.67236328125,609.8189220428467
434.2894199337356,Move,992.0224914550781,580.4752807617188
445.2400553847758,Move,964.4222717285156,559.5981330871582
459.82904242473774,Move,948.4521789550781,548.1808834075928
472.47824774372555,Move,956.2090759277344,556.9824771881104
479.9352932337564,Move,954.0896301269531,554.4589004516602
493.58983578213923,Move,968.735595703125,568.3001289367676
505.6575821507019,Move,1003.9043884277344,595.088212966919
512.0778655934943,Move,1034.1458129882812,616.7964420318604
525.7808721240398,Move,993.2593688964844,583.435152053833
543.8290193090396,Move,967.0098266601562,561.1777439117432
563.9488937412362,Move,928.60546875,533.7973251342773
574.2934724251402,Move,915.8911743164062,527.5710124969482
590.1973542537193,Move,911.5101928710938,525.4266700744629
598.318040421082,Move,929.7947387695312,541.427433013916
611.2679682067076,Move,976.7728271484375,576.617431640625
620.6371766067697,Move,1007.5684204101562,598.0418529510498
642.9574173694398,Move,1022.1008605957031,604.7765579223633
661.5041069717942,Move,1050.0564880371094,624.5164661407471
683.8197051657388,Released,1050.0564880371094,624.5164661407471