resolution:1536,864
0,Pressed,596.4228057861328,138.63341903686523
22.457984113834225,Move,596.4228057861328,138.63341903686523
31.61057732010162,Move,404.3060302734375,31.529011845588684
51.43183375544469,Move,230.50360107421875,4.940376743674278
61.840715849625575,Move,111.26324844360352,0.5970739591866732
70.69812210838695,Move,41.59906482696533,0.03065703297033906
77.50316693595043,Move,11.123976230621338,0.0002122393652825849
90.5911946948792,Move,1.0389006435871124,3.3205098670663347e-08
96.71207684541207,Move,0.02309211529791355,3.55450541818174e-14
110.59046610605141,Move,1.5928516404528636e-05,3.871572181732406e-23
126.14931177993813,Move,4.1484836399430236e-10,0
137.93724101043003,Move,1.6339343969257524e-16,0
152.72702425873365,Move,1.4796242605758687e-26,0
163.9214418700645,Move,0,0
185.43206795861136,Move,0,0
204.4457560510843,Move,0,0
216.0309282187357,Move,0,0
227.0889120653325,Move,0,0
240.80378896148142,Move,0,0
255.45473755285664,Move,0,0
262.8758437774275,Move,0,0
281.99936919537623,Move,0,0
294.3724612551835,Move,0,0
309.644328557893,Move,0,0
319.96894050069847,Move,0,0
338.64485453734756,Move,0,0
359.9463888214523,Released,0,0