resolution:1536,864
0,Pressed,729.923583984375,462.15185737609863
6.079145390347326,Move,729.923583984375,462.15185737609863
11.991257914537664,Move,716.2141571044922,473.5703430175781
34.60898262185245,Move,717.7496795654297,470.09239768981934
50.44680593897316,Move,728.7415924072266,456.7224826812744
67.14092485717173,Move,741.0034790039062,442.6652183532715
75.21168512070783,Move,754.7703552246094,425.61736392974854
82.82164106160701,Move,766.2424621582031,411.502498626709
89.8280132075555,Move,775.5560302734375,401.7036895751953
97.32360970371846,Move,782.719482421875,393.2523880004883
110.09466600640184,Move,788.5351867675781,386.15600967407227
126.56247633613766,Move,793.6172790527344,377.8821716308594
135.88131967908456,Move,799.272216796875,369.41943740844727
152.00807940446404,Move,804.2660522460938,364.55221939086914
163.22961327701373,Move,808.2497863769531,360.9046382904053
184.67745981098656,Move,810.0749816894531,357.93196964263916
203.30978584729147,Move,813.2924194335938,353.0091848373413
215.88329373078722,Move,816.5796203613281,349.61605739593506
220.97420820697067,Move,817.6495971679688,344.88883781433105
242.54673050655933,Move,818.7550048828125,341.7326545715332
262.4231762072137,Move,819.9754943847656,341.31201553344727
280.4389930042659,Move,820.3919677734375,339.07510471343994
295.0116385932697,Move,820.4862670898438,337.45622634887695
316.53927876271575,Move,821.1536865234375,335.62628173828125
338.0590423466623,Move,820.8701477050781,335.1134605407715
355.6246298568051,Move,822.2245788574219,334.63133239746094
367.11318039099206,Released,822.2245788574219,334.63133239746094