resolution:1536,864
0,Pressed,898.4148559570312,529.34765625
8.726768752923126,Move,898.4148559570312,529.34765625
20.371020650739073,Move,946.2401733398438,567.5487155914307
32.33815068659589,Move,957.0892639160156,577.2415409088135
46.00536946737564,Move,943.6868591308594,566.2935447692871
56.49937814125129,Move,911.671142578125,541.5549430847168
79.4916352979836,Move,883.4424133300781,517.9417877197266
101.22225814009309,Move,858.5085754394531,497.56288719177246
113.34265002095768,Move,831.4905395507812,471.95555877685547
122.14116876330796,Move,806.4009704589844,447.440975189209
133.6746180050597,Move,782.501220703125,424.3883285522461
149.9163001446128,Move,760.5106658935547,404.6010675430298
160.358405651976,Move,741.7971496582031,388.198410987854
177.08820305932494,Move,722.4917449951172,372.1481580734253
189.04008859228261,Move,702.76318359375,353.8825206756592
195.35675632917625,Move,679.0974426269531,332.668496131897
210.2533222480805,Move,652.1095275878906,309.91271209716797
231.55614155200072,Move,627.6632537841797,289.5766839981079
251.701801165575,Move,595.8923034667969,266.0737352371216
261.3002102567767,Move,572.6888580322266,249.3460464477539
270.8332533357977,Move,544.9760284423828,228.01347255706787
285.4789436455105,Move,525.3343048095703,216.47759628295898
301.8571455989151,Move,500.1441650390625,200.59573030471802
309.197150649606,Move,482.08168029785156,189.3930230140686
331.8126868066744,Move,467.20880126953125,177.5718970298767
339.6006910644434,Move,443.9868621826172,161.4802393913269
349.3199499155807,Released,443.9868621826172,161.4802393913269