resolution:1536,864
0,Pressed,742.3483428955078,277.8405818939209
19.662051385693054,Move,742.3483428955078,277.8405818939209
33.71093602527433,Move,661.0944213867188,177.66100215911865
41.62877079668144,Move,565.8441009521484,106.02096104621887
58.30913890970416,Move,466.4758758544922,63.25819802284241
80.33427419842904,Move,381.7563171386719,37.957961082458496
98.48958317423194,Move,309.57295989990234,21.527094662189484
112.05134893748453,Move,261.9465637207031,10.534187883138657
128.03016668081298,Move,229.94920349121094,4.090749487280846
135.51315557277618,Move,212.42092895507812,1.0447388514876366
142.5491238895071,Move,214.65996551513672,0.11183364456519485
155.3941456367692,Move,240.34776306152344,0.002311288713826798
163.83312935771164,Move,294.76297760009766,3.1552793018363445e-06
186.10641313787718,Move,307.4414978027344,4.1262465124390635e-11
198.05317446558848,Move,171.89777755737305,1.380586026595112e-18
209.0677349251464,Move,57.785573959350586,2.28284798817238e-27
228.28478885540687,Move,0.40346963703632355,1.24874749933625e-35
244.0756029566113,Move,0.05867452919483185,0
252.3771612428879,Move,0.0052663644310086966,0
257.991844634601,Move,5.139813034004629e-14,0
271.11808501131014,Move,0,0
277.41575959392344,Move,0,0
291.4799771958044,Move,0,0
303.1515655430068,Move,0,0
309.76909113578773,Move,0,0
324.5469276442322,Move,0,0
342.7595350222982,Released,0,0