resolution:1536,864
0,Pressed,740.1424713134766,421.3501796722412
11.40125871233376,Move,740.1424713134766,421.3501796722412
20.57410598399383,Move,738.8590850830078,425.3532543182373
41.083677129454856,Move,758.9675903320312,440.07994651794434
64.04602367019923,Move,793.6338500976562,462.0776996612549
84.82807207660748,Move,833.1655883789062,486.97069358825684
104.77806939006939,Move,862.6642456054688,505.7681293487549
121.81775003980233,Move,890.1543273925781,523.9392929077148
140.4432230159977,Move,918.9716491699219,543.5790882110596
151.70695798698313,Move,941.0279846191406,558.2632942199707
172.47577310147727,Move,959.3881530761719,570.5097713470459
184.77106917689085,Move,981.7780151367188,585.5998363494873
189.88099229404287,Move,1002.4884338378906,599.6633319854736
212.26224732241695,Move,1020.9285278320312,611.940450668335
220.4623280673571,Move,1038.7288513183594,623.7398700714111
227.80055683633682,Move,1056.0135498046875,635.0098342895508
245.26909610092076,Move,1075.6898803710938,647.9195594787598
263.07886808826066,Move,1097.5324401855469,661.9559154510498
284.0728666027569,Move,1121.9012145996094,677.4763526916504
305.2642691612513,Move,1146.9404296875,692.6057109832764
315.78284974043015,Move,1174.1605224609375,708.6481876373291
324.5385782380599,Move,1198.0223693847656,722.2084407806396
338.6904446506289,Move,1223.0083923339844,735.9948749542236
349.6902892027604,Move,1250.8159790039062,751.3153438568115
369.43640268306143,Move,1278.9696350097656,765.9063377380371
378.8653391035293,Move,1312.0776672363281,782.6621189117432
397.0972731035819,Move,1351.7972717285156,801.1370716094971
407.51942332780106,Move,1393.4541320800781,819.1398868560791
422.5654346205488,Move,1438.5685729980469,836.5756015777588
438.37559940593064,Move,1481.890869140625,851.0443382263184
451.3092144741654,Move,1515.604248046875,860.2026615142822
462.3066412739898,Move,1532.8979187011719,863.6183452606201
481.9232322233663,Move,1535.9496459960938,863.9979400634766
503.7575338638294,Move,1536,864
513.8090503367989,Move,1536,864
519.4048237498995,Move,1536,864
531.2501153260141,Move,1536,864
536.5686907293563,Move,1536,864
556.9754098856565,Move,1536,864
566.2915154579845,Move,1536,864
574.610020389967,Move,1536,864
583.6341042700842,Move,1536,864
602.5302629041622,Move,1536,864
624.5893800100763,Move,1536,864
647.096364916765,Move,1536,864
665.4680602754124,Move,1536,864
671.9675585867916,Move,1536,864
681.7345182981313,Move,1536,864
692.8936741264112,Move,1536,864
704.7274438937854,Move,1536,864
726.5407562070336,Move,1536,864
745.0206237516046,Released,1536,864