resolution:1536,864
0,Pressed,607.4673156738281,342.1551990509033
7.813596479267282,Move,607.4673156738281,342.1551990509033
19.252335196369675,Move,506.0291290283203,285.9401750564575
40.85203285124774,Move,466.1001892089844,267.1590385437012
46.33473523424267,Move,472.1879425048828,275.69551849365234
66.8831042730323,Move,483.7460174560547,287.5437068939209
73.1836942289202,Move,508.05322265625,305.32294178009033
89.5462231633142,Move,532.1686706542969,320.79641246795654
107.03105189160885,Move,564.2436676025391,340.46059226989746
127.58747705237863,Move,593.9298706054688,356.4450044631958
132.87629788039277,Move,624.5822296142578,372.86153984069824
140.8588748272794,Move,673.0349578857422,398.6749391555786
152.46819676670364,Move,705.7619934082031,413.95678424835205
162.10123989149372,Move,714.9757690429688,417.41598415374756
172.01115748724655,Move,717.3411712646484,415.5956697463989
179.75658917835528,Move,725.9737701416016,418.30162811279297
188.25652414907614,Move,753.8367462158203,432.92851638793945
196.59696264017384,Move,798.2274169921875,460.7355480194092
215.51827918485606,Move,822.6913146972656,475.6483554840088
235.69039093881105,Move,842.8108520507812,489.4549255371094
250.4555200280422,Move,867.5653381347656,505.8080406188965
272.61105940139055,Move,891.8076782226562,521.255350112915
282.4361238687043,Move,917.6386413574219,536.2699699401855
295.0339024872592,Move,956.7400817871094,560.686243057251
302.33940658900394,Move,976.7363891601562,573.4380226135254
321.99017888805,Move,971.162841796875,570.4990081787109
327.0316444667832,Move,996.0972290039062,588.0624904632568
342.69052482082475,Move,991.8170471191406,583.8765449523926
354.62197814695537,Move,1009.2163696289062,596.283130645752
362.47942657374057,Move,979.062744140625,574.5437965393066
382.66155359863274,Move,971.4180908203125,569.6977443695068
393.36234155587664,Move,966.6597290039062,566.7905559539795
403.0854088473794,Move,949.1809387207031,557.1024169921875
411.13498619895876,Move,920.26171875,536.1325206756592
416.7171401352492,Move,917.0757751464844,535.2010688781738
422.7120502209911,Move,909.9646911621094,531.8772068023682
440.20407524260276,Move,941.8676147460938,554.8244361877441
453.1991248216084,Move,955.119873046875,565.8924751281738
472.9642238992384,Move,957.0787353515625,563.8277492523193
481.60661928200847,Move,940.1103515625,550.0522842407227
498.17287020368803,Move,929.9232788085938,544.2444477081299
506.6501529086664,Move,919.4660339355469,535.651834487915
528.5864356543304,Move,901.0946044921875,520.1817626953125
542.3143634387985,Move,863.1604614257812,493.9287986755371
547.4884261141517,Move,862.736572265625,495.6302547454834
556.1793042168323,Move,871.70361328125,502.6021614074707
569.3691740116443,Move,891.8958435058594,515.9893798828125
583.7851639923823,Move,850.3778686523438,487.5936698913574
604.8921958247138,Move,820.5491638183594,469.6870536804199
625.8679031653035,Move,813.6934204101562,467.20369720458984
641.927884884105,Move,841.5993347167969,487.93052101135254
652.8434075145325,Released,841.5993347167969,487.93052101135254