resolution:1536,864
0,Pressed,1090.3823547363281,688.8534851074219
19.32787329401158,Move,1090.3823547363281,688.8534851074219
39.73992237852998,Move,1200.33984375,758.0941829681396
50.044966537763145,Move,1233.0246276855469,775.9171142578125
63.4522138114974,Move,1227.57568359375,776.26735496521
71.9225708016965,Move,1187.6083374023438,757.6217880249023
83.51560134420129,Move,1124.4945373535156,720.5855197906494
103.72010360299306,Move,1028.4614868164062,656.7900581359863
126.02043263212909,Move,949.2577514648438,593.3540554046631
144.44147900496893,Move,881.0115051269531,525.3955135345459
157.97619872032172,Move,832.4189758300781,482.14220237731934
174.24961771291186,Move,785.8572692871094,439.5337028503418
182.90449761709576,Move,742.6537170410156,401.14088916778564
188.43598599251334,Move,702.7086181640625,369.1763906478882
205.55452868812657,Move,652.0121154785156,329.1388463973999
219.18327616964473,Move,605.3521728515625,295.04154109954834
225.43307635400805,Move,555.1104583740234,266.67554569244385
230.78356287563872,Move,515.2028503417969,245.88403987884521
240.76164347265475,Move,492.8375244140625,236.29052925109863
255.97526645000295,Move,467.3694763183594,225.26796340942383
263.66236196531355,Move,459.7906036376953,222.82335948944092
285.822373556771,Move,453.64439392089844,215.14746952056885
292.8040449490778,Move,430.48370361328125,199.12948036193848
298.61739711182054,Move,409.99708557128906,184.9663224220276
321.18217342217656,Move,378.69873046875,166.92269468307495
340.07514068050614,Move,336.0066604614258,143.47702503204346
357.71355552723765,Released,336.0066604614258,143.47702503204346