resolution:1536,864
0,Pressed,790.1618957519531,242.9252758026123
17.937389130576022,Move,790.1618957519531,242.9252758026123
32.11885720002598,Move,735.6649932861328,131.75844526290894
37.46725541556119,Move,661.2732696533203,72.5862729549408
53.22272115291071,Move,573.3916168212891,39.82164680957794
66.10236921766662,Move,491.6675720214844,21.850816905498505
83.16398849057202,Move,418.6610870361328,11.520869314670563
91.30689697119215,Move,363.4845428466797,5.184196382761002
98.66638648471968,Move,323.93646240234375,1.7058917731046677
110.92951901525933,Move,306.23705291748047,0.32814464438706636
117.84686408073026,Move,315.7226028442383,0.01904321671463549
132.91567662817488,Move,346.3219757080078,0.0001356560933345463
151.44248247427055,Move,354.7568664550781,2.6453929047320912e-08
156.79772869338214,Move,179.1936264038086,1.7159559734287745e-14
171.91165453010552,Move,27.348687171936035,6.914211316132358e-24
190.67586411584915,Move,2.4034405946731567,0
199.8402893697041,Move,0.0013407701044343412,0
217.0796569915359,Move,3.6113007115951e-12,0
223.80907147396735,Move,2.3742509983296076e-27,0
239.91039931348374,Move,0,0
255.1257136023523,Move,0,0
263.1482812585728,Move,0,0
278.8459872288421,Move,0,0
295.8561248785333,Move,0,0
304.52402398828974,Move,0,0
313.1545164883547,Move,0,0
326.5219062518919,Released,0,0