resolution:1536,864
0,Pressed,763.4580688476562,402.77434158325195
20.371116242572242,Move,763.4580688476562,402.77434158325195
28.80817093343364,Move,779.250732421875,398.59143447875977
36.831391929874194,Move,761.8170776367188,396.0355682373047
42.55229856997943,Move,738.1171417236328,397.2115602493286
52.89603474866037,Move,720.8622436523438,401.6042203903198
62.99633668342535,Move,712.1949005126953,404.8667736053467
79.96987496085288,Move,709.0425109863281,405.33651638031006
90.60592552264242,Move,712.9062194824219,404.8602590560913
110.44896069302075,Move,713.5855407714844,402.0824089050293
129.84445970964143,Move,714.9788818359375,400.81544494628906
137.66346767396163,Move,714.6334991455078,401.6324157714844
148.65476754445032,Move,716.404541015625,401.78078269958496
166.9186541069051,Move,713.0753173828125,403.2727174758911
178.16095861299016,Move,712.4622344970703,401.3864336013794
200.7031931273842,Move,712.57763671875,399.97143745422363
220.25965612728382,Move,712.6803588867188,398.1900043487549
229.40961437736667,Move,713.4228515625,396.4751329421997
246.51634619138744,Move,718.6157684326172,394.4011631011963
259.04314027234085,Move,722.5133972167969,393.11388301849365
272.05757158309746,Move,725.7200775146484,391.78599643707275
294.76183004770104,Move,725.8251800537109,390.65220737457275
307.20359041680877,Move,727.3757171630859,389.3830032348633
313.5151254722593,Move,724.781982421875,390.7395486831665
324.5846651455256,Move,725.2477111816406,390.3564262390137
344.67137135784634,Move,727.3925170898438,389.5960006713867
362.42583350566025,Move,727.3637237548828,387.82234382629395
378.05516023925054,Move,724.5115356445312,387.77710247039795
399.0190743435779,Move,725.4378204345703,385.4267406463623
417.46365039906243,Move,730.0557861328125,383.98795223236084
425.8526570311778,Move,731.5412292480469,385.4419584274292
439.0674364488357,Move,734.1529998779297,387.3416576385498
453.4455794632991,Move,731.6605224609375,389.8934555053711
466.34172153341564,Move,729.2700347900391,391.6456890106201
484.4617322214824,Move,727.9689331054688,392.4471845626831
505.495211380121,Move,731.4246368408203,391.4826192855835
523.5339124466583,Move,732.0453186035156,390.6820764541626
532.5349267130911,Move,729.5936737060547,390.54709911346436
551.4696890955317,Move,726.1801300048828,390.3006534576416
558.8865457464502,Move,728.9595336914062,388.043194770813
564.0290545928492,Move,730.6352691650391,387.68056869506836
585.5009008640344,Move,733.6802673339844,386.8912010192871
604.4703287919899,Move,741.0681610107422,386.27092838287354
613.8787953771271,Move,738.3320617675781,387.3637504577637
635.2227448823526,Move,734.9238739013672,387.8338794708252
653.6350810942861,Move,731.274169921875,388.0379161834717
669.5789113387686,Move,730.2852630615234,387.45948600769043
690.389674182878,Move,732.4386291503906,386.7094888687134
704.3375274789187,Move,730.8622283935547,387.33246517181396
714.1694294204985,Move,733.4753265380859,385.69757080078125
734.8474378272481,Move,736.2930450439453,385.2986898422241
743.5587060097263,Released,736.2930450439453,385.2986898422241