resolution:1536,864
0,Pressed,627.9438171386719,332.809627532959
9.351498651595197,Move,627.9438171386719,332.809627532959
28.886734083942226,Move,557.8157043457031,281.7704257965088
39.22473956063615,Move,499.7270965576172,242.95939350128174
52.40476032153945,Move,496.60679626464844,245.5845251083374
66.30239052570269,Move,518.7075805664062,270.1038465499878
73.27777383710992,Move,554.9605865478516,304.39548110961914
79.39606147761965,Move,621.1799468994141,358.53426933288574
98.73414754603685,Move,675.5582427978516,397.7092924118042
109.44781263392495,Move,741.3903350830078,437.7014408111572
120.63257722952696,Move,747.3020782470703,431.85225105285645
128.3215899687431,Move,769.48095703125,441.7517395019531
150.77748897953563,Move,760.2440643310547,433.2450771331787
168.0196414398443,Move,756.3020782470703,429.19828033447266
180.16401685519742,Move,774.40576171875,440.13927268981934
191.49127810589232,Move,792.3487243652344,450.39827156066895
212.3474167497961,Move,813.567626953125,467.63061904907227
223.52667321507306,Move,846.9848327636719,489.6631851196289
229.03916227706299,Move,897.0623474121094,524.4078769683838
251.3732558160459,Move,928.963623046875,542.2817916870117
266.12880101592407,Move,937.5758056640625,546.4938983917236
284.7659891686137,Move,937.459716796875,544.3185024261475
298.13942723921616,Move,917.9847106933594,527.1374473571777
305.1520120650421,Move,937.8337097167969,545.623369216919
327.19886063380625,Move,960.388916015625,561.929723739624
341.7340007828768,Move,974.1419677734375,574.6549816131592
347.09850787900945,Move,1016.9671325683594,603.3322334289551
368.8196456073901,Move,1054.7523193359375,625.6084899902344
377.50729810289687,Move,1073.0505981445312,636.3977680206299
390.9034903969014,Move,1045.0194396972656,617.0091819763184
407.6042502485074,Move,974.5647583007812,563.4724102020264
413.77046020401764,Move,969.5755004882812,565.7509574890137
431.22777573309713,Move,993.1187438964844,587.6234664916992
439.5111230929855,Move,1015.095703125,605.7606410980225
455.4623134741447,Move,1022.0760498046875,608.3050231933594
467.5212419523795,Move,1051.1465148925781,626.4808731079102
481.44018063923187,Move,1073.2537536621094,642.0920505523682
500.1615901044413,Move,1094.96484375,656.1003913879395
517.6558591085651,Move,1096.2359619140625,653.6511268615723
539.0270413285397,Move,1090.1690368652344,647.7194881439209
548.7295445379355,Move,1080.9973754882812,638.4983367919922
568.3192434294274,Move,1066.0011291503906,628.1184711456299
589.8991484152949,Move,1051.1950378417969,620.681173324585
600.6104946620138,Move,1049.7129821777344,621.6876583099365
619.4139522373101,Move,1058.7886047363281,631.6458549499512
624.7105777207315,Move,1077.4520874023438,643.2289810180664
644.8749887493536,Move,1113.1131591796875,664.5146141052246
660.4310067650692,Move,1154.2115478515625,689.8422031402588
679.9588722213713,Move,1212.9818115234375,726.6829319000244
687.6014901228126,Move,1254.7972412109375,743.5666351318359
698.6472287577425,Move,1280.2729797363281,754.0685005187988
720.3636605161144,Released,1280.2729797363281,754.0685005187988