resolution:1536,864
0,Pressed,779.3258056640625,401.34780979156494
7.315129761617985,Move,779.3258056640625,401.34780979156494
14.153439828255163,Move,797.8427124023438,390.29954624176025
36.810327666984506,Move,787.929931640625,381.47150802612305
46.02582422313087,Move,776.4687194824219,374.3815155029297
62.99487529135114,Move,753.4071807861328,378.6416702270508
84.58540554165677,Move,735.9546661376953,385.9281806945801
105.67228785728878,Move,725.4415740966797,392.61548137664795
117.37856091259022,Move,720.9990692138672,400.83419036865234
135.36253996062305,Move,720.601318359375,406.0355043411255
154.91352201989181,Move,722.6636352539062,412.2508478164673
174.28650588982342,Move,723.466552734375,412.351037979126
180.83877659708045,Move,728.3935546875,414.02970600128174
192.13769962276342,Move,733.717529296875,413.41368198394775
202.65491044484918,Move,734.0132904052734,411.4715738296509
216.55399339096695,Move,730.8819580078125,413.97205352783203
235.2347595715944,Move,733.0713500976562,413.1980838775635
254.93127633711427,Move,732.0545196533203,414.3315382003784
267.14558540645123,Move,730.9103851318359,413.2248373031616
281.27934503874087,Move,728.107177734375,413.43829822540283
302.23568821445593,Move,730.0696563720703,412.4583349227905
310.11590253211034,Move,736.5203247070312,414.1974620819092
326.50205179247223,Move,746.1169738769531,416.9471426010132
340.45068692203256,Move,749.7497406005859,418.13263607025146
351.30236361480655,Move,752.8401947021484,416.91817474365234
361.1137803107583,Move,749.9398956298828,417.81669330596924
379.6771020179443,Move,750.1425933837891,416.66755771636963
392.12798646710974,Move,745.6566467285156,413.18685722351074
410.4349723986322,Move,740.5151824951172,412.5529375076294
416.9110268251454,Move,744.9456939697266,415.1596841812134
422.3244327556825,Move,742.7389526367188,413.3501329421997
428.9612389919858,Move,740.5767974853516,411.6931972503662
446.5366765342092,Move,740.0296325683594,413.7233934402466
463.881193474532,Move,740.189208984375,412.80412101745605
485.45325976517313,Move,736.8498687744141,412.4136600494385
492.25712100839513,Move,736.8957366943359,411.14916801452637
502.69965932578674,Move,737.4423065185547,411.8946075439453
514.2037811901766,Move,738.5153961181641,412.15524101257324
532.8908056759686,Move,737.6554412841797,412.61697578430176
545.8796090888823,Move,737.5345001220703,412.19893741607666
567.5184203669116,Move,741.6523132324219,415.6250238418579
588.2238195140989,Move,748.1961822509766,418.55989265441895
598.6203830171013,Move,754.39599609375,420.98796558380127
613.9512993608565,Move,758.0836029052734,419.7257652282715
620.3348795701555,Move,761.6548919677734,420.53617000579834
639.162999519456,Move,768.6851806640625,424.5181818008423
647.1158993043649,Move,780.5491333007812,429.71867179870605
657.9641058772004,Move,781.9996032714844,427.4014492034912
680.2303383059987,Move,782.3592224121094,425.9896459579468
696.1716734023933,Move,782.3426513671875,428.31714248657227
713.1717723164469,Move,776.0655212402344,427.4321937561035
728.6494696809351,Released,776.0655212402344,427.4321937561035