resolution:1536,864
0,Pressed,764.1117553710938,385.4508934020996
9.588162179573537,Move,764.1117553710938,385.4508934020996
15.499912878747216,Move,772.99072265625,359.56037521362305
21.295215678497676,Move,760.3878021240234,345.1410255432129
41.80400484387911,Move,738.1881866455078,345.3227119445801
60.33008764939101,Move,722.8598785400391,360.32250022888184
79.97720222929418,Move,714.5816345214844,371.8072385787964
88.525632288052,Move,713.8136444091797,385.2472686767578
109.93133243580438,Move,715.5066833496094,389.5114917755127
123.16215343436498,Move,717.7803039550781,394.0754871368408
133.94207077397778,Move,721.3625793457031,397.061674118042
149.3898181101187,Move,724.7431640625,398.67681884765625
168.48428018953393,Move,727.9348754882812,398.33968448638916
190.36721414395913,Move,728.5762481689453,399.8222723007202
210.4503246783795,Move,731.9762878417969,407.96460914611816
221.69337085362966,Move,734.1762542724609,411.2635974884033
241.48245747860807,Move,732.7184600830078,410.74495697021484
258.5742246259567,Move,735.7339782714844,415.80938816070557
273.70299762541123,Move,733.9657287597656,416.075119972229
285.3549640653148,Move,738.0650482177734,419.4308853149414
307.66645016163056,Move,736.6488647460938,417.80734634399414
327.2653074089475,Move,745.1593322753906,423.80425930023193
337.66399387764466,Move,748.2279052734375,425.61641120910645
343.9484360210512,Move,757.4616394042969,430.4732265472412
354.43803859541504,Move,783.7379150390625,446.63255310058594
366.582699407787,Move,779.4098510742188,435.8085136413574
379.7142436661371,Move,770.360595703125,428.94107151031494
387.86706181867,Move,760.5980529785156,424.31841945648193
406.2389991641746,Move,757.2843017578125,422.50065422058105
417.6635687951306,Move,752.8406982421875,421.8437919616699
429.9688115468027,Move,744.7911529541016,419.7315845489502
445.4600668025888,Move,739.5313568115234,417.88765811920166
453.0830063284448,Move,737.4473876953125,417.44397354125977
470.31502341111013,Move,737.6104888916016,414.0856590270996
493.165218057893,Move,737.5973510742188,414.9663076400757
508.0569286870738,Move,738.0176239013672,414.8908109664917
530.3381626926371,Move,742.8552703857422,418.30330181121826
535.9532806554299,Move,747.4486083984375,420.17776679992676
558.1343619442248,Move,745.4524841308594,419.3604612350464
575.7122498367863,Move,748.9364776611328,422.7276077270508
588.8213654263857,Move,744.7620849609375,419.5279598236084
606.9490864764006,Move,750.9725646972656,426.1765594482422
618.8472546971932,Move,761.9720764160156,433.3682613372803
633.6193710799332,Move,770.9681396484375,439.68577766418457
645.1249914340794,Move,769.3059997558594,438.35794258117676
659.1958756057791,Move,770.8240356445312,439.3483085632324
666.7362684592076,Move,767.1779937744141,433.71144676208496
686.0924681325083,Move,763.0643463134766,433.4117259979248
704.1335496719271,Move,759.6051177978516,430.57805156707764
717.7930087380226,Move,755.2196502685547,425.0907154083252
728.7455661151911,Move,752.1752471923828,425.3567304611206
746.8538644885612,Released,752.1752471923828,425.3567304611206