resolution:1536,864
0,Pressed,766.9037475585938,430.10957050323486
17.100932576887224,Move,766.9037475585938,430.10957050323486
23.981921455326635,Move,766.3993377685547,428.27038192749023
32.54822369750106,Move,765.8849487304688,426.8244352340698
45.49249882995332,Move,765.7809906005859,425.6888179779053
60.50029890527783,Move,765.5363616943359,425.0591983795166
67.41683471171112,Move,765.5146179199219,424.78705501556396
88.35198166102946,Move,765.5580139160156,424.67774963378906
109.73008988103462,Move,765.5731201171875,424.47538661956787
119.4159698565798,Move,765.3928527832031,424.2689037322998
129.25099980192815,Move,765.0984191894531,424.4659366607666
140.14373778059644,Move,765.0882568359375,424.35444259643555
158.78625865443445,Move,765.2508544921875,424.2059726715088
166.93770514880003,Move,765.3152160644531,424.0858268737793
185.80663095940668,Move,765.4424285888672,424.13487911224365
192.21527852335043,Move,765.5240936279297,424.34648609161377
205.25889221012085,Move,765.4281463623047,424.48035621643066
225.8214351730299,Move,765.3979339599609,424.52474784851074
234.5861500425845,Move,765.4154205322266,424.59264850616455
246.59335013199578,Move,765.4969024658203,424.18810272216797
261.81653612523377,Move,765.3152160644531,423.6919927597046
270.2295014550628,Move,765.1343536376953,423.58049869537354
275.94188105171617,Move,765.2274169921875,423.36206817626953
295.5781218041952,Move,765.3462066650391,423.4697256088257
317.82236849982365,Move,765.3417663574219,423.6260747909546
326.2220211563424,Move,765.5635070800781,423.97021293640137
349.0030575854993,Released,765.5635070800781,423.97021293640137