resolution:1536,864
0,Pressed,771.7250061035156,402.03796577453613
6.5416512262844275,Move,771.7250061035156,402.03796577453613
17.678426053460594,Move,780.4190368652344,395.0924263000488
37.884921747500314,Move,769.025390625,390.92648792266846
48.56041655162116,Move,752.4061889648438,391.75272846221924
61.81270062286456,Move,739.6006164550781,396.5850820541382
84.19412631223625,Move,733.5146484375,399.84261417388916
102.61471787511553,Move,726.9088897705078,404.1798105239868
114.34299014591406,Move,727.7979125976562,405.58370876312256
124.32525805827304,Move,727.0265350341797,409.35385608673096
135.9292759880047,Move,729.5616302490234,408.79684925079346
149.3849581256635,Move,731.354736328125,410.16374588012695
164.19873488271026,Move,729.8753814697266,413.089937210083
171.89419919006602,Move,734.7913513183594,414.79790782928467
182.87046686662197,Move,739.3529205322266,415.2561149597168
191.29369688309626,Move,740.6342010498047,415.1902742385864
214.02502308013868,Move,744.8903961181641,416.0825614929199
236.3490056287527,Move,745.8054656982422,417.96106910705566
253.7076470644001,Move,748.5950775146484,419.56599140167236
266.1120198685176,Move,759.6267700195312,423.52645111083984
285.087650203608,Move,761.3954772949219,424.73388290405273
294.16231533493635,Move,759.3895111083984,422.68161964416504
301.0722704430581,Move,757.8779754638672,420.6098642349243
306.0930071281009,Move,760.5678863525391,420.81920528411865
317.47149395054686,Move,760.4718933105469,420.5033655166626
340.26085302485734,Move,760.2653961181641,420.87487506866455
356.75885682554747,Move,747.2929229736328,418.0638599395752
379.3024417273512,Move,749.7344512939453,417.58855533599854
389.53075990184533,Move,746.9731750488281,415.48283672332764
412.4476241658919,Move,740.3473663330078,414.53173828125
425.3338364970119,Move,737.4258728027344,414.1287889480591
436.1344559179641,Move,745.3729705810547,416.96498680114746
453.62965060816373,Move,756.6642150878906,420.9782838821411
463.56514492391614,Move,760.3775482177734,421.25652980804443
484.9064391695068,Move,761.7693328857422,422.99630069732666
497.3381341413303,Move,756.3154449462891,417.8187017440796
505.9766504132324,Move,750.5349426269531,416.9928731918335
526.3326911275567,Move,750.815185546875,415.3246593475342
543.7877809968719,Move,747.963134765625,414.7638416290283
554.8197303964052,Move,750.1207580566406,417.406946182251
574.6261531330243,Move,747.1585693359375,415.53791427612305
596.71837321665,Move,745.588623046875,413.52615451812744
614.486921858092,Move,740.4782409667969,411.7130756378174
632.3695933475174,Move,735.1419982910156,412.77929878234863
641.3803582436649,Move,733.7118530273438,413.61460304260254
662.0104107748999,Move,735.4768524169922,415.273006439209
673.5145898191984,Move,745.5979614257812,418.0098123550415
685.3019181472913,Move,755.5475463867188,421.94359588623047
703.9993576393371,Move,768.5972900390625,426.70573139190674
724.7700841700131,Move,778.2078552246094,427.1184911727905
742.432558424283,Move,769.393798828125,421.7608280181885
754.9830069955723,Released,769.393798828125,421.7608280181885