resolution:1536,864
0,Pressed,663.0430755615234,388.90087509155273
11.221209070801848,Move,663.0430755615234,388.90087509155273
27.282788910769263,Move,602.5432891845703,362.01306438446045
40.62661930315297,Move,582.9272003173828,355.8364477157593
47.24204119532531,Move,576.224853515625,356.2211923599243
59.09184203306375,Move,584.6232147216797,363.1474714279175
79.2948370933414,Move,611.6737060546875,377.39203548431396
91.82578850299166,Move,645.7415313720703,393.7464122772217
112.14286252925801,Move,679.4488220214844,408.61634731292725
122.41455232530235,Move,709.9274139404297,423.2417163848877
138.93107676406157,Move,732.1323394775391,434.0892391204834
160.23988989191565,Move,749.2337493896484,441.4043312072754
170.52764456040586,Move,748.1614379882812,439.32812118530273
192.99130585468677,Move,761.5519866943359,445.89638328552246
198.39661086540076,Move,791.9261169433594,462.93592071533203
219.11019170257094,Move,827.269775390625,483.74534797668457
230.95928140792952,Move,858.8106079101562,502.46826553344727
244.35049685865286,Move,870.983642578125,509.1298427581787
266.98752648745096,Move,883.6034545898438,517.410530090332
282.31856630567177,Move,868.3740234375,507.31802558898926
298.93708391215847,Move,834.1844787597656,485.6718006134033
313.93021451179675,Move,828.640869140625,483.1060981750488
334.3553955783937,Move,828.1049194335938,483.09363555908203
345.02074620655384,Move,823.6288146972656,480.7470588684082
360.0583055892027,Move,813.02783203125,475.69980239868164
379.72982347735,Move,793.2474060058594,463.8278217315674
385.13620581416166,Move,794.2021179199219,464.3832321166992
400.1005904797756,Move,812.5236511230469,475.26912117004395
418.5193484175449,Move,837.6607360839844,489.77025032043457
429.22344149365574,Move,821.9951477050781,478.97731590270996
440.96545991522964,Move,788.9790344238281,459.2874126434326
453.84009297356715,Move,770.6419372558594,448.7915210723877
463.36335531691566,Move,752.4504547119141,439.6113624572754
479.2005590939434,Move,746.2773284912109,437.2097339630127
489.2617769238934,Move,761.4344329833984,446.2720127105713
507.9537953697743,Move,790.5663757324219,462.6444911956787
527.4199756732914,Move,807.5841979980469,471.7282962799072
547.3115138521237,Move,815.946533203125,476.17075538635254
562.568775054135,Move,820.5235290527344,478.65946769714355
584.2988910581005,Move,828.2242126464844,483.26085090637207
604.8716186927777,Move,845.4147033691406,493.6079635620117
619.2722467069203,Move,859.9595031738281,502.04680252075195
637.3816081551316,Move,878.556884765625,513.6085567474365
643.4381336233048,Move,883.4903869628906,516.5897998809814
661.9154592524093,Move,905.7550964355469,530.7994480133057
675.9986697237898,Move,921.8676452636719,541.2787055969238
681.4449819134736,Move,914.0628662109375,535.7433986663818
699.6647026882348,Move,917.3098754882812,537.5211753845215
719.7689391296794,Move,878.6206970214844,512.9091053009033
730.9749368198807,Move,854.5782165527344,498.7686710357666
751.7629666472963,Move,815.4960021972656,475.17647552490234
763.517540944857,Released,815.4960021972656,475.17647552490234