resolution:1536,864
0,Pressed,713.7146301269531,472.67530059814453
16.139969706248877,Move,713.7146301269531,472.67530059814453
22.65449716011721,Move,692.6697692871094,489.4957637786865
39.313727012602854,Move,693.7283935546875,488.9380359649658
56.70051806429871,Move,703.5180358886719,480.0377712249756
71.67431431726163,Move,716.0224914550781,468.60440254211426
83.78765986156887,Move,731.1883850097656,453.4166965484619
90.3221375326468,Move,743.4967803955078,442.4022674560547
96.64029893956284,Move,753.6974029541016,432.8246440887451
102.88763981983641,Move,763.8980255126953,420.8794584274292
119.81413313751784,Move,773.0624084472656,410.5783338546753
131.75731453981402,Move,779.7724914550781,400.6483325958252
140.1833955210904,Move,785.9622802734375,390.2648620605469
155.07442476465394,Move,792.3359985351562,380.8157014846802
160.89021907627506,Move,797.6907348632812,373.1069555282593
168.78878150491386,Move,801.8548278808594,367.4001588821411
181.315418292388,Move,804.7632751464844,363.41778659820557
200.81340809425754,Move,808.3681640625,360.43883514404297
206.38367154763893,Move,810.4407348632812,355.27547550201416
220.99947689532328,Move,813.4245300292969,350.658411026001
243.35017658160456,Move,818.4385986328125,346.63589572906494
261.31566843792547,Move,819.2904052734375,343.4178628921509
269.3042740231165,Move,821.16650390625,343.30531311035156
280.30545203400186,Move,820.6460266113281,343.5527114868164
302.1567581035483,Move,819.9457397460938,344.0221710205078
316.7020736303483,Move,819.1694641113281,343.76588916778564
328.3854525441309,Released,819.1694641113281,343.76588916778564