resolution:1536,864
0,Pressed,769.92626953125,432.2204132080078
19.93541400019054,Move,769.92626953125,432.2204132080078
28.87385203195946,Move,770.9290466308594,432.51730155944824
43.97510011142889,Move,771.5128784179688,432.7243251800537
54.58314359049889,Move,771.856201171875,432.8940124511719
60.88617742870985,Move,772.2361450195312,432.924036026001
74.92626976325118,Move,772.0415954589844,432.94468688964844
85.5367417164901,Move,772.212890625,432.9194526672363
106.25720609207589,Move,773.069091796875,432.8459644317627
124.62618992704326,Move,772.9722290039062,432.88932609558105
135.438202121571,Move,773.2412109375,432.96631622314453
147.3143739806821,Move,772.7791442871094,432.86589431762695
167.21138652431551,Move,772.5063171386719,432.82042121887207
184.8863214503785,Move,772.8873596191406,432.8199062347412
191.35334702994834,Move,773.142333984375,432.85461616516113
201.59689867115935,Move,772.9435729980469,432.91749572753906
208.31986371464188,Move,772.377685546875,432.9931983947754
225.71689084509873,Move,772.3247680664062,433.036096572876
246.1145858178237,Move,772.0784912109375,433.063081741333
263.1971208389517,Move,772.0325317382812,433.03759002685547
286.04717633912827,Move,772.3494873046875,432.97362899780273
298.07011214667415,Move,772.4586181640625,432.9115734100342
306.70435064504954,Move,772.6378784179688,432.8594055175781
314.44549686599436,Move,773.0978393554688,432.88721466064453
336.96068746641083,Move,773.180419921875,432.80146980285645
356.4819228682569,Move,772.7723693847656,432.8397846221924
372.357920331266,Released,772.7723693847656,432.8397846221924