resolution:1536,864
0,Pressed,659.5585784912109,387.4386034011841
14.366318161979237,Move,659.5585784912109,387.4386034011841
33.95627222535822,Move,577.9127197265625,351.62614345550537
39.70665360826919,Move,544.109619140625,339.03279876708984
53.84022367753269,Move,539.1554718017578,339.88643646240234
74.0448872234885,Move,559.0119781494141,352.1277379989624
94.90365079373873,Move,602.2435455322266,374.9049711227417
117.01963487418736,Move,634.6236877441406,389.6834707260132
122.71254593271823,Move,668.9610443115234,404.5328063964844
128.87328001323738,Move,692.8756256103516,415.62283515930176
135.465031668124,Move,718.4596710205078,428.8920965194702
152.05539891019515,Move,729.2045745849609,433.29029273986816
159.89460422709647,Move,736.6651153564453,435.18739128112793
169.41384999324004,Move,737.0540771484375,433.28370094299316
180.8525312430059,Move,756.05859375,443.4243564605713
194.72435037815677,Move,755.7739105224609,442.0422420501709
212.26459727860717,Move,755.8849182128906,440.1918525695801
227.0552997496945,Move,745.3518676757812,434.48454093933105
242.9559460423047,Move,730.9418334960938,427.0134344100952
259.94783088536224,Move,719.9223175048828,421.34714126586914
277.77778077039954,Move,716.4780578613281,419.3641948699951
295.2541523662394,Move,722.0231781005859,422.994704246521
309.0743698661178,Move,734.0730285644531,428.2416715621948
329.0543778754229,Move,744.3907928466797,433.28601837158203
342.33497433424884,Move,753.8836212158203,439.1531810760498
350.0252037633623,Move,745.7410583496094,434.25233459472656
361.23740126380915,Move,767.9017639160156,448.12513160705566
367.89862323339366,Move,792.4575805664062,463.0568389892578
379.4167256569464,Move,795.1284484863281,463.72400093078613
399.99427395867144,Move,780.7278442382812,454.39660835266113
417.2147803341469,Move,758.1912231445312,442.50423431396484
423.3792616771836,Move,757.4675445556641,443.67638969421387
436.9773587886828,Move,762.5601196289062,445.5022659301758
447.4062314053826,Move,772.8721618652344,451.1781635284424
467.7744099542694,Move,800.9600830078125,467.6319580078125
481.9458580585461,Move,826.2857666015625,482.12309646606445
495.5134391645119,Move,840.4137268066406,490.31742095947266
516.0582955002078,Move,848.5066223144531,494.7763080596924
526.2784719430597,Move,858.5888671875,500.62256240844727
547.4401039398384,Move,872.5133056640625,509.0598564147949
557.9410369895958,Move,878.0118713378906,512.4141540527344
566.3140253367811,Move,874.7262268066406,510.40442848205566
580.8377494542658,Move,856.9452209472656,499.4040069580078
602.884059688354,Move,845.8352966308594,493.00254821777344
612.9161098739463,Move,838.8088989257812,488.9598197937012
618.2767210833372,Move,823.0192565917969,479.241605758667
638.460065009067,Move,823.787109375,480.103328704834
645.9578533915195,Move,814.3049011230469,474.14259338378906
665.5969589937596,Move,810.7561340332031,472.71732330322266
671.1710674802852,Move,818.4778747558594,477.7975387573242
693.9351426446818,Move,820.5220642089844,479.1214084625244
705.6355529906632,Released,820.5220642089844,479.1214084625244