resolution:1536,864
0,Pressed,766.34912109375,218.13986206054688
7.241913874890911,Move,766.34912109375,218.13986206054688
25.761580480669487,Move,697.4166870117188,98.36709952354431
32.07787423322227,Move,610.3934326171875,39.1925904750824
48.03534602384578,Move,498.36328125,14.3335742354393
69.92545181498951,Move,378.7888641357422,4.14538286626339
89.85570075180192,Move,254.82396697998047,0.7635177355259657
108.68218466441681,Move,142.40929412841797,0.04700131353456527
122.68065981135001,Move,58.03352165222168,0.0003317809387226589
133.80025381244826,Move,9.452100992202759,8.741712353987907e-08
145.30691126632257,Move,0.3420413061976433,1.0350125297835591e-13
165.56280660253006,Move,0.0007516118057537824,1.0113615019542274e-22
185.88148181229792,Move,3.8597503859705284e-08,0
199.958790082712,Move,2.1119585775857506e-14,0
220.77965031601218,Move,8.252285022873484e-25,0
234.3739962046614,Move,0,0
253.60159311654712,Move,0,0
263.6387424052613,Move,0,0
284.1509875737863,Move,0,0
303.0494020079985,Move,0,0
317.6052146298719,Move,0,0
323.4546087046947,Move,0,0
344.0918814393893,Move,0,0
354.3688611654524,Move,0,0
363.66677712816255,Move,0,0
378.59006011459024,Move,0,0
386.82719587652105,Released,0,0