resolution:1536,864
0,Pressed,712.6018524169922,410.62625312805176
16.117260576359314,Move,712.6018524169922,410.62625312805176
38.05564969064467,Move,687.888427734375,401.2766647338867
57.95264647215422,Move,682.9190826416016,401.15850162506104
67.50625623271645,Move,691.154296875,406.61944484710693
89.32440864809264,Move,701.3515319824219,412.3871898651123
111.72890496327204,Move,720.6341857910156,423.3941259384155
128.38722575731396,Move,737.2058715820312,432.1380672454834
147.8117172989983,Move,764.8854217529297,448.2717990875244
167.90165437692073,Move,789.5487670898438,462.37330055236816
187.21384390619613,Move,810.49072265625,474.0951118469238
207.51981334858715,Move,831.8616943359375,486.3731060028076
221.82342402913935,Move,846.8885192871094,494.99146842956543
240.105513771034,Move,855.1573791503906,499.6358528137207
259.1069975890687,Move,869.4575500488281,508.19736099243164
274.1840237997891,Move,886.1859741210938,519.6949481964111
294.59269198933737,Move,900.6571655273438,529.1407356262207
313.51084785782774,Move,910.6638793945312,535.7457675933838
327.4693045047108,Move,913.2671813964844,537.2660007476807
343.95028746023877,Move,918.6384887695312,540.6038188934326
366.1055284487857,Move,927.076904296875,547.1102313995361
373.4044799594235,Move,934.1512756347656,551.4682331085205
393.97994767431453,Move,942.9055480957031,558.2695770263672
409.037273607475,Move,950.3425598144531,563.1117668151855
424.33865321499275,Move,956.0344848632812,566.9618911743164
437.3511883875086,Move,953.154052734375,564.6009979248047
454.28721629075534,Move,948.5649719238281,561.1089420318604
469.60598303809104,Move,948.0594177246094,560.8592777252197
477.0719226034187,Move,951.8546447753906,564.0680923461914
494.1049912951288,Move,953.1887512207031,565.4264659881592
509.5868089153809,Move,954.7142944335938,567.5602512359619
515.5511571619585,Move,956.0224914550781,567.9723930358887
531.6644389030031,Move,958.0900268554688,569.8005352020264
541.1340498701488,Move,965.2659301757812,575.1341228485107
558.077670186753,Move,968.2729797363281,577.150749206543
567.3094477870433,Move,975.5883178710938,582.6705551147461
576.6419964973314,Move,977.2905578613281,583.2454319000244
590.3375519757866,Move,967.7206420898438,575.5664520263672
598.3471863664691,Move,968.2544860839844,575.6281986236572
603.5553319363343,Move,976.0705261230469,582.5258445739746
608.5577354249752,Move,981.4766235351562,586.3683986663818
628.4101602860354,Move,977.5735473632812,583.379430770874
649.2677209505207,Move,972.658447265625,579.5990867614746
670.5306158496247,Move,974.4609375,580.3027610778809
682.8086684820335,Move,974.7698364257812,580.2034206390381
697.3270705961677,Move,978.4802856445312,583.1419200897217
714.777823610086,Move,982.352783203125,586.8859577178955
728.0887785782356,Move,981.8720397949219,586.6316585540771
743.4960113872182,Move,973.9153747558594,579.5368766784668
748.7793631555048,Move,960.5204772949219,569.8899879455566
759.5999462979936,Move,942.2454528808594,556.6895542144775
764.6528234416332,Released,942.2454528808594,556.6895542144775