resolution:1536,864
0,Pressed,667.0980834960938,337.68747997283936
7.618842798440715,Move,667.0980834960938,337.68747997283936
16.528409895776218,Move,537.0111694335938,259.09716796875
25.23664877127362,Move,420.90037536621094,192.79133892059326
45.830868271176776,Move,327.68499755859375,139.08444213867188
67.98569454073512,Move,255.71534729003906,97.61022090911865
76.14971563397259,Move,200.53356170654297,66.14228940010071
86.35666609752367,Move,159.57506561279297,41.56096386909485
92.95101440132544,Move,125.59651565551758,22.74995344877243
109.94202401505483,Move,95.70780944824219,9.694359004497528
125.27606546972895,Move,66.64215087890625,2.5070580169558525
142.51302272491796,Move,37.24835014343262,0.20645187003538013
154.7467842217949,Move,12.535423278808594,0.002875181642593816
164.8390907519311,Move,2.0523194074630737,2.4293341098768906e-06
182.24358455122024,Move,0.14675257354974747,2.8829649605099927e-11
203.24425312746612,Move,0.004176039830781519,1.814120594480817e-18
222.26991585767462,Move,5.4606756748398766e-05,4.34102911757637e-26
238.8226031912768,Move,7.783509090586449e-06,5.489874984449699e-35
254.0265169645446,Move,5.006363494430843e-06,0
274.7309140677293,Move,28.182735443115234,0
284.8179333541382,Move,2.6801927077713117e-07,0
305.7867039482748,Move,4.742201248607219e-19,0
323.6188270040186,Move,0,0
344.89446971771474,Move,0,0
357.03677643611246,Move,0,0
377.25232316646805,Move,0,0
391.2443885243363,Released,0,0