resolution:1536,864
0,Pressed,679.9716339111328,194.07209157943726
6.331125206859127,Move,679.9716339111328,194.07209157943726
16.048356803321383,Move,546.7455139160156,73.73934817314148
33.18934648997019,Move,405.85638427734375,21.939696729183197
43.947739718702806,Move,264.8006057739258,5.522886961698532
50.12633514472613,Move,146.33256912231445,0.9653545506298542
57.19187259324175,Move,65.70403861999512,0.07723229960538447
62.806660506858826,Move,19.95550775527954,0.0010721261241997126
85.17305011910858,Move,2.2098918557167053,4.388852641312724e-07
99.01379566848424,Move,0.038055265322327614,9.693127343260357e-13
114.57802291789747,Move,4.765300764120184e-05,1.514245417194931e-21
122.68618654114829,Move,4.2993558713178004e-10,8.115183469829711e-35
142.2266742637497,Move,3.460677844843817e-17,0
161.1589614308715,Move,2.8611811608393137e-29,0
173.7089159507518,Move,0,0
181.9896930496444,Move,0,0
189.5082734072838,Move,0,0
204.9524266689466,Move,0,0
220.26710692681186,Move,0,0
235.11641899103748,Move,0,0
247.48715359363973,Move,0,0
257.9920364088509,Move,0,0
271.1764578924094,Move,0,0
281.91288576278635,Move,0,0
293.945144044167,Move,0,0
311.30909472438486,Move,0,0
324.63681913697934,Released,0,0