resolution:1536,864
0,Pressed,771.6104736328125,405.3443183898926
16.070686288936063,Move,771.6104736328125,405.3443183898926
25.622798412012063,Move,791.4613037109375,400.30810832977295
38.077535234858814,Move,787.8196105957031,393.8831148147583
49.634192806858024,Move,773.2740783691406,389.7929563522339
62.48192331907134,Move,753.4449462890625,391.0379819869995
68.86350700648877,Move,738.4072265625,394.72761154174805
82.64288706195251,Move,721.1668395996094,400.5120162963867
89.87225332578159,Move,708.8291931152344,404.00579738616943
102.45359609702447,Move,709.4023590087891,403.78880882263184
123.80758176547566,Move,713.3220520019531,403.70695209503174
141.85847634766168,Move,711.6692962646484,402.54118251800537
149.3903682979909,Move,712.6635131835938,399.4778251647949
164.85587282677594,Move,716.1756134033203,394.7917785644531
185.3307204069618,Move,724.1404266357422,392.0743360519409
194.39572773246078,Move,725.6844635009766,392.75965118408203
212.3259041431233,Move,728.4451904296875,391.7134094238281
231.03262845672862,Move,731.4954071044922,392.26503467559814
250.89754366750103,Move,727.8973846435547,396.8505563735962
265.97398122036157,Move,724.6339416503906,397.89370822906494
272.2784164095074,Move,722.2094879150391,397.88855838775635
283.4050725729135,Move,721.5608367919922,397.15777015686035
292.1440650018829,Move,724.2543182373047,395.7841272354126
304.2873293193228,Move,723.098876953125,397.15326404571533
313.6980915439362,Move,719.4710998535156,399.2375593185425
331.03808307183044,Move,717.1722106933594,398.4797086715698
337.3110119166776,Move,717.5851593017578,397.5477933883667
357.06491351715573,Move,720.6980438232422,394.18847465515137
369.86650961804344,Move,723.1401214599609,391.958722114563
387.3204660823795,Move,729.1717071533203,390.52443981170654
405.1884122678388,Move,730.6417236328125,390.94487285614014
418.57222660469415,Move,730.6021270751953,391.1119079589844
429.64680409743767,Move,726.3375091552734,394.7123680114746
448.45298762220443,Move,725.0952301025391,398.1740655899048
463.3151850546283,Move,723.5488586425781,399.6155834197998
475.35521928486054,Move,722.4531097412109,401.83699321746826
486.4780158368042,Move,721.66552734375,401.77280044555664
502.62620778444847,Move,717.6238403320312,400.3152666091919
520.55556662565,Move,720.0401000976562,396.0806293487549
526.3843316731948,Move,725.8321838378906,394.4149389266968
534.5555474008678,Move,726.5793914794922,393.69978046417236
555.574383224509,Move,732.3292236328125,391.7680492401123
568.357801806566,Move,732.9813079833984,391.39079761505127
582.7879752080987,Move,733.5427093505859,390.3186779022217
593.1943118212589,Move,732.2837677001953,391.4394636154175
612.8162728633545,Move,731.0838317871094,393.53954315185547
620.1248546738113,Move,729.7581481933594,395.25382232666016
642.4430872147736,Move,729.2690277099609,395.774188041687
648.7707474746793,Move,727.0262603759766,396.69006156921387
665.9252925171194,Move,728.252197265625,395.35527420043945
671.0906085258745,Move,735.1849822998047,393.3009510040283
691.4559906412796,Released,735.1849822998047,393.3009510040283