resolution:1536,864
0,Pressed,755.3655853271484,193.45514059066772
18.9709092877183,Move,755.3655853271484,193.45514059066772
24.29061386883318,Move,663.3285827636719,70.92712926864624
30.95829451903486,Move,528.3611297607422,20.818384766578674
35.98008818385476,Move,368.8664016723633,4.34659481048584
47.03697229825343,Move,208.5750503540039,0.5439050663262606
55.55250341472555,Move,84.83983612060547,0.019001532986294478
72.47795173933595,Move,19.25687885284424,4.4501131355900725e-05
91.68800651811522,Move,0.9632184505462646,1.7004025687494817e-09
97.91353942854198,Move,0.005348360049538314,1.9937721826210492e-16
109.37398071399443,Move,4.912130009415705e-07,5.6671876246119346e-27
129.3035556852575,Move,1.88668546931281e-12,0
151.82923663666202,Move,3.190367061138033e-21,0
160.62421075380792,Move,0,0
182.44406766181015,Move,0,0
195.71776155021294,Move,0,0
213.4980551610479,Move,0,0
220.77179639629517,Move,0,0
242.6864944891951,Move,0,0
254.25246382205938,Move,0,0
262.23068054394946,Move,0,0
279.3529736570795,Move,0,0
297.4607136511013,Move,0,0
316.8805049154446,Move,0,0
331.39397048670435,Move,0,0
350.2129884567748,Move,0,0
372.56579365645115,Released,0,0