resolution:1536,864
0,Pressed,603.3324279785156,123.71364641189575
8.27658314390065,Move,603.3324279785156,123.71364641189575
25.839685663910075,Move,403.1608428955078,21.37730187177658
47.93527530704795,Move,234.50198364257812,2.779137209057808
63.14649016982759,Move,107.7216682434082,0.19078624388203025
73.28393804889485,Move,40.62532424926758,0.0038645761233055964
95.4010712985616,Move,9.302233457565308,4.346733405213854e-06
103.7562121254918,Move,0.7539719045162201,8.208468084934528e-11
110.86671512175928,Move,0.024285449646413326,5.1848429393278135e-18
128.53635821187535,Move,3.628820832091151e-05,1.3373802279497349e-28
142.8353787733029,Move,9.901637509912575e-09,0
163.8051190727739,Move,1.9831967285836166e-13,0
182.56915160069207,Move,9.302780776561642e-20,0
193.7043117623288,Move,5.775626773092918e-29,0
203.57708874238918,Move,0,0
219.80664169603142,Move,0,0
232.91240023618656,Move,0,0
249.93143078129708,Move,0,0
257.0761791796936,Move,0,0
268.1607678024234,Move,0,0
284.6239563553344,Move,0,0
298.45097088689965,Move,0,0
314.04535823971327,Move,0,0
333.54118126971287,Move,0,0
346.7595460505027,Move,0,0
361.4517780119629,Move,0,0
373.896138698375,Released,0,0