resolution:1536,864
0,Pressed,775.8697814941406,406.7465944290161
14.29303477979261,Move,775.8697814941406,406.7465944290161
35.437743843620964,Move,785.80078125,401.9405822753906
53.42013204097586,Move,773.9761962890625,396.77647590637207
61.12823569042936,Move,756.9938507080078,394.91588973999023
75.23213490377886,Move,740.3574829101562,396.2570629119873
95.92001399867995,Move,723.2934722900391,400.7076587677002
101.2733322872111,Move,712.2220001220703,405.12959575653076
117.26113056961421,Move,711.1826019287109,406.5985107421875
129.51462139135373,Move,711.7771453857422,403.41583156585693
147.96287610474798,Move,713.9266204833984,401.66009616851807
169.2082806514713,Move,720.5506896972656,398.012412071228
182.81279054413207,Move,722.0459747314453,394.07100677490234
190.56003504824895,Move,725.0619506835938,391.4056806564331
201.21335816191723,Move,729.8838958740234,389.75816917419434
210.02025960059473,Move,732.7775115966797,389.2875509262085
225.7708675910929,Move,734.7568359375,389.60753631591797
238.3170674327465,Move,734.5539093017578,390.7550754547119
257.66711958736045,Move,729.7969207763672,397.19863414764404
269.2199402443324,Move,726.6928253173828,398.21634578704834
278.05387106025523,Move,726.0293426513672,397.7575206756592
298.81289230186763,Move,726.2493438720703,397.1063232421875
315.8524590812649,Move,726.9462890625,396.42620944976807
321.37158642270884,Move,724.4872741699219,393.689661026001
339.57463433879974,Move,725.4544372558594,391.9630479812622
355.8971514065106,Move,723.2993774414062,390.3257074356079
376.0397138913574,Move,723.3122406005859,388.3837022781372
385.86360787230865,Move,733.4425964355469,385.34202575683594
393.3618713053831,Move,745.5324554443359,385.22417163848877
401.23725951571674,Move,746.6350250244141,385.20666217803955
413.63399118873116,Move,748.9801025390625,383.9274158477783
422.1694366409521,Move,749.2646026611328,383.93498611450195
436.91875844509786,Move,748.2882385253906,384.47412300109863
446.9955144573911,Move,748.7198181152344,384.46057891845703
469.4305495519644,Move,747.7927093505859,384.8720769882202
489.4336856703382,Move,748.446533203125,385.2319736480713
512.077082573991,Move,746.2977447509766,388.0591850280762
523.1551463275403,Move,742.9156036376953,390.46949100494385
532.2913742910301,Move,738.3904724121094,392.23477935791016
544.8676408445806,Move,734.0728454589844,393.44550704956055
552.2809539978687,Move,733.5125427246094,392.9144039154053
567.6476925623817,Move,731.6743469238281,394.83271980285645
579.4919921336618,Move,731.9400787353516,394.9524793624878
584.8061289274779,Move,737.6356658935547,394.74949836730957
602.0563885141737,Move,739.2457122802734,392.9081726074219
613.631620178141,Move,743.8794250488281,390.2930316925049
631.8774173347265,Move,743.8067779541016,389.0399980545044
642.8811771862592,Move,743.3695678710938,388.7293338775635
662.5468485114669,Move,744.9449615478516,388.2341766357422
671.9276203751253,Move,745.4328460693359,388.36719703674316
686.9340591966069,Move,741.3300476074219,389.2186460494995
693.0092576477804,Released,741.3300476074219,389.2186460494995