resolution:1536,864
0,Pressed,790.0090026855469,248.4658613204956
6.757871037443852,Move,790.0090026855469,248.4658613204956
21.679303252441848,Move,741.6982269287109,138.48773002624512
39.84823934943056,Move,672.5115509033203,73.07513451576233
50.190778702968416,Move,588.8815155029297,38.984649538993835
71.25268277875,Move,500.6668395996094,20.91655683517456
89.25817412123689,Move,420.97792053222656,10.642737686634064
108.06709280342866,Move,361.2583923339844,4.495858937501907
123.36624999064567,Move,313.0553283691406,1.3411135263741016
135.81906957349852,Move,276.86885833740234,0.20657279575243592
151.59609198169636,Move,259.69608306884766,0.007417750923195854
171.2319432473523,Move,238.33694458007812,2.5005739814787376e-05
191.70079057699678,Move,159.77691650390625,1.2012381089832047e-09
206.8811010839821,Move,33.675856590270996,1.5248581510051922e-16
225.4190333715145,Move,1.8919780254364014,5.037377910511193e-27
234.48543124485005,Move,0.05802118219435215,0
246.43170882737536,Move,2.84543631323686e-06,0
259.5227129877913,Move,3.280565056724683e-17,0
280.7377738835534,Move,0,0
297.0784575444173,Move,0,0
303.04945453975165,Move,0,0
308.5781674412293,Move,0,0
321.41461135602725,Move,0,0
337.7265205392315,Move,0,0
350.65820663442315,Move,0,0
362.38355251389044,Move,0,0
373.74552459882335,Released,0,0