resolution:1536,864
0,Pressed,592.4420928955078,119.21045780181885
11.823439232083171,Move,592.4420928955078,119.21045780181885
21.88487706138343,Move,391.20469665527344,21.132084131240845
30.282736421109377,Move,197.9506072998047,1.9476080238819122
40.90797697299074,Move,73.84764862060547,0.08684503915719688
49.98638170644951,Move,19.30532169342041,0.000669751405439456
72.46810170017292,Move,2.1335232853889465,1.8039478710818457e-07
86.95966502322561,Move,0.059254880994558334,4.4422857726307205e-13
98.92703789203169,Move,0.00017972114437725395,1.542827299295154e-21
112.09505160460391,Move,4.996373315080405e-09,8.315509026676768e-34
130.5762225846846,Move,5.7610573213004446e-15,0
137.62851057144155,Move,2.095347487329537e-23,0
158.616712785836,Move,0,0
163.7454486977437,Move,0,0
175.91003985490227,Move,0,0
195.28001946343656,Move,0,0
214.88202836596759,Move,0,0
232.73157609695556,Move,0,0
252.30500551554306,Move,0,0
266.2949291727269,Move,0,0
284.39156832828826,Move,0,0
302.2483151057696,Move,0,0
311.6923385060173,Move,0,0
319.403919818429,Move,0,0
336.0889546537082,Move,0,0
351.9240437259658,Move,0,0
365.65799567250133,Released,0,0