resolution:1536,864
0,Pressed,749.4762268066406,209.92357349395752
5.381685595156133,Move,749.4762268066406,209.92357349395752
26.031680470044456,Move,660.3839721679688,82.30056023597717
40.78395915940398,Move,549.8802337646484,28.507776975631714
59.29220449386813,Move,412.55987548828125,8.297660887241364
69.69869669616844,Move,271.46319580078125,1.7616591230034828
78.8025703182358,Move,144.59278106689453,0.1803470654413104
89.37680066308508,Move,58.00927734375,0.003770568495383486
107.8017318941672,Move,11.34730052947998,3.3629036835236548e-06
115.18411607521388,Move,0.45183563232421875,2.7437804957751444e-11
124.5887300939692,Move,0.00237413146533072,3.156365854565623e-19
140.73089134443092,Move,1.3715242275225137e-07,5.550652542154331e-31
156.72603924512939,Move,3.02703398642485e-13,0
177.85316061573957,Move,1.431072473498129e-22,0
192.3880436313057,Move,0,0
213.72379575474798,Move,0,0
235.27654054974235,Move,0,0
244.06419337710577,Move,0,0
253.50686629184273,Move,0,0
258.6881436070598,Move,0,0
272.4973314976147,Move,0,0
292.43689773454423,Move,0,0
314.48880055523756,Move,0,0
333.18742207948054,Move,0,0
347.0815962250154,Move,0,0
364.4236964619249,Move,0,0
386.4472700534141,Released,0,0