resolution:1536,864
0,Pressed,768.7161254882812,432.75862312316895
16.161399513002685,Move,768.7161254882812,432.75862312316895
27.766998332620673,Move,768.6413269042969,433.0143642425537
48.81929729014409,Move,768.5964660644531,433.206298828125
67.95885352190251,Move,768.5447387695312,433.34343910217285
86.15541572287876,Move,768.5846557617188,433.4175453186035
98.2301688247969,Move,768.4912719726562,433.464563369751
108.42853028844821,Move,768.3921203613281,433.47857093811035
126.40377903360081,Move,768.33837890625,433.5135898590088
148.07129034359806,Move,768.2683410644531,433.5395450592041
168.68910297762707,Move,768.245361328125,433.5684871673584
183.75179300422982,Move,768.2397766113281,433.5882625579834
200.38726235369717,Move,768.2590942382812,433.596399307251
205.59749688377636,Move,768.3051452636719,433.5900135040283
216.7114599711753,Move,768.4493408203125,433.5707015991211
230.4556917873555,Move,768.3511047363281,433.5699291229248
246.1238204604893,Move,768.3467102050781,433.5722465515137
267.2097453223335,Move,768.3548583984375,433.56421279907227
273.06865604014536,Move,768.3812255859375,433.56277084350586
285.4233618665794,Move,768.3416748046875,433.5681266784668
290.4708678088956,Move,768.3005676269531,433.57744789123535
299.75123410326484,Move,768.3191528320312,433.58074378967285
311.7717851204359,Move,768.4194030761719,433.57446098327637
325.4569488494573,Move,768.4188537597656,433.5699806213379
337.0464450683052,Move,768.4085998535156,433.5630283355713
351.9607587944318,Move,768.3779296875,433.56493377685547
366.79263810110467,Move,768.3025817871094,433.5713710784912
386.9675218265326,Move,768.17724609375,433.5783748626709
407.18948938493224,Move,768.2340087890625,433.5901165008545
423.9161501245667,Move,768.2217407226562,433.59279441833496
432.9469414621592,Move,768.1964721679688,433.59912872314453
448.1906329357489,Move,768.1195678710938,433.60783195495605
467.52336301910094,Move,768.1505126953125,433.6215305328369
476.23896737873633,Move,768.2549743652344,433.6150417327881
490.13320384562303,Move,768.2690734863281,433.60154914855957
506.29275807203146,Move,768.2266845703125,433.59727478027344
511.7269130027616,Move,768.2567138671875,433.59722328186035
528.0567179244151,Move,768.2594604492188,433.5787353515625
541.3377867723773,Move,768.2017822265625,433.5824432373047
553.7057973889082,Move,768.2180786132812,433.5877990722656
570.4208313131626,Move,768.1898803710938,433.5878505706787
578.086349870936,Move,768.2429809570312,433.5908889770508
600.2166885020433,Move,768.3677673339844,433.58769607543945
614.6315359562782,Move,768.1979370117188,433.57930183410645
627.6993836394876,Move,768.254150390625,433.5827007293701
645.3247025004952,Move,768.3637390136719,433.58002281188965
660.8168394284569,Move,768.41015625,433.57157707214355
668.1698953020345,Move,768.4215087890625,433.565860748291
681.7114395559668,Move,768.2808837890625,433.57013511657715
695.3522092071524,Move,768.2528686523438,433.58764457702637
716.6111976303855,Move,768.2785949707031,433.59433937072754
721.8365790429631,Released,768.2785949707031,433.59433937072754