resolution:1536,864
0,Pressed,712.4751434326172,410.0509901046753
14.243746372485374,Move,712.4751434326172,410.0509901046753
24.745319341842677,Move,686.4969177246094,399.9603910446167
29.794587218929394,Move,679.5948944091797,399.029634475708
45.06918680851682,Move,689.8667449951172,405.8838415145874
54.34243734641628,Move,698.180419921875,411.24019145965576
61.08874844039809,Move,720.8676910400391,423.36683177948
76.53548339049782,Move,746.5784454345703,437.41567611694336
88.17065316375162,Move,767.7072143554688,448.88720512390137
98.40142863877769,Move,788.8092956542969,460.4015808105469
104.2861035590798,Move,806.7440185546875,470.43656158447266
116.26612014687815,Move,829.00048828125,483.40962982177734
134.92468031372138,Move,843.1884155273438,491.4675350189209
140.98578237650997,Move,844.8418579101562,492.3387851715088
148.9232482859417,Move,848.3399047851562,494.5469856262207
158.42705938402858,Move,845.85498046875,493.0308208465576
177.87444909481866,Move,834.3238220214844,486.0794105529785
195.70067880335705,Move,823.1394653320312,479.67573738098145
208.10124227978443,Move,820.5199584960938,478.3945083618164
217.53786547086264,Move,813.6026916503906,474.2244243621826
239.7358859617907,Move,811.2409057617188,472.7633628845215
249.72331377039194,Move,821.7441101074219,479.2529354095459
267.2630507027316,Move,833.5090026855469,486.32428550720215
288.0933584213095,Move,840.3107299804688,490.2521209716797
305.0312218187134,Move,849.9043579101562,495.8830089569092
311.22319238581844,Move,861.9244995117188,502.99277687072754
322.42518237034074,Move,876.7584228515625,511.9966564178467
343.18386075494243,Move,897.603515625,526.8594589233398
359.72668820344,Move,904.7374877929688,531.1897029876709
377.36723474276914,Move,914.6634521484375,537.686897277832
396.8079654346184,Move,922.6051025390625,543.192232131958
415.55895622142685,Move,928.8235473632812,546.9887466430664
428.9545470183486,Move,929.181884765625,546.9443550109863
440.6511532673794,Move,932.293212890625,548.952844619751
457.7185282152603,Move,938.0256958007812,552.5446014404297
470.3227556689585,Move,938.4483947753906,552.9476795196533
479.515662909005,Move,941.7615966796875,555.6140613555908
492.1698090185347,Move,944.3504333496094,557.3832893371582
502.31344847269656,Move,947.6889953613281,560.4274635314941
515.112046449902,Move,946.8994445800781,559.7799224853516
523.2509519506422,Move,949.418701171875,561.7696666717529
532.6093113755779,Move,952.4460754394531,564.7794399261475
541.5649133969966,Move,951.8645324707031,563.868896484375
549.8059623817248,Move,946.6039123535156,559.4590358734131
561.3670448273056,Move,943.6206665039062,557.076358795166
571.6075527612226,Move,942.3951416015625,555.8399333953857
578.7606318783377,Move,936.368408203125,551.7647609710693
585.3108628630573,Move,941.1822509765625,556.7966709136963
599.3569104498948,Move,940.6177368164062,556.625696182251
611.7482822961045,Move,938.0354919433594,554.4237785339355
617.0438581230669,Move,941.56787109375,557.2008819580078
628.4398047879941,Released,941.56787109375,557.2008819580078