resolution:1536,864
0,Pressed,924.2789611816406,553.9283123016357
17.093693129240105,Move,924.2789611816406,553.9283123016357
26.9936652966671,Move,985.7024230957031,602.6737747192383
32.5107151455021,Move,997.634765625,611.1228103637695
47.75671567223843,Move,981.7971496582031,599.7927989959717
69.19253566227155,Move,952.0336303710938,577.5208683013916
89.06569868321219,Move,911.6932067871094,545.0649719238281
107.9396472609003,Move,872.6206970214844,512.5821933746338
129.7536376101314,Move,833.97802734375,481.6963806152344
149.1967651626095,Move,795.3841552734375,448.47521781921387
158.7585893908635,Move,763.639892578125,419.3991365432739
168.6430243444054,Move,733.0946502685547,389.91979694366455
189.21345552879478,Move,703.5048065185547,362.90336894989014
198.67133183985842,Move,675.8210906982422,340.2618598937988
208.066085971857,Move,652.9791870117188,325.6592273712158
218.80650798559097,Move,636.4048004150391,311.89730644226074
225.6148735485695,Move,623.5340881347656,302.3004484176636
234.46618673826052,Move,610.8743591308594,295.63289737701416
251.64920278052298,Move,600.5748596191406,289.379599571228
262.09015534675393,Move,586.5867919921875,283.21796894073486
280.30345156892395,Move,580.1520080566406,277.38883781433105
301.3266289234228,Move,572.2608489990234,270.07642364501953
323.90422187665456,Move,565.5501251220703,264.19079875946045
330.7719724425502,Move,560.3114776611328,258.69151496887207
346.71441859440756,Move,554.1176605224609,253.61287021636963
357.6637179804078,Move,537.3089904785156,238.89333629608154
380.5674154107979,Released,537.3089904785156,238.89333629608154