resolution:1536,864
0,Pressed,756.9802551269531,437.84337043762207
18.29344353425128,Move,756.9802551269531,437.84337043762207
27.95826386723629,Move,759.2083740234375,435.07054138183594
48.239205820656686,Move,769.4081726074219,424.9471893310547
66.06156527372599,Move,780.2846374511719,414.806791305542
80.17714569511452,Move,790.1893615722656,407.40314769744873
94.15213509024356,Move,798.40869140625,401.11122608184814
102.30248297712706,Move,806.5967102050781,395.76648902893066
124.55694775670649,Move,813.4752502441406,391.9560441970825
146.15811851744667,Move,819.1455688476562,386.77100372314453
158.59931747272634,Move,823.4689636230469,382.8389711380005
180.24403709360138,Move,827.4819946289062,379.3227882385254
198.57979456104195,Move,831.1645202636719,376.8256301879883
208.79728743368045,Move,834.2037963867188,374.54028511047363
219.13278653249117,Move,836.4404296875,372.06993198394775
225.5805221190169,Move,838.3404235839844,369.6542959213257
243.30555484709544,Move,840.8578491210938,366.6869831085205
252.04628203966737,Move,843.6554260253906,364.27278900146484
259.6655405194212,Move,846.5257873535156,362.766640663147
271.21087477458843,Move,848.1826171875,361.47781562805176
282.5684413957421,Move,851.1341857910156,359.34307765960693
293.26722738409967,Move,853.2621459960938,359.60417461395264
306.18887431854006,Move,853.8440551757812,359.8759574890137
327.0089277315862,Move,853.8335266113281,359.7781620025635
340.80061396378545,Move,852.7182312011719,359.9428539276123
351.69787368687463,Move,851.9257507324219,360.0998725891113
370.04682474678214,Released,851.9257507324219,360.0998725891113