resolution:1536,864
0,Pressed,774.8424682617188,407.80952167510986
12.953149951748042,Move,774.8424682617188,407.80952167510986
18.556092053380546,Move,801.7289428710938,402.1947784423828
37.03805022484415,Move,795.7769165039062,394.6395492553711
45.43161725394285,Move,779.0787048339844,388.6500520706177
54.01907412504191,Move,753.7931213378906,388.1705503463745
70.54454350991128,Move,728.7789459228516,395.1933374404907
89.54441409974419,Move,715.5043029785156,400.10064697265625
97.0484616554472,Move,708.6706237792969,404.73323822021484
103.5080226367669,Move,709.43115234375,406.10193729400635
120.19693495756155,Move,716.0785217285156,405.30098247528076
127.1675531876509,Move,724.3613433837891,401.4728994369507
150.0901803472276,Move,734.2416687011719,395.6386442184448
171.65318155905263,Move,741.0408782958984,391.44752311706543
183.30790505510905,Move,744.9461975097656,387.52133560180664
200.46231594921602,Move,750.0461883544922,384.124062538147
215.99225115625669,Move,747.0887145996094,384.5370283126831
231.44077730356082,Move,742.0449829101562,386.1680088043213
239.20707320222917,Move,737.6907348632812,391.3689880371094
247.7023172438506,Move,731.2658843994141,394.6073112487793
268.75352907519755,Move,729.1628265380859,393.89027309417725
288.94804794799455,Move,731.3618774414062,392.5593481063843
306.44003606307024,Move,729.3103179931641,393.66921615600586
319.1825266711363,Move,727.4459838867188,394.3871040344238
327.77435600531317,Move,727.0763397216797,397.8397636413574
339.632909004077,Move,725.7394866943359,401.1846628189087
362.3153641102407,Move,723.4132690429688,402.9477882385254
375.33957369819046,Move,721.5195465087891,403.8112621307373
382.15579450132094,Move,715.1746673583984,404.73395919799805
392.792879609564,Move,712.0036468505859,402.5251922607422
401.1614104504829,Move,711.5546264648438,403.29712772369385
413.19352891711276,Move,711.5890502929688,403.02434062957764
425.3000482678557,Move,712.8940887451172,400.97274684906006
441.3553345580917,Move,715.4199371337891,398.08572006225586
463.56427423747,Move,715.1888122558594,396.3568410873413
480.23721522323706,Move,717.5508270263672,399.6095838546753
491.63492177128137,Move,719.1114807128906,400.76317405700684
509.22977041252113,Move,722.2819519042969,399.0680522918701
522.938943200405,Move,725.3785400390625,396.54689598083496
541.5659363322118,Move,729.5224914550781,394.07777881622314
549.3129807560415,Move,728.4878540039062,393.00511837005615
569.7458605409075,Move,732.9494476318359,390.41639614105225
587.901414808541,Move,730.4504241943359,391.1798858642578
610.1937080583554,Move,729.7689056396484,389.9646005630493
618.3890005085823,Move,728.0222625732422,390.30194091796875
632.1050912641726,Move,730.1319122314453,388.9743375778198
648.0989956039649,Move,730.5667419433594,389.3091802597046
668.2597741065363,Move,730.4865417480469,389.74918270111084
690.8908457417938,Move,729.6858215332031,390.9089012145996
710.2509114397967,Move,726.6692962646484,393.3209066390991
732.3756973824259,Move,724.3350219726562,394.6939058303833
749.4841407172812,Released,724.3350219726562,394.6939058303833