resolution:1536,864
0,Pressed,680.4566345214844,343.4579801559448
7.713398755165281,Move,680.4566345214844,343.4579801559448
13.092179288783646,Move,642.1107330322266,296.7127161026001
33.16785998677547,Move,599.74365234375,257.7792720794678
46.21792931949058,Move,559.3584136962891,228.41111755371094
64.78782547086861,Move,529.7360229492188,211.0890598297119
80.58810611753717,Move,526.4792633056641,216.28743839263916
86.35459161881124,Move,537.8929595947266,238.88756847381592
102.49920058829849,Move,561.9427642822266,270.539626121521
117.77360679469353,Move,576.4024200439453,289.33809185028076
140.71580976724115,Move,609.4058990478516,322.95666790008545
154.0145035549087,Move,637.4715728759766,348.26280784606934
163.40146783171767,Move,662.6587829589844,368.7799301147461
180.26110888249798,Move,708.3917999267578,407.1937036514282
201.1975340569382,Move,731.5325775146484,420.11143684387207
212.12214401211696,Move,767.5262145996094,443.24174308776855
227.84490006128235,Move,788.7110595703125,453.42612075805664
236.15026762978027,Move,782.8994750976562,445.9874324798584
251.49546966664678,Move,774.7613525390625,438.4986877441406
261.02794529479615,Move,761.0868530273438,428.16941928863525
277.8930405485263,Move,762.3921661376953,430.14402294158936
290.1791122371048,Move,770.1011352539062,438.6485481262207
311.0306341941369,Move,773.0018920898438,441.1950931549072
321.86122528747705,Move,794.8351135253906,455.5170593261719
342.07467859139393,Move,799.5794677734375,457.0913143157959
354.12690993822935,Move,814.4785766601562,468.3123550415039
360.3550305030822,Move,842.4328308105469,487.44015312194824
371.23415304843945,Move,858.4811096191406,500.37645149230957
388.82010211857784,Move,871.5863342285156,505.053897857666
408.7572843877194,Move,859.3297119140625,492.7327480316162
422.11532391456444,Move,861.99755859375,492.5093994140625
430.69874984501877,Move,847.8373718261719,484.4443359375
447.9062141865277,Move,848.0997619628906,487.1704559326172
456.16252456540934,Move,839.9367370605469,480.18325424194336
472.45377676895663,Move,845.0621337890625,483.8902645111084
490.0545413134013,Move,872.72607421875,506.03303718566895
502.2648496246854,Move,863.7124328613281,496.6977653503418
519.872412245876,Move,860.4362182617188,492.555850982666
538.6323088950239,Move,845.2092590332031,479.16672706604004
545.3347772919926,Move,809.904052734375,457.35993003845215
556.1488328075067,Move,788.1708984375,445.1591320037842
561.8477216801408,Move,778.4958801269531,441.0629482269287
571.6316438626066,Move,763.2615051269531,432.09655952453613
578.3652073797233,Move,759.5476226806641,432.32567596435547
583.926284728175,Move,759.7427215576172,430.3005266189575
589.9772355272885,Move,767.9287719726562,434.8644962310791
600.4082798923954,Move,772.3129577636719,437.09350204467773
614.8321230346413,Move,776.8091125488281,444.03682708740234
623.0836336564803,Move,808.1283874511719,464.93617057800293
632.1354589303156,Move,819.8103332519531,471.49083709716797
643.6496548669095,Move,815.718017578125,464.8227195739746
649.3476074250333,Released,815.718017578125,464.8227195739746