resolution:1536,864
0,Pressed,610.9142303466797,155.87127685546875
16.18653343651419,Move,610.9142303466797,155.87127685546875
29.58738894104902,Move,402.96400451660156,30.450303554534912
37.630171322726866,Move,204.20574188232422,3.157773457467556
48.389048604006945,Move,74.27853584289551,0.17041429644450545
53.48632280668616,Move,17.060935020446777,0.0021627697060466744
68.04228247445872,Move,1.639615774154663,1.2173630743461672e-06
82.89549664682018,Move,0.024586647748947144,8.597140577562556e-12
89.18507231852234,Move,3.149804069835227e-05,1.1198929802773789e-19
99.24088074933874,Move,2.2861787463135386e-10,3.464963467454502e-31
109.65087894158569,Move,1.829146846003256e-17,0
117.72687951963734,Move,5.79947676730048e-28,0
124.8558057326124,Move,0,0
136.67759912296768,Move,0,0
148.1880435520235,Move,0,0
165.9615436582854,Move,0,0
185.7686508421178,Move,0,0
194.89684929076574,Move,0,0
208.52426017389465,Move,0,0
230.33120873524587,Move,0,0
246.88268777378988,Move,0,0
254.51919152228396,Move,0,0
261.152284691495,Move,0,0
270.43314561801697,Move,0,0
282.61600622160586,Move,0,0
302.18718347684546,Move,0,0
313.5970674773,Released,0,0