resolution:1536,864
0,Pressed,688.241455078125,187.8246259689331
17.4458148209804,Move,688.241455078125,187.8246259689331
35.76496339893296,Move,556.672119140625,67.7723879814148
51.0046514570335,Move,418.1294403076172,21.007717072963715
69.61505910807466,Move,277.1550979614258,5.456177607178688
78.9875823243042,Move,159.14598083496094,1.0251846425235271
88.1687468335769,Move,71.95928192138672,0.08727576630190015
99.25694702566804,Move,21.838693141937256,0.0012240441246831324
113.26314284195934,Move,2.360377550125122,4.7418013515709845e-07
131.48580334746518,Move,0.03888358734548092,9.91507413282064e-13
147.43826423040878,Move,5.158742715138942e-05,1.761214586730791e-21
158.14409669076832,Move,5.26739360462436e-10,9.440794615862078e-35
170.78880183404274,Move,5.477721703479668e-17,0
184.11027061799567,Move,6.056842637628835e-29,0
206.7827391380738,Move,0,0
217.8404168431216,Move,0,0
224.91428087841587,Move,0,0
235.84327173775506,Move,0,0
256.6164508432965,Move,0,0
269.5219920867994,Move,0,0
280.9138325978296,Move,0,0
294.5662521973818,Move,0,0
304.4791182923244,Move,0,0
326.82092229456396,Move,0,0
336.52593812024713,Move,0,0
349.73890884970143,Move,0,0
371.46987317004937,Released,0,0