resolution:1536,864
0,Pressed,1278.7254638671875,804.5003299713135
15.490833568842563,Move,1278.7254638671875,804.5003299713135
33.07946112845155,Move,1442.9198913574219,855.2903823852539
45.21354798340067,Move,1494.0281066894531,862.1634635925293
57.36632563484085,Move,1503.0180358886719,863.092752456665
78.10576489528297,Move,1499.0858459472656,863.2925662994385
88.33995220620437,Move,1483.6734924316406,863.2201080322266
106.28314590244952,Move,1453.9609680175781,862.8507614135742
113.90882986873913,Move,1382.9087219238281,861.2229995727539
130.02028680074037,Move,1249.7436218261719,855.0368556976318
139.64594711864413,Move,1065.3920288085938,833.3429946899414
152.8878711866399,Move,858.3814086914062,766.3052959442139
161.76595922616534,Move,699.7966461181641,642.0227336883545
178.98601296655696,Move,573.5525665283203,490.75649642944336
184.7048518442939,Move,448.32481384277344,341.94572925567627
193.27985805877097,Move,334.88758850097656,227.6104974746704
214.42957786441204,Move,222.5426788330078,133.30339765548706
232.50578771980634,Move,119.89369583129883,64.69450807571411
249.459813874658,Move,37.410807609558105,18.54317682981491
265.36384957978765,Move,3.654292345046997,1.5652113854885101
279.492342655293,Move,0.07680338434875011,0.016222334874328226
285.05512043004734,Move,9.501476597506553e-05,8.019629632372016e-06
290.2575620304592,Move,4.793216823451019e-09,6.24623126659063e-11
299.2719193155299,Move,6.794865745045087e-16,1.1552281391799467e-18
309.7585801504969,Move,3.582964342537545e-27,1.9056859098157926e-29
328.7526986448963,Move,0,0
340.4263629942062,Released,0,0