resolution:1536,864
0,Pressed,769.6145324707031,405.20988178253174
8.022542804661537,Move,769.6145324707031,405.20988178253174
21.35479419529673,Move,783.611572265625,401.21975898742676
27.578730610049078,Move,777.7640075683594,396.2323694229126
35.45078054015292,Move,760.1000061035156,394.26180839538574
51.172511670389326,Move,741.7030792236328,396.97721672058105
57.023779738355884,Move,721.3488464355469,402.74197483062744
71.61013365102771,Move,720.5834197998047,404.6170063018799
84.22969253089873,Move,715.6106414794922,406.35183334350586
96.78600003942694,Move,714.5378265380859,406.3401689529419
112.41020413215901,Move,714.5771484375,403.13130283355713
135.36129183048757,Move,714.7338409423828,400.1342239379883
143.1739529988205,Move,719.3122100830078,395.96619987487793
156.37043499683986,Move,725.3000335693359,393.65116596221924
167.4940342806554,Move,730.0665893554688,391.04532051086426
179.3007117618587,Move,739.8173675537109,388.58902645111084
202.00471373240225,Move,742.2101440429688,388.03201961517334
220.68090381938748,Move,739.1673431396484,387.70549392700195
238.22754925494098,Move,739.4496002197266,386.28771686553955
252.52215742403877,Move,736.1892242431641,387.2057275772095
269.4683798853399,Move,737.4004669189453,384.3069591522217
274.58489713386285,Move,740.8358459472656,383.2175359725952
295.1293850985011,Move,739.9465026855469,383.61425399780273
304.34493065562043,Move,738.1713409423828,385.44839572906494
323.5435469156527,Move,734.5096893310547,390.181923866272
335.11236413117825,Move,730.4810028076172,397.1925058364868
344.08857321168284,Move,728.4082946777344,400.6645030975342
358.75341583352144,Move,725.2166290283203,401.44194889068604
371.43792593112386,Move,718.3674774169922,402.0265073776245
376.6818424653986,Move,715.6055603027344,402.1969928741455
384.7201768688278,Move,717.034423828125,399.7022294998169
401.918168428314,Move,717.2668762207031,397.3927574157715
419.77878108537175,Move,715.3060913085938,397.5729503631592
434.3059549861463,Move,716.5688323974609,396.11799144744873
453.0388213856863,Move,720.0628051757812,393.70415782928467
464.7935126621011,Move,726.5622711181641,392.34606742858887
481.08996145600065,Move,725.6659698486328,393.0401887893677
490.4461015232877,Move,727.0747833251953,391.1224136352539
504.5134114337922,Move,729.1380615234375,390.40411376953125
515.8811314064241,Move,730.2307891845703,390.3946123123169
529.1232061970895,Move,728.2435455322266,391.76477909088135
551.4391159990743,Move,724.7338714599609,395.5326347351074
570.7319822133481,Move,722.4411163330078,398.0664339065552
593.2621716827936,Move,722.3808288574219,400.20341205596924
612.4728969549955,Move,716.8196411132812,401.27885341644287
630.3110716943236,Move,714.2653656005859,400.8965549468994
645.3328375334218,Move,714.5521545410156,398.14581871032715
656.9504203683036,Move,715.7559356689453,397.0824794769287
662.0413080057217,Move,718.5568542480469,395.80392837524414
677.4282896075525,Move,723.3299102783203,394.7627077102661
688.681230446054,Move,728.2282562255859,393.80045986175537
698.4246772866662,Released,728.2282562255859,393.80045986175537