resolution:1536,864
0,Pressed,886.1705932617188,516.7843608856201
11.728623635663972,Move,886.1705932617188,516.7843608856201
31.287141389424903,Move,930.3837890625,551.3204326629639
39.52367734244073,Move,934.0625610351562,555.3326225280762
49.21992541697304,Move,920.9449768066406,545.5057468414307
64.81573375237178,Move,892.65966796875,523.7091979980469
74.24269177505562,Move,861.9808959960938,499.0740051269531
87.79696835498544,Move,830.0469360351562,472.3370590209961
97.73303513754551,Move,802.1985168457031,446.13955879211426
111.07656588645955,Move,779.5755615234375,422.45899200439453
131.67673606775034,Move,759.0659637451172,400.0769577026367
142.1588763421703,Move,738.8538665771484,380.0533962249756
152.21101194621204,Move,719.4954528808594,361.36016750335693
165.24303670435629,Move,700.3397827148438,344.14360427856445
184.43484057794356,Move,680.9713897705078,326.9186725616455
190.79606143203438,Move,668.1560668945312,314.34239959716797
201.5624313101568,Move,651.8750152587891,297.56182193756104
209.21304961174448,Move,634.6580657958984,283.2307662963867
221.09998254924025,Move,624.4387664794922,272.31027030944824
237.26990552960217,Move,607.8921661376953,259.57684993743896
243.2223175861728,Move,598.6396636962891,254.1627960205078
255.64087865432606,Move,588.638671875,246.0156955718994
275.67007485370465,Move,575.1500244140625,235.14404582977295
284.1341917946189,Move,562.5768127441406,223.8902006149292
292.5100100306651,Move,545.0964660644531,210.4482135772705
313.23641269078956,Move,522.9381866455078,192.83043909072876
325.613622698566,Released,522.9381866455078,192.83043909072876