resolution:1536,864
0,Pressed,752.7367401123047,205.8898057937622
16.516115815099315,Move,752.7367401123047,205.8898057937622
25.73500514229559,Move,668.35546875,85.96198797225952
37.5177289779847,Move,565.3276062011719,33.260037660598755
54.751030186763344,Move,440.466064453125,10.640350252389908
63.544467582900126,Move,307.88287353515625,2.5694169625639915
78.61143872536343,Move,182.8466033935547,0.35590100660920143
99.87335149980389,Move,86.10405921936035,0.013547142560128123
121.56016814606542,Move,25.138386726379395,3.937497342576535e-05
137.1025228682186,Move,2.0345694422721863,1.9248620822254203e-09
145.44877994263285,Move,0.028341089375317097,2.4444322902641064e-16
164.84261879902914,Move,9.261443665309343e-06,1.1535802869503486e-26
170.8650322013865,Move,1.0785514148459185e-10,0
179.96330024911637,Move,1.4894291657812243e-18,0
198.09184771312005,Move,1.1673228430678288e-31,0
209.24113867083395,Move,0,0
228.93967299560302,Move,0,0
236.0325672857377,Move,0,0
250.0329618860329,Move,0,0
262.0631557157285,Move,0,0
278.37345832769955,Move,0,0
286.0816830704383,Move,0,0
292.8198745541682,Move,0,0
300.79853302278855,Move,0,0
315.1329281664367,Move,0,0
327.08905703859455,Move,0,0
334.92865939685925,Released,0,0