resolution:1536,864
0,Pressed,760.5959930419922,219.76471424102783
22.545411148141326,Move,760.5959930419922,219.76471424102783
42.41396638603204,Move,685.7167053222656,94.68283224105835
53.662152120361455,Move,589.8400726318359,37.66179370880127
69.50522179645546,Move,475.6890563964844,12.95756882429123
85.07667714757784,Move,349.73632049560547,3.7174024879932404
102.66445633108427,Move,220.8501434326172,0.6059080492705107
118.9731989904099,Move,110.69596481323242,0.03218751400709152
135.64756042584958,Move,38.8429069519043,0.00016097696334327338
152.28994979777963,Move,4.450061559677124,2.070508864360221e-08
167.3761481959768,Move,0.09935847669839859,9.998584935387651e-15
185.69985783900768,Move,9.397772373631597e-05,2.8821172455503244e-24
208.3296096014116,Move,2.0086972085664456e-09,0
221.7575769290866,Move,1.803546491127995e-16,0
232.8231311631459,Move,4.7066446537681294e-28,0
241.1832177814265,Move,0,0
249.31461082186527,Move,0,0
269.94741754258416,Move,0,0
291.3862310629203,Move,0,0
299.4493209155461,Move,0,0
321.2144458156675,Move,0,0
341.7000366573062,Move,0,0
352.0226937006942,Move,0,0
373.3857128356212,Move,0,0
381.0160447917766,Move,0,0
401.1996213595122,Move,0,0
418.6457948784208,Released,0,0