resolution:1536,864
0,Pressed,723.5334320068359,354.15414905548096
20.346789955001995,Move,723.5334320068359,354.15414905548096
38.31106751613079,Move,701.5339050292969,305.6556215286255
47.29481358066443,Move,675.6768951416016,273.5296754837036
57.17421306588361,Move,658.5059509277344,269.0962543487549
68.39919709781003,Move,653.1226043701172,288.13645362854004
77.1348246237964,Move,663.4853668212891,323.9377384185791
85.58993622482703,Move,682.3775024414062,362.6001720428467
96.77215809390025,Move,702.4041137695312,388.21702766418457
115.50210564692722,Move,726.8342742919922,414.6479444503784
133.96336863296065,Move,740.139404296875,423.7445983886719
155.25693698399064,Move,737.3660430908203,413.8520622253418
173.63130069836936,Move,734.9179229736328,412.09825801849365
190.3590627002036,Move,732.9285736083984,415.7787208557129
199.0897998585905,Move,731.4701385498047,414.3647804260254
205.22522392935997,Move,734.9117889404297,418.76328563690186
220.73112586716923,Move,751.2740020751953,428.75361728668213
228.86777319883674,Move,746.6308135986328,424.49088764190674
235.24538342065023,Move,754.6720275878906,428.73930072784424
256.5633000830529,Move,750.5935363769531,423.6573085784912
277.38560628215384,Move,758.4589233398438,429.20355892181396
284.79254263924406,Move,775.24658203125,443.76800537109375
300.49828924003424,Move,796.738037109375,459.9155902862549
312.64351082575865,Move,799.0472717285156,464.4795341491699
327.7163575286554,Move,804.45556640625,467.94408988952637
348.2078617040332,Move,794.1998291015625,459.03501892089844
358.17477109577123,Move,782.7825622558594,450.67147064208984
365.0815456943363,Move,782.8037109375,450.82009506225586
377.010267734415,Move,782.4459228515625,447.32288932800293
392.84010770270925,Move,788.070556640625,454.3762664794922
400.1766869700362,Move,795.4515380859375,457.2524013519287
405.3730472977956,Move,800.6261901855469,462.69928550720215
410.6287536345545,Move,818.9303283691406,477.9539394378662
423.47373789799354,Move,822.973388671875,482.13406562805176
434.99768593022515,Move,809.3948364257812,466.97628021240234
442.41896168705455,Move,797.930419921875,455.4814224243164
453.8181997493257,Move,801.1315612792969,457.30065536499023
465.9918246027858,Move,806.0679931640625,466.0554370880127
488.3642703893972,Move,806.0848388671875,463.9554862976074
507.9937679787323,Move,803.6511840820312,462.48870849609375
517.901059911101,Move,805.0896606445312,464.191349029541
534.2507864016027,Move,813.1700134277344,468.9872932434082
544.5876022972931,Move,828.8335876464844,483.2716655731201
560.6971346075056,Move,850.880126953125,496.385684967041
577.7776039033819,Move,857.0762329101562,498.3914966583252
590.0552419364814,Move,882.6997375488281,520.9212799072266
611.799275109381,Move,869.5661315917969,503.26777839660645
617.4723862240553,Move,846.2833557128906,485.31677055358887
635.8351095105037,Move,812.5667724609375,462.6976890563965
648.6456928243815,Move,815.5196228027344,471.10228157043457
671.6109338267515,Move,807.394775390625,469.73927307128906
691.7078757911755,Released,807.394775390625,469.73927307128906