resolution:1536,864
0,Pressed,776.7337646484375,402.0628652572632
21.511750693145622,Move,776.7337646484375,402.0628652572632
37.96359886426504,Move,793.07080078125,391.6007308959961
46.93801903119124,Move,783.9580993652344,383.2582712173462
52.85730075668849,Move,771.0682983398438,379.7329988479614
58.533854699806454,Move,748.5424346923828,387.79968452453613
66.35208836739915,Move,739.0350494384766,389.01551055908203
88.8318676424266,Move,730.9008636474609,393.1134452819824
98.6239900661167,Move,726.2338714599609,399.87521266937256
116.83995467167534,Move,724.2329864501953,404.09156799316406
129.85798310622795,Move,720.74560546875,410.489782333374
146.8810686017322,Move,723.8391723632812,414.209641456604
163.17812757440922,Move,730.0533599853516,415.49063873291016
181.07530951760992,Move,748.1895904541016,419.33090114593506
192.15346805798782,Move,767.162841796875,424.82977294921875
212.37588638197798,Move,783.1452026367188,429.12911796569824
227.7952970521336,Move,794.7950134277344,432.8448314666748
237.7425377664583,Move,796.0702514648438,430.4947271347046
243.86314721645758,Move,803.6401977539062,433.1927032470703
249.6115004801633,Move,825.0502624511719,442.6586265563965
259.48382483545595,Move,836.5071716308594,445.11566734313965
281.75284868665113,Move,837.0658264160156,444.8011665344238
293.0099331723697,Move,841.2713012695312,449.7113857269287
312.8664131459296,Move,833.9563293457031,442.6863842010498
326.0915782975888,Move,814.0081787109375,429.94487857818604
340.99289828614434,Move,792.2641296386719,427.1875247955322
362.32087960603974,Move,778.9853210449219,422.2152500152588
367.98636714742344,Move,770.2465209960938,419.40369415283203
376.7536898712399,Move,760.2044219970703,418.9303207397461
384.04019617139676,Move,762.3314666748047,423.95762157440186
406.0743579470656,Move,767.8293914794922,426.6203212738037
417.3173189739209,Move,777.4474182128906,428.85401344299316
425.934564289104,Move,785.3453979492188,429.2843599319458
440.514335190887,Move,788.2050476074219,430.77392578125
448.2961688663484,Move,775.3388671875,422.6019515991211
456.4626951984352,Move,765.24755859375,420.16355323791504
472.19244560630574,Move,760.7300720214844,420.3424072265625
491.67765864649624,Move,759.5106353759766,420.2246046066284
513.333383997705,Move,764.7635650634766,419.7527503967285
528.9337126038968,Move,769.921875,421.01863288879395
541.6710498690119,Move,777.0836791992188,424.0777931213379
562.4262090888087,Move,781.7957153320312,424.5773277282715
568.726701478697,Move,789.2502136230469,430.49511337280273
578.3579690978554,Move,790.2946472167969,433.64995765686035
598.4466354854145,Move,795.6193542480469,433.7549629211426
605.0852689021017,Move,815.2857055664062,438.7221908569336
615.9141974858671,Move,823.1275634765625,436.92901611328125
621.5415904280433,Move,814.9107971191406,436.3609371185303
633.3615192597331,Move,797.5455322265625,424.7979984283447
645.0721667631952,Move,777.7007446289062,424.0211191177368
650.8666366239869,Move,756.6074981689453,419.1824827194214
665.9839525333471,Released,756.6074981689453,419.1824827194214