resolution:1536,864
0,Pressed,777.438720703125,406.3925943374634
18.015386595985092,Move,777.438720703125,406.3925943374634
27.649684358715746,Move,803.6763610839844,399.24989318847656
43.164488349108204,Move,787.4081726074219,392.75241565704346
57.839402574360406,Move,761.8899536132812,390.5898685455322
71.33830224054337,Move,744.1846160888672,391.8492622375488
86.83639525069718,Move,729.3660278320312,396.21975231170654
98.47362491496018,Move,723.2182159423828,399.9909038543701
110.09432286966742,Move,715.6371917724609,403.1698751449585
115.53009588230042,Move,712.63330078125,405.8438787460327
125.90430157313332,Move,717.6665496826172,404.10995292663574
145.2619603013883,Move,725.1535034179688,401.5897750854492
154.91293465387022,Move,734.4569549560547,399.0100393295288
175.70919669795256,Move,737.9910736083984,396.6222896575928
195.23602509122082,Move,736.8722991943359,394.4595880508423
211.54517234117122,Move,733.9042510986328,394.2319393157959
229.49138836377125,Move,732.7933502197266,393.29768085479736
245.50825264861587,Move,732.9028930664062,392.62560081481934
258.96713525026445,Move,732.8645782470703,393.3540201187134
268.42150102702954,Move,734.1931457519531,394.0970392227173
279.0864680191338,Move,729.9891815185547,398.8791046142578
287.37593104245576,Move,728.1782684326172,401.4443950653076
307.8401232761786,Move,727.3127288818359,403.4829339981079
318.7410489835959,Move,724.8774719238281,404.34947204589844
333.0247110432275,Move,722.1104278564453,402.6735076904297
343.55150641670326,Move,723.9193725585938,400.48956298828125
366.34661200450597,Move,728.0809936523438,397.050576210022
386.0034660883301,Move,733.5986022949219,394.61135387420654
391.0432261248063,Move,739.4114227294922,392.5888566970825
412.348316869059,Move,748.6623229980469,389.29723262786865
428.8123009053758,Move,762.2155609130859,386.4104633331299
441.629582745005,Move,781.1668395996094,383.90921115875244
456.60690524462564,Move,794.7095031738281,382.8793716430664
462.1176677281352,Move,805.1281127929688,379.0134630203247
467.1909832448284,Move,810.3511962890625,380.5182981491089
480.8581537763358,Move,812.5284118652344,381.73332595825195
499.6300696245105,Move,802.4642028808594,382.7341203689575
516.7570719796206,Move,778.880859375,392.7905502319336
528.5658145507422,Move,762.5483551025391,395.30114936828613
534.8507003660446,Move,746.5758361816406,398.99201488494873
542.9487798219492,Move,737.3577575683594,399.441930770874
554.4521154182509,Move,732.3167266845703,399.0275230407715
566.2525509281699,Move,729.6107025146484,398.3534345626831
579.6220352971966,Move,730.3781433105469,396.68316078186035
593.0632406390635,Move,734.7529907226562,394.22753620147705
615.9484715415329,Move,740.9203948974609,392.607138633728
623.2873011588891,Move,747.6519470214844,391.50507259368896
645.72652253588,Move,754.4116973876953,390.98383140563965
666.052244023524,Move,764.7513885498047,389.3545503616333
687.0493523928078,Move,761.3885192871094,388.44078826904297
706.637636240214,Move,758.6234436035156,385.39494037628174
712.5949412318516,Released,758.6234436035156,385.39494037628174