resolution:1536,864
0,Pressed,677.4437713623047,463.3124256134033
11.524127023661226,Move,677.4437713623047,463.3124256134033
32.975978536066094,Move,642.9429931640625,483.97683334350586
38.520843993912294,Move,641.3114776611328,491.0052852630615
50.10724100529457,Move,650.3009490966797,491.41747856140137
60.79128504882113,Move,674.0717926025391,482.9122066497803
78.15553784678619,Move,700.4763793945312,470.0378608703613
99.60527636825674,Move,726.0166625976562,454.6684684753418
122.170722930671,Move,750.0870208740234,435.8841133117676
139.68373426337604,Move,767.7037353515625,416.9781446456909
160.784830028987,Move,781.2783508300781,401.2872476577759
169.72323680883,Move,793.0296936035156,387.8909912109375
188.08096690880205,Move,803.853515625,376.3072729110718
196.68948303232295,Move,813.4983215332031,365.9721336364746
210.40212178061066,Move,819.1121520996094,356.2672576904297
228.12930691789396,Move,823.8092651367188,349.5415906906128
233.54172153976012,Move,825.9520568847656,342.98991107940674
254.0056899093481,Move,829.1163024902344,335.1715250015259
270.32570395071366,Move,832.2627868652344,330.99698638916016
276.55960507946673,Move,836.2734375,327.34829807281494
296.94709092617194,Move,841.5222473144531,323.0025272369385
304.967861790513,Move,843.5906066894531,319.0167303085327
312.9622522068966,Move,846.0012817382812,317.0280933380127
318.149856641549,Move,847.0207214355469,315.83124446868896
333.0028784499918,Move,847.094970703125,314.47099113464355
344.3119279152513,Move,847.3446350097656,314.0439920425415
363.70091853423736,Released,847.3446350097656,314.0439920425415