resolution:1536,864
0,Pressed,653.4303588867188,457.71851348876953
14.68987910177009,Move,653.4303588867188,457.71851348876953
32.40317910884735,Move,618.9377746582031,477.7844581604004
52.291816790244596,Move,624.3815002441406,485.5257511138916
65.75796066976307,Move,646.8478088378906,483.97389793395996
87.47814526452275,Move,686.2322387695312,471.22067642211914
100.73262539671683,Move,725.2068786621094,453.0757255554199
121.70384511983374,Move,759.0179443359375,425.6823034286499
137.3522267797825,Move,787.4908447265625,398.23576068878174
160.02810813080802,Move,810.4795532226562,368.9799757003784
182.38444185687595,Move,833.574462890625,336.60724925994873
198.58544893228554,Move,859.1130981445312,300.84742069244385
212.91515184418432,Move,886.4493713378906,266.81631660461426
219.08703357975318,Move,918.2994689941406,224.73168468475342
233.92404479623826,Move,957.5914306640625,180.36029148101807
250.4401397125299,Move,1007.5679626464844,134.50897550582886
272.48790511869987,Move,1072.9827575683594,87.50117897987366
288.98937737750134,Move,1150.1412963867188,46.44279134273529
295.8850647396345,Move,1242.6618347167969,16.891453742980957
314.13602554681097,Move,1337.3666381835938,3.1993356943130493
331.96125349933027,Move,1429.7166137695312,0.19570499612018466
345.60306287215116,Move,1495.7566223144531,0.00199318664817838
356.28371602720324,Move,1517.3169250488281,6.0561681749504714e-06
364.2569868094166,Move,1528.7692565917969,3.055603520207839e-09
378.017579077943,Move,1533.8467712402344,3.504609093774318e-13
397.05193218929077,Move,1535.9972534179688,9.55317283123574e-20
406.8741496861688,Released,1535.9972534179688,9.55317283123574e-20