resolution:1536,864
0,Pressed,711.1662139892578,473.71448707580566
16.225161253592404,Move,711.1662139892578,473.71448707580566
21.70069235165742,Move,687.8340911865234,492.04380226135254
39.06525095975439,Move,684.7930755615234,495.3640079498291
52.01742783036066,Move,694.6127014160156,487.3318519592285
61.951931268851624,Move,710.6731567382812,472.51956939697266
69.77796155150729,Move,728.4399261474609,454.9984703063965
82.9096350933832,Move,744.1260223388672,440.0969409942627
93.53552502865608,Move,758.0323333740234,425.01542472839355
102.91655103666602,Move,769.6936340332031,413.47463035583496
124.84993277860212,Move,777.63427734375,403.096155166626
145.64679686113206,Move,782.9577026367188,396.7543830871582
167.78385738825833,Move,787.8898315429688,389.7005681991577
188.88061158388305,Move,792.9959106445312,382.3456163406372
200.61882400136923,Move,796.9660949707031,376.5993719100952
210.57487501295498,Move,801.2656860351562,369.5992183685303
217.90938368196421,Move,805.7330017089844,365.36494159698486
239.6114977492805,Move,806.896728515625,362.09175395965576
260.5058434689985,Move,807.6435241699219,358.7979927062988
275.3172850898333,Move,808.9741516113281,354.7346134185791
292.14492179298793,Move,812.0642395019531,350.5918493270874
299.7841788347355,Move,813.9994812011719,345.87629413604736
313.8788830691043,Move,817.3244934082031,341.8109836578369
326.1761919908595,Move,820.1749877929688,339.4835901260376
338.11986915548255,Move,820.6138916015625,336.51586532592773
358.9603301003196,Move,821.5299682617188,335.04836654663086
380.9392455848126,Released,821.5299682617188,335.04836654663086