resolution:1536,864
0,Pressed,637.8955078125,348.03289318084717
17.38109558740225,Move,637.8955078125,348.03289318084717
33.77510974815576,Move,575.5771179199219,305.9918546676636
49.620685342797444,Move,552.0718231201172,295.070405960083
66.4429222068066,Move,564.6685638427734,310.0774555206299
76.88495961141781,Move,587.0501861572266,331.1002149581909
83.47929020565473,Move,625.9329071044922,361.1850471496582
102.47237225822768,Move,655.2996826171875,381.25261402130127
113.62532733098158,Move,704.3813781738281,414.15986824035645
131.43644095117202,Move,781.6118774414062,461.105770111084
141.03062259698518,Move,855.2868347167969,505.9676342010498
155.90709336806077,Move,875.9973449707031,516.2168998718262
168.37705399321663,Move,917.6987915039062,540.5538139343262
173.8281230349099,Move,942.6615600585938,550.7701206207275
185.48043855945537,Move,943.4564208984375,547.3856449127197
195.54288292532908,Move,947.3119812011719,551.971269607544
204.92145808844944,Move,971.1754760742188,568.7285957336426
210.8324782525539,Move,979.1741638183594,570.9485893249512
216.96749085691204,Move,987.1030883789062,575.8598899841309
231.1248809453635,Move,980.8459167480469,575.186393737793
251.14947865567237,Move,977.625732421875,575.1702747344971
260.1215268022993,Move,973.8653869628906,572.3406944274902
265.9847694874003,Move,898.5773620605469,518.1512832641602
277.8997106032163,Move,873.4194030761719,499.0876007080078
295.35459660330883,Move,838.78857421875,481.80267333984375
308.99964802888013,Move,828.9173583984375,477.385705947876
330.391303029302,Move,831.9185485839844,479.6576614379883
349.8081693644803,Move,843.0258178710938,485.1449203491211
371.3968523385212,Move,864.484130859375,502.0817699432373
386.7338719171358,Move,884.3314819335938,513.1518173217773
393.5097522860179,Move,925.7752990722656,541.4330978393555
402.8865985642525,Move,938.6119995117188,548.4358520507812
424.67048049407464,Move,922.9206848144531,534.7088985443115
442.77427761058584,Move,921.810791015625,537.2658462524414
453.1916823731065,Move,914.9859008789062,530.9466304779053
470.9103271587559,Move,915.5218505859375,531.7417659759521
489.532850028241,Move,924.9951782226562,538.6899833679199
501.14882590562337,Move,921.8725891113281,534.7225971221924
512.0268453465505,Move,935.3169250488281,545.0411281585693
521.3171203504519,Move,947.6651916503906,555.2221584320068
530.6543002998694,Move,927.5771484375,538.815845489502
552.8753673777919,Move,930.7413024902344,544.1233234405518
561.3551775894857,Move,935.1561584472656,544.7573719024658
577.3159362524589,Move,928.3179016113281,542.455135345459
586.1190021653636,Move,919.7920532226562,539.8923168182373
606.2687102575893,Move,946.0320739746094,556.0760536193848
617.9139996816541,Move,972.94482421875,573.5241279602051
625.2721036884949,Move,989.1456298828125,583.0373783111572
632.4188483772649,Move,1020.0365295410156,606.2394733428955
644.2765713470111,Move,1032.2517700195312,614.97926902771
658.4319884085074,Move,1035.3570556640625,611.0140972137451
667.7537419219776,Released,1035.3570556640625,611.0140972137451