resolution:1536,864
0,Pressed,1053.4428405761719,661.5809555053711
13.974997899824503,Move,1053.4428405761719,661.5809555053711
29.44738670717464,Move,1182.9804382324219,749.581392288208
44.719694208142045,Move,1231.5356140136719,777.9707164764404
53.045754811274236,Move,1227.4884338378906,779.8037509918213
68.01446091275584,Move,1191.9400634765625,761.1029777526855
80.28490973057528,Move,1109.6022033691406,711.6103248596191
97.50115339857575,Move,1035.2393188476562,659.1349868774414
103.34157091493526,Move,964.8798522949219,601.8869304656982
125.42468487819175,Move,895.5627136230469,544.0354671478271
145.3068893528508,Move,837.0394592285156,488.35054206848145
151.83912307306326,Move,786.41748046875,440.75596618652344
172.78212809827426,Move,743.3264923095703,404.47899055480957
189.63078769807666,Move,701.8365325927734,365.360538482666
212.41428676907475,Move,648.5796661376953,322.7533779144287
233.1624518814935,Move,612.4151916503906,296.07423877716064
251.78262773528508,Move,571.0148620605469,272.9945297241211
266.0350586221831,Move,536.4941253662109,252.50109672546387
276.9603552214985,Move,490.2204895019531,227.25018882751465
292.8417147305326,Move,438.62452697753906,194.52114486694336
307.7402575646056,Move,386.75994873046875,166.14495277404785
319.13513956082176,Move,319.3253173828125,134.02172327041626
334.49496112141117,Move,252.9888153076172,104.3329267501831
351.8478066637299,Move,187.65074157714844,74.80065321922302
356.9924623813183,Move,112.84381484985352,41.645920157432556
370.67451280869335,Move,45.84063148498535,16.153626322746277
386.72866010446455,Released,45.84063148498535,16.153626322746277