resolution:1536,864
0,Pressed,786.2254028320312,444.5041751861572
13.551258978746798,Move,786.2254028320312,444.5041751861572
25.68204271174094,Move,788.5794982910156,445.2208786010742
42.122982491076186,Move,778.7156066894531,436.83122062683105
62.42643920379936,Move,760.9825744628906,424.4778070449829
68.54282972408562,Move,742.2216339111328,411.49745178222656
73.6815010200724,Move,726.6740570068359,400.7648735046387
89.18453077287974,Move,714.1600799560547,392.6943254470825
107.46052131783003,Move,703.4098205566406,385.769926071167
121.5015956345082,Move,693.1782989501953,378.9388418197632
139.40701850199494,Move,683.9988098144531,372.6568593978882
157.4502794280874,Move,678.2288360595703,367.84507942199707
163.72523097097343,Move,672.4490203857422,363.69374084472656
169.83604104005224,Move,667.5059509277344,360.90265560150146
183.786114894394,Move,660.6644439697266,356.58435916900635
191.4047759613976,Move,655.2775268554688,353.7567615509033
213.03421483660853,Move,653.0173187255859,352.9046173095703
227.19048354401633,Move,650.5403137207031,351.9133758544922
240.14280009680994,Move,649.9172973632812,351.1894884109497
248.17761621623504,Move,646.3944854736328,348.80495738983154
270.9133213770305,Move,645.2572631835938,347.2749137878418
283.13894149508184,Move,643.2700653076172,345.72365283966064
298.1386703812378,Move,642.8724975585938,345.18006134033203
303.2661842274462,Move,641.833740234375,344.4860944747925
314.2827554979279,Move,642.7603912353516,345.19553661346436
327.6222515018844,Move,644.5844879150391,346.33105087280273
336.0270217676914,Released,644.5844879150391,346.33105087280273