resolution:1536,864
0,Pressed,749.5905303955078,376.8007564544678
16.929668210480624,Move,749.5905303955078,376.8007564544678
39.18605957450196,Move,749.3324890136719,344.01081562042236
44.42479926952039,Move,733.4123382568359,327.66998291015625
66.03940545868058,Move,714.4827575683594,324.25195598602295
79.18833813510254,Move,701.108642578125,333.97838401794434
91.62857077088395,Move,696.7449645996094,350.8714084625244
101.63082042655091,Move,707.4496307373047,380.83594036102295
110.85698097198231,Move,722.1784057617188,403.4834232330322
124.70032808467987,Move,735.6221466064453,420.90963649749756
139.4057090583152,Move,743.4220733642578,428.88493824005127
157.01397537696383,Move,743.3068542480469,429.2847204208374
162.84520089647182,Move,738.5861663818359,429.6605043411255
181.7361117397378,Move,743.9510650634766,429.60895442962646
197.4118851267364,Move,748.5055847167969,430.79014778137207
219.05229651178237,Move,746.2925262451172,428.012864112854
241.32717283194359,Move,742.5918731689453,422.26898860931396
261.81111955362616,Move,743.9182434082031,423.2426176071167
270.1824264040855,Move,738.9122314453125,416.78986644744873
286.08880376166235,Move,734.9717559814453,410.94564628601074
303.0345916758843,Move,732.6205444335938,407.31027030944824
323.5417816438792,Move,731.0249176025391,409.74449729919434
342.1151223536074,Move,734.0299987792969,418.85291862487793
353.2731908565264,Move,733.3723754882812,418.81535053253174
375.2266681627011,Move,732.2749786376953,418.4521837234497
389.2582776164229,Move,740.3919525146484,422.3459529876709
397.0991396327302,Move,755.1917724609375,432.07153129577637
412.9045136982468,Move,765.1405334472656,438.4950828552246
425.533929760274,Move,766.0377502441406,439.40820121765137
432.56391397036833,Move,767.0479431152344,440.49847412109375
453.9384002753568,Move,767.5637054443359,437.22415351867676
468.82543001012255,Move,773.4545288085938,442.3132266998291
474.7999006242557,Move,774.8864135742188,441.7602882385254
480.6186383800087,Move,777.6894836425781,445.25079917907715
500.33306691897286,Move,777.0076904296875,446.16263008117676
508.27204045947303,Move,775.0025024414062,443.7081127166748
518.9909073426097,Move,773.4004211425781,440.28717613220215
541.4698936695198,Move,777.97119140625,445.78808212280273
562.8231554702389,Move,787.7752075195312,453.4294681549072
583.8111582064754,Move,784.4435119628906,449.1804370880127
589.4356529287809,Move,786.0586853027344,450.5869617462158
595.8872309858209,Move,786.9140625,451.7087516784668
608.4290764136321,Move,796.1105346679688,456.65393829345703
629.7266925555665,Move,793.8957824707031,453.3079319000244
648.3155010749967,Move,780.633544921875,440.5414237976074
655.1248169673912,Move,766.9290618896484,430.94049739837646
665.4059140704675,Move,756.3159942626953,426.6505765914917
681.7533699274297,Move,749.9215850830078,428.8201789855957
696.3567419992455,Move,757.3003234863281,434.4133186340332
711.743607453455,Move,754.8655242919922,432.58826637268066
734.0855709842807,Move,755.09765625,428.97972106933594
745.0185529601181,Released,755.09765625,428.97972106933594