resolution:1536,864
0,Pressed,782.398681640625,401.5234708786011
6.8432854382412485,Move,782.398681640625,401.5234708786011
28.3985569805461,Move,807.488525390625,386.43783473968506
45.45628186379683,Move,798.4238891601562,373.01451587677
55.780498248446165,Move,772.3905029296875,369.34710788726807
66.40845743832489,Move,747.3527069091797,374.95209217071533
80.00680034867662,Move,729.6804656982422,384.4724235534668
91.58978353427486,Move,721.0394897460938,396.44572734832764
109.2554104853162,Move,719.4421691894531,409.33701610565186
131.6476423327059,Move,732.5662994384766,419.8032703399658
140.28358615395706,Move,743.8744354248047,418.5291996002197
154.8771029227973,Move,743.8910064697266,415.4061555862427
168.85455816772895,Move,740.7924957275391,415.8828248977661
189.18929358103657,Move,744.7007446289062,417.0356168746948
204.31550274406464,Move,749.0542144775391,417.44474601745605
217.94706810313767,Move,748.6016693115234,417.6207160949707
239.46809162966082,Move,747.7524261474609,416.9021587371826
249.77809802401126,Move,745.7562561035156,415.4653015136719
271.2338659369311,Move,750.3656158447266,416.08467292785645
294.1213735023881,Move,750.8306121826172,413.14079189300537
303.219675433429,Move,752.2731628417969,415.7361059188843
319.2975309125513,Move,748.4249725341797,414.2522563934326
333.54085728879147,Move,749.4750823974609,414.9841260910034
352.6238537378404,Move,756.5474395751953,417.5916452407837
365.67202479410065,Move,766.7361145019531,423.05189323425293
370.67838836428075,Move,766.4720306396484,422.39356327056885
379.1648361748099,Move,759.0258178710938,415.60442447662354
388.186220176854,Move,752.4548492431641,415.22575664520264
398.2834009019544,Move,749.5785827636719,416.3753299713135
403.96425386587384,Move,747.3237762451172,416.4377202987671
412.8153281937895,Move,750.6237945556641,414.6869287490845
419.0769486342234,Move,754.265625,416.04010105133057
434.1741720736106,Move,760.6233673095703,420.67256355285645
447.1431016137998,Move,770.1462707519531,424.7359685897827
462.49455314771876,Move,788.5382080078125,429.72886848449707
485.1525246553158,Move,800.808837890625,432.5193614959717
502.15449174601986,Move,818.5101928710938,439.96309661865234
507.6326381044175,Move,827.7691955566406,444.28659439086914
520.1354724820277,Move,828.0552978515625,439.2238368988037
528.0548499186773,Move,821.2576904296875,438.518102645874
539.7827671189601,Move,819.3871765136719,436.9661464691162
555.7267242266145,Move,812.5382080078125,437.7419185638428
564.9290760633415,Move,813.3119201660156,437.48205757141113
573.3562125081057,Move,812.1405029296875,436.42113876342773
593.0920095157428,Move,807.507568359375,433.2113971710205
615.1238224860125,Move,796.5040283203125,428.6590919494629
631.1068531821068,Move,793.84716796875,427.8802556991577
644.5554171341621,Move,778.0703430175781,421.06657791137695
663.8701658141623,Move,765.8514404296875,416.7707862854004
679.6195685589632,Move,758.7718505859375,415.83233070373535
690.1849340628188,Move,756.7648773193359,416.79215812683105
713.180124087774,Released,756.7648773193359,416.79215812683105