resolution:1536,864
0,Pressed,774.3500061035156,405.8822965621948
6.347452596157607,Move,774.3500061035156,405.8822965621948
26.509695247963904,Move,786.8795471191406,401.2903633117676
33.40150434344787,Move,769.0712585449219,396.85766315460205
51.09221428608106,Move,749.6948547363281,397.31512355804443
68.53768599284406,Move,739.4918518066406,398.9402332305908
79.38329878161309,Move,726.6661834716797,401.722074508667
98.62901850776129,Move,718.6947326660156,404.1195831298828
112.70877646450342,Move,716.5285949707031,405.40992736816406
119.2298837059108,Move,717.819580078125,406.14202880859375
133.71660232133837,Move,719.8563537597656,407.26101207733154
149.16819325887874,Move,721.4588928222656,405.3755521774292
160.52769395596766,Move,719.3338165283203,403.767050743103
165.74131654092727,Move,717.9282073974609,403.63984966278076
176.4853663034297,Move,716.2649688720703,403.2673101425171
196.1809162389631,Move,715.8811798095703,401.7455835342407
204.83969442676062,Move,721.3072814941406,399.2569742202759
213.51157338344186,Move,724.7438507080078,396.9318208694458
233.29652638762582,Move,723.6732788085938,395.80410861968994
242.86472339831073,Move,723.5916137695312,391.94718647003174
263.0963684741127,Move,728.7535400390625,388.6927185058594
272.73205856864564,Move,730.0007629394531,386.70421028137207
293.38779684626,Move,732.8428802490234,384.01720333099365
300.40096171541546,Move,730.8844299316406,386.57567024230957
316.2028134437813,Move,730.4916229248047,387.4010353088379
335.49794039101005,Move,726.6750640869141,392.5196170806885
347.7296637041653,Move,722.7922210693359,397.7981014251709
359.79198665644026,Move,722.8970031738281,400.07368755340576
372.55224836610375,Move,720.1449279785156,402.6472692489624
391.2060592353702,Move,721.4198455810547,403.71199893951416
401.59488074083674,Move,718.6356811523438,403.2991876602173
406.97505827784073,Move,719.8866119384766,402.2168712615967
423.9336756972859,Move,720.8281860351562,403.22307300567627
429.6550678688751,Move,720.9212951660156,402.0722379684448
447.95801220359914,Move,722.5257110595703,401.4757318496704
453.64345309749115,Move,721.4849853515625,399.7120141983032
467.47168473991667,Move,721.4028167724609,397.69837474823
479.0698049209709,Move,724.7795562744141,395.3801221847534
484.81938769480183,Move,730.7328643798828,393.4241609573364
492.8142330170286,Move,732.6581268310547,392.2038288116455
510.36452652930467,Move,736.2602233886719,390.26609802246094
520.0793040015654,Move,738.0605621337891,390.5145263671875
541.1283617738906,Move,733.1986541748047,392.6992950439453
556.5190523223397,Move,727.0104217529297,397.0096607208252
567.7281024383595,Move,725.2940826416016,397.4513883590698
581.4091297683914,Move,722.9885101318359,400.8333921432495
595.0134832766093,Move,720.0447692871094,401.0309658050537
604.4790465555299,Move,718.0521697998047,399.0228624343872
626.1360069317681,Move,718.259033203125,397.1829528808594
637.992806494069,Move,720.9769592285156,395.22876834869385
656.7391543946914,Move,722.4681701660156,393.92245960235596
664.8134828059511,Released,722.4681701660156,393.92245960235596