resolution:1536,864
0,Pressed,803.5087280273438,341.3304262161255
18.10092063132097,Move,803.5087280273438,341.3304262161255
26.636726692647787,Move,832.4108276367188,283.4887990951538
38.56817114391161,Move,860.895263671875,239.87718772888184
53.22267449148471,Move,889.5488891601562,206.03809547424316
65.13972723666096,Move,915.6515808105469,178.81175994873047
84.3821067271474,Move,941.57666015625,156.44706773757935
95.80466965342121,Move,966.5859375,136.8857045173645
117.88188166673154,Move,991.3669738769531,118.21616506576538
133.6227603870591,Move,1017.8809204101562,102.87922310829163
155.08333316901985,Move,1045.3262329101562,89.59986162185669
175.87080434191822,Move,1076.596435546875,76.37470865249634
183.35664241460287,Move,1111.9061279296875,66.20511746406555
202.59242892429288,Move,1152.3594360351562,59.683043003082275
215.12154416849373,Move,1201.2921752929688,60.76011300086975
222.5826327801453,Move,1252.6550903320312,92.6997377872467
230.2899735365748,Move,1245.8758850097656,231.38775157928467
238.1265030121525,Move,1171.4716186523438,332.51536560058594
252.59149723696436,Move,1039.0256652832031,296.3893060684204
263.5309873114907,Move,959.5771179199219,322.72325134277344
275.22274851188723,Move,904.7143249511719,364.96312522888184
294.8905804615277,Move,861.5284423828125,415.2992706298828
303.22753669251875,Move,817.0206298828125,451.25669860839844
320.7505600067373,Move,775.2323913574219,514.2922496795654
327.69818169742234,Move,915.3701477050781,724.7899532318115
348.20542102363356,Move,1354.3913269042969,861.4281177520752
354.76491488743227,Released,1354.3913269042969,861.4281177520752