resolution:1536,864
0,Pressed,761.208984375,272.056640625
21.367090598908,Move,761.208984375,272.056640625
28.18732751075543,Move,691.8001556396484,168.885724067688
44.09877392408819,Move,612.4882049560547,105.5433132648468
50.78383502705202,Move,524.7829742431641,66.28208827972412
68.71157780246799,Move,448.4907531738281,43.143831968307495
82.15501382879705,Move,382.74803924560547,27.136232614517212
87.48880300718308,Move,328.4944152832031,15.838029563426971
95.22549145168479,Move,289.9556579589844,7.972832232713699
110.9402236102608,Move,260.06627655029297,3.108319692313671
129.91935530486577,Move,239.64944458007812,0.770343940705061
138.6239927537784,Move,234.72809600830078,0.07583857979625463
152.73029150103196,Move,238.06613159179688,0.0012528298721008468
162.0288313195082,Move,224.98628997802734,1.099952321226283e-06
169.0647350013449,Move,115.18319320678711,5.774726156244567e-12
189.0952474147481,Move,17.469672203063965,2.499352716457969e-20
204.75593217864562,Move,1.2508052587509155,1.7210489858737487e-31
216.45046308369552,Move,0.0010099294013343751,0
232.39281643472933,Move,1.3230557274757082e-11,0
243.21785441657983,Move,1.1196375718549463e-22,0
265.8365283358981,Move,0,0
286.5649082209351,Move,0,0
297.8725050184971,Move,0,0
317.95211545163966,Move,0,0
336.86430423610415,Move,0,0
347.71161772916673,Move,0,0
355.1331708158379,Released,0,0