resolution:1536,864
0,Pressed,772.9161987304688,406.11326694488525
16.985272993396343,Move,772.9161987304688,406.11326694488525
29.721081153787765,Move,786.5783386230469,401.5360107421875
38.595738804623664,Move,770.805908203125,397.65915870666504
45.44706497795805,Move,747.1479949951172,400.7616033554077
52.704716684824575,Move,731.0641479492188,405.2144136428833
61.67990163645306,Move,721.0124359130859,407.49154472351074
71.59071582526562,Move,716.2804412841797,406.96420097351074
90.93793853297151,Move,716.9972534179688,406.8114309310913
112.87369014488002,Move,715.1501770019531,406.15322971343994
132.10698001938025,Move,716.2291259765625,404.2630834579468
141.06100401225962,Move,720.6754760742188,403.89196014404297
161.5361108541539,Move,723.2357482910156,403.70720958709717
176.99374164970962,Move,725.7016296386719,403.6637706756592
192.73715814768582,Move,727.0823822021484,403.08546924591064
213.47225382671903,Move,726.4074554443359,402.46349716186523
225.54767774118648,Move,725.622802734375,401.1312847137451
231.08052428164234,Move,723.9456939697266,400.1773281097412
239.622660922875,Move,725.2428131103516,399.47609996795654
244.98744230193608,Move,725.1996917724609,401.36125087738037
251.0216275984992,Move,725.4821319580078,402.51445484161377
268.87996051633024,Move,725.9778442382812,402.07146549224854
281.0893698541962,Move,725.6246337890625,401.6902484893799
286.32782227137454,Move,728.2922058105469,399.92199897766113
302.5226540960188,Move,726.3797607421875,400.1156587600708
310.03873699413066,Move,722.4892272949219,400.682089805603
330.8685191499118,Move,720.4173431396484,401.019739151001
346.74120059460284,Move,721.8715667724609,399.19535636901855
364.35949311512087,Move,721.9898986816406,397.0148620605469
374.76469914997983,Move,726.3652038574219,394.99615001678467
388.2273664419622,Move,736.1039428710938,393.5348825454712
409.7102499025949,Move,740.5784912109375,392.7994079589844
415.2296286644045,Move,739.1442718505859,393.86372566223145
425.10336146407747,Move,734.8288879394531,397.1496591567993
433.58301486885415,Move,728.9898834228516,399.08844566345215
441.7624946284435,Move,724.3933410644531,401.92613697052
462.1530570231916,Move,722.7127532958984,402.7259588241577
483.2958893978022,Move,722.6965484619141,401.62046813964844
497.2065606391169,Move,722.7667694091797,400.83527183532715
518.9089906667135,Move,726.7115936279297,399.44978427886963
527.9761985389414,Move,725.8941192626953,396.82758808135986
536.360504514587,Move,729.8559722900391,394.717080116272
552.1922884993058,Move,728.5595397949219,396.0909547805786
567.660844987852,Move,727.3706817626953,396.6106767654419
577.2215392462471,Move,726.8780364990234,397.0402250289917
595.1075372577313,Move,725.4542541503906,398.15403270721436
604.6945305784076,Move,728.3388977050781,398.01632595062256
611.5258681904575,Move,730.1200561523438,394.22604274749756
623.5579831737891,Move,738.5326538085938,391.40403270721436
637.1671622637352,Move,746.7497863769531,390.12517261505127
650.5393385686798,Move,758.1000366210938,388.33459854125977
660.2651000780497,Released,758.1000366210938,388.33459854125977