resolution:1536,864
0,Pressed,770.9549560546875,404.00976276397705
19.52078794507871,Move,770.9549560546875,404.00976276397705
36.03376731279677,Move,788.6866149902344,397.3665189743042
58.99995242583419,Move,777.6355590820312,391.37395763397217
79.77972774610456,Move,754.4194793701172,389.8785982131958
85.34699018041832,Move,737.5648040771484,391.78401374816895
106.51552698515229,Move,727.5158386230469,394.6073112487793
118.95482875358563,Move,712.3197784423828,402.0287733078003
124.3040407257252,Move,712.1688995361328,404.63101387023926
138.3408240589353,Move,710.2912445068359,407.73683166503906
158.82298090846618,Move,718.2830657958984,408.80985260009766
177.25506365641087,Move,722.2559051513672,406.93484687805176
185.98063227788558,Move,725.7052001953125,403.4622573852539
204.84894784862178,Move,726.3335723876953,401.43548583984375
218.79363630477593,Move,729.9267425537109,399.5001497268677
237.06567117992236,Move,735.2629852294922,397.5621871948242
247.9600723467928,Move,733.7789611816406,397.8132162094116
265.7546169688617,Move,731.9120635986328,398.52894115448
280.23596833508986,Move,730.9713592529297,398.7779874801636
294.4198843759797,Move,732.3119201660156,399.3727684020996
300.663911276301,Move,729.5038146972656,401.6580877304077
322.8938092118497,Move,725.9678649902344,403.64129161834717
334.12155686733337,Move,724.8829650878906,404.3037157058716
339.80030410687954,Move,718.0090942382812,407.0201539993286
351.97090626761036,Move,716.7456665039062,405.4805574417114
370.21199491895817,Move,719.4200134277344,403.458703994751
382.0207184979846,Move,725.5214080810547,400.35082626342773
387.9328190603951,Move,732.4508056640625,399.41790676116943
406.9662202186514,Move,736.7711791992188,399.0138244628906
420.25979156013545,Move,747.6313018798828,398.3059015274048
442.75899824980354,Move,749.3282775878906,397.30824851989746
456.0055437245796,Move,748.1193695068359,396.4761629104614
476.8823642534902,Move,746.7096405029297,396.3329973220825
493.31374444032065,Move,742.1875762939453,396.61538887023926
506.3244335878799,Move,738.7669372558594,397.663613319397
523.4830272058762,Move,736.9019622802734,398.9832344055176
534.076255352032,Move,733.3345642089844,400.44215869903564
555.2897076725435,Move,729.7018432617188,402.2257032394409
562.0520776884124,Move,728.3859100341797,403.2987756729126
580.8191447898789,Move,728.6260986328125,403.38258934020996
590.6952076188863,Move,727.0833892822266,402.32622814178467
596.2985108286091,Move,731.3025970458984,400.53949069976807
615.4841144398436,Move,731.3600463867188,400.06361961364746
620.6795081049584,Move,735.1718902587891,399.74517917633057
634.849221536821,Move,735.7423095703125,399.3731288909912
651.6513846420634,Move,733.9716339111328,398.49603366851807
657.3007437709548,Move,738.6610565185547,395.95806312561035
665.0717974272553,Move,744.4443054199219,395.312762260437
675.8485982219154,Move,749.2605743408203,395.10388469696045
695.7595856252208,Move,756.9975128173828,394.4441385269165
703.1753272627988,Move,753.1716613769531,393.976713180542
724.4413094601199,Released,753.1716613769531,393.976713180542