resolution:1536,864
0,Pressed,842.3187561035156,484.50670051574707
5.1005049737700565,Move,842.3187561035156,484.50670051574707
24.62819316358156,Move,865.1819458007812,501.58836364746094
41.09718491535939,Move,861.25927734375,497.8726501464844
47.91353101607657,Move,846.9427185058594,485.57678604125977
59.365031788699184,Move,826.3285217285156,469.06258392333984
77.06489953941451,Move,809.9043273925781,451.784969329834
86.86965909306883,Move,787.5105285644531,431.6212034225464
93.54304039809594,Move,766.5004577636719,412.1061887741089
102.33512664732596,Move,748.2115631103516,393.27952766418457
123.07884255774579,Move,729.8907623291016,377.6898250579834
134.42199808128578,Move,711.3414459228516,363.26725673675537
144.60229702979163,Move,692.9678192138672,348.5605459213257
163.37061462248047,Move,672.7497711181641,331.84797191619873
174.82188297665783,Move,653.2539825439453,315.1571044921875
193.6158999663884,Move,634.8202972412109,296.53530406951904
205.35256051745068,Move,616.7980499267578,282.50059604644775
210.85207525880656,Move,597.7432708740234,265.8312292098999
218.7861745084609,Move,577.0947875976562,249.84130668640137
224.86070447563569,Move,554.5696105957031,233.61552143096924
237.61198046285094,Move,533.7438812255859,218.30519771575928
252.89515199369447,Move,509.9912109375,200.6220202445984
259.0507059089694,Move,491.00408935546875,184.9575161933899
276.51845410811376,Move,478.99012756347656,175.56960010528564
295.2421179476003,Move,461.5496063232422,161.74961471557617
306.32789082093643,Move,446.3565216064453,150.61914682388306
313.67930232255384,Released,446.3565216064453,150.61914682388306