resolution:1536,864
0,Pressed,773.8689880371094,440.34979820251465
19.6204167129106,Move,773.8689880371094,440.34979820251465
40.36372908332797,Move,792.160400390625,454.83424186706543
52.42664045428189,Move,819.3385620117188,473.52476692199707
67.3194308783413,Move,845.014892578125,490.7908458709717
87.27737722094433,Move,869.7170104980469,508.0964241027832
102.17304872072137,Move,893.9197998046875,525.1176280975342
124.64664445434454,Move,913.39892578125,538.6502265930176
147.4688888223806,Move,932.0291748046875,551.7049198150635
164.86660426410378,Move,950.1047058105469,564.2731075286865
175.03501679250755,Move,970.9515380859375,578.8986053466797
189.92385891291823,Move,991.288330078125,592.877025604248
198.22474170656443,Move,1014.2181701660156,608.6016025543213
208.66291445078116,Move,1033.1056823730469,621.1792144775391
215.4224400825333,Move,1049.1828002929688,631.699052810669
225.24262226531525,Move,1062.5314636230469,640.4007396697998
239.91276444608815,Move,1074.0186767578125,647.7478122711182
262.3131181864802,Move,1083.5315551757812,653.9636192321777
273.4704253984044,Move,1095.2932434082031,661.5450096130371
286.05251438311734,Move,1111.072998046875,671.5149993896484
297.8081289322548,Move,1128.8457641601562,682.494255065918
302.8832824714605,Move,1152.6765747070312,697.2746086120605
318.83886955524844,Move,1177.3572692871094,711.7286167144775
330.827200651663,Move,1200.8954772949219,725.4324474334717
338.88617723300223,Move,1225.0046081542969,738.8402652740479
347.8880619658239,Move,1248.0698547363281,751.2434520721436
365.5374932729299,Move,1271.7137145996094,763.443941116333
383.5932609345505,Move,1298.527587890625,777.2154922485352
400.864314438271,Move,1329.9002380371094,792.4351787567139
420.7610818155832,Move,1365.56689453125,808.6737613677979
441.44550646489796,Move,1404.1137084960938,824.6246738433838
454.64481171502024,Move,1444.4779357910156,839.6485633850098
474.1375383780679,Move,1484.0418090820312,852.3156280517578
483.70375072086875,Move,1516.594482421875,860.6583709716797
503.3581441584428,Move,1533.2026977539062,863.6945114135742
517.859653554288,Move,1535.9560546875,863.9984550476074
540.3918990619266,Move,1536,864
553.5168301434513,Move,1536,864
564.2044339409272,Move,1536,864
574.2175737424285,Move,1536,864
595.1967511636881,Move,1536,864
613.7421818506364,Move,1536,864
625.6712983126904,Move,1536,864
634.5315488997882,Move,1536,864
655.5934986455513,Move,1536,864
670.4365083731378,Move,1536,864
684.932758661746,Move,1536,864
698.2733068209507,Move,1536,864
711.1396798384864,Move,1536,864
722.3147222304182,Move,1536,864
743.1536942938965,Move,1536,864
764.8505691059811,Released,1536,864