resolution:1536,864
0,Pressed,663.4700775146484,358.02476978302
5.480949644698631,Move,663.4700775146484,358.02476978302
17.387084029829133,Move,537.6126251220703,291.94916439056396
34.47345528245362,Move,416.92039489746094,226.39425945281982
56.78635965733467,Move,318.94459533691406,172.18775081634521
77.596040559825,Move,243.02483367919922,126.84208488464355
84.6759343022973,Move,189.14783477783203,91.07357239723206
100.8476801123265,Move,148.8702507019043,61.85953974723816
111.26165152786146,Move,117.97037887573242,37.84831130504608
132.72334022223185,Move,90.81982612609863,19.171254694461823
141.89992556953553,Move,65.56695556640625,6.794308751821518
149.34943335361353,Move,38.88876914978027,1.1702477261424065
158.86535487528278,Move,15.478443145751953,0.05054895824287087
167.21211376771782,Move,2.6114067435264587,0.00025430138430238003
174.5097281913713,Move,0.1418103240430355,4.821669463694889e-08
195.0195360687051,Move,0.003380540991201997,9.824556939470527e-14
208.11040805325243,Move,1.8051675397146028e-05,4.614716451794198e-21
223.8304601753728,Move,7.822286818282009e-07,7.103182320821192e-29
243.10271756667169,Move,7.407774660350697e-08,0
259.9560536834755,Move,1.5089010958035942e-05,0
279.31499513847035,Move,5.102065086364746,0
287.1328432938592,Move,3.1583149429081914e-08,0
292.9285110191757,Move,6.559014970294685e-21,0
302.26068550478396,Move,0,0
310.1331112815687,Move,0,0
320.266437048164,Move,0,0
332.55187109423775,Released,0,0