resolution:1536,864
0,Pressed,770.2748107910156,433.6897144317627
7.142358725093899,Move,770.2748107910156,433.6897144317627
25.14745287198192,Move,771.4166564941406,434.49257469177246
46.7432067362263,Move,772.1293029785156,435.0923767089844
57.79380003001181,Move,772.5904541015625,435.4871120452881
65.68028441165713,Move,772.75634765625,435.77400970458984
70.92149613808185,Move,772.5119018554688,435.8569736480713
86.44167709289255,Move,772.3710021972656,435.7053623199463
105.20288811356792,Move,772.5560302734375,435.65612983703613
124.87490812895952,Move,772.7389526367188,435.4838676452637
147.80448606598162,Move,772.7483825683594,435.34142303466797
158.47336527205644,Move,772.7016906738281,435.43010330200195
177.29632511624672,Move,772.5387268066406,435.55019760131836
183.02337618699855,Move,772.519775390625,435.63851737976074
191.75369352553273,Move,772.6572875976562,435.6870803833008
197.29034384218448,Move,772.3027038574219,435.8368892669678
204.35150952995497,Move,772.6841125488281,435.8356533050537
215.8785131797443,Move,772.3417053222656,436.0657482147217
227.1757290067816,Move,772.2947387695312,436.09587478637695
233.575116547921,Move,772.4140319824219,436.06106185913086
253.96370684161707,Move,772.2528991699219,435.9097595214844
260.16880703187195,Move,772.5730590820312,435.9250545501709
271.90877746038444,Move,772.6931762695312,436.0023536682129
285.57831057719295,Move,772.568115234375,436.0961322784424
296.4585698103111,Move,772.3207397460938,436.1319751739502
318.21639333204564,Move,771.8266296386719,436.02630043029785
340.8189227309095,Released,771.8266296386719,436.02630043029785