resolution:1536,864
0,Pressed,770.5733642578125,402.39896965026855
11.645049740167682,Move,770.5733642578125,402.39896965026855
18.028567423681054,Move,794.4549865722656,395.89376735687256
24.96647984227037,Move,790.8949584960938,388.6126899719238
43.09887080097958,Move,764.6981964111328,387.72369861602783
55.18949246574546,Move,742.0013122558594,389.80814838409424
66.05884254079616,Move,728.1603240966797,392.0212154388428
71.16661567334661,Move,714.8077697753906,397.84797763824463
81.14885244904723,Move,705.1268920898438,403.0472831726074
95.21894308792375,Move,703.0299224853516,402.9095764160156
102.25433770808608,Move,704.0948638916016,402.24370193481445
107.70151403333998,Move,709.3342895507812,402.9947032928467
124.41373700398938,Move,713.7489624023438,402.8513832092285
144.36872753870563,Move,713.4526977539062,403.3830785751343
151.6427498629226,Move,715.4594879150391,402.7745475769043
162.50061130030406,Move,720.2223358154297,403.7765007019043
169.77294457256997,Move,723.5327911376953,401.7564239501953
180.97084353620187,Move,723.1235504150391,400.9957666397095
192.38496190067778,Move,718.8787078857422,401.0909614562988
204.7533986272457,Move,719.0957794189453,399.2368640899658
217.0412715809723,Move,718.3547058105469,398.4547576904297
232.24555314954114,Move,719.9582977294922,396.9105005264282
244.06568435346765,Move,720.4075927734375,396.58039569854736
262.9621575265186,Move,723.1203002929688,395.921293258667
275.67684848609485,Move,721.7521820068359,396.42932510375977
286.3417416796114,Move,717.7568206787109,398.37797355651855
296.5657701561549,Move,717.2136840820312,397.9501247406006
318.0143115338195,Move,716.312255859375,400.2488594055176
334.1372278200481,Move,718.0132598876953,401.07126331329346
344.58503205045434,Move,717.8233337402344,400.59245681762695
363.24736008319024,Move,721.1189575195312,399.08167362213135
384.0551189181302,Move,719.9252014160156,396.598445892334
392.57474186802176,Move,722.9744110107422,392.39614963531494
400.73014881029377,Move,727.1225280761719,390.93673610687256
418.7310344133675,Move,726.1913452148438,390.50543689727783
436.5647822466077,Move,725.0356750488281,390.34424686431885
454.99948180267563,Move,722.3309326171875,390.9855308532715
463.35425325945397,Move,725.9027709960938,389.7030143737793
480.42276001756085,Move,730.4268493652344,390.1423988342285
500.5088680794877,Move,734.0551300048828,391.41997146606445
519.9292413359475,Move,732.3730316162109,392.36043548583984
527.3162525158472,Move,731.7059783935547,393.08452892303467
536.4377823405804,Move,727.951171875,394.9672336578369
553.4914586315255,Move,725.5118408203125,398.1465654373169
561.0783948042588,Move,721.6473999023438,398.2559995651245
581.5809878954319,Move,720.1966552734375,399.41654205322266
593.8388397187101,Move,720.4119415283203,400.2656478881836
600.2739702808915,Move,716.8489837646484,400.48956298828125
618.7081727639938,Move,718.4639739990234,396.9117622375488
628.0823766119439,Move,721.012939453125,395.026894569397
633.1069228738418,Move,721.4539489746094,394.36632442474365
648.3511183662639,Released,721.4539489746094,394.36632442474365