resolution:1536,864
0,Pressed,772.5566711425781,280.1338834762573
14.656073573196736,Move,772.5566711425781,280.1338834762573
32.55631621752875,Move,719.7249298095703,189.79987335205078
48.3979752948265,Move,656.5086822509766,121.31442546844482
69.73596941092009,Move,582.2009582519531,79.41854810714722
88.85156387929345,Move,508.55003356933594,52.40678071975708
110.92055402176129,Move,444.4904022216797,34.6143364906311
115.98972663042555,Move,389.2654724121094,22.480710089206696
121.71893915675497,Move,351.26312255859375,13.68661093711853
135.9007267460841,Move,332.4620819091797,7.357577472925186
140.92031657119298,Move,333.5045928955078,3.2248070910573006
161.80784098066627,Move,371.5865020751953,0.9938383027911186
174.7884676335555,Move,479.69183349609375,0.14627285627648234
185.57991587859223,Move,755.291015625,0.005344687946490012
201.9448749309489,Move,1266.6728210449219,2.090952921207645e-05
209.22409545598444,Move,1505.8728332519531,1.2267208186755862e-09
223.3755013269456,Move,1535.0894165039062,2.7055874454254393e-16
228.61978662449047,Move,1535.9798583984375,1.3573660705502835e-24
251.42617159110412,Move,1535.9979858398438,4.01874104732182e-32
267.8402470765407,Move,1535.9979858398438,0
275.59586473972905,Move,1536,0
291.8438703807475,Move,1526.1945190429688,0
306.4227731054687,Move,2.7127904922430446e-09,0
317.30929889972015,Move,6.736214228836534e-34,0
339.41761766785254,Move,0,0
348.5633615873201,Move,0,0
364.90720108807056,Released,0,0