resolution:1536,864
0,Pressed,1303.8864440917969,816.4385890960693
17.516033166745252,Move,1303.8864440917969,816.4385890960693
31.530190668291407,Move,1459.3999328613281,858.2132263183594
49.78215344731263,Move,1502.1435241699219,862.7967395782471
67.94113154012709,Move,1515.4096984863281,863.6619644165039
89.50355770158689,Move,1517.5608215332031,863.8449897766113
100.89452001976075,Move,1516.4627380371094,863.920280456543
119.91996641298718,Move,1511.1868286132812,863.9458236694336
132.63527579085616,Move,1505.9865417480469,863.9645690917969
154.51804953787368,Move,1496.1154174804688,863.9715728759766
177.3058405833301,Move,1485.3163146972656,863.9786796569824
188.4933663469289,Move,1456.5671081542969,863.979606628418
206.60981851138192,Move,1372.2606811523438,863.970645904541
219.66744462089758,Move,1125.4653625488281,863.9601402282715
234.76967131897172,Move,542.8524169921875,863.9469566345215
250.88044994474646,Move,51.44314384460449,863.9398498535156
267.0261858673997,Move,3.285513997077942,863.9655990600586
276.78390422916635,Move,0.04807398095726967,863.9881553649902
283.5778869791716,Move,0.00012712674288195558,863.9977340698242
303.9904982955888,Move,6.17636022326451e-08,863.9998970031738
318.6145805878427,Move,5.9912999041122905e-12,864
327.4044430194923,Move,3.8122885004384676e-17,864
342.8785274543632,Move,1.7090725548585228e-23,864
355.00168611193504,Move,1.512310216531336e-31,864
364.6692836953854,Move,0,864
371.00058065678155,Move,0,864
383.863635038132,Released,0,864