resolution:1536,864
0,Pressed,602.0596160888672,348.98988819122314
17.83934908847563,Move,602.0596160888672,348.98988819122314
29.715057287378883,Move,490.2483215332031,293.2620391845703
45.11248285928259,Move,442.75909423828125,271.3175354003906
66.43351242461304,Move,439.92572021484375,273.7939395904541
84.56890284223479,Move,460.1029815673828,289.2981290817261
107.47182808823139,Move,503.5591278076172,317.43747997283936
122.07875760058587,Move,559.8153533935547,349.4256420135498
129.2647843456953,Move,618.5498199462891,378.91934967041016
149.7297682681897,Move,671.5268096923828,405.58363151550293
169.17024243511327,Move,699.0062255859375,418.5752649307251
174.32005868732807,Move,708.0316772460938,419.61241722106934
181.16896189100075,Move,705.1295013427734,413.7620429992676
202.85350694782537,Move,727.4059295654297,426.1468963623047
209.3805412036468,Move,731.0320587158203,425.260196685791
220.08432500964608,Move,768.6139526367188,445.0549507141113
235.0978330026756,Move,777.2766723632812,448.2825107574463
249.39545053214152,Move,788.1453552246094,454.102294921875
264.2254452421798,Move,817.0162353515625,470.7913341522217
271.0981991592909,Move,838.4112854003906,485.58899116516113
282.21721312186753,Move,888.4037475585938,518.7970218658447
293.42307897776965,Move,927.3456115722656,542.5075092315674
309.8099165791385,Move,928.8175964355469,541.5728130340576
316.2319158526373,Move,955.6712951660156,562.0977115631104
326.7066892790148,Move,961.4832458496094,567.3564205169678
335.1155620125977,Move,965.2996215820312,569.2498626708984
353.4098399239547,Move,964.8792114257812,569.2678356170654
368.9474641784181,Move,968.236083984375,567.9734745025635
379.222659186819,Move,938.6878051757812,544.3000144958496
401.77137674387933,Move,911.3219604492188,525.6881790161133
416.8096459400178,Move,916.7763977050781,529.7415161132812
435.6842408534557,Move,921.9747619628906,534.5398292541504
448.9029483142969,Move,910.0350036621094,526.7287044525146
463.21875522255493,Move,903.6024169921875,525.2479190826416
484.4404770664314,Move,915.3466186523438,537.1659393310547
500.86180900560686,Move,922.9625244140625,542.5710582733154
506.7038685922445,Move,945.3395690917969,558.138822555542
512.0580933722209,Move,962.0684509277344,567.0684928894043
530.4453590164889,Move,953.8906860351562,559.3649482727051
546.7645256708894,Move,970.6398010253906,571.4050197601318
556.259731627413,Move,973.2119750976562,573.6731128692627
577.8250065259728,Move,938.1911315917969,547.077169418335
586.1444363634843,Move,907.2615051269531,525.9993324279785
605.7510249789416,Move,894.0397338867188,519.0567283630371
623.7878011660387,Move,868.3833618164062,501.4318084716797
638.7404582770508,Move,846.8319396972656,488.7930164337158
658.4939539111972,Move,850.8855285644531,491.615026473999
670.9800124132721,Move,874.4093627929688,507.19061851501465
685.7379594163962,Move,879.7906494140625,509.92039489746094
692.5918229648016,Move,877.0199890136719,506.7384624481201
713.3349340510496,Move,896.0707397460938,520.191032409668
722.2687662920208,Released,896.0707397460938,520.191032409668