resolution:1536,864
0,Pressed,758.1504364013672,269.5863904953003
12.822289940624465,Move,758.1504364013672,269.5863904953003
18.733973378739794,Move,689.9439697265625,173.25083255767822
29.723420172248368,Move,611.4999389648438,109.01408100128174
50.78002452538394,Move,521.5095977783203,68.02277970314026
71.25013671274945,Move,432.83445739746094,41.348944902420044
86.51176239932207,Move,361.33506774902344,24.691762268543243
93.80003510422733,Move,305.0833282470703,13.482352942228317
111.68545422340786,Move,258.8456268310547,6.001358315348625
117.95036791853751,Move,217.0433578491211,1.8881875053048134
128.99974461080072,Move,176.52306747436523,0.30528048053383827
141.3298092757733,Move,132.83777618408203,0.01131671026814729
153.61119659649006,Move,70.9105396270752,3.504686640098953e-05
168.89774369047652,Move,15.345844745635986,1.660507481515694e-09
184.67496056226267,Move,0.45841173827648163,2.109557698761833e-16
194.77118805644852,Move,0.004130815272219479,4.972822050815107e-27
214.75922215954876,Move,4.758024033435504e-06,0
220.8626542821026,Move,8.76355384744551e-13,0
237.2115589931399,Move,6.226846592342835e-27,0
250.4280614609504,Move,0,0
268.8316250915106,Move,0,0
282.6561656314273,Move,0,0
299.9092161029964,Move,0,0
314.95245809332954,Move,0,0
321.4354656124292,Move,0,0
327.7897780695659,Move,0,0
346.7738320508521,Released,0,0