resolution:1536,864
0,Pressed,607.0103759765625,356.9457492828369
6.536279190709158,Move,607.0103759765625,356.9457492828369
18.51056335172411,Move,521.5073089599609,315.6497383117676
34.778421353602475,Move,512.3365631103516,315.1445903778076
50.38723886946653,Move,547.5545196533203,338.31915950775146
62.21029393541864,Move,590.5973510742188,364.0793867111206
84.1185021558064,Move,620.6434478759766,379.0495891571045
97.12234218002574,Move,656.0870361328125,396.1165494918823
104.65752631796906,Move,692.5031433105469,413.1545419692993
122.37230613655916,Move,735.7300415039062,434.57904052734375
144.06245996183014,Move,765.1793975830078,447.6533546447754
152.0867908794149,Move,787.0586242675781,458.06525230407715
167.8231318723423,Move,796.2523498535156,461.92109298706055
174.33328922879838,Move,811.0377502441406,469.15013122558594
192.10253296316037,Move,843.3760070800781,488.084192276001
211.1617963487954,Move,861.8605041503906,499.60268783569336
226.2163557471859,Move,866.2856140136719,500.78998374938965
239.85040440954765,Move,873.1137084960938,505.4953422546387
249.68132775825518,Move,877.5346984863281,509.6780948638916
259.51984331120815,Move,885.1636047363281,515.0421180725098
267.71758208140017,Move,900.6099243164062,523.9797706604004
287.7223041839101,Move,906.2961730957031,529.574146270752
304.9061768065437,Move,909.5272521972656,532.8863697052002
320.089874887517,Move,914.5833435058594,533.8323955535889
341.02474879142994,Move,945.1074829101562,554.4608058929443
357.29795649795597,Move,950.4696350097656,559.1996383666992
375.69298141826545,Move,949.4933166503906,556.6750316619873
395.69974386842205,Move,953.0731201171875,559.2967128753662
415.8229810536493,Move,936.2832641601562,548.1772270202637
420.9945917066081,Move,926.9090881347656,539.6162338256836
436.02299910410585,Move,874.7591857910156,505.5072383880615
454.16620407964643,Move,854.6932983398438,492.6863479614258
462.8819250210627,Move,825.4236145019531,475.5175495147705
480.4217550903903,Move,783.0609741210938,452.15869331359863
492.27567797857586,Move,752.6411590576172,434.80676651000977
499.14406864527814,Move,718.4019927978516,416.0479803085327
515.3469331176369,Move,727.4082183837891,422.5881242752075
522.1461293737046,Move,717.3558654785156,417.4526252746582
541.517607634777,Move,718.7394104003906,419.59833240509033
553.9503653361296,Move,721.4089508056641,420.537148475647
576.7852060875458,Move,741.9219360351562,430.58956146240234
589.4983372584684,Move,775.2236938476562,448.6738986968994
601.5947811939922,Move,786.9740295410156,455.57314109802246
612.0903061036632,Move,797.2586059570312,462.7466640472412
625.153149635262,Move,797.978759765625,461.3979721069336
632.8600336348195,Move,805.497802734375,465.8987274169922
654.9004946948934,Move,795.7357177734375,459.05330085754395
674.4524237704337,Move,801.7554931640625,462.745325088501
696.0281696755911,Move,819.9126892089844,473.6435737609863
715.5592923098733,Move,836.4331970214844,484.16722297668457
724.8525853911768,Move,819.3560485839844,473.90096282958984
744.1369716624504,Released,819.3560485839844,473.90096282958984