resolution:1536,864
0,Pressed,811.7353820800781,464.1914005279541
15.59505532094983,Move,811.7353820800781,464.1914005279541
21.99989900880287,Move,828.8301086425781,478.06213760375977
31.241837590999662,Move,830.9111022949219,479.12501335144043
46.275486585069444,Move,824.1548767089844,472.98475456237793
67.53126943551035,Move,812.011962890625,462.70664978027344
73.32325220934237,Move,797.9754638671875,450.08068084716797
79.57428254118108,Move,778.200439453125,433.10767936706543
99.52546178822055,Move,757.0139923095703,415.5850353240967
115.8721610688653,Move,740.8118133544922,401.8586483001709
128.71501469391822,Move,728.1710357666016,389.7032461166382
146.8542794439595,Move,715.2860870361328,378.98472690582275
160.02132868578312,Move,706.0511169433594,372.06519412994385
165.44227157778477,Move,697.8579711914062,366.71409702301025
172.88671026508607,Move,690.9792022705078,362.22544384002686
191.208525160388,Move,681.5308227539062,354.72158432006836
202.98539280557,Move,673.3436737060547,348.5313720703125
208.15216193819097,Move,663.7626342773438,341.35012435913086
217.17836659707774,Move,653.5713043212891,333.65216732025146
238.45437957075313,Move,641.6531982421875,323.7132568359375
258.35453482633204,Move,625.7514038085938,312.7454595565796
279.02945201803493,Move,607.9805603027344,300.76831912994385
285.4680432001703,Move,593.6765441894531,291.0091381072998
299.3802202020812,Move,579.7867126464844,280.70193672180176
317.68298387678254,Move,573.1143035888672,276.13482570648193
332.51926625416354,Move,566.2208862304688,270.82173442840576
349.54276833944454,Released,566.2208862304688,270.82173442840576