resolution:1536,864
0,Pressed,672.2147369384766,179.22947645187378
8.660570522879384,Move,672.2147369384766,179.22947645187378
19.281092243313317,Move,523.2242431640625,58.24688744544983
34.92044158722565,Move,372.3514938354492,17.074360013008118
55.99042031654324,Move,232.95030212402344,3.6034159809350967
75.94603251108319,Move,118.53824615478516,0.44087137654423714
95.9295134095828,Move,47.3968448638916,0.022276527481153607
110.72803567698007,Move,11.912286043167114,0.00010856663766389829
129.27075819621587,Move,0.8689165413379669,1.0007654455135295e-08
148.29703017596768,Move,0.012714098207652569,2.951731957497203e-15
163.1332580958853,Move,6.075087867429829e-06,2.4241100659163273e-25
178.65410058312486,Move,2.5552939972306454e-11,0
199.17758826887157,Move,3.100475207357911e-19,0
215.63803947863022,Move,7.286398344513907e-33,0
230.25151863180676,Move,0,0
237.28688567425425,Move,0,0
254.89704846636144,Move,0,0
275.5756001222354,Move,0,0
293.8221024514606,Move,0,0
308.28452352553273,Move,0,0
317.64199399908546,Move,0,0
326.7703670244209,Move,0,0
346.90445080886684,Move,0,0
367.333348676119,Move,0,0
387.5334214719995,Move,0,0
399.00614554823846,Move,0,0
410.155785600854,Released,0,0