resolution:1536,864
0,Pressed,768.2743835449219,432.48753547668457
21.728771901688496,Move,768.2743835449219,432.48753547668457
42.64093588348862,Move,767.9891052246094,432.6543388366699
53.06802186244477,Move,767.7795867919922,432.7753086090088
68.13342515888996,Move,767.5310668945312,432.87403106689453
90.4464040052463,Move,767.3707122802734,432.96446228027344
104.23806634100461,Move,767.2733917236328,432.98573112487793
112.64816750145809,Move,767.2413940429688,433.0070514678955
125.20035414775187,Move,767.2307281494141,433.02708435058594
134.35953815242712,Move,767.2081604003906,433.01930809020996
154.45265697709505,Move,767.2800750732422,433.03218269348145
163.0320768050188,Move,767.4256439208984,433.0381050109863
180.33057235423303,Move,767.5875091552734,433.02811431884766
189.92680887134537,Move,767.5890655517578,433.0232734680176
209.1419737717174,Move,767.5143585205078,433.01709365844727
223.972973785713,Move,767.5642547607422,433.0191535949707
234.62039139615268,Move,767.4596557617188,433.01601219177246
253.01593513438007,Move,767.3970336914062,433.03104972839355
273.747389989529,Move,767.3346405029297,433.033727645874
289.31004884040755,Move,767.2615356445312,433.05051612854004
309.217521101098,Move,767.3059387207031,433.08311462402344
322.7396320103926,Move,767.3659515380859,433.0934143066406
338.34715103090986,Move,767.4467010498047,433.0831661224365
345.3062431867478,Move,767.3365631103516,433.06287574768066
354.2679332566641,Move,767.3424682617188,433.07168197631836
373.63877413534857,Move,767.3273162841797,433.0631847381592
392.6604321427907,Move,767.2605285644531,433.0338306427002
398.0294573079214,Move,767.3015441894531,433.0509281158447
419.9716923393715,Move,767.3678741455078,433.0466022491455
430.7444049515351,Move,767.470458984375,433.0334186553955
448.97612292195856,Move,767.5121612548828,433.030122756958
467.6817176480813,Move,767.4461517333984,433.03542709350586
486.0596903478853,Move,767.351806640625,433.05164909362793
507.75729032246915,Move,767.3046569824219,433.04531478881836
529.9370722752234,Move,767.2657012939453,433.0663261413574
547.6639734899985,Move,767.2283477783203,433.0883674621582
559.6435008856115,Move,767.2373199462891,433.10144805908203
574.9483783157718,Move,767.2443237304688,433.1012935638428
591.8396969108362,Move,767.3177947998047,433.08970642089844
607.6164650208214,Move,767.4371795654297,433.0440273284912
624.1071952733131,Move,767.5500183105469,433.0334701538086
637.6253269080582,Move,767.4989776611328,433.0243549346924
645.8148735416924,Move,767.4760437011719,433.0056095123291
654.0708594839087,Move,767.4214782714844,433.0227584838867
671.9725240564237,Move,767.3197174072266,433.02708435058594
690.1467104008174,Move,767.2403411865234,433.0583953857422
709.1039069568183,Move,767.2187347412109,433.0901184082031
724.0751460458606,Move,767.1997375488281,433.1027355194092
729.1272791175008,Move,767.132080078125,433.1103572845459
742.1276065718331,Move,767.2545776367188,433.1067523956299
750.7768934470056,Move,767.3565673828125,433.09552574157715
770.8816143203146,Released,767.3565673828125,433.09552574157715