resolution:1536,864
0,Pressed,637.8150329589844,375.5933246612549
21.7337697327501,Move,637.8150329589844,375.5933246612549
37.4669961213575,Move,567.2266387939453,344.55708503723145
49.56668491913993,Move,547.5169830322266,338.6214551925659
59.29891389969139,Move,552.5148010253906,344.37282371520996
67.1701402902707,Move,578.4704132080078,359.5116834640503
76.67197342846919,Move,605.5926818847656,373.8460350036621
93.0531771685771,Move,637.5980072021484,389.20721340179443
112.91944192798063,Move,665.8755798339844,401.84458923339844
124.10601431205653,Move,680.3795928955078,407.7928104400635
129.46425889142174,Move,691.3613891601562,411.9108552932739
149.80136294483083,Move,703.3674774169922,417.36762714385986
166.10829835992178,Move,716.2834625244141,422.8973722457886
181.44916522867658,Move,740.2229919433594,435.49061393737793
199.18567459534592,Move,753.9405212402344,443.1232967376709
213.08641728217617,Move,751.3067321777344,439.3451156616211
230.05559997195886,Move,758.5506134033203,443.57395935058594
244.2388916954273,Move,750.2076416015625,439.04354095458984
264.5177826908487,Move,732.3958282470703,427.93062114715576
284.6396749618207,Move,733.0750579833984,428.00629806518555
293.2245541662053,Move,748.2214050292969,435.2226161956787
302.15330493020025,Move,764.2364959716797,444.6297798156738
320.00904256323395,Move,756.5977478027344,441.0196895599365
330.6542258581397,Move,763.4565582275391,446.1164360046387
342.1446653049719,Move,750.4419250488281,437.38827896118164
352.4391533682108,Move,771.3520202636719,448.9698085784912
367.71243473591375,Move,764.1578063964844,444.5973358154297
373.54065309454495,Move,772.5380859375,450.4141330718994
387.1277877878002,Move,781.6398010253906,456.0673713684082
407.8123918341742,Move,804.2288818359375,468.8561267852783
418.12884308826,Move,807.5562744140625,470.388822555542
437.591566363069,Move,838.4503784179688,487.8006935119629
452.31628930378895,Move,842.9091796875,489.35723304748535
464.7217821440896,Move,815.1373901367188,472.57420921325684
480.74328177498575,Move,789.1546325683594,457.79534912109375
489.96628019598484,Move,757.5940246582031,440.0837574005127
497.45037845664666,Move,757.9440307617188,440.1712532043457
518.1135206155709,Move,759.2618865966797,440.84047508239746
531.3039575224894,Move,765.2834014892578,443.97899436950684
553.9215072629116,Move,790.1883544921875,458.59439849853516
576.8151003989076,Move,811.6600341796875,470.5646381378174
589.2254433543401,Move,833.6868896484375,483.98713302612305
611.2749217635219,Move,871.8312377929688,509.2464351654053
630.1944860247506,Move,904.7457275390625,531.5490589141846
645.2399999228102,Move,923.6759948730469,542.2176761627197
664.9328143426046,Move,948.343505859375,559.4978141784668
673.1037191539756,Move,951.0646362304688,560.3286895751953
688.0773142990389,Move,952.3917846679688,559.9471893310547
697.7820250128553,Move,953.2654724121094,560.5006942749023
704.017709500412,Move,972.7240905761719,575.1095581054688
726.3909654983028,Move,958.8392944335938,563.3022079467773
747.5598647983387,Released,958.8392944335938,563.3022079467773