resolution:1536,864
0,Pressed,644.8626251220703,347.68087577819824
18.849038611554292,Move,644.8626251220703,347.68087577819824
40.95265701010233,Move,578.6602020263672,301.3152837753296
53.276465361223515,Move,524.6461944580078,268.2988529205322
61.68271226788296,Move,503.7315216064453,259.2582035064697
75.21320546683859,Move,486.2802429199219,253.1936731338501
81.806752018783,Move,497.2473449707031,265.85726165771484
101.92378910601943,Move,522.9430389404297,290.24121952056885
119.67569244133642,Move,587.2741241455078,338.8489236831665
130.91119255850333,Move,609.1413116455078,352.3316459655762
145.37916212241737,Move,630.720703125,364.1122169494629
156.26890903938983,Move,668.6845092773438,386.5500240325928
166.4107480538934,Move,697.9195861816406,401.2782611846924
185.10995861835607,Move,726.7762298583984,418.0390634536743
200.81117635050362,Move,753.2147827148438,432.77881050109863
206.73263758912745,Move,794.671142578125,458.8949432373047
227.42332787996688,Move,814.4316101074219,471.4262065887451
240.58897822412555,Move,874.1810302734375,509.79247283935547
254.24586849652925,Move,901.931396484375,525.2651195526123
269.5384767744888,Move,906.9808044433594,528.1195220947266
281.7767195873051,Move,887.1935119628906,513.9530811309814
287.3811045551251,Move,855.988037109375,488.787145614624
298.2702968414618,Move,859.4432373046875,490.5062141418457
314.4122379022021,Move,880.0250244140625,506.3269901275635
327.9885226113329,Move,911.9078063964844,527.2982769012451
333.52479832169837,Move,906.9919738769531,520.3923397064209
345.961064427002,Move,897.399169921875,517.498592376709
353.9878096543827,Move,918.4901733398438,532.503942489624
362.2967803735979,Move,958.4186096191406,559.9273109436035
373.63490013722713,Move,977.3021850585938,575.4858055114746
394.2418222680443,Move,982.6670837402344,579.7669200897217
411.8833730987709,Move,1027.1764526367188,610.3211860656738
428.7245463938682,Move,1052.7313842773438,625.9419422149658
441.31896704193514,Move,1078.9014587402344,640.5507545471191
453.6199800388987,Move,1079.1960754394531,642.1112594604492
472.2299024278301,Move,1076.0058288574219,634.99680519104
493.38854715962015,Move,1104.8782653808594,655.7907314300537
512.2305499856672,Move,1117.5775451660156,661.0509853363037
520.6398399608526,Move,1053.8973999023438,614.4254550933838
532.7517379902883,Move,989.0946350097656,571.7341461181641
542.4575253261211,Move,937.8908386230469,540.9326362609863
559.9749614365993,Move,879.0429382324219,501.6187992095947
580.6052202753121,Move,870.31494140625,497.16490745544434
601.803300932779,Move,863.2933959960938,494.585506439209
608.9211045520868,Move,877.1759948730469,507.3674125671387
626.8257226187853,Move,868.1277465820312,501.66998863220215
631.932309829822,Move,861.9334716796875,496.2224864959717
643.5840340862879,Move,846.5050964355469,485.72443199157715
654.561441584986,Move,825.5780639648438,472.72839546203613
664.0422127284708,Move,820.0706176757812,469.8581829071045
672.8450675777192,Move,788.5167846679688,449.6655521392822
687.1840655457042,Released,788.5167846679688,449.6655521392822