resolution:1536,864
0,Pressed,772.08837890625,408.0864543914795
12.71131933462978,Move,772.08837890625,408.0864543914795
29.860358892258247,Move,792.1473083496094,404.2846870422363
41.14652939686232,Move,781.1306762695312,399.5210838317871
48.049907014990396,Move,760.5027923583984,397.980920791626
68.1558507078833,Move,737.1517181396484,400.8284225463867
74.29213399738228,Move,722.7818298339844,404.6897220611572
85.39909166034697,Move,714.6650390625,407.0282907485962
90.83692917903602,Move,713.4109039306641,407.551025390625
105.50020916776984,Move,710.9042358398438,408.29394149780273
117.08417316541555,Move,712.1911010742188,407.8482999801636
133.57577691935188,Move,718.5199127197266,406.73194313049316
153.7101480880488,Move,718.5579071044922,405.8396043777466
169.5992543078596,Move,720.5707397460938,404.1614513397217
183.7119154098455,Move,718.3895874023438,403.90380477905273
197.7908662659399,Move,715.2845764160156,403.6893138885498
212.91620655474603,Move,718.4599914550781,401.9997024536133
223.22774495552935,Move,720.6892547607422,401.4857482910156
235.93775604695895,Move,720.7865753173828,400.75671100616455
247.8552185317821,Move,722.132080078125,399.3325481414795
255.2581654748282,Move,724.4328460693359,395.8228282928467
271.69178137013597,Move,725.2986602783203,392.705114364624
282.1585183011895,Move,731.4645080566406,389.3901357650757
294.9273005536481,Move,739.6879119873047,387.70866107940674
317.3937984932222,Move,743.4589691162109,387.6999320983887
328.2994412918162,Move,741.9495391845703,388.3301181793213
343.1578689745368,Move,740.4499053955078,388.7950716018677
354.1550434569014,Move,736.1002349853516,391.32966899871826
365.4580692657444,Move,736.6547698974609,391.2182264328003
384.63913098224276,Move,732.9468383789062,393.1156597137451
391.46159928742946,Move,729.78955078125,393.960825920105
408.9880545509137,Move,730.3289794921875,393.33890533447266
430.10596564868973,Move,729.0540618896484,396.1799440383911
442.931138616091,Move,727.0493316650391,397.4374837875366
448.7866691078647,Move,724.7372131347656,401.3673276901245
458.81948693917826,Move,718.5215148925781,403.12053966522217
474.1924790631614,Move,719.3449859619141,400.02113342285156
488.81498039871457,Move,722.0086212158203,400.11540126800537
500.3318206216592,Move,719.3493347167969,400.48309993743896
515.6833493219765,Move,716.8717346191406,401.24125957489014
527.2665128366126,Move,717.5147552490234,400.401912689209
548.9957152846362,Move,719.4981994628906,398.9722652435303
564.3947948964797,Move,721.6674499511719,395.54458236694336
574.5891900335661,Move,722.9148559570312,395.07571506500244
581.2494549845193,Move,724.6156768798828,394.6020841598511
594.2447492315441,Move,727.8204345703125,393.65459060668945
614.6081176014135,Move,730.5908660888672,392.9570960998535
626.6744503569703,Move,728.6800231933594,394.28248500823975
643.4109206156419,Move,728.5995941162109,394.2860383987427
657.4103402022155,Move,728.4201507568359,394.3900909423828
672.6125314991913,Move,725.7949676513672,395.67389488220215
692.0619145542273,Released,725.7949676513672,395.67389488220215