resolution:1536,864
0,Pressed,670.1106719970703,177.51827430725098
11.317520213900401,Move,670.1106719970703,177.51827430725098
26.637944675512117,Move,529.8116912841797,63.299248695373535
33.046941443003675,Move,387.45428466796875,18.626745879650116
46.086695114895576,Move,255.54881286621094,4.8683799505233765
66.18591216574926,Move,134.55603790283203,0.7171786688268185
85.60629843092308,Move,55.54050064086914,0.04448866308666766
105.22142734381352,Move,15.82756519317627,0.000366799335097312
124.97171935702761,Move,1.480174720287323,6.695271537182634e-08
131.15832309419102,Move,0.026718048378825188,5.60965858878074e-14
137.52984611204548,Move,2.7058412342739757e-05,2.1209488093690305e-23
151.15581170170526,Move,1.869582405555903e-10,0
163.8844778699628,Move,7.704862944336179e-18,0
176.1438282833646,Move,1.5983909978102722e-30,0
185.3069423679239,Move,0,0
200.9667897436593,Move,0,0
208.56919253362875,Move,0,0
230.6663592515021,Move,0,0
251.72065865734996,Move,0,0
260.3442652943329,Move,0,0
271.2593193944579,Move,0,0
287.60159355899674,Move,0,0
293.55493388758873,Move,0,0
301.5895178927115,Move,0,0
306.61136313123114,Move,0,0
321.37507988151657,Move,0,0
339.0270910892098,Released,0,0