resolution:1536,864
0,Pressed,770.3432922363281,403.2409429550171
10.140857621313426,Move,770.3432922363281,403.2409429550171
25.457516629348568,Move,780.2231140136719,398.6089696884155
46.401423024286615,Move,771.7001953125,393.85695362091064
63.6053032497464,Move,753.1075286865234,391.57547092437744
77.33259804710104,Move,732.3748626708984,394.6653757095337
87.81655536967628,Move,718.0567474365234,398.79462146759033
96.00609389586661,Move,709.4609985351562,402.762393951416
107.67482078983427,Move,708.2406463623047,400.5160846710205
124.71602990026452,Move,715.8962860107422,397.4777555465698
141.56883544865718,Move,725.0728912353516,395.9141092300415
154.5809671596471,Move,734.5229644775391,393.97514247894287
167.29619687777128,Move,744.5360412597656,392.1755561828613
184.83667107175305,Move,748.8232269287109,390.83119010925293
195.0558337720471,Move,763.8316497802734,388.04347801208496
216.1166652732731,Move,774.6065368652344,386.70209884643555
224.0239477323786,Move,767.1085968017578,387.1776866912842
244.62693265169156,Move,758.6479797363281,385.6998882293701
257.28890333293356,Move,749.5371551513672,386.53418827056885
272.7452701870389,Move,739.0234222412109,388.9719171524048
295.2900542242101,Move,734.6262359619141,387.75312995910645
317.29152162530625,Move,734.1954803466797,386.26405334472656
337.73711382629034,Move,733.9508972167969,386.5833435058594
358.22216012918096,Move,731.3429260253906,388.44544887542725
365.906513146739,Move,726.7277526855469,390.8436269760132
387.8931746657146,Move,728.1693878173828,388.9514207839966
403.3933496488742,Move,730.0411376953125,388.64219856262207
426.35611681934967,Move,733.1651458740234,388.42626571655273
444.4695875027722,Move,738.6127624511719,388.46607398986816
467.02706763188405,Move,742.7661895751953,389.412486076355
482.8864917073746,Move,743.5809631347656,389.15586948394775
489.22268746925903,Move,740.5871887207031,388.7871923446655
511.6570804878103,Move,741.3794403076172,386.225378036499
530.4869230365564,Move,742.2376098632812,384.53939723968506
538.9846702429517,Move,740.35400390625,384.75661754608154
552.1664963937883,Move,736.8455200195312,387.1390628814697
573.371838152061,Move,733.3933868408203,389.2647371292114
591.3620479866888,Move,729.8525390625,392.77147006988525
599.1883939320558,Move,726.1144866943359,394.7870407104492
615.6659257703539,Move,723.1229095458984,395.46300888061523
635.2697635629542,Move,724.7572174072266,394.32466220855713
651.0086402255482,Move,722.3260803222656,398.55098247528076
657.5803442166878,Move,719.255859375,400.88182640075684
672.0639903520253,Move,716.5961608886719,400.3901710510254
680.5945319704052,Move,713.0042266845703,400.44257068634033
689.9372398356908,Move,714.2835845947266,396.61567211151123
698.6531155714965,Move,719.3000335693359,394.9002857208252
713.278206227962,Move,722.1322631835938,394.8230895996094
733.4790885283627,Move,720.8714904785156,393.84461975097656
743.9968559882174,Move,722.0430908203125,393.0040626525879
760.8524637864842,Move,721.748291015625,393.40103816986084
780.6041866052653,Released,721.748291015625,393.40103816986084