resolution:1536,864
0,Pressed,594.9230804443359,136.89765214920044
15.140140744395419,Move,594.9230804443359,136.89765214920044
32.04135946534275,Move,402.47259521484375,30.440135836601257
42.814529714059084,Move,232.47779846191406,5.108758851885796
52.923525497569045,Move,117.0047607421875,0.6902203559875488
64.93996612857532,Move,46.901638984680176,0.040803254465572536
79.69133988122132,Move,14.282687187194824,0.00041382132076250855
97.64995316349804,Move,1.8792983293533325,1.363027810619144e-07
112.43204370770442,Move,0.061198582872748375,3.341998461417516e-13
122.8064914227227,Move,0.00010853483036044054,1.2755069572868832e-21
140.8916922580334,Move,5.96068394642657e-09,1.0295599127114735e-33
156.3116671423065,Move,7.353942589160677e-15,0
168.50487839790597,Move,5.294262668902372e-24,0
180.37262268352245,Move,0,0
194.06541890874078,Move,0,0
200.83058146245472,Move,0,0
215.6341088958285,Move,0,0
223.22012738847573,Move,0,0
241.45089739311823,Move,0,0
250.965109396695,Move,0,0
273.8578285903081,Move,0,0
288.44347596858915,Move,0,0
298.44061988925694,Move,0,0
306.90760861354363,Move,0,0
315.0815885399831,Move,0,0
337.57834320352276,Move,0,0
343.62975187031253,Released,0,0