resolution:1536,864
0,Pressed,780.1560974121094,403.7203416824341
7.548462894778422,Move,780.1560974121094,403.7203416824341
23.204053738040525,Move,813.151611328125,393.8754415512085
34.28955654244852,Move,800.9988098144531,384.7844009399414
56.392766317315605,Move,775.3014221191406,380.0610179901123
76.46551049042398,Move,752.9133911132812,381.5345678329468
94.2485317030616,Move,731.0873107910156,387.39364528656006
104.84684079611176,Move,718.5032501220703,393.77684783935547
116.7649096703247,Move,714.8534545898438,399.8425626754761
127.51563875917084,Move,716.2792053222656,402.56891441345215
139.05173239462198,Move,718.3298950195312,404.55150032043457
152.3959366082618,Move,719.8143768310547,407.25022315979004
169.75879111626185,Move,720.4351501464844,404.76787090301514
192.4617468958896,Move,718.4880523681641,404.8638381958008
204.71708793779,Move,718.0993194580078,404.01444911956787
212.650845866187,Move,712.404052734375,405.0419454574585
233.87773371177,Move,709.8801727294922,403.03760147094727
245.3111590150529,Move,711.8030548095703,400.746488571167
257.49784021464677,Move,713.0592041015625,399.97143745422363
267.73515435528014,Move,715.6467590332031,399.0216007232666
287.4170031533242,Move,715.1160278320312,398.9790372848511
300.9245727190668,Move,715.2611389160156,399.0963764190674
318.62969642000843,Move,713.7239685058594,399.1333522796631
329.06791271934173,Move,713.3353271484375,400.6109962463379
335.86460236505997,Move,712.2446594238281,400.6676445007324
343.9450338847114,Move,713.6678466796875,397.72736835479736
353.71073956193686,Move,713.3368377685547,397.0697593688965
372.5540738363732,Move,714.3637390136719,396.0352592468262
394.37693655216594,Move,716.3586273193359,398.73045444488525
408.7721178792609,Move,716.8896789550781,399.576753616333
414.5320031240261,Move,718.499267578125,399.6205530166626
436.3086414266631,Move,717.2534637451172,399.28357315063477
454.36565504213297,Move,718.8549041748047,400.3130521774292
471.3495607143054,Move,717.5747680664062,399.81900215148926
488.7336105617526,Move,717.1980743408203,398.93485164642334
504.147190232576,Move,720.4794616699219,398.2583427429199
522.3119685833714,Move,725.2307281494141,398.1901330947876
543.773668811627,Move,729.7235870361328,398.5906105041504
549.7827006879489,Move,729.0570373535156,397.5310306549072
568.9777490002077,Move,730.7565307617188,396.71480655670166
578.5028534945648,Move,733.7100219726562,395.33292388916016
601.3927910728154,Move,730.1801147460938,394.7054672241211
607.1100663066862,Move,729.5863952636719,393.1758098602295
626.750707719317,Move,728.3376617431641,392.0478916168213
647.8707761835809,Move,724.8245544433594,391.5849208831787
662.823712202328,Move,722.8291168212891,390.4655513763428
670.90391791226,Move,728.3308410644531,388.17477321624756
684.4724946327502,Move,731.7168731689453,387.67397689819336
693.4177120513446,Move,731.7740478515625,387.48479747772217
704.7531269167706,Move,729.5125579833984,388.1063060760498
720.5818344765052,Move,729.8486022949219,386.73013973236084
740.140093947871,Released,729.8486022949219,386.73013973236084