resolution:1536,864
0,Pressed,776.3004455566406,402.50621509552
7.379737758878396,Move,776.3004455566406,402.50621509552
15.615203940587197,Move,786.3652954101562,394.8072280883789
28.508532709196032,Move,772.6488647460938,390.0817594528198
36.46969216305315,Move,754.9721832275391,389.0365734100342
52.86386862411432,Move,734.0069274902344,397.22165393829346
64.726325165634,Move,726.1389770507812,402.3571786880493
76.93665428607294,Move,723.5864868164062,411.17175006866455
86.34438894906239,Move,727.5877075195312,416.4005126953125
103.19858086604361,Move,730.6481781005859,415.1658639907837
111.35883515778929,Move,730.6211700439453,413.5649585723877
133.41710366360476,Move,733.692626953125,413.9941463470459
155.60787144581144,Move,734.3106994628906,414.5359869003296
163.70270152376287,Move,734.2297668457031,413.3087282180786
182.4287012808581,Move,736.1984252929688,412.3363094329834
196.17524867359592,Move,738.13330078125,411.9091558456421
207.30709608103956,Move,739.4977111816406,411.58103370666504
220.15357722048475,Move,738.0950775146484,411.8375473022461
230.67240440415702,Move,737.1633453369141,412.630597114563
251.18170324595638,Move,737.1223754882812,414.76211643218994
270.26158405888145,Move,740.3648071289062,415.69215202331543
287.6688162899822,Move,743.5646667480469,416.54063987731934
301.09846410314594,Move,749.7007141113281,416.5790319442749
313.56074207883137,Move,748.9837646484375,415.61168575286865
322.8689425655467,Move,757.5616149902344,418.2199773788452
335.0229905208567,Move,769.6510620117188,422.48327350616455
352.63718058501036,Move,786.5940856933594,428.24035835266113
358.0269071729622,Move,799.610595703125,430.27609062194824
375.5487896110944,Move,813.9510498046875,436.8529529571533
398.39142448707025,Move,817.360107421875,438.3596935272217
420.19970277728873,Move,823.399658203125,442.3058109283447
438.57819884689377,Move,831.0733337402344,444.3493194580078
458.5145536256693,Move,829.5577697753906,445.147647857666
478.1986560540836,Move,820.6751403808594,435.2845687866211
493.3676279128199,Move,806.1502075195312,430.5297975540161
506.13712499030794,Move,795.0367126464844,426.8750066757202
512.4924615011345,Move,784.0175170898438,427.3709878921509
517.8575542983244,Move,777.2471008300781,424.8232069015503
531.5470299705476,Move,767.5565185546875,421.1731023788452
548.4638973575466,Move,768.1612243652344,424.8916997909546
567.7951243454523,Move,775.6496887207031,430.21024990081787
584.2401422675471,Move,779.6847839355469,430.6466474533081
599.270701944692,Move,784.6679077148438,431.6581792831421
610.9183054717752,Move,781.6535339355469,428.8214921951294
631.4439398807045,Move,780.6326293945312,427.45014095306396
640.154550615928,Move,775.7933349609375,424.38938426971436
656.945609095119,Move,771.7184143066406,420.8698797225952
675.0208197140107,Move,756.4860534667969,416.28201484680176
690.455288348609,Move,749.4523315429688,415.87589836120605
710.3509826871796,Move,745.4136657714844,417.22206687927246
715.4087157419794,Move,752.7459869384766,417.51282691955566
727.3535733727421,Released,752.7459869384766,417.51282691955566