resolution:1536,864
0,Pressed,770.93115234375,434.5825939178467
17.956869958326436,Move,770.93115234375,434.5825939178467
31.87332529525133,Move,771.0979614257812,435.4166622161865
45.04407467046312,Move,771.577880859375,436.06039237976074
62.20035954729954,Move,771.4764404296875,436.4462184906006
82.7015116928034,Move,771.7553100585938,436.5969543457031
89.54287327220966,Move,771.7142944335938,436.85578536987305
101.32020842149757,Move,771.4780883789062,436.94405364990234
121.85458085024199,Move,771.5442810058594,437.03010749816895
132.65826809968055,Move,771.4898071289062,437.0727996826172
153.6391062179867,Move,772.4131164550781,436.85980224609375
159.63563095843315,Move,772.4423217773438,436.82504081726074
179.65329628362372,Move,772.1966857910156,436.8033084869385
185.22779090037557,Move,771.9445495605469,436.71107482910156
196.39027479498947,Move,772.3485717773438,436.81582260131836
202.68764608561798,Move,772.5942993164062,436.8742218017578
220.42537535507046,Move,772.7832641601562,437.10519218444824
237.43975971444573,Move,772.3379516601562,437.2767333984375
247.05917467658048,Move,771.8352355957031,437.2634468078613
267.0590641641278,Move,772.2472229003906,437.14953231811523
289.5512373034494,Move,771.955078125,437.3310127258301
300.49625060871307,Move,771.8720397949219,437.38853645324707
308.89333508366053,Move,771.1437377929688,437.3506851196289
326.3639547749714,Move,770.8382263183594,437.31757164001465
337.44098922359836,Move,770.9631042480469,437.3360595703125
355.9139633444209,Move,771.1017150878906,437.41716957092285
370.9232115873894,Released,771.1017150878906,437.41716957092285