resolution:1536,864
0,Pressed,652.6547241210938,166.0642547607422
9.152279149885791,Move,652.6547241210938,166.0642547607422
28.021370654197923,Move,480.2243957519531,43.19187355041504
33.63283442996935,Move,308.1855697631836,8.380133181810379
45.008555443898196,Move,160.5347900390625,1.1553285755217075
52.97167900323561,Move,62.6700325012207,0.07219900866039097
69.4920357518762,Move,16.487484455108643,0.0007199622796179028
77.37930006808031,Move,1.4224463403224945,1.9924460881171058e-07
88.33968585461193,Move,0.01830870285630226,3.137592648463027e-13
99.85157638644476,Move,1.30792477648356e-05,2.3021876213166097e-22
110.24036531313794,Move,3.031478974097057e-11,0
128.914923241912,Move,2.1511602141386925e-19,0
140.4217711647443,Move,4.445947111333875e-33,0
156.60291089084575,Move,0,0
163.3077749987864,Move,0,0
171.63301863315257,Move,0,0
180.3379912524231,Move,0,0
200.90298479553192,Move,0,0
210.08097536647384,Move,0,0
229.9334943067619,Move,0,0
237.21977264597777,Move,0,0
243.23492840531074,Move,0,0
263.85840060256356,Move,0,0
273.04415956559194,Move,0,0
293.5471217467041,Move,0,0
304.2382580680139,Move,0,0
309.81184791671933,Released,0,0