resolution:1536,864
0,Pressed,668.0498657226562,353.0389766693115
18.886153112854853,Move,668.0498657226562,353.0389766693115
25.09130395284162,Move,547.5861511230469,287.4127206802368
43.81972522071556,Move,439.1439971923828,225.4354362487793
49.864370160875275,Move,349.94913482666016,173.65517234802246
69.4307118806409,Move,287.61671447753906,133.05274200439453
78.93042556390267,Move,241.7435531616211,101.95467853546143
85.44953539956904,Move,201.5803985595703,76.25694465637207
95.55224990834262,Move,176.50552368164062,54.29611587524414
106.70012794306513,Move,160.35373306274414,35.46761691570282
117.07972005464401,Move,149.13195419311523,20.360039234161377
126.60624932215529,Move,143.37292098999023,9.214983612298965
134.9793458151393,Move,141.33567810058594,2.6362566724419594
151.07661867182162,Move,138.26823806762695,0.2907101009041071
156.14757247236562,Move,137.78485107421875,0.005749469826696441
172.92157351411106,Move,169.42340469360352,6.412719187665061e-06
193.65423322043833,Move,205.6464614868164,8.676096364783337e-11
214.64239850575245,Move,379.1415252685547,1.438497768460562e-17
233.53488710579177,Move,1338.7139282226562,2.0164862074073515e-26
242.67434958620387,Move,1535.918701171875,0
252.950409225897,Move,1536,0
272.81950407068297,Move,1536,0
291.415894394888,Move,1536,0
310.7902085223788,Move,1536,0
326.3263354156566,Move,1536,0
347.00450718071437,Move,53.44599723815918,0
366.9664746213871,Released,53.44599723815918,0