resolution:1536,864
0,Pressed,652.2529449462891,338.08497047424316
20.758127476355504,Move,652.2529449462891,338.08497047424316
26.968197213185682,Move,600.8716278076172,293.96264934539795
33.092979880663584,Move,572.9535827636719,276.5383415222168
44.988868922106164,Move,587.1752014160156,299.20158290863037
58.15111251261902,Move,607.6503295898438,326.4986515045166
73.82094785064153,Move,652.3994750976562,367.56922817230225
82.3268693616956,Move,667.3079223632812,378.80615615844727
98.31733743424884,Move,691.8907928466797,397.43635082244873
110.13862189283118,Move,718.9973602294922,414.5815372467041
117.99256974783675,Move,757.6197052001953,438.6710014343262
135.03833709210207,Move,797.9188842773438,463.1239414215088
145.57109266927773,Move,807.066650390625,467.66687393188477
159.84038261206933,Move,802.6626892089844,461.3361225128174
177.35668326274924,Move,795.2875671386719,454.730318069458
187.9690038547076,Move,771.8951110839844,438.3475914001465
202.72880077646764,Move,773.7658996582031,440.44764518737793
222.08298980998615,Move,765.3634185791016,435.38545417785645
230.03057313736485,Move,773.1893005371094,442.4804935455322
251.78929066739298,Move,790.4228210449219,452.15457344055176
268.8830442883299,Move,785.1586303710938,445.9520015716553
288.06836023657235,Move,811.1713256835938,464.9838066101074
304.85737125885123,Move,816.3974304199219,465.5537395477295
321.0977059761091,Move,838.4535827636719,482.93090057373047
334.0955976898585,Move,853.2382507324219,492.10086250305176
347.84417130583995,Move,859.3581848144531,495.9579391479492
362.95323453140116,Move,855.7865295410156,491.7699337005615
371.06613452030297,Move,857.02734375,489.9393196105957
385.91307882252966,Move,880.304443359375,509.5331268310547
407.81652364034994,Move,909.2769470214844,532.3422889709473
424.98245309787035,Move,925.732177734375,541.1959991455078
443.8596464828245,Move,918.9542541503906,539.8920593261719
449.7310866292414,Move,942.320068359375,556.927116394043
461.61199139279324,Move,955.6053771972656,562.8981513977051
482.6488837340031,Move,968.47705078125,567.8848972320557
487.71095320825816,Move,947.1968078613281,553.4632816314697
503.2477493931974,Move,955.6954650878906,565.1741752624512
519.7363514131,Move,935.6764526367188,551.1489429473877
538.5213761804646,Move,912.8426513671875,530.821798324585
544.5281455806092,Move,894.6236572265625,520.8884239196777
557.2344450493906,Move,879.954345703125,510.7020893096924
574.6526705140981,Move,892.3948974609375,523.4159660339355
593.4191331124886,Move,898.7687072753906,529.3789672851562
601.4528971910665,Move,902.3763427734375,531.8785972595215
609.3848411704329,Move,906.2616577148438,532.3916759490967
631.6077808303214,Move,872.2467041015625,506.02639389038086
644.3386422124206,Move,870.4441223144531,501.65572357177734
661.6603348776075,Move,863.4973754882812,494.5388488769531
677.6327151675026,Move,827.7216796875,468.27002334594727
699.777195275939,Move,814.3407897949219,462.3369426727295
722.4668929247495,Move,794.0148010253906,450.3387908935547
743.8917485753007,Released,794.0148010253906,450.3387908935547