resolution:1536,864
0,Pressed,633.24462890625,367.72779178619385
9.931720616118485,Move,633.24462890625,367.72779178619385
19.268624574010957,Move,577.1293029785156,341.31374073028564
41.243576386881855,Move,557.2791137695312,333.81145191192627
58.585525415386,Move,571.5810241699219,345.29428482055664
80.71433456268386,Move,586.8068389892578,354.9426155090332
100.98766482734052,Move,616.1976013183594,371.8797483444214
117.0290531874492,Move,651.5689086914062,390.7310256958008
132.35836140720858,Move,704.3316192626953,418.0151424407959
154.05496251131012,Move,749.3619232177734,440.1653308868408
165.86000460925135,Move,773.682861328125,450.61214447021484
172.16134339026993,Move,814.1420288085938,474.49267959594727
178.96768608520628,Move,835.8783874511719,485.796838760376
189.7071526804857,Move,865.9421997070312,505.92200660705566
204.33185284329096,Move,884.34375,515.8606853485107
216.4292678546619,Move,907.1786499023438,529.7886371612549
231.90679249506985,Move,929.1586303710938,545.9237079620361
238.17229684128407,Move,922.5226135253906,539.0665397644043
259.1569448970367,Move,932.7957458496094,544.5716171264648
278.2880817421504,Move,966.8824768066406,568.2840614318848
300.81459018651856,Move,960.1037292480469,562.549919128418
320.5691069831997,Move,959.1277770996094,560.6955642700195
335.91853411578165,Move,970.5611572265625,571.7057704925537
354.78229297906785,Move,1014.2655944824219,603.8164215087891
366.71206824292904,Move,1032.9840087890625,615.7303733825684
381.39564280653315,Move,1042.3421630859375,618.5748882293701
402.6619719198593,Move,1024.3376770019531,607.8738784790039
422.4326943627334,Move,993.0807495117188,586.3001117706299
438.54649267289676,Move,981.3678588867188,576.3884181976318
459.35370884112376,Move,950.24267578125,554.2117595672607
476.8893336142491,Move,960.2047119140625,565.7093467712402
491.3812865469732,Move,969.6165161132812,572.1978893280029
500.19159983759397,Move,988.631103515625,586.6994819641113
506.77397412942804,Move,974.1164245605469,576.8762111663818
520.2921972096277,Move,978.0267333984375,580.0160179138184
527.4025517933793,Move,979.8212585449219,581.0134906768799
540.4972551664706,Move,986.14306640625,582.8626441955566
550.3072307607025,Move,969.3591613769531,568.605411529541
567.9977410514582,Move,952.9671936035156,555.7625312805176
588.0826453354424,Move,915.9255065917969,531.0696086883545
602.398391184098,Move,873.6121215820312,504.65499114990234
619.1143942694981,Move,854.9867248535156,493.9152030944824
628.5964854767549,Move,863.6001892089844,501.18765449523926
634.7789696132509,Move,872.9631042480469,507.84397888183594
646.0360920042415,Move,869.4922485351562,503.56482124328613
661.7653192557269,Move,853.2739562988281,492.80690574645996
677.5648064897373,Move,835.1228942871094,481.51227378845215
684.7338919081016,Move,839.1073608398438,483.93949699401855
691.8837359202515,Move,825.81298828125,475.6651954650879
706.7755458306748,Move,829.9473266601562,478.07969856262207
722.2771540640342,Move,826.1131896972656,476.1028289794922
743.7852519195471,Released,826.1131896972656,476.1028289794922