resolution:1536,864
0,Pressed,729.5366821289062,360.57695388793945
5.304965694776338,Move,729.5366821289062,360.57695388793945
12.898156650702084,Move,713.5706176757812,319.7625045776367
35.72880883499706,Move,692.8336486816406,300.0272569656372
49.887701412871436,Move,676.5697174072266,294.551456451416
58.63601931986794,Move,661.2612762451172,290.419584274292
73.29040764003972,Move,656.7771606445312,300.83802223205566
79.43627385823622,Move,654.7799835205078,311.25929260253906
86.51160779306697,Move,677.6678009033203,355.7836103439331
106.14602340372451,Move,690.0516357421875,379.71162700653076
125.05898079681668,Move,712.234130859375,407.7216911315918
137.37857655144603,Move,741.5653839111328,428.87528228759766
142.9443383580603,Move,766.4858093261719,444.20862579345703
155.0440679385602,Move,781.2803649902344,454.4920349121094
171.95599845772654,Move,801.0606994628906,467.01547050476074
190.4670505122951,Move,796.9869689941406,457.7311820983887
202.77876041626934,Move,779.1000366210938,444.356014251709
215.63198889286446,Move,782.0973815917969,446.6839485168457
237.8144092747352,Move,776.9900207519531,440.7942295074463
252.41091042505295,Move,762.5863037109375,428.5507392883301
270.05738423449884,Move,752.8683471679688,423.7810335159302
292.4249911991733,Move,751.6445617675781,425.5494375228882
302.98153970735734,Move,752.2856597900391,423.0835132598877
323.4323508174679,Move,754.4726715087891,429.13846492767334
344.27548837434716,Move,770.9909362792969,440.59482765197754
354.86634511835945,Move,788.0960998535156,451.8361587524414
369.8011886556738,Move,806.0804443359375,464.8164882659912
386.38900438794644,Move,798.5197448730469,458.3767147064209
404.9111910907046,Move,792.172119140625,455.7235164642334
416.8637765815246,Move,789.25634765625,451.17424964904785
427.05200437956074,Move,795.1540832519531,455.3317680358887
446.40665935975574,Move,780.1484069824219,445.01936531066895
452.7221369871507,Move,766.2148590087891,435.73554039001465
463.51240701159895,Move,765.4132232666016,434.33777046203613
473.53721595863277,Move,769.5596923828125,437.0937080383301
491.4075585149874,Move,775.786376953125,443.3198661804199
500.5644631588583,Move,790.554931640625,454.11012268066406
518.3428848273605,Move,797.0099487304688,460.3422031402588
534.9043973429474,Move,799.190185546875,462.1903781890869
555.7480239725008,Move,811.5479736328125,471.8037414550781
568.0302431145983,Move,816.6339111328125,475.8603744506836
588.7673929482665,Move,831.0877990722656,481.835786819458
600.591364126592,Move,837.2145080566406,482.9330635070801
617.3504260984616,Move,845.2429504394531,489.73291397094727
623.0390061138214,Move,860.5606384277344,504.1134853363037
639.9373560945667,Move,875.7030029296875,514.4237766265869
652.0041059596382,Move,899.1410522460938,531.9959621429443
659.6376998063733,Move,908.7196655273438,536.3297080993652
679.6922001617003,Move,928.2302856445312,549.4464569091797
699.2258368322322,Move,894.9925231933594,514.8599166870117
722.1434746512914,Move,866.83154296875,491.7155513763428
739.8786532203017,Released,866.83154296875,491.7155513763428