resolution:1536,864
0,Pressed,690.0206451416016,347.2974443435669
12.005056389988823,Move,690.0206451416016,347.2974443435669
29.597422433625002,Move,657.794677734375,307.7754249572754
37.34998355183703,Move,635.8140563964844,288.6429147720337
58.65411608669197,Move,623.4783782958984,287.53302097320557
70.22009081231288,Move,615.2049407958984,290.21652603149414
86.61478852575371,Move,621.0004119873047,306.02167224884033
106.34323836217973,Move,641.1409606933594,337.17133712768555
119.78518253317766,Move,659.6199645996094,359.3127193450928
131.9270299187233,Move,689.4787445068359,392.4660587310791
154.08267267595406,Move,725.9255218505859,423.51782512664795
167.1497556342029,Move,756.4431610107422,441.7090473175049
174.09143141507002,Move,774.1320190429688,445.9581298828125
183.54220634699544,Move,793.0721740722656,458.38562393188477
196.40278707583414,Move,819.77197265625,475.1060256958008
215.3205605657124,Move,846.7822265625,493.72471046447754
236.25498945469118,Move,870.9139709472656,510.5964660644531
258.3609043925608,Move,901.6522521972656,533.809736251831
274.50477838397654,Move,919.5665588378906,546.242998123169
287.9120069875967,Move,964.0097351074219,575.0453910827637
296.02005694206724,Move,1002.6658630371094,601.1574554443359
307.2634439732591,Move,1006.9237060546875,598.3762836456299
314.5088196871526,Move,1001.3806457519531,592.5292568206787
327.16143339849424,Move,991.6827392578125,581.1546993255615
334.5123933517919,Move,975.7380065917969,573.2279090881348
355.99897687966114,Move,966.7819519042969,573.1673984527588
364.1300551812308,Move,931.8701477050781,540.6782855987549
376.6748658147113,Move,902.3096008300781,519.6862964630127
389.9070550448846,Move,897.7452392578125,518.7520122528076
396.3945986336206,Move,880.5664672851562,507.37081146240234
414.6241173539089,Move,855.5635070800781,489.4803657531738
437.59070618480985,Move,858.37060546875,495.94068717956543
446.93934719697864,Move,863.760498046875,498.1998710632324
458.57049856435685,Move,862.9454956054688,499.1256580352783
479.63174370174306,Move,848.3614196777344,487.37675857543945
492.00268188470295,Move,831.7575073242188,473.46446228027344
502.2783650698944,Move,849.9927978515625,493.92349433898926
516.4123734572316,Move,869.5065307617188,510.81796073913574
522.3216941655309,Move,891.2143249511719,527.037540435791
541.3648049760516,Move,894.9063720703125,528.9224338531494
551.593587902099,Move,893.4841918945312,523.0777244567871
570.0619916551872,Move,864.3847045898438,502.93664360046387
592.5853437002918,Move,845.5505676269531,488.63100242614746
602.2916807427197,Move,819.08935546875,474.46935081481934
607.9445555402049,Move,791.5623779296875,453.4097957611084
624.8451581385791,Move,776.4167175292969,447.0336742401123
630.2848313507778,Move,771.13916015625,445.42955017089844
639.4501079035052,Move,761.521728515625,437.6235237121582
658.6203909223937,Move,771.7319641113281,443.13555335998535
664.843632330758,Move,788.6380004882812,451.0851573944092
675.4409785267474,Move,791.3232421875,452.91520500183105
691.866690095266,Released,791.3232421875,452.91520500183105