resolution:1536,864
0,Pressed,764.2868957519531,404.9533166885376
9.424536335198962,Move,764.2868957519531,404.9533166885376
14.89062893506209,Move,778.0975341796875,400.8833198547363
35.00790507564965,Move,770.7479553222656,396.5408706665039
43.01725736289548,Move,761.385498046875,393.642617225647
61.43695141023799,Move,746.7312927246094,394.5306816101074
74.53575263430592,Move,733.5305786132812,396.7122058868408
84.95950031129088,Move,722.2685852050781,400.386643409729
102.20338865926907,Move,716.2159423828125,404.02096366882324
124.37402039949745,Move,710.5296478271484,405.82878971099854
130.02112529451767,Move,712.663330078125,404.52410316467285
152.4457465349722,Move,718.6278076171875,402.9575471878052
163.27480398980458,Move,723.6893920898438,399.2592144012451
186.17529237701203,Move,728.0547637939453,397.2948589324951
203.60322247675506,Move,734.6704559326172,394.93939876556396
212.12783909932543,Move,727.9983215332031,398.86229038238525
219.15184360478878,Move,724.1223907470703,400.81920433044434
240.63338763100174,Move,718.5954895019531,402.8677339553833
250.75975176084657,Move,711.762451171875,404.77608489990234
259.1530021218156,Move,708.8394927978516,405.45251655578613
281.0626087779857,Move,712.4521179199219,405.136625289917
297.80981318509333,Move,718.0672760009766,404.0873193740845
306.2665913986126,Move,720.5153961181641,404.5976686477661
313.3039099919732,Move,718.2509307861328,404.7583694458008
321.0807760792765,Move,720.2160186767578,402.82756519317627
335.5133500443759,Move,720.2259063720703,402.03958797454834
352.2121434323332,Move,723.1160888671875,398.00937366485596
371.2545578089173,Move,729.9802551269531,395.68066692352295
388.90385997958316,Move,735.8113861083984,394.39941215515137
397.48912008212807,Move,740.3279571533203,393.53642749786377
412.84331044279924,Move,739.4553680419922,394.0933828353882
431.6625085395557,Move,737.3388519287109,393.89416122436523
440.3446998133062,Move,739.8513336181641,392.4851131439209
455.5389612789971,Move,739.0686950683594,391.7822370529175
468.66021440540123,Move,737.9694213867188,391.337290763855
476.3657612498484,Move,734.18994140625,395.02928924560547
491.6947187175768,Move,733.00048828125,395.98340034484863
512.486279217761,Move,729.2989196777344,397.51643085479736
520.8315196001431,Move,729.6039276123047,396.2762975692749
534.5000519769825,Move,729.9129180908203,394.6125898361206
548.5565979368496,Move,734.6269683837891,392.9112367630005
565.3232861484287,Move,735.0774993896484,393.2284927368164
578.2157354396907,Move,736.2536773681641,393.7069902420044
583.3124803528232,Move,735.6233367919922,393.19303607940674
590.2899017501255,Move,737.7884216308594,392.095965385437
609.9268121716508,Move,731.9338531494141,395.1142358779907
632.3189803472501,Move,726.172119140625,398.59748554229736
649.8154800871656,Move,723.0519104003906,400.9962558746338
655.4301714388854,Move,721.0569305419922,401.7422618865967
660.5472374890282,Move,722.5133972167969,402.66964530944824
681.9882314784201,Move,720.6834411621094,402.8224153518677
689.374110134199,Released,720.6834411621094,402.8224153518677