resolution:1536,864
0,Pressed,765.8640747070312,429.96094608306885
20.262915904605684,Move,765.8640747070312,429.96094608306885
36.482523845702666,Move,765.030029296875,427.8840923309326
49.72774178660521,Move,764.4864349365234,425.7249698638916
60.98087795086618,Move,764.0969696044922,424.1167001724243
69.60018453852442,Move,763.8790740966797,422.9658908843994
81.38483236568642,Move,763.7641754150391,421.6929016113281
86.70460655700906,Move,763.7079620361328,421.209228515625
103.68091186878289,Move,763.5401458740234,420.9025812149048
114.60180830697125,Move,763.6967468261719,420.63350200653076
135.4382531597055,Move,763.5674743652344,420.393648147583
148.51752698361832,Move,763.7313995361328,420.8194885253906
167.1346944583586,Move,763.3962707519531,420.90440940856934
183.34456788151292,Move,763.4122009277344,421.05087089538574
192.9945658196417,Move,763.4667663574219,421.36547470092773
209.7676240663949,Move,763.353515625,421.4343795776367
232.747424518567,Move,763.5011444091797,421.4997568130493
252.45610551700437,Move,763.5517272949219,421.3129463195801
275.0557985663482,Move,763.6079406738281,421.2097177505493
281.65699831119673,Move,763.450927734375,421.1136989593506
290.43717763814607,Move,763.5449523925781,420.78485584259033
309.7465786251985,Move,763.3851470947266,420.4971342086792
327.2683648297932,Move,763.1053161621094,420.15235233306885
347.233066047325,Move,763.0871429443359,420.0282669067383
352.3738331641089,Move,763.2752838134766,420.10669898986816
365.6087187554221,Move,763.3738403320312,420.22553157806396
380.42882846731123,Released,763.3738403320312,420.22553157806396