resolution:1536,864
0,Pressed,783.4072265625,434.03042793273926
9.929677538571667,Move,783.4072265625,434.03042793273926
19.463297800403527,Move,791.0539855957031,447.0469608306885
41.3119176801724,Move,801.4281005859375,456.1396236419678
50.91962880039901,Move,819.7035827636719,464.1378421783447
65.25201446791843,Move,841.9341430664062,468.16321563720703
77.23083852537515,Move,870.8205871582031,464.0248546600342
93.3036544394404,Move,910.880859375,444.0035591125488
105.60904987044732,Move,964.9834899902344,411.46232986450195
125.88717797704221,Move,1037.0994873046875,362.75206661224365
144.84361844646315,Move,1126.4826049804688,300.7063407897949
153.57236549120452,Move,1235.9970703125,215.5769534111023
164.853991894086,Move,1355.1434326171875,119.0603141784668
178.50640428233947,Move,1465.4501953125,35.75292778015137
194.07549653050575,Move,1526.0578308105469,2.600484184920788
211.94343880929935,Move,1535.8441772460938,0.009653305081883445
220.21581034063286,Move,1536,6.251509510057929e-08
231.95300231758952,Move,1536,4.705657111214171e-16
241.7663953588818,Move,1536,1.5211521863907354e-27
248.58730204127102,Move,1536,0
255.99339419022837,Move,1536,0
272.53388179609937,Move,1536,0
289.95276255347966,Move,1536,0
309.9959337382927,Move,1536,0
325.9619432544853,Move,1536,0
337.51281058182735,Move,1536,0
360.02448647897427,Released,1536,0