resolution:1536,864
0,Pressed,628.7926940917969,157.63390016555786
20.133525618631793,Move,628.7926940917969,157.63390016555786
25.443991655723153,Move,446.60614013671875,37.26629555225372
43.150375465102115,Move,269.37609100341797,6.337336376309395
56.567889496739696,Move,123.32176208496094,0.5737552363425493
77.34722096373301,Move,41.320515632629395,0.020957658591214567
98.46155073898488,Move,7.769846677780151,7.438083684974117e-05
106.53905096780366,Move,0.3491235002875328,5.11516791423805e-09
114.91639859645241,Move,0.002788312209304422,1.8275503857666673e-15
121.87976645095681,Move,3.4670048165708067e-07,5.371795496274958e-25
134.88218206180824,Move,4.550052148206626e-13,0
145.18348290264822,Move,9.136744271579824e-22,0
163.37056633686376,Move,1.1438041882869761e-34,0
182.63430905047164,Move,0,0
197.5665384287706,Move,0,0
216.7361273031483,Move,0,0
233.09555165537753,Move,0,0
252.69943546362242,Move,0,0
264.958744764099,Move,0,0
275.69255369661283,Move,0,0
286.02683732918456,Move,0,0
300.7444166375471,Move,0,0
309.7739271771262,Move,0,0
327.7523768709619,Move,0,0
348.7170853338266,Move,0,0
367.23194710557647,Move,0,0
386.8358078727611,Released,0,0