resolution:1536,864
0,Pressed,1004.1266784667969,621.8674392700195
12.42353503213982,Move,1004.1266784667969,621.8674392700195
19.400734325421727,Move,1097.8174438476562,690.935977935791
38.43339052567305,Move,1113.7709655761719,699.9603538513184
58.0994475383429,Move,1090.0014953613281,686.0596961975098
63.19710900761979,Move,1043.6640014648438,652.4406051635742
73.53250149767109,Move,980.4853820800781,605.21923828125
91.66860697368335,Move,920.5860900878906,554.9738330841064
103.89040875197551,Move,856.5522766113281,492.577428817749
117.34743041468354,Move,797.5698852539062,441.6698570251465
129.94099613129723,Move,745.8316955566406,399.92578411102295
145.3753798015936,Move,708.804931640625,370.67337226867676
156.80789498943787,Move,677.5420989990234,345.74983978271484
166.6257682370084,Move,661.9770812988281,336.15182304382324
184.3211326522861,Move,642.5514678955078,321.5975217819214
202.54230470425577,Move,622.0937805175781,306.95567321777344
222.20950358044416,Move,605.1107025146484,296.85585594177246
232.8389396977792,Move,588.9538879394531,285.0744867324829
248.90882616529174,Move,564.6464080810547,266.6614351272583
259.01401184408843,Move,535.0288238525391,247.24352073669434
264.2731677594896,Move,502.18309020996094,226.84834671020508
284.2770019277809,Move,454.8731689453125,199.60330438613892
299.76294500995243,Move,393.2864227294922,164.85841941833496
315.9180454974785,Move,344.0929183959961,141.46672010421753
325.207934930782,Move,274.99378967285156,106.62558460235596
340.8300397798017,Move,204.9125747680664,74.72205376625061
348.81513454089287,Released,204.9125747680664,74.72205376625061