resolution:1536,864
0,Pressed,781.978271484375,398.8030414581299
19.90055826659448,Move,781.978271484375,398.8030414581299
28.297030569685763,Move,804.7030334472656,382.5892553329468
36.927097471803634,Move,795.9815368652344,367.9388065338135
51.45072832434981,Move,769.8273010253906,366.26070499420166
66.0630654268787,Move,742.4648895263672,382.22039794921875
84.09581792500995,Move,726.7947235107422,398.0716094970703
95.08480234580573,Move,722.1215972900391,405.1039237976074
116.35810524839964,Move,726.4829864501953,412.9663667678833
124.96210411370102,Move,730.9881591796875,414.4012670516968
146.12569358585077,Move,733.7465972900391,414.2848291397095
165.2638075090197,Move,734.4070587158203,415.8678903579712
186.50747456410568,Move,735.6003112792969,416.9837064743042
204.96586060374642,Move,736.3245391845703,417.58958530426025
215.77614188698212,Move,739.7587280273438,418.19093227386475
234.1671723151926,Move,744.8644409179688,418.4698476791382
253.45815206762552,Move,747.5622253417969,419.9428825378418
271.90078396049654,Move,755.3772583007812,422.47003841400146
294.12544372818655,Move,766.1314086914062,426.393985748291
308.39934295749936,Move,768.4608764648438,428.0301933288574
321.86895117347353,Move,771.8700256347656,429.2917242050171
344.1593731344108,Move,772.3730163574219,429.26929664611816
354.6346529623032,Move,774.3328857421875,429.4455757141113
363.1492186681741,Move,787.0606384277344,434.6938304901123
377.38092061135563,Move,797.1338195800781,440.70323181152344
385.4914203230318,Move,813.6708984375,447.39272117614746
395.43772948060933,Move,833.4754943847656,456.60408782958984
413.7593942303523,Move,849.2418823242188,461.88844299316406
436.24790897288847,Move,841.8258361816406,452.50110626220703
449.5885824388741,Move,826.2153625488281,447.7324562072754
465.55761225105687,Move,816.3558654785156,442.9146251678467
488.34692990020704,Move,805.1246337890625,439.66646575927734
504.77950928010154,Move,811.3336486816406,446.8707847595215
518.7119065190395,Move,814.2890625,451.50378799438477
532.7237178967966,Move,818.6368103027344,452.0580139160156
538.1659776165017,Move,815.1589050292969,452.62408447265625
555.3938179578586,Move,812.6243591308594,446.1836414337158
567.1081836341305,Move,801.71630859375,441.0965766906738
589.5324244088545,Move,786.6648559570312,432.02404975891113
598.8296991913737,Move,775.459716796875,429.82550525665283
608.1228778034318,Move,780.916259765625,432.7944145202637
617.3829499451493,Move,777.7169494628906,426.95292377471924
628.9490670525271,Move,780.9397888183594,428.7245979309082
648.7441688020986,Move,781.1683959960938,428.6356086730957
655.8292698855689,Move,772.610595703125,430.59005069732666
677.9887671134763,Move,765.5409393310547,428.5791664123535
698.2607871374402,Move,762.1305541992188,422.5771293640137
721.1894422605787,Move,761.7401733398438,424.0526876449585
744.104056656668,Move,761.2554016113281,422.83647537231445
761.9167160960909,Move,763.1331481933594,422.79751682281494
781.236338260645,Move,756.7939910888672,421.36271953582764
792.0925621764793,Released,756.7939910888672,421.36271953582764