resolution:1536,864
0,Pressed,683.8379516601562,313.4653558731079
14.508980687378635,Move,683.8379516601562,313.4653558731079
31.249631165969852,Move,565.8028106689453,225.39562797546387
47.48420107619032,Move,452.72703552246094,154.74634552001953
70.37782360637154,Move,355.1062316894531,104.1087155342102
93.11447559396056,Move,287.9898147583008,70.2994601726532
104.01381432547092,Move,246.75276947021484,46.4979590177536
125.28920682631325,Move,225.33968353271484,29.10201072692871
143.01158575392034,Move,226.8072738647461,16.99188208580017
152.85640245195333,Move,258.02799224853516,8.558325737714767
173.82463797916535,Move,351.62793731689453,3.172697737812996
180.20777110724853,Move,572.4319610595703,0.573742713779211
186.99403781161115,Move,1058.5280456542969,0.02657345775514841
193.89608744793702,Move,1493.8512268066406,7.75937967318896e-05
211.10430210888785,Move,1535.5923156738281,3.4560753009449385e-09
230.7279429050952,Move,1535.9989013671875,3.938165682918125e-15
238.80336944846803,Move,1536,3.681835317365603e-23
256.9239335663494,Move,1536,2.7152318762807666e-29
275.4033040677518,Move,1536,0
281.9952095876828,Move,1536,0
290.5033859547995,Move,1536,0
309.8648616495404,Move,1536,0
328.3130263158024,Move,1536,0
348.68377825323716,Move,2.497990071773529,0
359.52639708922675,Move,0,0
370.3790211146791,Move,0,0
386.69450314327514,Released,0,0