resolution:1536,864
0,Pressed,599.7291412353516,135.09392023086548
9.827760178271207,Move,599.7291412353516,135.09392023086548
20.596266853706638,Move,396.0270538330078,26.385895907878876
41.529286763917,Move,198.31514739990234,2.653349921107292
47.86473069548949,Move,72.36907768249512,0.15279824333265424
53.706306192085655,Move,16.290119647979736,0.0017202924427692778
70.0119782460774,Move,1.379437655210495,7.525514771344888e-07
79.74682350941882,Move,0.017900458071380854,3.752306326982105e-12
95.1455660353134,Move,1.6250297449005302e-05,2.982766366157398e-20
115.03248071221722,Move,1.0272465170158007e-10,4.942274144169051e-32
129.98316732881705,Move,5.468279064556099e-18,0
147.01354137593938,Move,9.542691577534665e-29,0
166.64494386325623,Move,0,0
175.45381123214588,Move,0,0
187.01235904167586,Move,0,0
209.36489862965516,Move,0,0
222.72768188282305,Move,0,0
235.0106340826496,Move,0,0
248.33200410070535,Move,0,0
259.3949699336676,Move,0,0
265.8193130765574,Move,0,0
275.49306260832304,Move,0,0
288.8932071538027,Move,0,0
302.28281521491834,Move,0,0
310.5223888517848,Move,0,0
329.5772478671428,Move,0,0
334.70490941648825,Released,0,0