resolution:1536,864
0,Pressed,776.3908996582031,401.11956882476807
20.138429343222047,Move,776.3908996582031,401.11956882476807
38.79310449035161,Move,791.9217224121094,389.69428539276123
53.626603756679536,Move,780.9219360351562,381.36423683166504
68.78719662303904,Move,766.017333984375,375.1024160385132
84.77868253742598,Move,747.8761138916016,375.7949409484863
106.22439315451777,Move,729.1273040771484,386.3286066055298
127.07708668828951,Move,717.7027587890625,396.85279655456543
141.59807329888608,Move,716.9998626708984,403.7507514953613
146.78145961372707,Move,721.4065246582031,408.92832469940186
152.0382888314089,Move,725.8062744140625,412.08620738983154
166.94596370610105,Move,733.8067932128906,416.01043796539307
174.06396441112287,Move,743.8034820556641,420.95392513275146
188.7588970026313,Move,755.3077697753906,425.29977321624756
201.32257512402253,Move,772.5792846679688,432.04155921936035
212.2173213247956,Move,779.5783996582031,434.3145446777344
225.07598823572135,Move,795.7562255859375,439.7936668395996
241.47566600414405,Move,820.9812927246094,449.6631317138672
253.16909851416466,Move,829.8510131835938,451.0205783843994
269.73699883422256,Move,837.0696716308594,452.057035446167
284.5016838803891,Move,846.779296875,454.762659072876
307.07478479810516,Move,838.2235107421875,449.85949516296387
318.1481205749471,Move,813.8464965820312,440.225378036499
326.16714757519657,Move,794.8358459472656,431.2881374359131
331.31516178700286,Move,776.5315246582031,426.966854095459
340.2149348195507,Move,765.7126922607422,423.3154878616333
355.38847821347713,Move,765.5214385986328,424.0677766799927
365.16107680593825,Move,761.6453247070312,424.78466033935547
371.2317437036802,Move,755.1345977783203,420.15935611724854
390.2870361532071,Move,749.8593292236328,417.32897758483887
396.4893025588621,Move,746.5108795166016,414.63754177093506
407.6566325676162,Move,741.1981201171875,413.990927696228
417.2596242939888,Move,739.9752502441406,413.4282560348511
438.0583627571965,Move,743.3117523193359,416.53968715667725
452.2197169680015,Move,744.6361999511719,415.94253730773926
471.3744600865227,Move,747.1365509033203,415.7604389190674
491.6795789805884,Move,746.5203094482422,415.0717763900757
505.8503586252721,Move,754.2957458496094,421.942720413208
524.5114873664543,Move,754.0139923095703,419.68866062164307
541.90448269114,Move,749.5292358398438,417.73862171173096
560.3905124944592,Move,748.9791412353516,418.27201652526855
565.9253231220417,Move,756.2598724365234,421.19313526153564
581.2716350666471,Move,768.3019409179688,427.2740421295166
593.1042062401975,Move,777.9431762695312,429.3076629638672
614.9128276924374,Move,774.9786987304688,427.18322467803955
637.4926216016603,Move,767.6746673583984,422.0151529312134
659.0482139660887,Move,766.3735656738281,420.85473918914795
677.3135652534535,Move,763.5352478027344,421.1088066101074
695.2370249113904,Move,769.9324951171875,424.57861518859863
713.2128326160301,Move,777.0008239746094,429.44791889190674
720.5234955006397,Move,782.80078125,430.9556894302368
739.8472693437818,Released,782.80078125,430.9556894302368