resolution:1536,864
0,Pressed,802.9560241699219,345.6658716201782
19.285593186762092,Move,802.9560241699219,345.6658716201782
30.62287299057884,Move,827.3548278808594,293.2661590576172
40.64628979206823,Move,850.6211242675781,255.3999423980713
55.66279205328013,Move,873.2295227050781,226.1057653427124
75.2263978786983,Move,893.0086669921875,202.99585247039795
90.10525806631719,Move,914.7298278808594,183.82251691818237
96.31822079759739,Move,935.6634521484375,169.85755062103271
114.52544939991384,Move,953.8052673339844,157.43542528152466
128.57896264033067,Move,971.2313232421875,149.30480432510376
148.081392132383,Move,984.9983825683594,144.17115926742554
164.12335573783722,Move,998.3727722167969,140.822359085083
172.0122005791514,Move,1009.6200256347656,143.69743824005127
177.78687631966173,Move,1014.5877685546875,158.0360255241394
189.66051212868064,Move,1013.00390625,194.86946725845337
207.26810510313177,Move,994.1455993652344,290.99574851989746
227.0782095242787,Move,911.794921875,455.0624828338623
232.31137751598374,Move,833.3392639160156,520.0249500274658
247.8671607559466,Move,787.641357421875,457.6029510498047
264.18981439259306,Move,774.3213500976562,439.05703353881836
283.0819142676351,Move,767.64111328125,435.7287425994873
298.22376354941105,Move,758.2590179443359,433.81439208984375
309.8723622206997,Move,744.5715637207031,449.9699592590332
330.1626317811701,Move,769.4441528320312,601.2058639526367
338.78968925229253,Move,1174.2907104492188,838.6705570220947
355.43913451037025,Move,1381.8113708496094,863.9856834411621
376.5737208495406,Released,1381.8113708496094,863.9856834411621