resolution:1536,864
0,Pressed,699.5439147949219,195.4735050201416
13.043519332076269,Move,699.5439147949219,195.4735050201416
32.01642183676788,Move,577.7175750732422,75.73632144927979
45.420374928989474,Move,440.0914764404297,24.18336832523346
66.60772798796816,Move,294.7043151855469,5.813207656145096
73.73174002631819,Move,169.37998580932617,1.0755101591348648
93.88189093276608,Move,74.22089767456055,0.08301072078756988
111.4405047729405,Move,22.810502529144287,0.0011143552001158241
127.91803315370231,Move,2.4694751501083374,4.0671571710504395e-07
142.01830008551067,Move,0.04262659326195717,8.441209462374619e-13
163.88892968754047,Move,5.3396674047689885e-05,1.3576010611205923e-21
171.88965561798526,Move,4.674109849167607e-10,6.465003941191146e-35
190.88565667529176,Move,3.823211006836924e-17,0
201.93964963077278,Move,3.310962915283147e-29,0
224.27259986044507,Move,0,0
244.6198328450927,Move,0,0
253.7974945717331,Move,0,0
269.9351334683613,Move,0,0
289.2726287087314,Move,0,0
297.9537125119141,Move,0,0
303.4732482380161,Move,0,0
317.27701703838073,Move,0,0
337.8016105819455,Move,0,0
353.41073436416525,Move,0,0
361.9009968242379,Move,0,0
367.13674727799014,Move,0,0
378.3777347622616,Released,0,0