resolution:1536,864
0,Pressed,688.0177917480469,322.6983518600464
10.108852607286256,Move,688.0177917480469,322.6983518600464
21.81368241542274,Move,583.2269439697266,245.02911472320557
40.635416152868935,Move,486.97215270996094,181.6235089302063
54.73107605776714,Move,399.7323760986328,131.13989782333374
62.70512501687609,Move,335.0350570678711,95.28374791145325
79.12102048490306,Move,283.8218078613281,68.61686539649963
90.03273125871753,Move,256.35044860839844,49.081029295921326
103.21821359444087,Move,249.09432220458984,34.164275765419006
114.06345147130367,Move,263.30577850341797,22.521953880786896
126.26383259942881,Move,317.8605422973633,13.486893653869629
146.3957950177427,Move,448.8413543701172,6.380898401141167
164.82363395047904,Move,730.9280548095703,1.7416773363947868
185.41002563856506,Move,1211.3809204101562,0.13838381739333272
204.8988565270381,Move,1515.6528625488281,0.0009533409356663469
219.37059985386134,Move,1535.9104614257812,9.110414422863755e-08
227.34226185749998,Move,1535.9998168945312,1.7429010200408022e-13
236.1586293404577,Move,1536,8.429258117399381e-21
247.995322007144,Move,1536,2.2313132156448502e-26
260.3397136566173,Move,1536,1.0914678995392395e-34
278.8427811159571,Move,1536,0
300.88201738129794,Move,1536,0
306.86300887497555,Move,1536,0
313.73738564049364,Move,1536,0
320.08083599222294,Move,1536,0
330.65502076385576,Move,1536,0
336.2781829907818,Released,1536,0