resolution:1536,864
0,Pressed,770.7354125976562,434.51605796813965
12.561541947267425,Move,770.7354125976562,434.51605796813965
23.79412640704963,Move,759.1169586181641,442.3828010559082
38.074363630224845,Move,756.0942535400391,448.6908416748047
53.26777695967185,Move,761.9842071533203,449.1471691131592
59.71422361269253,Move,777.7825012207031,445.1810188293457
65.36490145637019,Move,803.7833862304688,433.623384475708
72.16632576715921,Move,843.0364379882812,415.51922035217285
81.33013279922065,Move,897.0169372558594,393.037974357605
86.59168826881455,Move,967.9617919921875,361.62067222595215
97.79474045772042,Move,1052.741455078125,314.11256217956543
119.48828637951898,Move,1156.2857666015625,249.27266120910645
135.967988066589,Move,1277.079345703125,167.34646224975586
158.13983171092465,Move,1400.8755798339844,77.02369809150696
173.66901446529678,Move,1497.6802368164062,14.791247069835663
187.51504586960863,Move,1533.5025329589844,0.40397537872195244
197.32704973907727,Move,1535.991943359375,0.00016778408371465048
206.22514408729057,Move,1536,7.22541499287993e-11
223.38313384587693,Move,1536,1.64159216158249e-19
229.48971107130612,Move,1536,9.407476789691455e-33
243.35836217709894,Move,1536,0
265.5152394543767,Move,1536,0
278.1917147450994,Move,1536,0
293.2656375424018,Move,1536,0
303.2404557067202,Move,1536,0
323.09844935997563,Move,1536,0
339.69895770432777,Released,1536,0