resolution:1536,864
0,Pressed,1233.7024841308594,781.0814781188965
14.702470215956074,Move,1233.7024841308594,781.0814781188965
24.857871644992223,Move,1395.2493896484375,844.6168212890625
38.034678155921,Move,1443.0929260253906,855.6568450927734
43.10992850747195,Move,1443.7085266113281,856.8206062316895
54.93973617600942,Move,1431.8535461425781,856.6047248840332
74.88402741259127,Move,1390.4707946777344,852.6313648223877
83.96840793373052,Move,1318.8825988769531,841.7440853118896
99.43554371682677,Move,1202.4344787597656,811.2359619140625
111.85997268821704,Move,1062.0713195800781,746.4264450073242
134.4757255234937,Move,940.5237121582031,651.8290615081787
140.77443796144544,Move,850.9349670410156,556.872013092041
159.10334652313554,Move,791.6513671875,483.6155204772949
180.411054708301,Move,744.0516815185547,423.03693294525146
191.51000315233068,Move,684.8204040527344,363.48172187805176
197.16427754939446,Move,614.3989562988281,300.8203067779541
203.22408306998588,Move,517.6531219482422,228.8514289855957
221.16092308768714,Move,409.6235046386719,166.1035737991333
228.45787908662774,Move,301.3422546386719,113.10274600982666
245.0979095634403,Move,193.41197204589844,66.76726126670837
256.6842281201943,Move,94.22354507446289,29.693965673446655
273.18260402581456,Move,21.17183017730713,5.562998592853546
294.3045565271868,Move,1.4191847741603851,0.2539082486182451
306.0556421825658,Move,0.011975343804806471,0.0011178271743119694
313.2108122865834,Move,4.8856785497264354e-06,1.5664414965144147e-07
325.1970708176126,Move,4.1952602850003906e-11,2.7538836994492073e-13
343.04901152818456,Released,4.1952602850003906e-11,2.7538836994492073e-13