resolution:1536,864
0,Pressed,614.8235778808594,360.06171226501465
14.557122050450571,Move,614.8235778808594,360.06171226501465
25.055273407282478,Move,533.0958709716797,321.9564399719238
46.9132259642691,Move,506.14292907714844,312.38978576660156
54.0509234212329,Move,534.5695037841797,331.69458389282227
64.3401265870756,Move,564.0480651855469,349.72361183166504
86.16182838092786,Move,637.5075531005859,389.5890483856201
102.26111394605314,Move,689.816162109375,415.0811233520508
116.58969828616739,Move,732.6567077636719,434.82988929748535
135.53685293091425,Move,776.1546020507812,455.37502670288086
155.60786973802627,Move,834.4224243164062,489.5965461730957
174.8846208343605,Move,853.8468017578125,496.92971420288086
197.45350566421905,Move,869.7515258789062,505.1901626586914
217.85151031040198,Move,876.7166748046875,508.349178314209
237.16168669346342,Move,884.5403137207031,512.4207458496094
248.35038215290606,Move,880.509521484375,508.5519275665283
256.7302349658658,Move,861.1577453613281,496.70739555358887
265.93982013585776,Move,878.9564208984375,509.9366683959961
287.1234749410001,Move,876.9638671875,508.4381160736084
299.15087578227093,Move,876.7326965332031,507.2432498931885
307.83119897249946,Move,891.3695983886719,516.914342880249
316.42465073946823,Move,884.4041748046875,511.1583652496338
329.91452623190486,Move,863.2919311523438,498.0571689605713
352.81443044169407,Move,849.1038208007812,488.90425300598145
375.6361519516486,Move,857.679931640625,494.81122398376465
396.55938796610224,Move,863.6823120117188,498.0641212463379
419.37148567462845,Move,888.3012084960938,516.7613925933838
424.6621329805404,Move,884.6936645507812,512.5904331207275
431.85095393209383,Move,889.0776672363281,515.1763229370117
439.4093961228979,Move,919.6748657226562,538.5195751190186
452.8871839061634,Move,944.3975830078125,557.8582077026367
459.501865462756,Move,952.6634216308594,561.8624153137207
478.7039763434522,Move,980.0641479492188,579.794059753418
501.1879154532479,Move,974.7816467285156,574.71657371521
511.7697604959881,Move,979.4286804199219,579.2454986572266
520.8008815471749,Move,980.2301330566406,579.6158752441406
528.7877238141197,Move,977.2963256835938,577.651725769043
537.264763831892,Move,966.7998962402344,568.1574268341064
553.8817299575279,Move,933.2590942382812,544.456672668457
563.1289393428176,Move,888.7911987304688,514.8143405914307
572.5630472081007,Move,835.7895812988281,484.5424919128418
582.8445437388102,Move,807.6109313964844,468.38146591186523
603.8001969565391,Move,815.4582824707031,474.4207363128662
624.474553332504,Move,803.7432861328125,468.2574062347412
638.6769290457611,Move,788.8546142578125,456.5768451690674
658.1432647185065,Move,754.2459869384766,436.0532855987549
679.5624824411316,Move,738.2669219970703,426.81403255462646
692.7500482358228,Move,738.9497680664062,428.3249444961548
709.7696227906475,Move,769.2457580566406,448.4341735839844
716.273843321531,Move,806.2995300292969,470.2969493865967
724.9051037995822,Move,839.9888305664062,490.77405738830566
730.2858113989117,Released,839.9888305664062,490.77405738830566