resolution:1536,864
0,Pressed,675.1796722412109,190.2828254699707
17.049472502374236,Move,675.1796722412109,190.2828254699707
30.970684333355038,Move,534.9893646240234,64.37706542015076
44.52480816877386,Move,394.42213439941406,19.770289063453674
51.374153734657675,Move,257.5864562988281,4.935205578804016
57.707670633680024,Move,144.5775604248047,0.8823424279689789
69.09043630619777,Move,62.18352699279785,0.06302801007404923
84.00908741078348,Move,18.8240704536438,0.000720047932190937
102.2018531160671,Move,2.210936486721039,2.3508651825210336e-07
112.85019299908485,Move,0.048343028873205185,3.8179956480302027e-13
124.59624838738006,Move,8.880744280759245e-05,4.417426662356183e-22
133.93562398479853,Move,9.412036983125205e-10,1.415891286093905e-35
146.8664424973887,Move,1.123771779837632e-16,0
169.847284625792,Move,2.224410446797748e-28,0
175.38515446753925,Move,0,0
192.9255100364552,Move,0,0
213.1165379961355,Move,0,0
235.79492686841957,Move,0,0
243.63288147346614,Move,0,0
255.6088779210423,Move,0,0
265.9405505067795,Move,0,0
273.91372043296633,Move,0,0
283.9746104086121,Move,0,0
297.4183414338337,Move,0,0
316.7545285072086,Move,0,0
331.2527399562396,Move,0,0
338.0505372343596,Released,0,0