resolution:1536,864
0,Pressed,739.3624420166016,279.6197748184204
9.75187616539003,Move,739.3624420166016,279.6197748184204
30.888046563941312,Move,657.0244903564453,182.56573677062988
36.53921769889729,Move,566.1383514404297,115.4048023223877
49.84676782825501,Move,472.12298583984375,72.00494599342346
56.19189654946484,Move,391.84222412109375,45.11322784423828
72.97860393389865,Move,328.4938201904297,27.77187752723694
89.82442354579742,Move,285.3512878417969,15.657569468021393
110.61503969658091,Move,259.21197509765625,7.6174207627773285
126.95745184721001,Move,253.20089721679688,2.8684976175427437
134.99983255745957,Move,290.22718048095703,0.6694827899336815
153.55859962988717,Move,404.9394836425781,0.05465834238566458
167.71462607712195,Move,741.6839904785156,0.0008727763415663503
190.71249637413737,Move,1312.0044250488281,6.368278704371733e-07
198.7862948332494,Move,1522.4681396484375,3.3976645959611987e-12
213.9024329659853,Move,1535.6854248046875,3.6151169830353285e-19
234.1323780942586,Move,1535.9954223632812,1.7757577371263382e-25
251.27266977071793,Move,1536,5.141385720848227e-33
273.3221465386962,Move,1536,0
280.58338885104945,Move,1536,0
287.8826252976884,Move,1535.9998168945312,0
304.89181573326096,Move,7.406453450542472e-09,0
327.7297437685603,Move,3.043199901879136e-35,0
334.70069668026304,Move,0,0
344.45278798734824,Move,0,0
350.80637792262183,Move,0,0
358.5895412642663,Released,0,0