resolution:1536,864
0,Pressed,790.8256530761719,449.1060733795166
8.167377683683393,Move,790.8256530761719,449.1060733795166
17.568848803997987,Move,798.6382141113281,454.37415504455566
25.027375288130713,Move,797.180419921875,452.09864616394043
41.04891470502365,Move,782.8786926269531,442.1439514160156
60.811207194011196,Move,763.6512908935547,426.9055452346802
70.30566523920764,Move,744.8668670654297,412.75409030914307
88.87399933951309,Move,726.0561676025391,398.80129051208496
97.4468435924324,Move,707.3907623291016,385.967396736145
119.57393360364762,Move,690.3538513183594,374.90092849731445
126.63268224138604,Move,676.8863983154297,365.17084407806396
135.55994804998332,Move,663.5859832763672,355.47369289398193
154.50895848939336,Move,652.5289306640625,347.7842073440552
167.34687539246556,Move,640.3924255371094,340.5211544036865
176.2967516636234,Move,631.2447967529297,335.3778018951416
186.7044909824362,Move,623.9491424560547,330.9593667984009
200.5588567326845,Move,614.8953552246094,324.21209621429443
212.75132934211985,Move,611.9376525878906,321.7532272338867
232.84204168344507,Move,608.4519653320312,318.9209690093994
242.255964344221,Move,605.8510894775391,316.43006801605225
247.85362154806714,Move,602.42578125,313.1438512802124
264.8408044049609,Move,599.9285888671875,311.2515163421631
273.4656905739652,Move,597.9201965332031,308.50510597229004
293.5951124154314,Move,592.7642211914062,305.71816635131836
312.2156252454128,Move,590.5848083496094,303.8003911972046
334.04559838689875,Move,584.879150390625,300.8422966003418
351.9955180865003,Released,584.879150390625,300.8422966003418