resolution:1536,754
189648,Pressed,792,404
189724,Move,794,404
189761,Move,799,402
189770,Move,804,402
189795,Move,811,399
189833,Move,818,397
189868,Move,821,394
189872,Move,828,392
189887,Move,835,390
189944,Move,852,380
189992,Move,857,378
189994,Move,874,366
190044,Move,876,361
190047,Move,895,346
190106,Move,902,334
190160,Move,907,322
190261,Move,912,306
190261,Move,917,291
190317,Move,917,284
190372,Move,914,274
190425,Move,912,267
190485,Move,910,260
190540,Move,905,253
190592,Move,898,243
190655,Move,888,231
190708,Move,878,219
190760,Move,864,212
190812,Move,857,207
190864,Move,847,202
190915,Move,833,200
190970,Move,830,200
190971,Move,821,200
191025,Move,806,202
191079,Move,797,202
191131,Move,785,205
191181,Move,782,205
191183,Move,773,207
191285,Move,763,210
191286,Move,754,212
191342,Move,749,214
191397,Move,742,219
191449,Move,732,224
191507,Move,725,231
191563,Move,715,241
191617,Move,713,241
191619,Move,703,253
191680,Move,694,262
191733,Move,694,265
191736,Move,689,277
191792,Move,684,294
191841,Move,684,306
191890,Move,684,308
191891,Move,686,322
191948,Move,691,342
192000,Move,696,354
192054,Move,698,361
192106,Move,703,366
192160,Move,706,370
192259,Move,710,373
192259,Move,713,378
192317,Move,720,382
192378,Move,727,387
192429,Move,732,392
192484,Move,737,394
192533,Move,739,397
192535,Move,744,399
192590,Move,746,402
192643,Move,751,404
192695,Move,756,409
192750,Move,761,411
192803,Move,766,414
192854,Move,770,416
192911,Move,778,416
192964,Move,787,416
193016,Move,792,416
193068,Move,794,416
193120,Move,797,416
193174,Move,799,416
193272,Move,802,416
193275,Move,804,416
193330,Move,806,416
193393,Move,809,416
193446,Move,809,414
193459,Released,809,414
194044,Released,770,471
194364,Released,763,476
