resolution:1536,754
12341,Pressed,734,159
12341,Move,730,154
12372,Move,725,152
12378,Move,662,142
12417,Move,451,166
12453,Move,413,178
12456,Move,331,224
12475,Move,324,250
12523,Move,341,301
12572,Move,348,313
12575,Move,504,402
12671,Move,682,406
12672,Move,821,382
12728,Move,878,351
12776,Move,883,346
12779,Move,902,306
12862,Move,910,260
12919,Move,910,248
12968,Move,905,229
13021,Move,854,200
13072,Move,720,142
13121,Move,559,123
13170,Move,538,128
13174,Move,456,147
13227,Move,437,157
13279,Move,432,159
13331,Move,430,164
13381,Move,427,169
13430,Move,427,171
13478,Move,427,174
13529,Move,422,183
13577,Move,415,200
13679,Move,410,207
13682,Move,408,210
13682,Released,408,210
14476,Released,739,488
