resolution:1536,754
9084,Pressed,722,157
9084,Move,727,157
9125,Move,749,159
9182,Move,785,166
9215,Move,790,169
9216,Move,823,183
9236,Move,845,193
9258,Move,857,202
9301,Move,876,219
9349,Move,881,224
9351,Move,900,262
9409,Move,902,294
9457,Move,902,301
9460,Move,895,322
9518,Move,883,339
9572,Move,881,342
9575,Move,862,361
9709,Move,838,378
9713,Move,778,394
9780,Move,756,394
9830,Move,751,394
9833,Move,720,394
9886,Move,684,392
9940,Move,643,382
9995,Move,605,361
10048,Move,602,358
10051,Move,576,327
10102,Move,574,320
10108,Move,557,294
10158,Move,557,291
10163,Move,550,265
10212,Move,550,258
10216,Move,552,236
10268,Move,552,234
10272,Move,564,207
10325,Move,581,193
10376,Move,605,176
10432,Move,607,176
10434,Move,636,164
10490,Move,658,159
10546,Move,677,154
10600,Move,679,154
10649,Move,703,154
10652,Move,715,159
10712,Move,732,164
10777,Move,739,169
10828,Move,742,169
10931,Released,742,169
11730,Released,742,481
