resolution:1536,754
36521,Pressed,732,289
36569,Move,739,289
36604,Move,742,289
36647,Move,758,296
36649,Move,792,315
36673,Move,797,322
36716,Move,806,337
36762,Move,818,358
36763,Move,818,361
36817,Move,821,373
36874,Move,821,375
36875,Move,816,397
36930,Move,814,399
36934,Move,804,416
36994,Move,790,426
37047,Move,790,428
37050,Move,780,433
37107,Move,766,435
37166,Move,742,440
37222,Move,718,440
37276,Move,701,438
37333,Move,679,428
37389,Move,677,426
37392,Move,660,411
37450,Move,653,390
37505,Move,653,385
37508,Move,655,346
37568,Move,658,315
37691,Move,662,296
37691,Move,667,282
37770,Move,674,270
37832,Move,682,265
37893,Move,689,265
37971,Move,715,270
38030,Move,727,277
38085,Move,737,284
38141,Move,742,289
38195,Move,746,294
38253,Move,749,296
38305,Move,749,298
38363,Released,749,298
39105,Released,749,486
