resolution:1536,754
23043,Pressed,742,178
23113,Move,730,176
23214,Move,725,174
23221,Move,691,169
23316,Move,689,169
23327,Move,653,178
23426,Move,648,181
23438,Move,622,200
23556,Move,619,200
23566,Move,595,231
23695,Move,595,234
23704,Move,574,294
23836,Move,571,325
23949,Move,571,330
24071,Move,581,366
24079,Move,598,390
24210,Move,600,390
24224,Move,638,402
24365,Move,643,402
24389,Move,710,416
24511,Move,715,418
24522,Move,754,428
24662,Move,754,430
24675,Move,797,433
24833,Move,838,421
25175,Move,852,411
25219,Move,871,380
25357,Move,874,370
25366,Move,869,327
25511,Move,866,325
25527,Move,857,279
25664,Move,857,274
25674,Move,842,253
25823,Move,826,238
25947,Move,823,236
26082,Move,814,226
26088,Move,802,214
26223,Move,792,207
26350,Move,780,205
26466,Move,778,205
26473,Move,758,198
26596,Move,734,188
26706,Move,732,188
26711,Move,718,186
26832,Move,708,181
27042,Move,701,178
27045,Move,701,176
27164,Move,691,186
27164,Released,691,186
27892,Released,746,486
