resolution:1536,754
146936,Pressed,761,188
146946,Move,758,186
146987,Move,756,183
147037,Move,754,181
147081,Move,749,178
147133,Move,746,178
147190,Move,742,178
147297,Move,732,183
147297,Move,730,186
147362,Move,722,190
147413,Move,720,193
147464,Move,718,195
147515,Move,713,198
147570,Move,710,200
147622,Move,710,202
147686,Move,708,207
147736,Move,706,212
147791,Move,703,217
147847,Move,703,222
147904,Move,701,234
147960,Move,701,243
148016,Move,701,250
148069,Move,701,255
148122,Move,703,260
148177,Move,706,262
148279,Move,715,270
148346,Move,720,274
148396,Move,722,277
148399,Move,725,277
148455,Move,730,279
148504,Move,734,282
148565,Move,739,282
148618,Move,746,282
148676,Move,758,279
148733,Move,768,277
148790,Move,773,274
148847,Move,778,272
148901,Move,780,270
148903,Move,785,265
148959,Move,787,262
148962,Move,794,255
149022,Move,799,248
149081,Move,802,243
149136,Move,804,236
149191,Move,804,231
149294,Move,802,224
149295,Move,799,219
149361,Move,794,210
149412,Move,790,202
149462,Move,787,195
149514,Move,782,190
149566,Move,778,186
149620,Move,773,181
149678,Move,768,176
149734,Move,763,171
149787,Move,754,169
149843,Move,746,166
149898,Move,744,166
149953,Move,742,166
150055,Move,737,169
150071,Released,737,169
150781,Released,737,478
