resolution:1536,754
47035,Pressed,785,164
47035,Move,792,164
47076,Move,809,162
47110,Move,811,162
47112,Move,821,164
47157,Move,838,169
47183,Move,850,171
47242,Move,862,174
47253,Move,874,183
47269,Move,878,186
47329,Move,886,198
47373,Move,888,200
47375,Move,893,214
47428,Move,895,231
47477,Move,895,250
47528,Move,890,272
47576,Move,883,289
47626,Move,869,322
47679,Move,866,327
47681,Move,842,354
47734,Move,816,373
47793,Move,811,375
47795,Move,780,382
47843,Move,775,385
47847,Move,744,390
47901,Move,718,390
47954,Move,715,390
47956,Move,696,385
48005,Move,694,382
48008,Move,679,375
48060,Move,662,363
48111,Move,650,349
48167,Move,643,332
48261,Move,636,310
48262,Move,631,279
48313,Move,634,258
48314,Move,634,253
48372,Move,641,226
48421,Move,655,193
48472,Move,660,188
48473,Move,674,169
48526,Move,677,166
48529,Move,691,154
48582,Move,694,154
48585,Move,708,145
48639,Move,722,142
48692,Move,742,142
48742,Move,756,142
48792,Move,770,147
48851,Move,775,147
48853,Move,804,152
48908,Move,821,159
48957,Move,823,159
48960,Move,838,164
49017,Move,854,169
49078,Move,859,174
49130,Move,862,174
49131,Move,874,181
49183,Move,876,183
49187,Move,886,190
49200,Released,886,190
49949,Released,749,483
