resolution:1536,754
1030964,Pressed,787,157
1030992,Move,790,157
1031075,Move,799,154
1031115,Move,811,154
1031142,Move,814,154
1031199,Move,818,157
1031247,Move,826,159
1031296,Move,830,164
1031326,Move,833,166
1031329,Move,842,176
1031428,Move,850,188
1031429,Move,854,202
1031482,Move,857,217
1031536,Move,857,219
1031538,Move,854,241
1031587,Move,852,262
1031636,Move,847,279
1031683,Move,847,282
1031685,Move,840,298
1031740,Move,833,315
1031795,Move,826,325
1031847,Move,818,330
1031898,Move,811,334
1031946,Move,809,334
1031948,Move,797,339
1032004,Move,782,344
1032053,Move,770,349
1032102,Move,751,354
1032148,Move,749,354
1032150,Move,730,354
1032204,Move,710,354
1032251,Move,696,349
1032302,Move,677,342
1032348,Move,674,342
1032400,Move,655,330
1032401,Move,641,318
1032454,Move,638,315
1032459,Move,626,303
1032516,Move,617,282
1032561,Move,612,270
1032608,Move,610,258
1032657,Move,605,243
1032705,Move,605,241
1032706,Move,607,229
1032761,Move,612,219
1032815,Move,617,205
1032871,Move,622,195
1032922,Move,626,193
1032975,Move,629,186
1033025,Move,631,183
1033027,Move,634,181
1033076,Move,636,178
1033080,Move,648,169
1033134,Move,660,164
1033184,Move,672,159
1033235,Move,691,152
1033292,Move,710,147
1033292,Move,713,145
1033390,Move,730,142
1033397,Move,742,140
1033451,Move,756,142
1033501,Move,770,145
1033549,Move,785,150
1033597,Move,799,157
1033646,Move,811,162
1033696,Move,818,164
1033749,Move,821,166
1033847,Move,821,169
1033862,Released,821,169
1034644,Released,751,490
