resolution:1536,754
17538,Pressed,746,267
17675,Move,737,265
17676,Move,734,265
17693,Move,730,265
17701,Move,727,265
17761,Move,725,262
17763,Move,718,260
17812,Move,715,260
17816,Move,706,255
17870,Move,698,250
17924,Move,684,241
17975,Move,674,234
18025,Move,670,226
18075,Move,667,226
18077,Move,662,214
18131,Move,660,200
18183,Move,655,181
18232,Move,655,169
18283,Move,655,166
18287,Move,660,157
18339,Move,674,147
18386,Move,691,140
18482,Move,703,135
18483,Move,727,130
18539,Move,749,128
18590,Move,773,130
18644,Move,787,135
18693,Move,790,138
18694,Move,804,145
18749,Move,814,152
18800,Move,818,159
18848,Move,818,162
18850,Move,821,171
18904,Move,818,183
18953,Move,816,195
19002,Move,816,198
19005,Move,814,205
19057,Move,806,212
19109,Move,802,219
19163,Move,794,229
19215,Move,790,238
19272,Move,778,250
19329,Move,773,255
19378,Move,770,258
19424,Move,768,258
19476,Move,763,262
19478,Move,754,267
19532,Move,744,267
19582,Move,742,270
19584,Move,734,270
19635,Move,730,272
19688,Move,727,272
19848,Released,727,272
20326,Released,746,306
