resolution:1536,754
104941,Pressed,847,176
104942,Move,850,176
105012,Move,852,176
105052,Move,854,176
105070,Move,857,178
105103,Move,859,181
105143,Move,862,183
105193,Move,866,190
105244,Move,871,200
105292,Move,874,200
105294,Move,876,210
105344,Move,881,226
105390,Move,883,229
105393,Move,881,248
105498,Move,874,262
105498,Move,859,282
105558,Move,835,298
105613,Move,802,310
105664,Move,794,313
105665,Move,749,320
105722,Move,718,325
105772,Move,713,327
105774,Move,665,334
105829,Move,610,344
105884,Move,583,344
105934,Move,581,344
105936,Move,564,339
105991,Move,533,325
106042,Move,509,306
106092,Move,492,284
106142,Move,482,265
106193,Move,478,250
106240,Move,478,248
106242,Move,478,234
106298,Move,482,219
106347,Move,487,207
106392,Move,490,205
106396,Move,497,195
106449,Move,499,193
106499,Move,514,186
106501,Move,545,176
106555,Move,578,166
106607,Move,617,159
106654,Move,650,157
106708,Move,689,154
106759,Move,715,157
106811,Move,742,159
106866,Move,746,159
106870,Move,782,162
106927,Move,821,166
106977,Move,826,166
106979,Move,850,171
107033,Move,862,176
107087,Move,866,178
107139,Move,871,183
107192,Move,871,186
107241,Move,871,188
107243,Move,871,190
107316,Released,871,190
107968,Released,742,495
108362,Released,742,488
