resolution:1536,754
1013293,Pressed,744,195
1013474,Move,751,195
1013507,Move,756,195
1013558,Move,758,195
1013594,Move,763,198
1013644,Move,766,198
1013695,Move,770,200
1013745,Move,778,205
1013799,Move,782,207
1013853,Move,787,210
1013904,Move,792,214
1013958,Move,794,219
1014013,Move,799,224
1014064,Move,804,229
1014116,Move,806,234
1014172,Move,809,241
1014223,Move,811,248
1014276,Move,814,253
1014328,Move,814,258
1014424,Move,814,265
1014424,Move,814,267
1014476,Move,811,274
1014492,Move,811,277
1014507,Move,811,279
1014560,Move,809,284
1014604,Move,809,286
1014606,Move,806,291
1014655,Move,804,301
1014703,Move,802,303
1014706,Move,799,308
1014761,Move,794,313
1014814,Move,790,315
1014862,Move,787,318
1014912,Move,785,322
1014960,Move,780,325
1015012,Move,778,327
1015063,Move,773,332
1015114,Move,768,334
1015166,Move,766,337
1015220,Move,761,339
1015273,Move,756,342
1015370,Move,754,344
1015370,Move,749,346
1015425,Move,744,346
1015473,Move,742,349
1015524,Move,737,349
1015570,Move,734,349
1015616,Move,730,351
1015664,Move,725,351
1015711,Move,720,351
1015763,Move,713,354
1015812,Move,708,354
1015863,Move,703,354
1015911,Move,701,351
1015959,Move,696,351
1016009,Move,689,349
1016056,Move,686,349
1016105,Move,682,349
1016154,Move,679,349
1016202,Move,674,346
1016251,Move,672,346
1016299,Move,670,344
1016390,Move,665,342
1016391,Move,662,339
1016441,Move,662,337
1016488,Move,660,337
1016488,Move,658,334
1016547,Move,653,330
1016590,Move,650,327
1016637,Move,648,322
1016684,Move,643,318
1016731,Move,641,315
1016782,Move,638,310
1016828,Move,638,308
1016830,Move,636,301
1016882,Move,636,296
1016932,Move,636,291
1016981,Move,636,286
1017032,Move,636,279
1017080,Move,636,272
1017129,Move,636,267
1017178,Move,638,262
1017228,Move,641,258
1017277,Move,643,255
1017368,Move,646,248
1017419,Move,650,243
1017467,Move,653,241
1017519,Move,658,236
1017564,Move,660,234
1017609,Move,662,231
1017652,Move,665,231
1017653,Move,667,226
1017704,Move,670,224
1017753,Move,674,222
1017814,Move,679,217
1017861,Move,684,214
1017911,Move,686,210
1017958,Move,691,207
1018005,Move,696,205
1018054,Move,703,202
1018102,Move,706,198
1018150,Move,713,195
1018196,Move,715,193
1018253,Move,722,190
1018299,Move,727,190
1018390,Move,734,190
1018390,Move,742,190
1018441,Move,749,193
1018622,Move,751,193
1018628,Move,751,195
1018634,Released,751,195
1019320,Released,754,478
