resolution:1536,754
1023610,Pressed,732,200
1023687,Move,739,200
1023727,Move,763,205
1023746,Move,773,205
1023784,Move,790,212
1023823,Move,799,214
1023861,Move,809,222
1023910,Move,826,234
1023962,Move,835,248
1024013,Move,840,272
1024060,Move,842,277
1024062,Move,845,301
1024116,Move,838,320
1024165,Move,833,334
1024217,Move,830,337
1024221,Move,823,346
1024273,Move,821,346
1024278,Move,814,354
1024380,Move,797,361
1024382,Move,775,370
1024445,Move,768,373
1024449,Move,732,385
1024505,Move,701,387
1024552,Move,696,390
1024553,Move,667,390
1024601,Move,653,382
1024649,Move,648,380
1024654,Move,624,358
1024700,Move,619,356
1024704,Move,602,334
1024758,Move,595,313
1024811,Move,593,294
1024863,Move,593,277
1024914,Move,593,260
1024964,Move,598,238
1025013,Move,605,224
1025066,Move,617,210
1025114,Move,629,198
1025164,Move,646,190
1025211,Move,648,188
1025215,Move,674,181
1025269,Move,682,178
1025319,Move,691,178
1025367,Move,694,178
1025419,Move,708,178
1025422,Move,722,183
1025483,Move,732,188
1025538,Move,744,193
1025585,Move,756,198
1025632,Move,763,202
1025682,Move,770,205
1025731,Move,773,207
1025735,Move,775,210
1025790,Move,780,214
1025843,Move,782,214
1025961,Released,782,214
1026639,Released,761,478
