resolution:1536,754
176510,Pressed,727,176
176615,Move,720,176
176619,Move,718,178
176659,Move,706,181
176686,Move,698,183
176688,Move,696,183
176748,Move,686,188
176799,Move,679,193
176850,Move,670,202
176905,Move,662,217
176955,Move,660,219
176958,Move,655,231
177016,Move,653,246
177065,Move,653,248
177067,Move,648,260
177129,Move,648,274
177184,Move,650,291
177282,Move,655,310
177282,Move,660,322
177340,Move,667,337
177340,Move,667,339
177400,Move,684,356
177453,Move,703,370
177504,Move,727,382
177558,Move,756,387
177609,Move,768,390
177661,Move,770,390
177663,Move,780,390
177714,Move,782,390
177717,Move,797,387
177771,Move,802,385
177776,Move,826,373
177831,Move,830,370
177834,Move,857,349
177886,Move,859,346
177890,Move,864,332
177947,Move,866,330
177950,Move,871,310
178001,Move,871,306
178006,Move,874,286
178059,Move,874,284
178061,Move,874,270
178116,Move,871,253
178168,Move,866,236
178219,Move,864,234
178270,Move,859,219
178274,Move,854,212
178329,Move,850,200
178385,Move,847,198
178386,Move,838,186
178443,Move,828,174
178495,Move,821,169
178549,Move,806,162
178601,Move,802,159
178654,Move,797,159
178704,Move,794,159
178708,Move,790,157
178765,Move,782,157
178818,Move,768,157
178870,Move,754,162
178923,Move,749,164
178977,Move,737,169
179029,Move,734,169
179031,Move,727,174
179085,Move,725,176
179093,Move,722,178
179151,Move,715,183
179251,Move,708,186
179252,Move,703,188
179369,Released,703,188
180067,Released,744,478
