resolution:1536,754
14039,Pressed,761,142
14039,Move,766,140
14077,Move,775,138
14107,Move,778,138
14110,Move,787,138
14148,Move,799,135
14170,Move,804,135
14193,Move,811,138
14238,Move,821,140
14239,Move,823,140
14298,Move,840,147
14346,Move,857,157
14393,Move,857,159
14396,Move,866,171
14497,Move,871,183
14498,Move,874,195
14559,Move,871,214
14611,Move,866,229
14660,Move,857,243
14711,Move,845,258
14765,Move,828,270
14818,Move,814,274
14867,Move,811,274
14870,Move,797,279
14920,Move,794,279
14924,Move,778,284
14978,Move,758,284
15029,Move,737,277
15080,Move,722,270
15128,Move,720,270
15132,Move,708,265
15185,Move,696,258
15236,Move,686,246
15290,Move,682,241
15340,Move,679,234
15388,Move,679,222
15483,Move,679,214
15484,Move,684,205
15541,Move,686,200
15591,Move,694,193
15644,Move,706,183
15693,Move,710,183
15696,Move,722,174
15751,Move,730,169
15804,Move,732,169
15806,Move,739,164
15863,Move,749,159
15916,Move,763,154
15969,Move,768,152
16016,Move,773,152
16068,Move,775,152
16134,Released,775,152
16832,Released,754,313
