resolution:1536,754
73480,Pressed,766,382
73547,Move,773,378
73585,Move,797,373
73590,Move,804,370
73627,Move,830,366
73653,Move,840,356
73656,Move,842,354
73660,Move,847,351
73721,Move,869,332
73768,Move,878,315
73818,Move,890,289
73866,Move,893,270
73914,Move,893,255
73964,Move,890,241
74012,Move,890,238
74014,Move,878,217
74075,Move,862,195
74123,Move,852,186
74174,Move,835,178
74269,Move,802,171
74269,Move,761,164
74319,Move,754,164
74324,Move,732,169
74373,Move,730,169
74377,Move,715,174
74430,Move,706,178
74484,Move,701,181
74532,Move,696,186
74581,Move,689,195
74631,Move,684,202
74683,Move,679,212
74736,Move,667,224
74785,Move,667,226
74787,Move,660,241
74840,Move,653,255
74890,Move,648,272
74939,Move,646,274
74940,Move,643,289
74993,Move,638,308
75044,Move,638,325
75095,Move,638,327
75097,Move,641,339
75150,Move,646,358
75242,Move,653,373
75244,Move,662,385
75302,Move,670,390
75302,Move,672,390
75360,Move,679,394
75411,Move,682,397
75413,Move,694,399
75470,Move,708,404
75504,Move,708,406
75517,Move,718,406
75579,Move,734,411
75629,Move,737,411
75631,Move,749,411
75694,Move,763,406
75744,Move,766,404
75746,Move,770,402
75802,Move,780,392
75852,Move,782,390
75855,Move,790,385
75868,Released,790,385
76460,Released,761,474
