resolution:1536,754
84766,Pressed,725,121
85010,Move,722,121
85058,Move,720,121
85135,Move,713,123
85209,Move,708,123
85292,Move,703,123
85415,Move,696,126
85553,Move,694,126
85660,Move,689,126
85764,Move,684,128
85967,Move,679,130
85974,Move,672,133
85983,Move,672,135
85989,Move,670,135
86016,Move,670,138
86024,Move,667,138
86168,Move,662,140
86297,Move,658,145
86419,Move,655,145
86426,Move,648,154
86540,Move,646,154
86554,Move,641,159
86662,Move,638,159
86671,Move,636,164
86789,Move,634,164
86799,Move,634,169
87023,Move,631,174
87025,Move,626,181
87149,Move,624,188
87261,Move,622,188
87265,Move,619,195
87390,Move,617,205
87500,Move,617,210
87616,Move,614,217
87727,Move,614,219
87732,Move,614,224
87850,Move,614,234
88042,Move,617,241
88047,Move,617,248
88156,Move,617,255
88270,Move,622,262
88382,Move,626,267
88489,Move,626,270
88495,Move,631,277
88618,Move,634,282
88733,Move,636,284
88840,Move,641,289
89052,Move,646,296
89057,Move,650,301
89157,Move,653,306
89260,Move,658,308
89355,Move,662,310
89456,Move,670,315
89561,Move,677,318
89663,Move,682,320
89769,Move,689,325
89981,Move,696,327
89990,Move,703,327
90089,Move,706,327
90098,Move,713,330
90215,Move,718,332
90354,Move,727,332
90475,Move,737,330
90580,Move,746,327
90694,Move,749,327
90699,Move,758,325
90817,Move,766,322
91034,Move,770,322
91147,Move,780,320
91271,Move,787,313
91500,Move,794,308
91519,Move,794,306
91535,Move,797,306
91571,Move,797,303
91578,Move,799,303
91720,Move,802,298
91833,Move,804,291
92048,Move,809,284
92053,Move,811,279
92168,Move,811,277
92179,Move,814,272
92297,Move,816,270
92300,Move,818,265
92440,Move,823,258
92561,Move,826,253
92690,Move,830,243
92815,Move,830,236
93051,Move,828,226
93057,Move,826,219
93176,Move,826,217
93183,Move,826,210
93305,Move,823,202
93424,Move,821,195
93572,Move,821,190
93733,Move,816,183
93905,Move,811,176
94046,Move,811,174
94058,Move,804,164
94206,Move,804,162
94214,Move,794,154
94489,Move,782,147
94489,Move,778,142
94649,Move,773,138
94766,Move,766,135
94997,Move,761,130
95005,Move,756,126
95131,Move,751,123
95259,Move,749,123
95270,Move,744,121
95398,Move,739,121
95512,Move,737,121
95639,Move,732,121
95871,Move,730,121
95992,Move,727,121
95999,Move,725,121
96116,Move,722,121
96234,Move,720,121
96360,Move,722,138
96373,Released,722,138
97068,Released,732,490
