resolution:1536,754
210140,Pressed,751,147
210290,Move,742,142
210355,Move,713,138
210412,Move,698,138
210475,Move,684,140
210546,Move,665,147
210619,Move,655,154
210688,Move,653,154
210690,Move,636,166
210768,Move,629,176
210840,Move,626,178
210843,Move,619,200
210988,Move,612,217
210989,Move,610,238
211070,Move,612,258
211143,Move,614,277
211214,Move,614,279
211217,Move,622,296
211294,Move,626,313
211367,Move,634,322
211443,Move,641,337
211517,Move,655,351
211588,Move,670,361
211661,Move,674,366
211734,Move,677,366
211736,Move,686,370
211813,Move,708,375
211885,Move,722,375
211954,Move,725,375
212027,Move,742,373
212029,Move,763,373
212104,Move,782,368
212173,Move,785,366
212175,Move,797,361
212254,Move,802,358
212328,Move,816,342
212405,Move,821,327
212479,Move,830,306
212551,Move,833,282
212621,Move,833,279
212623,Move,833,253
212697,Move,833,226
212770,Move,830,224
212772,Move,826,202
212846,Move,816,181
212918,Move,816,178
212990,Move,804,159
212992,Move,787,142
213067,Move,785,142
213072,Move,770,135
213145,Move,751,128
213212,Move,749,128
213215,Move,730,123
213289,Move,727,123
213293,Move,713,123
213367,Move,710,123
213372,Move,691,126
213447,Move,689,128
213453,Move,679,133
213533,Move,662,138
213606,Move,662,140
213608,Move,658,145
213686,Move,646,159
213757,Move,634,171
213829,Move,629,181
213901,Move,622,195
214037,Move,617,219
214038,Move,614,246
214112,Move,612,265
214180,Move,612,267
214183,Move,614,279
214255,Move,614,282
214259,Move,624,308
214336,Move,643,339
214410,Move,646,342
214413,Move,658,358
214488,Move,660,358
214492,Move,672,370
214560,Move,674,370
214565,Move,694,378
214640,Move,710,382
214709,Move,713,382
214712,Move,734,387
214788,Move,751,387
214878,Move,773,385
214948,Move,775,385
215024,Move,787,378
215026,Move,806,368
215102,Move,818,354
215169,Move,818,351
215172,Move,826,334
215259,Move,828,313
215335,Move,828,284
215407,Move,828,282
215410,Move,828,248
215488,Move,823,219
215562,Move,823,214
215565,Move,816,193
215639,Move,811,174
215714,Move,799,159
215787,Move,790,150
215862,Move,773,142
216008,Move,754,135
216010,Move,739,130
216090,Move,725,128
216156,Move,708,130
216225,Move,691,138
216299,Move,672,142
216376,Move,665,147
216453,Move,660,154
216529,Move,646,166
216601,Move,636,181
216675,Move,629,200
216748,Move,622,219
216820,Move,622,222
216823,Move,617,241
216904,Move,614,274
217049,Move,614,294
217052,Move,622,322
217126,Move,629,344
217196,Move,646,366
217267,Move,646,368
217271,Move,660,380
217348,Move,679,387
217428,Move,701,394
217457,Move,703,394
217457,Move,708,397
217541,Move,727,397
217615,Move,730,397
217619,Move,751,392
217699,Move,773,387
217778,Move,794,378
217779,Move,797,378
217861,Move,809,370
218011,Move,816,358
218011,Move,823,318
218101,Move,821,260
218180,Move,811,212
218258,Move,811,205
218261,Move,794,166
218356,Move,775,140
218447,Move,773,138
218450,Move,746,128
218531,Move,739,128
218537,Move,694,133
218637,Move,691,133
218645,Move,665,142
218770,Move,662,145
218777,Move,629,190
218879,Move,629,195
218887,Move,624,248
218985,Move,626,258
219084,Move,677,349
219089,Move,713,380
219178,Move,768,375
219271,Move,775,373
219274,Move,828,342
219371,Move,833,236
219463,Move,833,226
219470,Move,790,159
219558,Move,782,154
219564,Move,706,145
219655,Move,703,145
219663,Move,667,164
219757,Move,660,169
219763,Move,622,248
219868,Move,650,330
219868,Move,653,334
219956,Move,658,342
220047,Move,686,373
220051,Move,713,373
220139,Move,715,370
220145,Move,775,358
220234,Move,780,354
220244,Move,828,315
220338,Move,852,248
220430,Move,850,241
220434,Move,826,183
220530,Move,766,145
220614,Move,761,142
220618,Move,720,130
220713,Move,691,130
220801,Move,667,145
220886,Move,665,147
220889,Move,641,178
221062,Move,626,234
221067,Move,643,294
221154,Move,658,327
221246,Move,684,354
221357,Move,722,373
221456,Move,725,373
221460,Move,768,373
221558,Move,773,370
221565,Move,818,349
221678,Move,821,349
221686,Move,859,277
221798,Move,859,272
221806,Move,826,154
221911,Move,821,150
221917,Move,775,106
222015,Move,773,104
222110,Move,734,94
222114,Move,701,102
222215,Move,667,116
222305,Move,665,118
222308,Move,638,142
222402,Move,636,145
222410,Move,622,195
222506,Move,622,202
222515,Move,619,265
222604,Move,617,272
222610,Move,617,325
222699,Move,617,327
222705,Move,622,342
222797,Move,626,349
222887,Move,634,356
223049,Move,638,363
223050,Move,650,370
223144,Move,660,378
223228,Move,679,382
223325,Move,684,382
223331,Move,720,382
223445,Move,722,382
223453,Move,751,380
223563,Move,766,380
223652,Move,766,378
223656,Move,787,373
223759,Move,802,366
223852,Move,804,366
223856,Move,816,358
223956,Move,816,356
224058,Move,826,330
224060,Move,833,298
224160,Move,830,260
224254,Move,821,222
224341,Move,814,195
224434,Move,814,193
224438,Move,804,174
224541,Move,794,154
224633,Move,782,145
224719,Move,775,140
224807,Move,756,135
224890,Move,754,135
224901,Move,737,133
225074,Move,720,130
225076,Move,694,135
225162,Move,691,138
225166,Move,662,140
225259,Move,653,145
225357,Move,636,157
225446,Move,614,178
225536,Move,605,188
225626,Move,598,217
225733,Move,595,219
225736,Move,588,255
225832,Move,588,260
225843,Move,588,291
225934,Move,588,294
226030,Move,595,315
226035,Move,602,325
226127,Move,605,327
226134,Move,617,339
226225,Move,636,354
226318,Move,655,363
226415,Move,682,373
226504,Move,684,375
226507,Move,710,382
226601,Move,713,382
226607,Move,732,382
226701,Move,734,382
226708,Move,754,382
226800,Move,756,382
226808,Move,766,380
226901,Move,770,378
226901,Move,770,382
226914,Released,770,382
227490,Released,742,486
