resolution:1536,754
66361,Pressed,744,169
66401,Move,746,166
66471,Move,754,164
66471,Move,763,162
66503,Move,780,162
66529,Move,787,164
66580,Move,790,164
66581,Move,818,171
66631,Move,821,174
66635,Move,838,178
66686,Move,840,181
66691,Move,857,198
66742,Move,862,202
66746,Move,874,222
66797,Move,876,224
66802,Move,883,250
66856,Move,890,282
66906,Move,895,325
66958,Move,888,346
67010,Move,876,366
67062,Move,866,378
67109,Move,864,380
67113,Move,850,387
67170,Move,821,402
67219,Move,818,402
67223,Move,790,406
67272,Move,785,409
67277,Move,751,409
67327,Move,744,409
67331,Move,713,402
67379,Move,706,402
67383,Move,662,394
67485,Move,619,382
67485,Move,600,370
67536,Move,598,370
67539,Move,581,358
67594,Move,574,346
67650,Move,571,344
67652,Move,569,322
67705,Move,574,306
67756,Move,583,289
67805,Move,583,284
67808,Move,593,270
67859,Move,605,255
67908,Move,607,253
67910,Move,617,241
67963,Move,631,226
68016,Move,646,210
68070,Move,660,195
68124,Move,677,186
68184,Move,696,178
68252,Move,720,174
68303,Move,749,169
68354,Move,761,169
68406,Move,763,169
68507,Move,768,169
68507,Move,773,169
68559,Move,775,171
68610,Move,780,176
68623,Released,780,176
69308,Released,744,488
