resolution:1536,754
5063,Pressed,682,147
5180,Move,667,145
5192,Move,658,145
5210,Move,648,147
5224,Move,643,147
5237,Move,636,147
5254,Move,631,150
5302,Move,626,150
5364,Move,607,154
5414,Move,600,159
5462,Move,595,162
5515,Move,588,164
5570,Move,586,169
5624,Move,581,174
5675,Move,576,178
5728,Move,574,183
5780,Move,571,188
5830,Move,571,190
5832,Move,569,195
5889,Move,566,202
5941,Move,564,210
5993,Move,562,222
6061,Move,559,238
6120,Move,559,248
6169,Move,559,250
6171,Move,559,258
6273,Move,562,265
6273,Move,564,272
6331,Move,569,282
6389,Move,574,286
6436,Move,574,289
6438,Move,578,294
6487,Move,578,296
6491,Move,583,301
6544,Move,586,306
6595,Move,590,310
6648,Move,593,313
6703,Move,598,318
6758,Move,602,322
6815,Move,605,325
6868,Move,607,325
6871,Move,610,330
6925,Move,614,332
6976,Move,617,334
6977,Move,622,337
7033,Move,626,339
7086,Move,631,339
7140,Move,636,342
7237,Move,638,342
7237,Move,643,342
7297,Move,653,342
7356,Move,662,342
7405,Move,672,339
7454,Move,684,337
7503,Move,686,337
7552,Move,689,337
7555,Move,691,337
7609,Move,694,334
7658,Move,698,332
7714,Move,703,330
7767,Move,706,327
7815,Move,708,325
7819,Move,715,322
7878,Move,725,318
7933,Move,730,313
7986,Move,732,310
8040,Move,737,306
8093,Move,739,303
8145,Move,744,298
8194,Move,744,296
8248,Move,746,294
8251,Move,751,289
8305,Move,754,282
8359,Move,754,274
8408,Move,754,267
8458,Move,754,265
8503,Move,754,258
8553,Move,754,250
8554,Move,754,248
8623,Move,754,243
8681,Move,756,234
8734,Move,758,226
8786,Move,758,224
8788,Move,758,212
8843,Move,758,205
8895,Move,758,200
8946,Move,758,198
8949,Move,756,195
9000,Move,756,193
9004,Move,751,188
9057,Move,751,186
9060,Move,746,183
9121,Move,744,176
9170,Move,742,176
9172,Move,739,174
9226,Move,739,171
9278,Move,734,169
9282,Move,732,164
9339,Move,727,159
9394,Move,722,157
9443,Move,718,152
9489,Move,715,150
9540,Move,710,145
9590,Move,708,142
9643,Move,703,138
9699,Move,696,133
9751,Move,694,133
9754,Move,686,130
9810,Move,682,128
9861,Move,677,128
10001,Move,674,130
10009,Move,672,133
10014,Released,672,133
10604,Released,734,474
