resolution:1536,754
24198,Pressed,876,154
24313,Move,878,154
24314,Move,900,150
24346,Move,924,147
24387,Move,929,145
24390,Move,970,145
24448,Move,1030,152
24503,Move,1078,174
24558,Move,1116,205
24661,Move,1140,250
24662,Move,1145,301
24721,Move,1130,344
24774,Move,1099,368
24826,Move,1056,380
24884,Move,991,380
24937,Move,984,380
24939,Move,943,375
25001,Move,883,354
25055,Move,840,315
25108,Move,835,310
25113,Move,804,265
25167,Move,799,258
25169,Move,782,226
25229,Move,780,190
25280,Move,780,188
25284,Move,790,166
25341,Move,823,140
25393,Move,830,138
25395,Move,864,126
25453,Move,878,121
25510,Move,890,121
25571,Move,900,126
25679,Move,912,130
25681,Move,924,135
25740,Move,929,140
25847,Move,931,142
25906,Released,931,142
26958,Released,732,481
