resolution:1536,754
53953,Pressed,761,181
53986,Move,763,178
54018,Move,768,178
54051,Move,768,176
54056,Move,782,174
54100,Move,785,174
54106,Move,797,174
54137,Move,799,174
54139,Move,806,174
54192,Move,811,176
54288,Move,828,186
54290,Move,847,200
54345,Move,857,214
54397,Move,862,229
54450,Move,862,248
54500,Move,862,250
54503,Move,864,270
54560,Move,862,286
54613,Move,852,308
54663,Move,840,322
54726,Move,821,339
54776,Move,806,354
54827,Move,802,354
54829,Move,790,361
54881,Move,775,366
54929,Move,754,370
54977,Move,751,370
54979,Move,739,370
55032,Move,722,368
55079,Move,720,366
55082,Move,701,356
55134,Move,679,334
55183,Move,667,313
55232,Move,667,310
55234,Move,662,291
55286,Move,667,270
55336,Move,667,267
55338,Move,672,250
55393,Move,684,234
55440,Move,686,231
55444,Move,706,214
55495,Move,739,195
55544,Move,770,183
55595,Move,785,181
55650,Move,787,181
55708,Move,792,181
55757,Move,799,181
55769,Released,799,181
56581,Released,756,478
