resolution:1536,754
44830,Pressed,763,200
45011,Move,775,200
45102,Move,785,202
45196,Move,806,212
45292,Move,818,222
45397,Move,821,224
45406,Move,826,234
45514,Move,826,243
45619,Move,823,253
45711,Move,821,270
45814,Move,814,279
46007,Move,806,291
46012,Move,799,298
46112,Move,794,306
46215,Move,787,313
46316,Move,778,318
46428,Move,770,320
46540,Move,763,320
46645,Move,746,318
46754,Move,737,313
46864,Move,727,310
47058,Move,722,308
47059,Move,715,303
47165,Move,708,298
47258,Move,703,294
47352,Move,698,286
47451,Move,691,279
47556,Move,691,265
47665,Move,698,246
47765,Move,698,243
47769,Move,706,226
47979,Move,713,217
47984,Move,720,207
48104,Move,727,200
48201,Move,732,198
48300,Move,742,195
48409,Move,751,195
48509,Move,758,198
48612,Move,766,200
48720,Move,770,200
48823,Move,775,202
49022,Move,778,207
49022,Released,778,207
49688,Released,746,481
