resolution:412,732
116453,PressedTouch,449.6624450683594,420.15570068359375
116664,MoveTouch,619.60986328125,534.8447875976562
116672,MoveTouch,619.12841796875,557.0978393554688
116807,MoveTouch,495.63970947265625,719.7167358398438
116816,MoveTouch,470.845703125,729.9873657226562
116849,MoveTouch,432.57147216796875,735.9785766601562
116858,MoveTouch,399.3522644042969,732.5550537109375
116883,MoveTouch,382.7426452636719,725.7079467773438
116900,MoveTouch,324.48876953125,620.43359375
117010,MoveTouch,323.52587890625,606.7393798828125
117035,MoveTouch,324.0072937011719,569.080322265625
117060,MoveTouch,327.37738037109375,543.8316040039062
117077,MoveTouch,330.7474365234375,533.5609130859375
117086,MoveTouch,332.6732177734375,528.853515625
117102,MoveTouch,338.450439453125,519.8667602539062
117119,MoveTouch,346.6348571777344,509.1681213378906
117136,MoveTouch,357.7079162597656,498.4695129394531
117153,MoveTouch,372.39178466796875,488.1988525390625
117179,MoveTouch,395.7414855957031,474.9325866699219
117187,MoveTouch,403.9259338378906,471.509033203125
117204,MoveTouch,421.4983825683594,464.66192626953125
117221,MoveTouch,439.0708923339844,459.0986328125
117238,MoveTouch,455.6804504394531,454.3912353515625
117254,MoveTouch,471.8085632324219,450.53973388671875
117271,MoveTouch,486.7331237792969,449.2559509277344
117288,MoveTouch,500.69482421875,448.8280029296875
117305,MoveTouch,512.2493286132812,450.11181640625
117330,MoveTouch,527.8960571289062,455.6750793457031
117347,MoveTouch,537.7655029296875,460.8104248046875
117356,MoveTouch,542.098388671875,463.8060302734375
117373,MoveTouch,549.3200073242188,471.509033203125
117389,MoveTouch,554.6157836914062,481.7796630859375
117406,MoveTouch,557.7451171875,492.9062194824219
117423,MoveTouch,559.91162109375,504.0328063964844
117440,MoveTouch,559.189453125,513.87548828125
117457,MoveTouch,557.7451171875,523.290283203125
117474,MoveTouch,556.5415649414062,530.9932861328125
117491,MoveTouch,556.0601196289062,538.6962280273438
117507,MoveTouch,555.5786743164062,545.9713134765625
117524,MoveTouch,555.3379516601562,553.67431640625
117541,MoveTouch,554.1343383789062,562.2332153320312
117558,MoveTouch,552.6900024414062,571.6480102539062
117575,MoveTouch,551.4864501953125,582.3466186523438
117592,MoveTouch,549.0792236328125,593.901123046875
117609,MoveTouch,545.7091674804688,607.5952758789062
117626,MoveTouch,539.9319458007812,625.1409912109375
117643,MoveTouch,532.7103881835938,647.8220825195312
117651,MoveTouch,527.8960571289062,660.232421875
117668,MoveTouch,515.378662109375,685.9091186523438
117685,MoveTouch,499.4912109375,712.013671875
117702,MoveTouch,480.95587158203125,735.9785766601562
117727,MoveTouch,454.7175598144531,764.222900390625
117736,MoveTouch,446.7738037109375,770.214111328125
117752,MoveTouch,428.4792175292969,777.0612182617188
117761,ReleasedTouch,NaN,NaN
118736,ReleasedTouch,NaN,NaN
118736,Released,478,1032
