resolution:412,732
72263.09999999404,PressedTouch,595.0565185546875,288.7768249511719
72449.09999999404,MoveTouch,575.7990112304688,283.6414794921875
72458.09999999404,MoveTouch,572.669677734375,283.2135314941406
72483.09999999404,MoveTouch,564.2445068359375,281.5017395019531
72500.09999999404,MoveTouch,557.9859008789062,280.6458740234375
72517.09999999404,MoveTouch,551.4864501953125,281.07379150390625
72534.09999999404,MoveTouch,544.264892578125,281.9296875
72551.09999999404,MoveTouch,536.8026123046875,281.9296875
72568.09999999404,MoveTouch,529.34033203125,282.3576354980469
72576.09999999404,MoveTouch,524.7666625976562,282.78558349609375
72610.09999999404,MoveTouch,507.4349670410156,283.6414794921875
72618.09999999404,MoveTouch,503.3427429199219,283.6414794921875
72635.09999999404,MoveTouch,495.63970947265625,283.6414794921875
72661.09999999404,MoveTouch,486.010986328125,284.4973449707031
72746.09999999404,MoveTouch,455.6804504394531,289.20477294921875
72771.09999999404,MoveTouch,447.9774169921875,289.6326904296875
72788.09999999404,MoveTouch,441.95947265625,290.48858642578125
72805.09999999404,MoveTouch,436.90435791015625,291.344482421875
72830.09999999404,MoveTouch,430.4049987792969,292.6282958984375
72838.09999999404,MoveTouch,428.23846435546875,293.0562438964844
72855.09999999404,MoveTouch,423.66485595703125,294.340087890625
72875.09999999404,MoveTouch,419.3319091796875,296.0518493652344
72881.09999999404,MoveTouch,416.9247741699219,296.9077453613281
72907.09999999404,MoveTouch,410.9067687988281,299.47540283203125
72932.09999999404,MoveTouch,404.8887634277344,302.47100830078125
72940.09999999404,MoveTouch,401.7594909667969,304.18280029296875
72948.09999999404,MoveTouch,398.630126953125,307.17840576171875
72965.09999999404,MoveTouch,392.3714294433594,312.3137512207031
72982.09999999404,MoveTouch,387.0755920410156,316.5931701660156
72999.09999999404,MoveTouch,382.0205078125,320.4447021484375
73016.09999999404,MoveTouch,377.4468688964844,324.2961730957031
73033.09999999404,MoveTouch,372.63250732421875,328.57562255859375
73050.09999999404,MoveTouch,367.818115234375,332.85504150390625
73066.09999999404,MoveTouch,362.2815856933594,337.134521484375
73075.09999999404,MoveTouch,359.8744201660156,339.7021789550781
73092.09999999404,MoveTouch,355.5414733886719,343.98162841796875
73117.09999999404,MoveTouch,349.28277587890625,349.116943359375
73134.09999999404,MoveTouch,344.46844482421875,352.5404968261719
73151.09999999404,MoveTouch,339.654052734375,356.39202880859375
73168.09999999404,MoveTouch,336.04327392578125,360.2434997558594
73185.09999999404,MoveTouch,331.9510498046875,366.6626892089844
73202.09999999404,MoveTouch,328.5809631347656,372.2259521484375
73219.09999999404,MoveTouch,325.4516296386719,378.2171630859375
73235.09999999404,MoveTouch,322.56304931640625,383.3525085449219
73252.09999999404,MoveTouch,319.67437744140625,388.4878234863281
73269.09999999404,MoveTouch,317.2671813964844,394.0511169433594
73286.09999999404,MoveTouch,314.37860107421875,400.4702453613281
73303.09999999404,MoveTouch,312.21209716796875,406.4615173339844
73320.09999999404,MoveTouch,310.0456237792969,412.0247497558594
73337.09999999404,MoveTouch,308.842041015625,418.0159606933594
73353.09999999404,MoveTouch,305.9533996582031,424.4351501464844
73371.09999999404,MoveTouch,303.3055114746094,431.28228759765625
73396.09999999404,MoveTouch,300.8983154296875,440.6970520019531
73404.09999999404,MoveTouch,300.4168701171875,444.12060546875
73421.09999999404,MoveTouch,298.9725646972656,450.9676818847656
73438.09999999404,MoveTouch,298.00970458984375,458.67071533203125
73455.09999999404,MoveTouch,296.8061218261719,466.3736572265625
73472.09999999404,MoveTouch,295.1210632324219,473.2207946777344
73480.09999999404,MoveTouch,294.6396179199219,477.072265625
73505.09999999404,MoveTouch,292.2324523925781,488.1988525390625
73514.09999999404,MoveTouch,291.26959228515625,491.6224060058594
73539.09999999404,MoveTouch,289.58453369140625,501.89306640625
73556.09999999404,MoveTouch,289.58453369140625,507.88427734375
73573.09999999404,MoveTouch,289.58453369140625,514.7313842773438
73590.09999999404,MoveTouch,291.7510070800781,521.1505126953125
73607.09999999404,MoveTouch,292.7138977050781,527.1417236328125
73615.09999999404,MoveTouch,292.9546203613281,530.1373901367188
73640.09999999404,MoveTouch,293.1953125,538.6962280273438
73657.09999999404,MoveTouch,293.91748046875,544.6874389648438
73674.09999999404,MoveTouch,294.8803405761719,550.6787109375
73691.09999999404,MoveTouch,295.3617858886719,556.669921875
73708.09999999404,MoveTouch,296.5653991699219,562.6611328125
73716.09999999404,MoveTouch,297.2875671386719,565.2288208007812
73733.09999999404,MoveTouch,298.7318420410156,569.9362182617188
73750.09999999404,MoveTouch,300.4168701171875,574.2156372070312
73767.09999999404,MoveTouch,301.3797607421875,578.4950561523438
73784.09999999404,MoveTouch,301.3797607421875,583.6304321289062
73801.09999999404,MoveTouch,302.1019287109375,588.7657470703125
73817.09999999404,MoveTouch,303.3055114746094,594.3290405273438
73834.09999999404,MoveTouch,305.23126220703125,600.7481689453125
73851.09999999404,MoveTouch,306.9162902832031,606.7393798828125
73880.09999999404,MoveTouch,310.2863464355469,615.726318359375
73894.09999999404,MoveTouch,313.41571044921875,622.5733642578125
73918.09999999404,MoveTouch,317.9893493652344,631.1322021484375
73935.09999999404,MoveTouch,326.4145202636719,636.695556640625
73961.09999999404,MoveTouch,336.7654113769531,647.3941040039062
73969.09999999404,MoveTouch,339.4133605957031,651.24560546875
73986.09999999404,MoveTouch,345.1905517578125,658.9486083984375
74003.09999999404,MoveTouch,351.20855712890625,667.0795288085938
74020.09999999404,MoveTouch,357.7079162597656,674.7825927734375
74045.09999999404,MoveTouch,370.46600341796875,685.05322265625
74062.09999999404,MoveTouch,380.0948181152344,690.6165771484375
74070.09999999404,MoveTouch,384.6684265136719,693.6121215820312
74113.09999999404,MoveTouch,404.4073181152344,705.1665649414062
74121.09999999404,MoveTouch,408.4996032714844,707.3063354492188
74138.09999999404,MoveTouch,416.20257568359375,711.5858154296875
74155.09999999404,MoveTouch,423.66485595703125,715.437255859375
74172.09999999404,MoveTouch,431.36785888671875,718.0049438476562
74180.09999999404,MoveTouch,435.2193298339844,719.2887573242188
74214.09999999404,MoveTouch,447.9774169921875,722.7123413085938
74222.09999999404,MoveTouch,450.6253662109375,723.5682373046875
74239.09999999404,MoveTouch,454.7175598144531,724.424072265625
74256.09999999404,MoveTouch,458.5690612792969,725.2799682617188
74273.09999999404,MoveTouch,463.1426696777344,726.5638427734375
74289.09999999404,MoveTouch,467.95709228515625,727.419677734375
74306.09999999404,MoveTouch,472.04931640625,728.70361328125
74323.09999999404,MoveTouch,475.41937255859375,730.415283203125
74340.09999999404,MoveTouch,479.7522888183594,731.6991577148438
74357.09999999404,MoveTouch,483.3630676269531,732.5550537109375
74374.09999999404,MoveTouch,488.1774597167969,733.8388671875
74382.09999999404,MoveTouch,490.8253479003906,733.8388671875
74407.09999999404,MoveTouch,499.2505187988281,735.5507202148438
74433.09999999404,MoveTouch,508.3977966308594,737.262451171875
74441.09999999404,MoveTouch,512.2493286132812,737.6903686523438
74458.09999999404,MoveTouch,519.9522705078125,738.5462646484375
74475.09999999404,MoveTouch,526.6924438476562,738.9741821289062
74492.09999999404,MoveTouch,535.5989990234375,738.9741821289062
74509.09999999404,MoveTouch,544.264892578125,738.9741821289062
74526.09999999404,MoveTouch,551.9678955078125,738.9741821289062
74542.09999999404,MoveTouch,559.91162109375,738.9741821289062
74559.09999999404,MoveTouch,567.3739013671875,738.9741821289062
74576.09999999404,MoveTouch,575.076904296875,739.402099609375
74593.09999999404,MoveTouch,582.7798461914062,739.830078125
74610.09999999404,MoveTouch,590.2421264648438,739.830078125
74627.09999999404,MoveTouch,598.6673583984375,739.830078125
74643.09999999404,MoveTouch,605.8888549804688,739.830078125
74653.09999999404,MoveTouch,609.4996337890625,739.830078125
74677.09999999404,MoveTouch,619.12841796875,738.9741821289062
74694.09999999404,MoveTouch,624.4241943359375,737.6903686523438
74711.09999999404,MoveTouch,629.2385864257812,735.9785766601562
74728.09999999404,MoveTouch,634.293701171875,734.2667846679688
74745.09999999404,MoveTouch,639.8302001953125,730.415283203125
74762.09999999404,MoveTouch,643.6817016601562,726.1358642578125
74778.09999999404,MoveTouch,647.0517578125,722.7123413085938
74795.09999999404,MoveTouch,651.8661499023438,720.1446533203125
74812.09999999404,MoveTouch,655.7177124023438,717.1490478515625
74821.09999999404,MoveTouch,658.1248168945312,715.8651733398438
74846.09999999404,MoveTouch,666.3092651367188,710.7299194335938
74854.09999999404,MoveTouch,668.4757080078125,708.5902099609375
74874.09999999404,MoveTouch,673.0493774414062,704.3107299804688
74896.09999999404,MoveTouch,679.7894897460938,699.1753540039062
74913.09999999404,MoveTouch,685.0853271484375,694.8959350585938
74922.09999999404,MoveTouch,687.4924926757812,692.7562255859375
74939.09999999404,MoveTouch,692.547607421875,687.1929321289062
74956.09999999404,MoveTouch,698.0841064453125,681.2017211914062
74972.09999999404,MoveTouch,702.8985595703125,674.7825927734375
74989.09999999404,MoveTouch,707.7128295898438,668.3634033203125
75006.09999999404,MoveTouch,711.8050537109375,662.3721923828125
75031.09999999404,MoveTouch,719.0266723632812,652.1015014648438
75048.09999999404,MoveTouch,723.118896484375,645.25439453125
75065.09999999404,MoveTouch,727.4517822265625,639.26318359375
75073.09999999404,MoveTouch,729.1368408203125,636.695556640625
75090.09999999404,MoveTouch,732.9883422851562,630.704345703125
75107.09999999404,MoveTouch,737.08056640625,623.4292602539062
75124.09999999404,MoveTouch,741.1727905273438,615.2982788085938
75141.09999999404,MoveTouch,745.2650146484375,607.1673583984375
75166.09999999404,MoveTouch,751.042236328125,593.901123046875
75174.09999999404,MoveTouch,752.4865112304688,589.6216430664062
75191.09999999404,MoveTouch,754.8937377929688,579.7789306640625
75208.09999999404,MoveTouch,757.5416259765625,569.9362182617188
75225.09999999404,MoveTouch,760.4302368164062,559.66552734375
75242.09999999404,MoveTouch,762.5966796875,549.3948974609375
75259.09999999404,MoveTouch,764.041015625,539.1242065429688
75284.09999999404,MoveTouch,765.72607421875,522.0064086914062
75293.09999999404,MoveTouch,765.9667358398438,516.0151977539062
75309.09999999404,MoveTouch,765.4852905273438,503.1769104003906
75335.09999999404,MoveTouch,764.5224609375,485.6311950683594
75343.09999999404,MoveTouch,763.8003540039062,480.0679016113281
75360.09999999404,MoveTouch,762.8374633789062,469.3692932128906
75377.09999999404,MoveTouch,762.1152954101562,457.8148193359375
75394.09999999404,MoveTouch,760.9116821289062,445.4043884277344
75410.09999999404,MoveTouch,759.4673461914062,432.9940185546875
75427.09999999404,MoveTouch,757.7823486328125,420.15570068359375
75453.09999999404,MoveTouch,753.9308471679688,403.03790283203125
75462.09999999404,MoveTouch,752.0050659179688,397.47467041015625
75478.09999999404,MoveTouch,748.875732421875,386.3481140136719
75495.09999999404,MoveTouch,744.7835693359375,375.6495056152344
75512.09999999404,MoveTouch,740.6913452148438,366.6626892089844
75529.09999999404,MoveTouch,737.5619506835938,358.5317077636719
75546.09999999404,MoveTouch,732.9883422851562,351.2566833496094
75563.09999999404,MoveTouch,728.6553955078125,344.4095764160156
75579.09999999404,MoveTouch,724.0817260742188,337.99041748046875
75596.09999999404,MoveTouch,718.785888671875,332.4271545410156
75613.09999999404,MoveTouch,713.9715576171875,327.7197265625
75630.09999999404,MoveTouch,709.8793334960938,323.4403076171875
75646.09999999404,MoveTouch,706.50927734375,319.58880615234375
75664.09999999404,MoveTouch,703.1392211914062,316.16522216796875
75680.09999999404,MoveTouch,698.5655517578125,312.7416687011719
75697.09999999404,MoveTouch,693.510498046875,309.7460632324219
75714.09999999404,MoveTouch,688.4553833007812,306.7504577636719
75731.09999999404,MoveTouch,683.4002685546875,304.6107482910156
75748.09999999404,MoveTouch,679.30810546875,302.8989562988281
75764.09999999404,MoveTouch,675.2158203125,301.6151123046875
75781.09999999404,MoveTouch,671.1235961914062,299.9033508300781
75798.09999999404,MoveTouch,667.2721557617188,298.19158935546875
75815.09999999404,MoveTouch,662.457763671875,296.9077453613281
75832.09999999404,MoveTouch,656.6804809570312,296.0518493652344
75840.09999999404,MoveTouch,654.7547607421875,295.6239013671875
75866.09999999404,MoveTouch,647.0517578125,294.340087890625
75883.09999999404,MoveTouch,641.7559814453125,293.48419189453125
75899.09999999404,MoveTouch,637.182373046875,293.0562438964844
75908.09999999404,MoveTouch,635.497314453125,293.0562438964844
75925.09999999404,MoveTouch,630.923583984375,292.6282958984375
75942.09999999404,MoveTouch,625.6278076171875,292.20037841796875
75967.09999999404,MoveTouch,618.1655883789062,293.0562438964844
75984.09999999404,MoveTouch,613.3511352539062,292.6282958984375
75992.09999999404,MoveTouch,611.1846923828125,292.6282958984375
76001.09999999404,MoveTouch,608.5368041992188,291.7724304199219
76009.09999999404,ReleasedTouch,NaN,NaN
76849.09999999404,ReleasedTouch,NaN,NaN
76849.09999999404,Released,500,960
