resolution:412,732
55397.09999999404,PressedTouch,449.4217529296875,297.335693359375
55489.09999999404,MoveTouch,481.43731689453125,274.6546630859375
55497.09999999404,MoveTouch,492.5103759765625,269.09136962890625
55506.09999999404,MoveTouch,522.6002197265625,256.68096923828125
55548.09999999404,MoveTouch,547.1535034179688,248.12210083007812
55556.09999999404,MoveTouch,554.8565063476562,246.4103240966797
55573.09999999404,MoveTouch,568.8181762695312,244.69854736328125
55590.09999999404,MoveTouch,583.5020141601562,245.12649536132812
55607.09999999404,MoveTouch,599.1487426757812,245.9823760986328
55624.09999999404,MoveTouch,613.5919189453125,248.12210083007812
55632.09999999404,MoveTouch,619.60986328125,249.83387756347656
55649.09999999404,MoveTouch,629.4793090820312,253.25741577148438
55675.09999999404,MoveTouch,642.7188110351562,260.5325012207031
55683.09999999404,MoveTouch,646.5703125,263.5281066894531
55708.09999999404,MoveTouch,656.4398193359375,273.79876708984375
55725.09999999404,MoveTouch,661.735595703125,280.6458740234375
55742.09999999404,MoveTouch,666.5499267578125,287.4929504394531
55759.09999999404,MoveTouch,670.1607666015625,295.6239013671875
55767.09999999404,MoveTouch,672.0865478515625,300.331298828125
55784.09999999404,MoveTouch,675.697265625,309.3181457519531
55801.09999999404,MoveTouch,678.5858764648438,318.7328796386719
55836.09999999404,MoveTouch,682.4374389648438,337.5624694824219
55860.09999999404,MoveTouch,682.9188232421875,352.5404968261719
55877.09999999404,MoveTouch,683.1595458984375,361.9552917480469
55885.09999999404,MoveTouch,683.1595458984375,366.6626892089844
55902.09999999404,MoveTouch,683.1595458984375,377.3612976074219
55919.09999999404,MoveTouch,682.4374389648438,388.4878234863281
55944.09999999404,MoveTouch,680.7523803710938,406.88946533203125
55953.09999999404,MoveTouch,679.7894897460938,413.73651123046875
55970.09999999404,MoveTouch,675.9380493164062,427.8587341308594
55987.09999999404,MoveTouch,672.3272094726562,442.4088134765625
56004.09999999404,MoveTouch,667.9942626953125,455.2471618652344
56029.09999999404,MoveTouch,659.569091796875,474.9325866699219
56037.09999999404,MoveTouch,656.1990356445312,481.7796630859375
56054.09999999404,MoveTouch,650.9032592773438,495.90185546875
56071.09999999404,MoveTouch,646.0888671875,509.5960388183594
56088.09999999404,MoveTouch,640.5524291992188,523.290283203125
56105.09999999404,MoveTouch,635.015869140625,536.1286010742188
56122.09999999404,MoveTouch,628.7572021484375,548.111083984375
56147.09999999404,MoveTouch,619.12841796875,566.5126342773438
56155.09999999404,MoveTouch,615.7583618164062,572.075927734375
56172.09999999404,MoveTouch,608.5368041992188,583.2025146484375
56189.09999999404,MoveTouch,599.6301879882812,593.901123046875
56206.09999999404,MoveTouch,590.00146484375,603.7437744140625
56223.09999999404,MoveTouch,579.6505126953125,612.7305908203125
56240.09999999404,MoveTouch,569.0589599609375,622.1453857421875
56257.09999999404,MoveTouch,557.7451171875,631.5601806640625
56274.09999999404,MoveTouch,545.468505859375,640.1190795898438
56291.09999999404,MoveTouch,532.4696655273438,647.8220825195312
56307.09999999404,MoveTouch,519.4708251953125,653.8133544921875
56316.09999999404,MoveTouch,513.693603515625,656.3809814453125
56341.09999999404,MoveTouch,495.8804626464844,664.0839233398438
56358.09999999404,MoveTouch,483.6037902832031,667.9354248046875
56375.09999999404,MoveTouch,471.3271484375,670.5031127929688
56392.09999999404,MoveTouch,459.0505065917969,672.2149047851562
56409.09999999404,MoveTouch,447.9774169921875,673.07080078125
56417.09999999404,MoveTouch,443.1630554199219,673.07080078125
56443.09999999404,MoveTouch,431.36785888671875,672.2149047851562
56451.09999999404,MoveTouch,427.5163879394531,672.2149047851562
56485.09999999404,MoveTouch,413.7953796386719,670.0751342773438
56510.09999999404,MoveTouch,404.4073181152344,666.2236328125
56527.09999999404,MoveTouch,397.185791015625,662.8001708984375
56544.09999999404,MoveTouch,390.6864013671875,658.9486083984375
56561.09999999404,MoveTouch,384.1869812011719,654.6692504882812
56578.09999999404,MoveTouch,378.4097595214844,649.1058959960938
56595.09999999404,MoveTouch,372.39178466796875,642.686767578125
56612.09999999404,MoveTouch,366.1330871582031,635.4116821289062
56620.09999999404,MoveTouch,363.0037841796875,631.5601806640625
56637.09999999404,MoveTouch,356.74505615234375,623.0012817382812
56662.09999999404,MoveTouch,346.8755798339844,609.3070678710938
56671.09999999404,MoveTouch,343.26483154296875,604.1717529296875
56696.09999999404,MoveTouch,331.4696044921875,587.9098510742188
56713.09999999404,MoveTouch,323.52587890625,575.9274291992188
56722.09999999404,MoveTouch,319.67437744140625,569.080322265625
56747.09999999404,MoveTouch,310.0456237792969,550.6787109375
56755.09999999404,MoveTouch,307.3977355957031,544.259521484375
56772.09999999404,MoveTouch,303.0647888183594,532.277099609375
56789.09999999404,MoveTouch,300.4168701171875,519.4387817382812
56806.09999999404,MoveTouch,297.52825927734375,504.888671875
56814.09999999404,MoveTouch,296.8061218261719,498.4695129394531
56848.09999999404,MoveTouch,293.6767578125,475.7884521484375
56865.09999999404,MoveTouch,293.91748046875,465.94573974609375
56874.09999999404,MoveTouch,294.39892578125,461.6662902832031
56899.09999999404,MoveTouch,297.0468444824219,447.54412841796875
56907.09999999404,MoveTouch,298.7318420410156,442.8367919921875
56924.09999999404,MoveTouch,301.8612060546875,431.710205078125
56941.09999999404,MoveTouch,306.6755676269531,419.72772216796875
56958.09999999404,MoveTouch,313.17498779296875,407.3173828125
56983.09999999404,MoveTouch,324.48876953125,388.9158020019531
57000.09999999404,MoveTouch,332.6732177734375,377.3612976074219
57025.09999999404,MoveTouch,346.8755798339844,360.67144775390625
57043.09999999404,MoveTouch,357.46722412109375,348.26104736328125
57059.09999999404,MoveTouch,368.540283203125,336.27862548828125
57076.09999999404,MoveTouch,380.8169250488281,326.4359130859375
57093.09999999404,MoveTouch,391.8900146484375,317.02117919921875
57110.09999999404,MoveTouch,404.4073181152344,308.4622802734375
57135.09999999404,MoveTouch,424.14630126953125,296.47979736328125
57144.09999999404,MoveTouch,431.36785888671875,293.0562438964844
57161.09999999404,MoveTouch,444.6073913574219,287.4929504394531
57178.09999999404,MoveTouch,456.884033203125,283.6414794921875
57194.09999999404,MoveTouch,469.4013671875,281.5017395019531
57203.09999999404,MoveTouch,475.1786193847656,281.07379150390625
57228.09999999404,MoveTouch,492.2696838378906,279.78997802734375
57237.09999999404,MoveTouch,502.13916015625,280.2179260253906
57262.09999999404,MoveTouch,509.8421325683594,281.07379150390625
57279.09999999404,MoveTouch,514.897216796875,281.07379150390625
57296.09999999404,MoveTouch,518.0265502929688,280.6458740234375
57313.09999999404,MoveTouch,518.5079956054688,281.07379150390625
57321.09999999404,MoveTouch,517.5451049804688,282.3576354980469
57329.09999999404,ReleasedTouch,NaN,NaN
58033.09999999404,ReleasedTouch,NaN,NaN
58033.09999999404,Released,491,960
