resolution:412,732
107162.09999999404,PressedTouch,571.4661254882812,446.2603454589844
107279.09999999404,MoveTouch,551.9678955078125,439.8411560058594
107288.09999999404,MoveTouch,546.912841796875,439.8411560058594
107296.09999999404,MoveTouch,542.098388671875,439.8411560058594
107330.09999999404,MoveTouch,522.3594970703125,439.8411560058594
107347.09999999404,MoveTouch,511.7678527832031,440.2691345214844
107364.09999999404,MoveTouch,503.10198974609375,442.4088134765625
107380.09999999404,MoveTouch,495.1582946777344,444.9764709472656
107389.09999999404,MoveTouch,487.93670654296875,447.9720458984375
107414.09999999404,MoveTouch,480.2337341308594,451.3955993652344
107423.09999999404,MoveTouch,476.6229553222656,453.53533935546875
107448.09999999404,MoveTouch,466.0313415527344,461.2383728027344
107465.09999999404,MoveTouch,458.80975341796875,467.2295837402344
107473.09999999404,MoveTouch,455.1990051269531,470.2251892089844
107490.09999999404,MoveTouch,448.6995849609375,476.64434814453125
107507.09999999404,MoveTouch,442.92236328125,483.491455078125
107524.09999999404,MoveTouch,436.6636657714844,490.33856201171875
107541.09999999404,MoveTouch,430.64569091796875,495.90185546875
107558.09999999404,MoveTouch,425.1091613769531,501.03717041015625
107574.09999999404,MoveTouch,419.3319091796875,507.88427734375
107591.09999999404,MoveTouch,414.27679443359375,515.5872802734375
107608.09999999404,MoveTouch,409.9438781738281,523.290283203125
107625.09999999404,MoveTouch,406.8145446777344,530.9932861328125
107642.09999999404,MoveTouch,403.9259338378906,539.1242065429688
107659.09999999404,MoveTouch,402.24090576171875,547.68310546875
107676.09999999404,MoveTouch,400.79656982421875,556.241943359375
107693.09999999404,MoveTouch,399.59295654296875,564.8009033203125
107709.09999999404,MoveTouch,399.59295654296875,573.3597412109375
107727.09999999404,MoveTouch,400.55584716796875,582.3466186523438
107743.09999999404,MoveTouch,401.7594909667969,590.9054565429688
107760.09999999404,MoveTouch,403.4444885253906,599.892333984375
107777.09999999404,MoveTouch,405.3702697753906,608.879150390625
107794.09999999404,MoveTouch,408.4996032714844,617.0100708007812
107811.09999999404,MoveTouch,412.1103515625,623.8572387695312
107828.09999999404,MoveTouch,416.4432678222656,631.1322021484375
107845.09999999404,MoveTouch,421.4983825683594,637.5513916015625
107862.09999999404,MoveTouch,427.5163879394531,643.5426025390625
107870.09999999404,MoveTouch,430.64569091796875,646.1102905273438
107997.09999999404,MoveTouch,486.010986328125,676.0663452148438
108022.09999999404,MoveTouch,502.62054443359375,677.7781982421875
108039.09999999404,MoveTouch,514.897216796875,677.7781982421875
108064.09999999404,MoveTouch,532.9511108398438,677.7781982421875
108081.09999999404,MoveTouch,543.783447265625,676.9222412109375
108098.09999999404,MoveTouch,553.1714477539062,675.6384887695312
108115.09999999404,MoveTouch,561.5966186523438,673.4987182617188
108132.09999999404,MoveTouch,568.8181762695312,670.5031127929688
108140.09999999404,MoveTouch,572.188232421875,669.2192993164062
108166.09999999404,MoveTouch,581.5762939453125,664.9398193359375
108183.09999999404,MoveTouch,586.8720703125,661.9442138671875
108208.09999999404,MoveTouch,594.0936889648438,656.3809814453125
108216.09999999404,MoveTouch,596.2601318359375,654.2412109375
108233.09999999404,MoveTouch,600.1116333007812,650.8177490234375
108259.09999999404,MoveTouch,607.3331298828125,643.5426025390625
108275.09999999404,MoveTouch,611.4253540039062,637.5513916015625
108301.09999999404,MoveTouch,616.7212524414062,628.5645751953125
108318.09999999404,MoveTouch,620.33203125,623.0012817382812
108335.09999999404,MoveTouch,624.9057006835938,616.1541748046875
108360.09999999404,MoveTouch,633.330810546875,602.4599609375
108369.09999999404,MoveTouch,639.3487548828125,591.7613525390625
108394.09999999404,MoveTouch,643.6817016601562,582.3466186523438
108411.09999999404,MoveTouch,648.25537109375,573.3597412109375
108436.09999999404,MoveTouch,652.5882568359375,559.2376098632812
108445.09999999404,MoveTouch,654.0326538085938,554.9581298828125
108461.09999999404,MoveTouch,656.1990356445312,546.3992919921875
108478.09999999404,MoveTouch,657.6433715820312,537.8403930664062
108495.09999999404,MoveTouch,658.6063232421875,528.4255981445312
108512.09999999404,MoveTouch,658.6063232421875,519.8667602539062
108529.09999999404,MoveTouch,657.1619262695312,512.1636962890625
108546.09999999404,MoveTouch,654.9954833984375,504.4607238769531
108563.09999999404,MoveTouch,652.5882568359375,496.7577209472656
108580.09999999404,MoveTouch,649.4589233398438,489.05474853515625
108596.09999999404,MoveTouch,646.3296508789062,481.7796630859375
108614.09999999404,MoveTouch,643.2002563476562,475.7884521484375
108630.09999999404,MoveTouch,638.8673706054688,470.2251892089844
108647.09999999404,MoveTouch,633.812255859375,464.66192626953125
108664.09999999404,MoveTouch,627.3128662109375,459.52655029296875
108681.09999999404,MoveTouch,620.33203125,453.96331787109375
108698.09999999404,MoveTouch,613.1104125976562,448.4000244140625
108715.09999999404,MoveTouch,606.6110229492188,443.6926574707031
108732.09999999404,MoveTouch,600.352294921875,440.6970520019531
108749.09999999404,MoveTouch,594.5751342773438,438.12939453125
108765.09999999404,MoveTouch,589.2792358398438,436.8455810546875
108782.09999999404,MoveTouch,582.5391845703125,435.9896240234375
108799.09999999404,MoveTouch,575.076904296875,434.7058410644531
108816.09999999404,MoveTouch,568.8181762695312,434.2779235839844
108833.09999999404,MoveTouch,562.3187866210938,437.27349853515625
108841.09999999404,ReleasedTouch,NaN,NaN
109446.09999999404,ReleasedTouch,NaN,NaN
109446.09999999404,Released,509,960
