resolution:412,732
187137.09999999404,PressedTouch,429.4421081542969,376.933349609375
187246.09999999404,MoveTouch,444.1259460449219,362.8111572265625
187255.09999999404,MoveTouch,449.9031982421875,360.67144775390625
187280.09999999404,MoveTouch,470.12353515625,355.5361022949219
187297.09999999404,MoveTouch,485.2888488769531,353.39642333984375
187314.09999999404,MoveTouch,500.69482421875,352.5404968261719
187331.09999999404,MoveTouch,516.5822143554688,352.1125793457031
187482.09999999404,MoveTouch,632.1272583007812,404.74969482421875
187491.09999999404,MoveTouch,637.182373046875,411.1688537597656
187508.09999999404,MoveTouch,647.0517578125,423.5792541503906
187533.09999999404,MoveTouch,657.8840942382812,444.12060546875
187550.09999999404,MoveTouch,663.6614379882812,460.3824462890625
187567.09999999404,MoveTouch,668.7164916992188,480.0679016113281
187584.09999999404,MoveTouch,674.0122680664062,503.6048278808594
187601.09999999404,MoveTouch,678.1044311523438,529.281494140625
187617.09999999404,MoveTouch,679.5487670898438,556.669921875
187634.09999999404,MoveTouch,678.34521484375,582.7745361328125
187651.09999999404,MoveTouch,673.5308227539062,607.1673583984375
187668.09999999404,MoveTouch,665.827880859375,631.1322021484375
187685.09999999404,MoveTouch,656.4398193359375,653.3853149414062
187702.09999999404,MoveTouch,647.2925415039062,676.9222412109375
187719.09999999404,MoveTouch,635.9786987304688,700.4591674804688
187727.09999999404,MoveTouch,629.7200317382812,711.5858154296875
187752.09999999404,MoveTouch,609.4996337890625,745.393310546875
187769.09999999404,MoveTouch,593.8529052734375,766.3626708984375
187786.09999999404,MoveTouch,578.9284057617188,783.48046875
187803.09999999404,MoveTouch,564.0038452148438,798.030517578125
187811.09999999404,MoveTouch,556.7822875976562,805.3055419921875
187829.09999999404,MoveTouch,541.616943359375,818.5718994140625
187854.09999999404,MoveTouch,517.304443359375,835.2616577148438
187862.09999999404,MoveTouch,508.8792419433594,839.5411376953125
187887.09999999404,MoveTouch,484.3259582519531,847.244140625
187904.09999999404,MoveTouch,469.8828125,849.3838500976562
187921.09999999404,MoveTouch,456.1618957519531,849.811767578125
187930.09999999404,MoveTouch,449.1810302734375,849.3838500976562
187947.09999999404,MoveTouch,436.4229431152344,847.244140625
187963.09999999404,MoveTouch,425.1091613769531,844.24853515625
187989.09999999404,MoveTouch,406.3330993652344,837.4014282226562
188005.09999999404,MoveTouch,395.01934814453125,830.9822387695312
188014.09999999404,MoveTouch,389.9642333984375,827.1306762695312
188031.09999999404,MoveTouch,380.5762023925781,818.999755859375
188048.09999999404,MoveTouch,372.8731994628906,810.4409790039062
188056.09999999404,MoveTouch,369.2624206542969,805.3055419921875
188073.09999999404,MoveTouch,357.7079162597656,786.048095703125
188107.09999999404,MoveTouch,340.85760498046875,757.8037109375
188115.09999999404,MoveTouch,334.11749267578125,746.2492065429688
188132.09999999404,MoveTouch,321.3594055175781,723.1402587890625
188157.09999999404,MoveTouch,304.50909423828125,687.6209106445312
188166.09999999404,MoveTouch,299.6947326660156,675.2105102539062
188182.09999999404,MoveTouch,292.7138977050781,651.673583984375
188199.09999999404,MoveTouch,287.4180908203125,629.4204711914062
188216.09999999404,MoveTouch,285.7330627441406,608.879150390625
188233.09999999404,MoveTouch,285.7330627441406,588.7657470703125
188250.09999999404,MoveTouch,288.1402282714844,570.3641357421875
188267.09999999404,MoveTouch,292.9546203613281,553.2463989257812
188283.09999999404,MoveTouch,300.4168701171875,536.5565795898438
188300.09999999404,MoveTouch,308.3606262207031,520.7225952148438
188317.09999999404,MoveTouch,318.95220947265625,505.31658935546875
188334.09999999404,MoveTouch,330.7474365234375,489.91064453125
188351.09999999404,MoveTouch,342.78338623046875,475.3605041503906
188368.09999999404,MoveTouch,354.8193359375,460.8104248046875
188385.09999999404,MoveTouch,366.1330871582031,446.6882629394531
188402.09999999404,MoveTouch,377.9283142089844,432.56610107421875
188418.09999999404,MoveTouch,390.2049865722656,419.29986572265625
188435.09999999404,MoveTouch,402.24090576171875,406.4615173339844
188452.09999999404,MoveTouch,414.5175476074219,393.6231384277344
188469.09999999404,MoveTouch,426.794189453125,382.06866455078125
188486.09999999404,MoveTouch,439.31158447265625,372.6539001464844
188503.09999999404,MoveTouch,452.79180908203125,365.3788757324219
188519.09999999404,MoveTouch,464.8277282714844,359.8155517578125
188536.09999999404,MoveTouch,476.3822021484375,355.9640808105469
188553.09999999404,MoveTouch,486.97381591796875,353.39642333984375
188570.09999999404,MoveTouch,495.63970947265625,351.68463134765625
188587.09999999404,MoveTouch,501.65771484375,350.40081787109375
188604.09999999404,MoveTouch,504.54632568359375,351.68463134765625
188612.09999999404,MoveTouch,505.02777099609375,353.39642333984375
188620.09999999404,ReleasedTouch,NaN,NaN
189313.09999999404,ReleasedTouch,NaN,NaN
189313.09999999404,Released,501,960
