resolution:412,732
102541.09999999404,PressedTouch,522.3594970703125,412.88067626953125
102726.09999999404,MoveTouch,546.431396484375,409.0291748046875
102735.09999999404,MoveTouch,550.0421142578125,409.45709228515625
102760.09999999404,MoveTouch,561.8373413085938,410.7409362792969
102777.09999999404,MoveTouch,570.2625122070312,412.4527282714844
102794.09999999404,MoveTouch,578.2061767578125,414.5924072265625
102811.09999999404,MoveTouch,586.1499633789062,418.0159606933594
102827.09999999404,MoveTouch,593.3714599609375,421.4395446777344
102844.09999999404,MoveTouch,600.1116333007812,425.29107666015625
102861.09999999404,MoveTouch,605.648193359375,429.5704650878906
102878.09999999404,MoveTouch,611.4253540039062,434.7058410644531
102895.09999999404,MoveTouch,617.443359375,440.6970520019531
102912.09999999404,MoveTouch,622.2577514648438,446.6882629394531
102929.09999999404,MoveTouch,625.8685302734375,452.67950439453125
102945.09999999404,MoveTouch,628.7572021484375,458.67071533203125
102962.09999999404,MoveTouch,630.923583984375,464.66192626953125
102979.09999999404,MoveTouch,632.1272583007812,471.509033203125
102996.09999999404,MoveTouch,632.608642578125,478.7840576171875
103013.09999999404,MoveTouch,632.849365234375,485.6311950683594
103021.09999999404,MoveTouch,632.608642578125,489.482666015625
103030.09999999404,MoveTouch,623.9427490234375,537.8403930664062
103148.09999999404,MoveTouch,619.3690795898438,548.9669189453125
103156.09999999404,MoveTouch,617.68408203125,551.9625244140625
103182.09999999404,MoveTouch,614.0733032226562,560.5214233398438
103198.09999999404,MoveTouch,610.9439697265625,566.084716796875
103207.09999999404,MoveTouch,609.4996337890625,568.65234375
103224.09999999404,MoveTouch,606.3703002929688,573.3597412109375
103249.09999999404,MoveTouch,601.0745239257812,580.2068481445312
103266.09999999404,MoveTouch,597.4636840820312,584.4862670898438
103274.09999999404,MoveTouch,595.5379638671875,587.053955078125
103292.09999999404,MoveTouch,591.4457397460938,592.1893310546875
103308.09999999404,MoveTouch,587.353515625,596.8966674804688
103333.09999999404,MoveTouch,581.8170166015625,602.031982421875
103342.09999999404,MoveTouch,579.8912353515625,603.3158569335938
103359.09999999404,MoveTouch,575.558349609375,605.883544921875
103375.09999999404,MoveTouch,570.9846801757812,608.451171875
103393.09999999404,MoveTouch,566.1702880859375,611.0188598632812
103409.09999999404,MoveTouch,561.3558959960938,613.5864868164062
103426.09999999404,MoveTouch,556.7822875976562,616.1541748046875
103451.09999999404,MoveTouch,549.3200073242188,618.721923828125
103460.09999999404,MoveTouch,546.912841796875,619.5776977539062
103477.09999999404,MoveTouch,542.098388671875,620.43359375
103494.09999999404,MoveTouch,537.0433349609375,620.8616333007812
103510.09999999404,MoveTouch,531.7474975585938,621.717529296875
103527.09999999404,MoveTouch,526.2109985351562,622.5733642578125
103544.09999999404,MoveTouch,520.4337158203125,622.1453857421875
103561.09999999404,MoveTouch,515.378662109375,622.1453857421875
103578.09999999404,MoveTouch,511.2864074707031,621.717529296875
103595.09999999404,MoveTouch,506.9534912109375,621.717529296875
103612.09999999404,MoveTouch,502.62054443359375,622.1453857421875
103628.09999999404,MoveTouch,498.7690734863281,622.1453857421875
103645.09999999404,MoveTouch,495.3990173339844,621.717529296875
103662.09999999404,MoveTouch,492.2696838378906,620.8616333007812
103679.09999999404,MoveTouch,488.65887451171875,619.1497802734375
103696.09999999404,MoveTouch,484.566650390625,617.4380493164062
103713.09999999404,MoveTouch,480.47442626953125,614.8704223632812
103730.09999999404,MoveTouch,476.1415100097656,611.874755859375
103747.09999999404,MoveTouch,472.04931640625,609.3070678710938
103764.09999999404,MoveTouch,468.919921875,606.7393798828125
103781.09999999404,MoveTouch,466.0313415527344,604.1717529296875
103797.09999999404,MoveTouch,463.1426696777344,601.6040649414062
103814.09999999404,MoveTouch,460.25408935546875,599.0364379882812
103831.09999999404,MoveTouch,457.6062316894531,596.8966674804688
103848.09999999404,MoveTouch,455.1990051269531,594.3290405273438
103865.09999999404,MoveTouch,453.27325439453125,591.7613525390625
103882.09999999404,MoveTouch,451.82891845703125,589.1937255859375
103899.09999999404,MoveTouch,450.8660888671875,586.6260375976562
103924.09999999404,MoveTouch,448.6995849609375,581.9186401367188
103933.09999999404,MoveTouch,448.2181396484375,579.7789306640625
103966.09999999404,MoveTouch,446.7738037109375,569.9362182617188
103983.09999999404,MoveTouch,445.32952880859375,564.3729248046875
104000.09999999404,MoveTouch,444.36669921875,557.9537353515625
104016.09999999404,MoveTouch,443.6445007324219,551.1066284179688
104033.09999999404,MoveTouch,442.2001953125,544.6874389648438
104042.09999999404,MoveTouch,441.47802734375,540.8359985351562
104067.09999999404,MoveTouch,440.9966125488281,528.853515625
104076.09999999404,MoveTouch,440.75592041015625,525.0020751953125
104092.09999999404,MoveTouch,441.2373046875,518.5828857421875
104109.09999999404,MoveTouch,441.47802734375,512.5916748046875
104126.09999999404,MoveTouch,442.2001953125,507.02838134765625
104152.09999999404,MoveTouch,441.71875,498.0415344238281
104160.09999999404,MoveTouch,441.71875,495.04595947265625
104177.09999999404,MoveTouch,442.92236328125,489.05474853515625
104194.09999999404,MoveTouch,447.9774169921875,484.7752990722656
104211.09999999404,MoveTouch,454.4768371582031,479.6399230957031
104227.09999999404,MoveTouch,460.49481201171875,474.0766906738281
104244.09999999404,MoveTouch,466.0313415527344,468.5133972167969
104261.09999999404,MoveTouch,471.56787109375,463.3780822753906
104278.09999999404,MoveTouch,477.5858154296875,457.3868713378906
104295.09999999404,MoveTouch,484.566650390625,452.2515563964844
104312.09999999404,MoveTouch,491.5474853515625,446.6882629394531
104328.09999999404,MoveTouch,499.97265625,441.55291748046875
104345.09999999404,MoveTouch,507.9163513183594,437.27349853515625
104362.09999999404,MoveTouch,516.100830078125,433.4219665527344
104379.09999999404,MoveTouch,524.2852783203125,429.9984130859375
104396.09999999404,MoveTouch,531.0253295898438,427.0028076171875
104430.09999999404,MoveTouch,542.098388671875,421.0115966796875
104447.09999999404,MoveTouch,546.912841796875,418.87188720703125
104472.09999999404,MoveTouch,551.0050048828125,418.4439392089844
104480.09999999404,MoveTouch,551.7271728515625,418.87188720703125
104497.09999999404,MoveTouch,552.2086181640625,421.4395446777344
104505.09999999404,ReleasedTouch,NaN,NaN
105181.09999999404,ReleasedTouch,NaN,NaN
105181.09999999404,Released,504,960
