resolution:412,732
168776,PressedTouch,417.6468505859375,367.5185546875
168893,MoveTouch,553.8936767578125,329.85943603515625
168902,MoveTouch,567.8553466796875,332.85504150390625
168944,MoveTouch,629.2385864257812,354.2522888183594
168969,MoveTouch,648.73681640625,370.51416015625
168978,MoveTouch,654.9954833984375,377.3612976074219
169014,MoveTouch,678.1044311523438,415.44830322265625
169045,MoveTouch,690.140380859375,469.7972412109375
169071,MoveTouch,689.4183349609375,506.6004638671875
169087,MoveTouch,684.6038818359375,526.285888671875
169113,MoveTouch,671.3643798828125,550.250732421875
169130,MoveTouch,660.531982421875,564.3729248046875
169138,MoveTouch,654.0326538085938,570.7921142578125
169155,MoveTouch,640.0709838867188,582.7745361328125
169172,MoveTouch,624.4241943359375,593.0452270507812
169188,MoveTouch,608.5368041992188,600.7481689453125
169205,MoveTouch,592.1679077148438,604.5996704101562
169222,MoveTouch,575.7990112304688,606.7393798828125
169239,MoveTouch,560.39306640625,606.7393798828125
169256,MoveTouch,545.7091674804688,604.5996704101562
169273,MoveTouch,530.30322265625,602.031982421875
169289,MoveTouch,512.7307739257812,597.7525634765625
169306,MoveTouch,496.8432922363281,593.47314453125
169323,MoveTouch,481.6780090332031,587.9098510742188
169340,MoveTouch,468.1977844238281,582.3466186523438
169365,MoveTouch,450.8660888671875,573.3597412109375
169374,MoveTouch,445.5702819824219,569.9362182617188
169391,MoveTouch,435.7008056640625,562.2332153320312
169407,MoveTouch,426.312744140625,553.67431640625
169424,MoveTouch,417.8876037597656,543.8316040039062
169441,MoveTouch,410.666015625,533.5609130859375
169458,MoveTouch,405.8516540527344,522.4343872070312
169475,MoveTouch,403.68524169921875,510.4519348144531
169483,MoveTouch,403.2037353515625,504.0328063964844
169500,MoveTouch,403.9259338378906,492.0503234863281
169517,MoveTouch,407.0552978515625,478.35614013671875
169542,MoveTouch,414.27679443359375,455.2471618652344
169551,MoveTouch,417.16546630859375,447.54412841796875
169567,MoveTouch,425.1091613769531,431.710205078125
169576,MoveTouch,434.0157775878906,417.5880432128906
169610,MoveTouch,451.34747314453125,398.3305358886719
169635,MoveTouch,469.1606750488281,379.5009765625
169652,MoveTouch,480.95587158203125,368.8023986816406
169669,MoveTouch,493.2325134277344,359.8155517578125
169677,MoveTouch,616.2398071289062,358.9596862792969
169845,ReleasedTouch,NaN,NaN
170502,ReleasedTouch,NaN,NaN
170502,Released,486,1032
