resolution:412,732
152915.19999998808,PressedTouch,484.566650390625,279.7043762207031
153008.19999998808,MoveTouch,515.378662109375,267.29400634765625
153016.19999998808,MoveTouch,524.2852783203125,266.0101623535156
153025.19999998808,MoveTouch,533.4325561523438,265.1542663574219
153050.19999998808,MoveTouch,562.3187866210938,267.29400634765625
153075.19999998808,MoveTouch,616.4805297851562,279.7043762207031
153092.19999998808,MoveTouch,638.3859252929688,289.1191711425781
153109.19999998808,MoveTouch,657.4027099609375,300.67364501953125
153125.19999998808,MoveTouch,673.0493774414062,313.9399108886719
153143.19999998808,MoveTouch,681.7152099609375,325.06646728515625
153160.19999998808,MoveTouch,690.140380859375,339.18865966796875
153168.19999998808,MoveTouch,694.7140502929688,348.60345458984375
153193.19999998808,MoveTouch,708.9164428710938,385.4066162109375
153202.19999998808,MoveTouch,713.0087280273438,399.95672607421875
153227.19999998808,MoveTouch,719.2673950195312,447.4585876464844
153244.19999998808,MoveTouch,719.2673950195312,482.5499572753906
153260.19999998808,MoveTouch,716.3787841796875,518.497314453125
153277.19999998808,MoveTouch,708.9164428710938,553.1607666015625
153294.19999998808,MoveTouch,696.6397705078125,586.1124877929688
153311.19999998808,MoveTouch,681.2338256835938,617.3524169921875
153328.19999998808,MoveTouch,662.457763671875,645.1688232421875
153344.19999998808,MoveTouch,642.4780883789062,670.8455200195312
153361.19999998808,MoveTouch,619.60986328125,692.670654296875
153378.19999998808,MoveTouch,595.0565185546875,710.2163696289062
153395.19999998808,MoveTouch,570.2625122070312,724.7664794921875
153403.19999998808,MoveTouch,557.263671875,730.7577514648438
153429.19999998808,MoveTouch,517.5451049804688,742.7401733398438
153446.19999998808,MoveTouch,491.3067932128906,745.3078002929688
153454.19999998808,MoveTouch,478.3079833984375,745.3078002929688
153479.19999998808,MoveTouch,439.79296875,738.03271484375
153496.19999998808,MoveTouch,417.8876037597656,728.617919921875
153504.19999998808,MoveTouch,407.77740478515625,722.626708984375
153529.19999998808,MoveTouch,381.29833984375,700.3735961914062
153546.19999998808,MoveTouch,366.8552551269531,684.1116943359375
153563.19999998808,MoveTouch,356.0229187011719,667.8499145507812
153572.19999998808,MoveTouch,351.44927978515625,659.2909545898438
153580.19999998808,MoveTouch,343.7462463378906,640.46142578125
153614.19999998808,MoveTouch,336.7654113769531,608.7935180664062
153631.19999998808,MoveTouch,335.5617980957031,585.6845092773438
153648.19999998808,MoveTouch,337.4875793457031,560.4358520507812
153656.19999998808,MoveTouch,339.654052734375,546.7416381835938
153673.19999998808,MoveTouch,346.1534729003906,518.0693359375
153690.19999998808,MoveTouch,355.7821960449219,488.1132507324219
153723.19999998808,MoveTouch,381.29833984375,427.34515380859375
153732.19999998808,MoveTouch,389.0013427734375,414.07891845703125
153740.19999998808,MoveTouch,539.2097778320312,296.8221435546875
153885.19999998808,ReleasedTouch,NaN,NaN
154691.19999998808,ReleasedTouch,NaN,NaN
154691.19999998808,Released,487,965
