resolution:412,732
31846.09999999404,PressedTouch,580.3726806640625,370.0862121582031
31964.09999999404,MoveTouch,557.263671875,355.9640808105469
31990.09999999404,MoveTouch,519.4708251953125,349.116943359375
32002.09999999404,MoveTouch,501.17626953125,348.6889953613281
32032.09999999404,MoveTouch,437.6265563964844,363.2391052246094
32066.09999999404,MoveTouch,402.4815979003906,388.05987548828125
32100.09999999404,MoveTouch,358.18939208984375,433.4219665527344
32116.09999999404,MoveTouch,335.08038330078125,459.52655029296875
32142.09999999404,MoveTouch,310.2863464355469,492.9062194824219
32150.09999999404,MoveTouch,305.47198486328125,501.4651184082031
32175.09999999404,MoveTouch,300.4168701171875,523.290283203125
32201.09999999404,MoveTouch,302.5833740234375,544.6874389648438
32218.09999999404,MoveTouch,308.1199035644531,561.8052368164062
32227.09999999404,MoveTouch,311.97137451171875,571.2200317382812
32269.09999999404,MoveTouch,344.70916748046875,620.43359375
32302.09999999404,MoveTouch,386.5942077636719,658.9486083984375
32319.09999999404,MoveTouch,410.9067687988281,678.2061157226562
32336.09999999404,MoveTouch,437.3858337402344,696.1797485351562
32353.09999999404,MoveTouch,465.5498962402344,710.3019409179688
32370.09999999404,MoveTouch,493.7139587402344,720.1446533203125
32386.09999999404,MoveTouch,519.9522705078125,724.85205078125
32395.09999999404,MoveTouch,531.9882202148438,725.2799682617188
32403.09999999404,MoveTouch,543.061279296875,724.424072265625
32437.09999999404,MoveTouch,583.0206298828125,709.446044921875
32454.09999999404,MoveTouch,599.3894653320312,696.1797485351562
32471.09999999404,MoveTouch,614.5547485351562,679.06201171875
32479.09999999404,MoveTouch,621.53564453125,669.6472778320312
32505.09999999404,MoveTouch,639.3487548828125,639.691162109375
32513.09999999404,MoveTouch,644.4038696289062,629.8484497070312
32539.09999999404,MoveTouch,658.1248168945312,599.46435546875
32572.09999999404,MoveTouch,673.0493774414062,552.3905029296875
32589.09999999404,MoveTouch,678.8267211914062,527.5697021484375
32606.09999999404,MoveTouch,683.1595458984375,503.6048278808594
32640.09999999404,MoveTouch,684.6038818359375,459.95452880859375
32665.09999999404,MoveTouch,676.66015625,428.7146301269531
32676.09999999404,MoveTouch,672.0865478515625,418.87188720703125
32691.09999999404,MoveTouch,661.013427734375,401.326171875
32699.09999999404,MoveTouch,626.3499755859375,367.946533203125
32741.09999999404,MoveTouch,617.443359375,362.8111572265625
32758.09999999404,MoveTouch,598.9080200195312,354.2522888183594
32801.09999999404,MoveTouch,543.061279296875,342.6977844238281
32834.09999999404,MoveTouch,494.1954040527344,342.6977844238281
32843.09999999404,MoveTouch,482.6408996582031,343.98162841796875
32851.09999999404,MoveTouch,471.08642578125,346.121337890625
32893.09999999404,MoveTouch,419.3319091796875,364.5229187011719
32911.09999999404,MoveTouch,400.55584716796875,373.509765625
32953.09999999404,MoveTouch,367.0959777832031,394.0511169433594
32961.09999999404,MoveTouch,362.0408630371094,397.9026184082031
32969.09999999404,ReleasedTouch,NaN,NaN
33603.09999999404,ReleasedTouch,NaN,NaN
33603.09999999404,Released,504,967
