resolution:412,732
92453.19999998808,PressedTouch,489.14031982421875,709.7884521484375
92555.19999998808,MoveTouch,511.04571533203125,702.5133666992188
92563.19999998808,MoveTouch,520.1930541992188,700.3735961914062
92572.19999998808,MoveTouch,530.0625,698.23388671875
92605.19999998808,MoveTouch,572.188232421875,687.1073608398438
92622.19999998808,MoveTouch,594.0936889648438,680.26025390625
92639.19999998808,MoveTouch,614.5547485351562,673.8411254882812
92664.19999998808,MoveTouch,641.2745361328125,662.7145385742188
92681.19999998808,MoveTouch,656.4398193359375,652.871826171875
92690.19999998808,MoveTouch,663.179931640625,647.7364501953125
92707.19999998808,MoveTouch,675.697265625,636.6099243164062
92723.19999998808,MoveTouch,685.8074340820312,622.915771484375
92740.19999998808,MoveTouch,693.510498046875,608.7935180664062
92757.19999998808,MoveTouch,698.3248291015625,593.3875732421875
92792.19999998808,MoveTouch,702.8985595703125,557.8681640625
92825.19999998808,MoveTouch,700.9727172851562,517.6414184570312
92842.19999998808,MoveTouch,697.8434448242188,497.10009765625
92859.19999998808,MoveTouch,692.3069458007812,473.9910888671875
92876.19999998808,MoveTouch,683.4002685546875,449.1702880859375
92892.19999998808,MoveTouch,670.1607666015625,424.7774963378906
92918.19999998808,MoveTouch,648.49609375,390.96990966796875
92926.19999998808,MoveTouch,640.5524291992188,381.5551452636719
92943.19999998808,MoveTouch,623.9427490234375,364.4373474121094
92968.19999998808,MoveTouch,595.7786865234375,343.8960266113281
92977.19999998808,MoveTouch,586.8720703125,337.9048156738281
92994.19999998808,MoveTouch,567.6146240234375,328.06207275390625
93010.19999998808,MoveTouch,548.5977783203125,320.78704833984375
93027.19999998808,MoveTouch,528.13671875,315.6517333984375
93044.19999998808,MoveTouch,510.3235778808594,312.6561279296875
93061.19999998808,MoveTouch,493.9546813964844,310.9443054199219
93078.19999998808,MoveTouch,479.7522888183594,311.37225341796875
93095.19999998808,MoveTouch,465.0684509277344,312.6561279296875
93112.19999998808,MoveTouch,450.6253662109375,315.2237854003906
93129.19999998808,MoveTouch,436.1822204589844,319.5032043457031
93145.19999998808,MoveTouch,422.70196533203125,324.21063232421875
93154.19999998808,MoveTouch,415.9618225097656,327.20623779296875
93171.19999998808,MoveTouch,401.03729248046875,333.6253967285156
93196.19999998808,MoveTouch,379.37261962890625,345.6078186035156
93213.19999998808,MoveTouch,364.92950439453125,353.7387390136719
93230.19999998808,MoveTouch,350.4863586425781,362.2976379394531
93246.19999998808,MoveTouch,336.7654113769531,372.5683288574219
93255.19999998808,MoveTouch,329.7845458984375,378.5595397949219
93280.19999998808,MoveTouch,309.0827941894531,396.1052551269531
93288.19999998808,MoveTouch,302.8240966796875,402.09649658203125
93305.19999998808,MoveTouch,291.26959228515625,414.93475341796875
93322.19999998808,MoveTouch,280.437255859375,428.2010498046875
93339.19999998808,MoveTouch,271.5306396484375,442.75115966796875
93356.19999998808,MoveTouch,264.79052734375,457.30126953125
93381.19999998808,MoveTouch,256.6061096191406,479.55438232421875
93407.19999998808,MoveTouch,251.31027221679688,500.95159912109375
93432.19999998808,MoveTouch,249.38453674316406,523.2046508789062
93448.19999998808,MoveTouch,250.347412109375,537.7548217773438
93457.19999998808,MoveTouch,250.828857421875,544.6018676757812
93465.19999998808,MoveTouch,274.9007263183594,620.3480224609375
93558.19999998808,MoveTouch,291.02886962890625,643.885009765625
93608.19999998808,MoveTouch,305.23126220703125,660.5747680664062
93625.19999998808,MoveTouch,315.3414611816406,671.2733764648438
93642.19999998808,MoveTouch,326.1737976074219,680.26025390625
93659.19999998808,MoveTouch,337.0061340332031,687.9632568359375
93676.19999998808,MoveTouch,348.56060791015625,695.23828125
93692.19999998808,MoveTouch,360.3558349609375,702.0853881835938
93709.19999998808,MoveTouch,371.6696472167969,708.0765991210938
93726.19999998808,MoveTouch,384.1869812011719,712.7840576171875
93743.19999998808,MoveTouch,396.7043762207031,716.635498046875
93760.19999998808,MoveTouch,409.4624328613281,719.631103515625
93777.19999998808,MoveTouch,422.9426574707031,720.9149780273438
93802.19999998808,MoveTouch,443.1630554199219,720.9149780273438
93810.19999998808,MoveTouch,450.1438903808594,720.9149780273438
93827.19999998808,MoveTouch,462.6612854003906,720.9149780273438
93844.19999998808,MoveTouch,474.45648193359375,720.9149780273438
93861.19999998808,MoveTouch,484.8074035644531,719.631103515625
93878.19999998808,MoveTouch,495.1582946777344,717.0634155273438
93895.19999998808,MoveTouch,504.7870178222656,714.0678100585938
93911.19999998808,MoveTouch,512.971435546875,711.5001831054688
93928.19999998808,MoveTouch,519.2301635742188,709.3604736328125
93945.19999998808,MoveTouch,523.8038330078125,707.648681640625
93953.19999998808,ReleasedTouch,NaN,NaN
94597.19999998808,ReleasedTouch,NaN,NaN
94597.19999998808,Released,495,960
