resolution:412,732
107567,PressedTouch,388.51995849609375,631.9880981445312
107633,MoveTouch,436.4229431152344,614.0144653320312
107642,MoveTouch,452.79180908203125,611.4468383789062
107659,MoveTouch,490.8253479003906,616.5821533203125
107667,MoveTouch,512.2493286132812,626.4248657226562
107684,MoveTouch,544.987060546875,661.5162963867188
107701,MoveTouch,558.7080078125,694.0400390625
107718,MoveTouch,570.0217895507812,759.0875854492188
107735,MoveTouch,560.1522827148438,824.5630493164062
107751,MoveTouch,539.2097778320312,853.2354125976562
107768,MoveTouch,513.452880859375,866.9295043945312
107785,MoveTouch,479.5115966796875,864.3618774414062
107802,MoveTouch,448.6995849609375,848.0999755859375
107819,MoveTouch,411.3881530761719,817.7160034179688
107835,MoveTouch,377.4468688964844,767.218505859375
107853,MoveTouch,357.46722412109375,717.5770263671875
107869,MoveTouch,358.18939208984375,682.4855346679688
107886,MoveTouch,376.0025329589844,657.2368774414062
107907,MoveTouch,399.3522644042969,642.686767578125
107920,MoveTouch,432.09002685546875,641.8308715820312
107929,MoveTouch,459.29119873046875,648.6780395507812
107937,ReleasedTouch,NaN,NaN
108553,ReleasedTouch,NaN,NaN
108553,Released,502,1027
