resolution:412,732
17183.09999999404,PressedTouch,443.1630554199219,298.6195068359375
17394.09999999404,MoveTouch,463.6241149902344,292.20037841796875
17411.09999999404,MoveTouch,470.845703125,290.9165344238281
17428.09999999404,MoveTouch,477.8265380859375,290.0606384277344
17444.09999999404,MoveTouch,486.010986328125,289.6326904296875
17453.09999999404,MoveTouch,490.58465576171875,289.6326904296875
17470.09999999404,MoveTouch,505.7499084472656,290.48858642578125
17495.09999999404,MoveTouch,516.341552734375,293.0562438964844
17520.09999999404,MoveTouch,531.9882202148438,297.335693359375
17529.09999999404,MoveTouch,537.7655029296875,299.47540283203125
17562.09999999404,MoveTouch,560.1522827148438,308.0343322753906
17571.09999999404,MoveTouch,565.4481201171875,310.6019592285156
17588.09999999404,MoveTouch,574.595458984375,316.16522216796875
17621.09999999404,MoveTouch,590.7235717773438,329.00360107421875
17630.09999999404,MoveTouch,594.3343505859375,332.4271545410156
17664.09999999404,MoveTouch,607.3331298828125,344.8374938964844
17672.09999999404,MoveTouch,609.7403564453125,348.26104736328125
17689.09999999404,MoveTouch,614.7954711914062,356.39202880859375
17714.09999999404,MoveTouch,621.7763061523438,369.2303466796875
17739.09999999404,MoveTouch,627.0722045898438,382.06866455078125
17790.09999999404,MoveTouch,633.330810546875,412.0247497558594
17857.09999999404,MoveTouch,634.0529174804688,465.94573974609375
17891.09999999404,MoveTouch,630.2014770507812,499.32537841796875
17916.09999999404,MoveTouch,624.1834716796875,531.4212036132812
17933.09999999404,MoveTouch,618.8876342773438,553.67431640625
17941.09999999404,MoveTouch,616.4805297851562,564.8009033203125
17966.09999999404,MoveTouch,608.5368041992188,592.6172485351562
17983.09999999404,MoveTouch,601.796630859375,609.7350463867188
18000.09999999404,MoveTouch,594.0936889648438,625.9968872070312
18051.09999999404,MoveTouch,563.7631225585938,673.9266967773438
18068.09999999404,MoveTouch,551.2457275390625,689.7606811523438
18076.09999999404,MoveTouch,544.746337890625,697.463623046875
18101.09999999404,MoveTouch,524.2852783203125,717.5770263671875
18135.09999999404,MoveTouch,490.10321044921875,740.2579956054688
18160.09999999404,MoveTouch,462.1798400878906,755.6640625
18168.09999999404,MoveTouch,434.4971618652344,769.7861938476562
18194.09999999404,MoveTouch,426.312744140625,773.209716796875
18253.09999999404,MoveTouch,375.7618103027344,783.48046875
18270.09999999404,MoveTouch,363.2445068359375,783.9083251953125
18287.09999999404,MoveTouch,350.7270812988281,783.052490234375
18295.09999999404,MoveTouch,344.46844482421875,782.196533203125
18304.09999999404,MoveTouch,332.4324645996094,779.200927734375
18329.09999999404,MoveTouch,320.87799072265625,776.205322265625
18354.09999999404,MoveTouch,306.4348449707031,768.5023803710938
18371.09999999404,MoveTouch,298.00970458984375,761.6552734375
18388.09999999404,MoveTouch,291.7510070800781,754.8081665039062
18404.09999999404,MoveTouch,286.6959228515625,747.1051025390625
18413.09999999404,MoveTouch,284.52947998046875,743.681640625
18438.09999999404,MoveTouch,278.7522277832031,731.6991577148438
18464.09999999404,MoveTouch,273.4564208984375,716.2931518554688
18489.09999999404,MoveTouch,268.64202880859375,698.3194580078125
18505.09999999404,MoveTouch,266.9570007324219,685.9091186523438
18514.09999999404,MoveTouch,265.9941101074219,679.4899291992188
18531.09999999404,MoveTouch,265.03125,667.0795288085938
18539.09999999404,MoveTouch,263.82763671875,655.0971069335938
18581.09999999404,MoveTouch,261.90191650390625,628.1366577148438
18590.09999999404,MoveTouch,261.42047119140625,620.8616333007812
18607.09999999404,MoveTouch,260.93902587890625,605.883544921875
18615.09999999404,MoveTouch,260.93902587890625,598.1805419921875
18632.09999999404,MoveTouch,261.42047119140625,583.6304321289062
18649.09999999404,MoveTouch,262.8647766113281,569.9362182617188
18665.09999999404,MoveTouch,264.5498046875,556.241943359375
18708.09999999404,MoveTouch,271.5306396484375,522.4343872070312
18733.09999999404,MoveTouch,274.9007263183594,501.4651184082031
18741.09999999404,MoveTouch,276.5857238769531,495.04595947265625
18775.09999999404,MoveTouch,287.1773681640625,465.94573974609375
18817.09999999404,MoveTouch,296.8061218261719,441.9808349609375
18851.09999999404,MoveTouch,308.3606262207031,421.0115966796875
18868.09999999404,MoveTouch,315.1007385253906,411.1688537597656
18885.09999999404,MoveTouch,322.0815734863281,402.1820068359375
18901.09999999404,MoveTouch,329.54388427734375,394.0511169433594
18918.09999999404,MoveTouch,337.7283020019531,386.77606201171875
18935.09999999404,MoveTouch,345.4312744140625,379.0730285644531
18952.09999999404,MoveTouch,353.8564147949219,372.2259521484375
18969.09999999404,MoveTouch,362.7630310058594,365.8067626953125
18986.09999999404,MoveTouch,371.6696472167969,358.9596862792969
18994.09999999404,MoveTouch,376.4840087890625,355.5361022949219
19011.09999999404,MoveTouch,385.63128662109375,349.116943359375
19020.09999999404,MoveTouch,399.3522644042969,340.98602294921875
19053.09999999404,MoveTouch,407.5367126464844,335.8506774902344
19061.09999999404,MoveTouch,411.62890625,333.2829895019531
19087.09999999404,MoveTouch,424.3869934082031,325.1520690917969
19103.09999999404,MoveTouch,432.8121337890625,319.16082763671875
19120.09999999404,MoveTouch,441.71875,314.4534912109375
19154.09999999404,MoveTouch,457.846923828125,306.3225402832031
19171.09999999404,MoveTouch,464.5870666503906,302.47100830078125
19188.09999999404,MoveTouch,470.3642578125,299.0474548339844
19205.09999999404,MoveTouch,474.93792724609375,296.47979736328125
19238.09999999404,MoveTouch,478.0672607421875,299.47540283203125
19255.09999999404,ReleasedTouch,NaN,NaN
19920.09999999404,ReleasedTouch,NaN,NaN
19920.09999999404,Released,500,962
