resolution:412,732
144469.09999999404,ReleasedTouch,NaN,NaN
145101.09999999404,ReleasedTouch,NaN,NaN
145761.09999999404,PressedTouch,483.6037902832031,730.415283203125
145955.09999999404,MoveTouch,511.52716064453125,729.5595092773438
145964.09999999404,MoveTouch,515.619384765625,728.70361328125
145981.09999999404,MoveTouch,523.8038330078125,726.9917602539062
146006.09999999404,MoveTouch,535.3583374023438,722.2843627929688
146014.09999999404,MoveTouch,539.6912231445312,720.1446533203125
146031.09999999404,MoveTouch,547.6349487304688,716.2931518554688
146048.09999999404,MoveTouch,556.5415649414062,712.8695678710938
146064.09999999404,MoveTouch,564.9667358398438,708.5902099609375
146082.09999999404,MoveTouch,573.391845703125,704.3107299804688
146107.09999999404,MoveTouch,587.5942993164062,697.463623046875
146115.09999999404,MoveTouch,592.6493530273438,694.8959350585938
146132.09999999404,MoveTouch,602.037353515625,688.9047241210938
146149.09999999404,MoveTouch,610.7032470703125,682.4855346679688
146166.09999999404,MoveTouch,619.12841796875,675.2105102539062
146183.09999999404,MoveTouch,627.3128662109375,667.5075073242188
146199.09999999404,MoveTouch,635.015869140625,659.8045654296875
146217.09999999404,MoveTouch,642.7188110351562,651.24560546875
146233.09999999404,MoveTouch,650.9032592773438,643.1146850585938
146250.09999999404,MoveTouch,656.9212646484375,635.4116821289062
146267.09999999404,MoveTouch,662.698486328125,627.708740234375
146284.09999999404,MoveTouch,669.4385986328125,619.5776977539062
146301.09999999404,MoveTouch,675.2158203125,611.0188598632812
146317.09999999404,MoveTouch,680.51171875,602.4599609375
146334.09999999404,MoveTouch,685.0853271484375,593.47314453125
146351.09999999404,MoveTouch,688.4553833007812,583.6304321289062
146368.09999999404,MoveTouch,691.343994140625,573.3597412109375
146385.09999999404,MoveTouch,692.7883911132812,562.6611328125
146402.09999999404,MoveTouch,693.7511596679688,551.5346069335938
146418.09999999404,MoveTouch,695.677001953125,539.1242065429688
146435.09999999404,MoveTouch,697.1212158203125,526.7138061523438
146452.09999999404,MoveTouch,697.8434448242188,513.4475708007812
146469.09999999404,MoveTouch,697.1212158203125,500.6092529296875
146486.09999999404,MoveTouch,696.3991088867188,487.7708740234375
146503.09999999404,MoveTouch,696.1583862304688,475.7884521484375
146520.09999999404,MoveTouch,694.7140502929688,463.8060302734375
146536.09999999404,MoveTouch,692.547607421875,452.2515563964844
146554.09999999404,MoveTouch,689.4183349609375,441.1249694824219
146570.09999999404,MoveTouch,685.5667724609375,430.85430908203125
146579.09999999404,MoveTouch,683.6409912109375,425.29107666015625
146604.09999999404,MoveTouch,678.34521484375,409.8850402832031
146621.09999999404,MoveTouch,673.2901000976562,400.0423278808594
146630.09999999404,MoveTouch,670.8829345703125,394.9070129394531
146655.09999999404,MoveTouch,659.8098754882812,380.3569030761719
146688.09999999404,MoveTouch,644.4038696289062,363.2391052246094
146705.09999999404,MoveTouch,636.9415283203125,355.9640808105469
146722.09999999404,MoveTouch,629.4793090820312,349.9728698730469
146739.09999999404,MoveTouch,621.7763061523438,344.8374938964844
146756.09999999404,MoveTouch,613.3511352539062,340.5580749511719
146764.09999999404,MoveTouch,609.2589111328125,337.99041748046875
146781.09999999404,MoveTouch,599.8709106445312,333.2829895019531
146798.09999999404,MoveTouch,589.2792358398438,329.00360107421875
146815.09999999404,MoveTouch,578.6876220703125,324.72412109375
146840.09999999404,MoveTouch,562.3187866210938,318.7328796386719
146849.09999999404,MoveTouch,556.5415649414062,317.4490966796875
146866.09999999404,MoveTouch,544.024169921875,314.88140869140625
146883.09999999404,MoveTouch,531.5067749023438,312.7416687011719
146899.09999999404,MoveTouch,519.2301635742188,310.17401123046875
146924.09999999404,MoveTouch,501.4169616699219,307.6063537597656
146933.09999999404,MoveTouch,495.1582946777344,306.7504577636719
146958.09999999404,MoveTouch,476.6229553222656,305.4666442871094
146967.09999999404,MoveTouch,470.60498046875,305.4666442871094
146983.09999999404,MoveTouch,459.77264404296875,304.6107482910156
147019.09999999404,MoveTouch,435.9414978027344,306.3225402832031
147034.09999999404,MoveTouch,425.1091613769531,307.6063537597656
147051.09999999404,MoveTouch,415.2397155761719,309.7460632324219
147068.09999999404,MoveTouch,405.1295166015625,312.3137512207031
147093.09999999404,MoveTouch,390.4456481933594,317.4490966796875
147101.09999999404,MoveTouch,385.3905944824219,319.58880615234375
147118.09999999404,MoveTouch,376.2432556152344,323.4403076171875
147135.09999999404,MoveTouch,367.818115234375,327.7197265625
147152.09999999404,MoveTouch,360.5965576171875,332.85504150390625
147169.09999999404,MoveTouch,353.8564147949219,338.4183654785156
147186.09999999404,MoveTouch,347.8385009765625,343.5536804199219
147203.09999999404,MoveTouch,342.06121826171875,349.116943359375
147219.09999999404,MoveTouch,336.04327392578125,355.9640808105469
147236.09999999404,MoveTouch,330.0252685546875,363.66705322265625
147253.09999999404,MoveTouch,323.7666015625,371.7980041503906
147270.09999999404,MoveTouch,317.5079345703125,379.0730285644531
147287.09999999404,MoveTouch,312.21209716796875,386.3481140136719
147304.09999999404,MoveTouch,307.3977355957031,393.1952209472656
147321.09999999404,MoveTouch,302.8240966796875,400.4702453613281
147337.09999999404,MoveTouch,299.6947326660156,408.17327880859375
147354.09999999404,MoveTouch,296.5653991699219,416.3042297363281
147371.09999999404,MoveTouch,293.6767578125,424.0072021484375
147388.09999999404,MoveTouch,291.51031494140625,431.710205078125
147405.09999999404,MoveTouch,289.58453369140625,439.4131774902344
147422.09999999404,MoveTouch,287.4180908203125,447.1161804199219
147438.09999999404,MoveTouch,285.4923400878906,455.6750793457031
147455.09999999404,MoveTouch,284.04803466796875,464.66192626953125
147472.09999999404,MoveTouch,282.60369873046875,474.0766906738281
147489.09999999404,MoveTouch,281.4001159667969,483.91943359375
147506.09999999404,MoveTouch,280.6779479980469,493.33416748046875
147523.09999999404,MoveTouch,281.1593933105469,502.7489318847656
147540.09999999404,MoveTouch,281.6408386230469,513.0195922851562
147556.09999999404,MoveTouch,283.08514404296875,523.7182006835938
147573.09999999404,MoveTouch,284.52947998046875,533.9888916015625
147590.09999999404,MoveTouch,285.9737854003906,543.4036254882812
147607.09999999404,MoveTouch,287.1773681640625,552.8184204101562
147624.09999999404,MoveTouch,288.8623962402344,562.2332153320312
147632.09999999404,MoveTouch,289.82525634765625,566.5126342773438
147657.09999999404,MoveTouch,294.39892578125,578.4950561523438
147674.09999999404,MoveTouch,297.0468444824219,586.6260375976562
147683.09999999404,MoveTouch,298.49114990234375,589.6216430664062
147708.09999999404,MoveTouch,302.1019287109375,599.46435546875
147725.09999999404,MoveTouch,304.2684020996094,605.45556640625
147733.09999999404,MoveTouch,305.47198486328125,608.0232543945312
147759.09999999404,MoveTouch,309.804931640625,616.5821533203125
147775.09999999404,MoveTouch,313.89715576171875,622.1453857421875
147792.09999999404,MoveTouch,316.7857666015625,626.4248657226562
147801.09999999404,MoveTouch,318.2300720214844,628.5645751953125
147826.09999999404,MoveTouch,322.3222961425781,634.5557861328125
147843.09999999404,MoveTouch,326.1737976074219,638.4072875976562
147859.09999999404,MoveTouch,330.2659912109375,641.8308715820312
147868.09999999404,MoveTouch,331.9510498046875,643.9705810546875
147885.09999999404,MoveTouch,336.04327392578125,648.6780395507812
147910.09999999404,MoveTouch,341.0983581542969,655.9530029296875
147927.09999999404,MoveTouch,344.9498291015625,659.8045654296875
147935.09999999404,MoveTouch,346.6348571777344,661.5162963867188
147961.09999999404,MoveTouch,350.7270812988281,667.0795288085938
147969.09999999404,MoveTouch,352.65283203125,668.7913818359375
147986.09999999404,MoveTouch,356.2636413574219,672.2149047851562
147995.09999999404,MoveTouch,357.7079162597656,674.3546142578125
148020.09999999404,MoveTouch,362.2815856933594,679.06201171875
148036.09999999404,MoveTouch,365.1701965332031,682.4855346679688
148053.09999999404,MoveTouch,368.0588684082031,685.05322265625
148078.09999999404,MoveTouch,372.8731994628906,689.3326416015625
148087.09999999404,MoveTouch,374.0768127441406,690.6165771484375
148104.09999999404,MoveTouch,378.1690368652344,694.0400390625
148121.09999999404,MoveTouch,382.7426452636719,697.8915405273438
148138.09999999404,MoveTouch,387.5570373535156,701.7431030273438
148155.09999999404,MoveTouch,391.8900146484375,705.1665649414062
148172.09999999404,MoveTouch,395.01934814453125,707.3063354492188
148189.09999999404,MoveTouch,398.630126953125,709.8739624023438
148205.09999999404,MoveTouch,403.2037353515625,712.441650390625
148222.09999999404,MoveTouch,406.3330993652344,714.1534423828125
148239.09999999404,MoveTouch,409.4624328613281,715.8651733398438
148256.09999999404,MoveTouch,412.591796875,717.5770263671875
148273.09999999404,MoveTouch,415.9618225097656,719.2887573242188
148290.09999999404,MoveTouch,419.8133544921875,721.0005493164062
148306.09999999404,MoveTouch,424.14630126953125,722.7123413085938
148323.09999999404,MoveTouch,428.719970703125,724.424072265625
148340.09999999404,MoveTouch,433.2935791015625,725.7079467773438
148357.09999999404,MoveTouch,436.1822204589844,726.1358642578125
148374.09999999404,MoveTouch,439.5522766113281,726.5638427734375
148390.09999999404,MoveTouch,444.6073913574219,728.2755737304688
148408.09999999404,MoveTouch,448.2181396484375,729.5595092773438
148424.09999999404,MoveTouch,452.0696105957031,730.415283203125
148441.09999999404,MoveTouch,456.6432800292969,731.2711791992188
148458.09999999404,MoveTouch,460.25408935546875,732.5550537109375
148475.09999999404,MoveTouch,463.3834228515625,733.410888671875
148492.09999999404,MoveTouch,465.5498962402344,733.8388671875
148509.09999999404,MoveTouch,467.7163391113281,734.69482421875
148526.09999999404,MoveTouch,471.08642578125,735.5507202148438
148543.09999999404,MoveTouch,474.93792724609375,736.4065551757812
148559.09999999404,MoveTouch,479.2708435058594,737.6903686523438
148576.09999999404,MoveTouch,484.3259582519531,738.9741821289062
148593.09999999404,MoveTouch,487.45526123046875,739.830078125
148610.09999999404,MoveTouch,489.38104248046875,740.2579956054688
148618.09999999404,MoveTouch,490.10321044921875,740.2579956054688
148643.09999999404,MoveTouch,491.06610107421875,740.2579956054688
148652.09999999404,ReleasedTouch,NaN,NaN
149374.09999999404,ReleasedTouch,NaN,NaN
149374.09999999404,Released,495,960
