resolution:412,732
149380,PressedTouch,527.4146118164062,587.053955078125
149388,MoveTouch,474.93792724609375,554.5302124023438
149549,MoveTouch,442.2001953125,553.67431640625
149582,MoveTouch,374.3175048828125,570.3641357421875
149608,MoveTouch,349.52349853515625,587.053955078125
149616,MoveTouch,340.6169128417969,594.3290405273438
149633,MoveTouch,322.56304931640625,610.5909423828125
149642,MoveTouch,313.41571044921875,619.5776977539062
149659,MoveTouch,296.0839538574219,638.8353271484375
149675,MoveTouch,283.08514404296875,660.232421875
149700,MoveTouch,274.4192810058594,696.6077880859375
149718,MoveTouch,274.4192810058594,723.5682373046875
149726,MoveTouch,276.5857238769531,737.6903686523438
149751,MoveTouch,290.06597900390625,779.200927734375
149768,MoveTouch,304.2684020996094,806.5894775390625
149785,MoveTouch,324.7294616699219,831.8380737304688
149793,MoveTouch,336.5246887207031,843.3927001953125
149819,MoveTouch,376.7247314453125,872.9207763671875
149827,MoveTouch,391.1678466796875,881.0517578125
149844,MoveTouch,420.7762451171875,892.1782836914062
149861,MoveTouch,451.5882263183594,896.4577026367188
149869,MoveTouch,484.0852355957031,892.1782836914062
149886,MoveTouch,516.822998046875,881.0517578125
149911,MoveTouch,549.3200073242188,863.5060424804688
149929,MoveTouch,580.1319580078125,840.8248901367188
149954,MoveTouch,620.0912475585938,799.7423095703125
149962,MoveTouch,631.6458129882812,784.7642211914062
149990,MoveTouch,657.8840942382812,721.8563842773438
150038,MoveTouch,653.3104858398438,652.5294189453125
150047,MoveTouch,648.49609375,640.9749755859375
150064,MoveTouch,635.497314453125,621.2894897460938
150081,MoveTouch,619.60986328125,603.7437744140625
150106,MoveTouch,589.52001953125,582.3466186523438
150123,MoveTouch,569.0589599609375,572.5038452148438
150148,MoveTouch,536.5618896484375,561.3773193359375
150165,MoveTouch,515.137939453125,555.8140258789062
150182,MoveTouch,495.3990173339844,552.3905029296875
150207,MoveTouch,466.0313415527344,549.3948974609375
150224,MoveTouch,445.0887756347656,547.2551879882812
150241,MoveTouch,425.1091613769531,547.2551879882812
150249,MoveTouch,415.2397155761719,547.68310546875
150266,MoveTouch,395.2600402832031,549.8228149414062
150283,MoveTouch,375.0397033691406,554.102294921875
150300,MoveTouch,354.57861328125,561.8052368164062
150317,MoveTouch,334.5989685058594,572.5038452148438
150334,MoveTouch,316.0636291503906,584.4862670898438
150351,MoveTouch,298.7318420410156,597.3246459960938
150367,MoveTouch,282.36297607421875,611.0188598632812
150376,MoveTouch,275.14141845703125,617.8660278320312
150393,MoveTouch,263.3462219238281,631.1322021484375
150401,MoveTouch,259.0132751464844,637.9793090820312
150427,MoveTouch,248.90309143066406,660.232421875
150452,MoveTouch,244.08872985839844,686.7650146484375
150469,MoveTouch,243.12583923339844,707.7343139648438
150486,MoveTouch,244.32943725585938,729.5595092773438
150502,MoveTouch,247.4587860107422,751.3845825195312
150528,MoveTouch,258.5318298339844,782.6245727539062
150536,MoveTouch,263.3462219238281,792.46728515625
150544,ReleasedTouch,NaN,NaN
151078,ReleasedTouch,NaN,NaN
151078,Released,484,1025
