resolution:412,732
173511,PressedTouch,513.934326171875,337.99041748046875
173529,MoveTouch,478.3079833984375,322.58441162109375
173680,MoveTouch,449.6624450683594,325.1520690917969
173689,MoveTouch,444.36669921875,326.4359130859375
173697,MoveTouch,439.0708923339844,327.7197265625
173706,MoveTouch,434.2564697265625,329.4315185546875
173740,MoveTouch,419.8133544921875,337.134521484375
173756,MoveTouch,414.5175476074219,343.125732421875
173773,MoveTouch,410.4253234863281,350.8287353515625
173790,MoveTouch,407.5367126464844,358.9596862792969
173806,MoveTouch,405.3702697753906,367.946533203125
173823,MoveTouch,404.4073181152344,378.2171630859375
173840,MoveTouch,404.8887634277344,388.4878234863281
173849,MoveTouch,406.0923767089844,393.1952209472656
173874,MoveTouch,408.7403259277344,407.3173828125
173891,MoveTouch,412.1103515625,415.8762512207031
173908,MoveTouch,416.68402099609375,422.2954406738281
173924,MoveTouch,422.4612731933594,427.8587341308594
173941,MoveTouch,428.9606628417969,432.9940185546875
173958,MoveTouch,435.7008056640625,436.4176025390625
173975,MoveTouch,443.6445007324219,438.9852600097656
173983,MoveTouch,447.73675537109375,440.2691345214844
174014,MoveTouch,464.3463134765625,441.9808349609375
174042,MoveTouch,481.6780090332031,441.9808349609375
174068,MoveTouch,491.7882385253906,439.8411560058594
174085,MoveTouch,501.4169616699219,436.8455810546875
174101,MoveTouch,511.7678527832031,431.28228759765625
174118,MoveTouch,521.1558837890625,424.0072021484375
174135,MoveTouch,529.5810546875,415.8762512207031
174152,MoveTouch,536.5618896484375,407.3173828125
174169,MoveTouch,541.8577270507812,398.3305358886719
174186,MoveTouch,545.7091674804688,389.77166748046875
174211,MoveTouch,548.5977783203125,376.50537109375
174219,MoveTouch,548.3571166992188,371.7980041503906
174245,MoveTouch,544.746337890625,357.67584228515625
174253,MoveTouch,543.061279296875,353.8243408203125
174279,MoveTouch,533.6732788085938,344.8374938964844
174295,MoveTouch,525.2481079101562,340.130126953125
174303,MoveTouch,520.4337158203125,337.99041748046875
174337,MoveTouch,499.73193359375,330.2873840332031
174354,MoveTouch,489.38104248046875,328.1476745605469
174371,MoveTouch,479.0301513671875,327.7197265625
174396,MoveTouch,466.2720642089844,330.71533203125
174413,MoveTouch,458.80975341796875,333.7109375
174430,MoveTouch,452.79180908203125,337.134521484375
174438,ReleasedTouch,NaN,NaN
175151,ReleasedTouch,NaN,NaN
175151,Released,502,1027
