resolution:412,732
112759,PressedTouch,426.5534973144531,555.8140258789062
112817,MoveTouch,446.7738037109375,551.5346069335938
112843,MoveTouch,485.2888488769531,556.241943359375
112859,MoveTouch,521.3966064453125,580.2068481445312
112876,MoveTouch,551.7271728515625,620.8616333007812
112885,MoveTouch,558.94873046875,636.2675170898438
112914,MoveTouch,572.910400390625,688.9047241210938
112918,MoveTouch,575.076904296875,709.8739624023438
112935,MoveTouch,572.669677734375,752.240478515625
112952,MoveTouch,560.39306640625,789.4716186523438
112969,MoveTouch,539.6912231445312,816.43212890625
112986,MoveTouch,513.693603515625,833.1219482421875
113011,MoveTouch,464.5870666503906,842.1087646484375
113019,MoveTouch,447.4960021972656,840.8248901367188
113053,MoveTouch,381.29833984375,813.8644409179688
113061,MoveTouch,365.8923645019531,800.5982055664062
113086,MoveTouch,331.7103271484375,746.2492065429688
113104,MoveTouch,322.56304931640625,704.7387084960938
113121,MoveTouch,324.48876953125,661.9442138671875
113137,MoveTouch,336.5246887207031,620.43359375
113154,MoveTouch,356.5043640136719,584.058349609375
113180,MoveTouch,396.7043762207031,549.8228149414062
113188,MoveTouch,412.8324890136719,544.259521484375
113205,MoveTouch,448.2181396484375,545.5433959960938
113221,MoveTouch,489.8624572753906,562.6611328125
113230,MoveTouch,510.56427001953125,574.2156372070312
113238,ReleasedTouch,NaN,NaN
113965,ReleasedTouch,NaN,NaN
113965,Released,482,1024
