resolution:412,732
171386,PressedTouch,533.1918334960938,293.0562438964844
171479,MoveTouch,553.4122314453125,283.6414794921875
171487,MoveTouch,559.43017578125,283.2135314941406
171504,MoveTouch,568.8181762695312,284.92529296875
171512,MoveTouch,572.428955078125,286.6370849609375
171529,MoveTouch,579.1690673828125,292.20037841796875
171546,MoveTouch,585.6685180664062,299.0474548339844
171563,MoveTouch,590.2421264648438,307.6063537597656
171580,MoveTouch,593.1307983398438,317.4490966796875
171597,MoveTouch,593.1307983398438,328.57562255859375
171614,MoveTouch,592.1679077148438,343.5536804199219
171630,MoveTouch,589.7606811523438,361.9552917480469
171647,MoveTouch,584.9463500976562,380.3569030761719
171664,MoveTouch,579.1690673828125,395.76287841796875
171681,MoveTouch,571.225341796875,408.6011962890625
171715,MoveTouch,549.8014526367188,426.14691162109375
171731,MoveTouch,537.0433349609375,430.85430908203125
171748,MoveTouch,525.0073852539062,433.4219665527344
171765,MoveTouch,514.175048828125,432.9940185546875
171783,MoveTouch,504.06488037109375,429.1425476074219
171799,MoveTouch,494.9175720214844,422.2954406738281
171825,MoveTouch,483.6037902832031,409.0291748046875
171833,MoveTouch,481.43731689453125,404.74969482421875
171850,MoveTouch,478.3079833984375,396.6187744140625
171866,MoveTouch,476.3822021484375,388.9158020019531
171900,MoveTouch,477.5858154296875,374.3656921386719
171926,MoveTouch,480.95587158203125,361.5273132324219
171951,MoveTouch,486.7331237792969,349.5448913574219
171959,MoveTouch,489.38104248046875,345.6933898925781
171984,MoveTouch,497.3247375488281,334.1388854980469
172011,MoveTouch,507.1942138671875,324.2961730957031
172044,MoveTouch,522.8409423828125,313.16961669921875
172060,MoveTouch,531.5067749023438,307.17840576171875
172086,MoveTouch,543.542724609375,299.47540283203125
172094,MoveTouch,547.6349487304688,297.7636413574219
172119,MoveTouch,558.46728515625,295.19598388671875
172136,MoveTouch,564.9667358398438,295.19598388671875
172145,MoveTouch,568.0960693359375,295.19598388671875
172170,MoveTouch,576.7619018554688,296.9077453613281
172178,MoveTouch,579.1690673828125,298.19158935546875
172187,MoveTouch,582.0577392578125,300.331298828125
172195,ReleasedTouch,NaN,NaN
172877,ReleasedTouch,NaN,NaN
172877,Released,489,1024
