resolution:412,732
66059.09999999404,PressedTouch,459.29119873046875,329.85943603515625
66185.09999999404,MoveTouch,502.13916015625,322.58441162109375
66269.09999999404,MoveTouch,512.2493286132812,322.1564636230469
66303.09999999404,MoveTouch,527.1738891601562,323.01239013671875
66320.09999999404,MoveTouch,536.3211669921875,323.86822509765625
66345.09999999404,MoveTouch,548.1163940429688,325.58001708984375
66362.09999999404,MoveTouch,556.0601196289062,326.86383056640625
66379.09999999404,MoveTouch,564.4852905273438,328.57562255859375
66396.09999999404,MoveTouch,572.428955078125,330.71533203125
66413.09999999404,MoveTouch,579.1690673828125,333.2829895019531
66430.09999999404,MoveTouch,586.390625,336.27862548828125
66446.09999999404,MoveTouch,593.8529052734375,338.8462829589844
66455.09999999404,MoveTouch,597.4636840820312,340.5580749511719
66480.09999999404,MoveTouch,607.0924682617188,345.26544189453125
66497.09999999404,MoveTouch,612.6290283203125,349.5448913574219
66514.09999999404,MoveTouch,618.40625,353.8243408203125
66530.09999999404,MoveTouch,623.9427490234375,358.9596862792969
66548.09999999404,MoveTouch,628.9978637695312,364.0950012207031
66564.09999999404,MoveTouch,633.330810546875,369.2303466796875
66581.09999999404,MoveTouch,637.9044189453125,374.3656921386719
66590.09999999404,MoveTouch,640.0709838867188,376.933349609375
66607.09999999404,MoveTouch,643.9224853515625,382.06866455078125
66632.09999999404,MoveTouch,649.6996459960938,391.05548095703125
66649.09999999404,MoveTouch,652.8290405273438,398.75848388671875
66657.09999999404,MoveTouch,654.0326538085938,402.6099853515625
66682.09999999404,MoveTouch,657.4027099609375,414.16448974609375
66691.09999999404,MoveTouch,658.6063232421875,418.0159606933594
66716.09999999404,MoveTouch,661.494873046875,429.5704650878906
66733.09999999404,MoveTouch,663.6614379882812,438.12939453125
66750.09999999404,MoveTouch,665.346435546875,446.2603454589844
66767.09999999404,MoveTouch,666.3092651367188,453.96331787109375
66775.09999999404,MoveTouch,666.5499267578125,457.8148193359375
66792.09999999404,MoveTouch,667.0314331054688,465.51776123046875
66809.09999999404,MoveTouch,667.2721557617188,473.6487121582031
66826.09999999404,MoveTouch,667.5128784179688,482.2076110839844
66851.09999999404,MoveTouch,667.0314331054688,495.90185546875
66876.09999999404,MoveTouch,665.346435546875,510.4519348144531
66893.09999999404,MoveTouch,663.902099609375,520.7225952148438
66919.09999999404,MoveTouch,661.494873046875,536.5565795898438
66927.09999999404,MoveTouch,660.531982421875,541.69189453125
66952.09999999404,MoveTouch,656.1990356445312,556.669921875
66961.09999999404,MoveTouch,654.7547607421875,561.8052368164062
66977.09999999404,MoveTouch,653.0697021484375,572.075927734375
67003.09999999404,MoveTouch,648.49609375,586.1980590820312
67011.09999999404,MoveTouch,646.5703125,590.9054565429688
67028.09999999404,MoveTouch,642.7188110351562,600.3202514648438
67045.09999999404,MoveTouch,639.3487548828125,608.451171875
67070.09999999404,MoveTouch,633.571533203125,619.5776977539062
67079.09999999404,MoveTouch,631.6458129882812,623.0012817382812
67104.09999999404,MoveTouch,626.5907592773438,633.699951171875
67121.09999999404,MoveTouch,622.4984741210938,639.691162109375
67138.09999999404,MoveTouch,617.9248046875,644.8265380859375
67154.09999999404,MoveTouch,613.3511352539062,649.9617919921875
67163.09999999404,MoveTouch,611.1846923828125,652.9573974609375
67180.09999999404,MoveTouch,605.648193359375,658.5206298828125
67197.09999999404,MoveTouch,600.1116333007812,663.656005859375
67214.09999999404,MoveTouch,594.5751342773438,668.3634033203125
67231.09999999404,MoveTouch,589.7606811523438,673.07080078125
67247.09999999404,MoveTouch,584.9463500976562,677.7781982421875
67264.09999999404,MoveTouch,579.1690673828125,682.0575561523438
67281.09999999404,MoveTouch,573.391845703125,686.7650146484375
67298.09999999404,MoveTouch,567.8553466796875,691.9003295898438
67315.09999999404,MoveTouch,562.8002319335938,697.8915405273438
67332.09999999404,MoveTouch,557.7451171875,703.454833984375
67348.09999999404,MoveTouch,552.2086181640625,708.1622314453125
67374.09999999404,MoveTouch,543.061279296875,713.7255249023438
67382.09999999404,MoveTouch,539.2097778320312,715.437255859375
67399.09999999404,MoveTouch,531.5067749023438,718.86083984375
67416.09999999404,MoveTouch,522.8409423828125,722.2843627929688
67433.09999999404,MoveTouch,514.175048828125,725.2799682617188
67450.09999999404,MoveTouch,506.4720458984375,728.70361328125
67466.09999999404,MoveTouch,499.009765625,731.2711791992188
67483.09999999404,MoveTouch,491.5474853515625,732.9829711914062
67500.09999999404,MoveTouch,484.8074035644531,734.69482421875
67517.09999999404,MoveTouch,477.8265380859375,736.4065551757812
67534.09999999404,MoveTouch,471.08642578125,737.262451171875
67551.09999999404,MoveTouch,464.5870666503906,738.1183471679688
67567.09999999404,MoveTouch,458.32830810546875,739.402099609375
67584.09999999404,MoveTouch,451.1067810058594,739.830078125
67601.09999999404,MoveTouch,443.1630554199219,739.830078125
67618.09999999404,MoveTouch,435.2193298339844,739.830078125
67635.09999999404,MoveTouch,428.23846435546875,739.830078125
67652.09999999404,MoveTouch,421.0169372558594,740.2579956054688
67669.09999999404,MoveTouch,414.5175476074219,739.830078125
67677.09999999404,MoveTouch,410.9067687988281,739.830078125
67702.09999999404,MoveTouch,399.8337097167969,739.402099609375
67719.09999999404,MoveTouch,391.8900146484375,738.1183471679688
67736.09999999404,MoveTouch,384.6684265136719,736.83447265625
67745.09999999404,MoveTouch,381.29833984375,736.4065551757812
67770.09999999404,MoveTouch,371.18817138671875,734.2667846679688
67778.09999999404,MoveTouch,367.577392578125,732.9829711914062
67795.09999999404,MoveTouch,360.3558349609375,731.2711791992188
67820.09999999404,MoveTouch,350.7270812988281,727.8475952148438
67837.09999999404,MoveTouch,343.26483154296875,725.2799682617188
67872.09999999404,MoveTouch,329.54388427734375,717.5770263671875
67879.09999999404,MoveTouch,326.1737976074219,715.8651733398438
67896.09999999404,MoveTouch,319.1929626464844,712.441650390625
67921.09999999404,MoveTouch,310.2863464355469,707.3063354492188
67938.09999999404,MoveTouch,304.99053955078125,703.0269165039062
67955.09999999404,MoveTouch,299.9354553222656,698.3194580078125
67964.09999999404,MoveTouch,297.0468444824219,696.1797485351562
67981.09999999404,MoveTouch,292.2324523925781,691.472412109375
68006.09999999404,MoveTouch,286.9366455078125,685.05322265625
68014.09999999404,MoveTouch,285.7330627441406,683.3414306640625
68031.09999999404,MoveTouch,282.36297607421875,679.06201171875
68048.09999999404,MoveTouch,277.3078918457031,674.3546142578125
68065.09999999404,MoveTouch,272.2528076171875,668.7913818359375
68082.09999999404,MoveTouch,268.64202880859375,663.2280883789062
68099.09999999404,MoveTouch,265.03125,657.664794921875
68124.09999999404,MoveTouch,260.69830322265625,648.6780395507812
68141.09999999404,MoveTouch,258.0504150390625,642.686767578125
68158.09999999404,MoveTouch,255.1617889404297,636.695556640625
68175.09999999404,MoveTouch,252.27316284179688,629.8484497070312
68192.09999999404,MoveTouch,249.14381408691406,622.5733642578125
68209.09999999404,MoveTouch,245.77374267578125,614.4423828125
68217.09999999404,MoveTouch,244.08872985839844,610.5909423828125
68234.09999999404,MoveTouch,241.68153381347656,602.8878784179688
68251.09999999404,MoveTouch,239.27435302734375,595.1849365234375
68268.09999999404,MoveTouch,237.3485870361328,587.9098510742188
68285.09999999404,MoveTouch,235.18212890625,581.49072265625
68301.09999999404,MoveTouch,233.49710083007812,575.4994506835938
68318.09999999404,MoveTouch,232.2935333251953,569.080322265625
68335.09999999404,MoveTouch,231.3306427001953,561.8052368164062
68352.09999999404,MoveTouch,231.0899200439453,554.9581298828125
68369.09999999404,MoveTouch,231.0899200439453,546.8272094726562
68386.09999999404,MoveTouch,231.3306427001953,537.8403930664062
68403.09999999404,MoveTouch,232.7749481201172,528.853515625
68428.09999999404,MoveTouch,234.21926879882812,514.7313842773438
68437.09999999404,MoveTouch,234.94140625,510.0240173339844
68454.09999999404,MoveTouch,236.38572692871094,501.03717041015625
68471.09999999404,MoveTouch,239.03363037109375,492.9062194824219
68487.09999999404,MoveTouch,242.16297912597656,483.491455078125
68504.09999999404,MoveTouch,245.53305053710938,472.36492919921875
68521.09999999404,MoveTouch,250.347412109375,462.09423828125
68538.09999999404,MoveTouch,255.1617889404297,453.107421875
68555.09999999404,MoveTouch,259.4947204589844,444.9764709472656
68564.09999999404,MoveTouch,261.42047119140625,441.1249694824219
68589.09999999404,MoveTouch,268.40130615234375,429.5704650878906
68597.09999999404,MoveTouch,271.0491943359375,425.718994140625
68623.09999999404,MoveTouch,281.1593933105469,414.5924072265625
68639.09999999404,MoveTouch,288.1402282714844,407.74530029296875
68648.09999999404,MoveTouch,291.7510070800781,404.74969482421875
68673.09999999404,MoveTouch,302.5833740234375,394.4790344238281
68690.09999999404,MoveTouch,310.0456237792969,388.05987548828125
68699.09999999404,MoveTouch,313.89715576171875,385.06427001953125
68716.09999999404,MoveTouch,321.3594055175781,379.9289855957031
68741.09999999404,MoveTouch,333.3953552246094,371.3700866699219
68749.09999999404,MoveTouch,337.9690246582031,368.8023986816406
68766.09999999404,MoveTouch,347.1163024902344,364.5229187011719
68783.09999999404,MoveTouch,355.0600280761719,361.0993957519531
68808.09999999404,MoveTouch,366.1330871582031,356.39202880859375
68825.09999999404,MoveTouch,373.5953674316406,353.8243408203125
68834.09999999404,MoveTouch,377.4468688964844,352.9684753417969
68851.09999999404,MoveTouch,384.6684265136719,351.2566833496094
68887.09999999404,MoveTouch,397.185791015625,347.4051818847656
68901.09999999404,MoveTouch,403.4444885253906,345.6933898925781
68918.09999999404,MoveTouch,410.4253234863281,343.98162841796875
68935.09999999404,MoveTouch,417.4061584472656,341.4139709472656
68961.09999999404,MoveTouch,427.757080078125,339.27423095703125
68969.09999999404,MoveTouch,430.8864440917969,338.8462829589844
68986.09999999404,MoveTouch,437.3858337402344,337.5624694824219
69003.09999999404,MoveTouch,444.6073913574219,336.27862548828125
69028.09999999404,MoveTouch,456.402587890625,335.8506774902344
69037.09999999404,MoveTouch,459.77264404296875,335.8506774902344
69054.09999999404,MoveTouch,466.0313415527344,336.27862548828125
69070.09999999404,MoveTouch,471.3271484375,335.4227600097656
69087.09999999404,MoveTouch,476.1415100097656,337.5624694824219
69104.09999999404,MoveTouch,481.43731689453125,339.27423095703125
69129.09999999404,MoveTouch,485.7702331542969,341.4139709472656
69146.09999999404,MoveTouch,487.6960144042969,342.6977844238281
69155.09999999404,MoveTouch,488.1774597167969,343.125732421875
69172.09999999404,MoveTouch,489.14031982421875,344.8374938964844
69180.09999999404,MoveTouch,488.41815185546875,345.6933898925781
69188.09999999404,ReleasedTouch,NaN,NaN
70052.09999999404,ReleasedTouch,NaN,NaN
70052.09999999404,Released,473,964
